-0.054229,-0.053893,-0.049172,-0.038559,-0.029164,-0.025534,-0.023363,-0.027794,-0.032918,-0.027463,-0.016748,-0.018513,-0.018144,-0.005211,-0.001483,-0.002466,-0.002833,-0.001757,-0.000140,0.000348,-0.000281,-0.001043,-0.001652,-0.002112,-0.004410,-0.012450,-0.011944,-0.003613,-0.000503,-0.000147,-0.000321,-0.000242,0.000161,0.000678,0.001076,0.001325,0.001144,0.000911,0.000850,0.001763,0.001536,0.000056,-0.000212,-0.000199,-0.000408,-0.000363,-0.000131,-0.000031,-0.000027,-0.000005,-0.000200,-0.000413,-0.000398,-0.000132,0.000221,-0.000000,-0.000665,-0.000917,-0.000401,0.000406,0.000574,-0.000029,-0.001226,-0.000579,0.000966,0.000941,0.000866,0.001067,0.000861,0.000316,-0.000168,-0.000268,-0.000117,0.000172,0.000271,0.000213,0.000047,-0.000206,-0.000317,-0.000334,-0.000225,-0.000006,0.000405,0.001242,0.002330,0.002931,0.001827,-0.000712,-0.002534,-0.002583,-0.001965,-0.001315,-0.000673,-0.000420,-0.000562,-0.000502,-0.000135,0.000063,0.000101,0.000116,0.000036,-0.000036,-0.000052,-0.000119,-0.000219,-0.000231,-0.000163,0.000046,0.000164,0.000213,0.000332,0.000409,0.000328,0.000238,0.000263,0.000245,0.000037,-0.000184,-0.000139,0.000040,0.000218,0.000345,0.000176,0.000011,0.000005,0.000053,0.000087,0.000070,-0.000075,0.000001,0.000212,0.000274,0.000218,0.000058,-0.000087,-0.000093,0.000013,-0.000106,0.001374,-0.009302,0.009445,0.029096,0.039015,0.037905,0.032347,0.020409,0.011653,0.013826,0.008445,0.005233,0.002718,-0.000156,-0.000525,-0.000815,-0.000041,0.001218,0.001985,0.002144,0.001987,0.001249,0.000168,-0.000069,0.002265,0.008081,0.011917,0.008071,0.002533,0.000491,0.000064,0.000578,0.000864,0.000454,0.000016,0.000197,0.000579,0.000261,-0.002210,-0.008455,-0.008389,-0.003139,-0.001383,-0.000696,-0.000352,-0.000136,-0.000241,-0.000363,-0.000176,-0.000147,-0.000112,-0.000098,-0.000141,-0.000021,0.000051,0.000175,0.000493,0.001181,0.001599,0.001157,0.000872,0.003107,0.008800,0.007663,0.001827,0.000295,0.000263,0.000310,-0.000063,-0.000667,-0.000803,-0.000530,-0.000324,-0.000468,-0.000831,-0.000835,-0.000479,0.000044,0.000459,0.000437,0.000067,-0.000240,-0.000090,0.000316,0.000288,-0.000490,-0.001596,-0.002391,-0.002366,-0.001895,-0.001355,-0.000377,0.000119,-0.000113,-0.000040,0.000172,0.000061,-0.000156,-0.000416,-0.000624,-0.000636,-0.000534,-0.000240,0.000143,0.000234,0.000120,0.000096,0.000074,0.000066,0.000181,0.000122,0.000078,-0.000002,-0.000089,0.000074,0.000283,0.000406,0.000334,0.000105,-0.000034,-0.000095,0.000054,0.000236,0.000204,0.000021,-0.000070,0.000019,0.000193,0.000157,-0.000053,-0.000293,-0.000456,-0.000401,-0.000106,0.000099,0.000222,0.000251,0.000187,
-0.018548,-0.017688,-0.015627,-0.011787,-0.008429,-0.005425,-0.003860,-0.003692,-0.003856,-0.003300,-0.002181,-0.001558,-0.001067,-0.000828,-0.001420,-0.002077,-0.001989,-0.001116,0.000029,0.000335,-0.000146,-0.000730,-0.001220,-0.001576,-0.001837,-0.001979,-0.001633,-0.000822,-0.000204,-0.000069,-0.000378,-0.000575,-0.000250,0.000340,0.000835,0.000993,0.000873,0.000683,0.000639,0.000592,0.000349,-0.000042,-0.000352,-0.000529,-0.000574,-0.000378,-0.000109,-0.000023,-0.000042,-0.000096,-0.000191,-0.000180,-0.000127,-0.000114,-0.000132,-0.000290,-0.000569,-0.000604,-0.000302,0.000244,0.000469,0.000204,0.000162,0.000560,0.000721,0.000445,0.000241,0.000296,0.000345,0.000159,-0.000118,-0.000229,-0.000177,-0.000063,-0.000043,-0.000195,-0.000268,-0.000251,-0.000293,-0.000341,-0.000224,-0.000096,0.000132,0.000700,0.001484,0.001948,0.001269,-0.000488,-0.001853,-0.001974,-0.001571,-0.001107,-0.000556,-0.000224,-0.000248,-0.000296,-0.000254,-0.000214,-0.000115,0.000011,0.000080,0.000019,-0.000086,-0.000121,-0.000010,0.000033,-0.000000,-0.000041,-0.000072,-0.000023,0.000098,0.000270,0.000298,0.000204,0.000138,0.000098,0.000035,-0.000092,-0.000070,0.000045,0.000037,0.000005,0.000068,0.000154,0.000203,0.000160,0.000010,0.000013,0.000140,0.000181,0.000161,0.000108,-0.000032,-0.000118,-0.000052,0.000024,0.000044,0.000072,0.002936,-0.002420,0.003085,0.008060,0.010193,0.009232,0.004931,0.001010,0.000567,0.001988,0.002147,0.001385,0.000899,0.000259,-0.000252,-0.000261,0.000359,0.001108,0.001362,0.001399,0.001334,0.000753,-0.000006,-0.000191,0.000398,0.001505,0.002262,0.002090,0.001122,0.000004,-0.000390,-0.000192,0.000017,-0.000030,-0.000055,0.000155,0.000359,0.000035,-0.001086,-0.002253,-0.002392,-0.001628,-0.000960,-0.000594,-0.000191,0.000064,-0.000076,-0.000287,-0.000270,-0.000188,-0.000194,-0.000001,0.000089,-0.000001,0.000020,0.000060,0.000277,0.000836,0.001237,0.000890,0.000604,0.001305,0.001873,0.001264,0.000300,-0.000062,-0.000048,-0.000037,-0.000140,-0.000406,-0.000452,-0.000281,-0.000369,-0.000687,-0.000809,-0.000587,-0.000120,0.000342,0.000482,0.000287,0.000022,-0.000078,0.000043,0.000252,0.000143,-0.000476,-0.001346,-0.001835,-0.001626,-0.001202,-0.000829,-0.000240,0.000060,-0.000007,0.000077,0.000197,0.000057,-0.000110,-0.000195,-0.000358,-0.000359,-0.000231,-0.000140,-0.000065,0.000047,0.000036,-0.000041,0.000013,0.000050,0.000059,0.000109,0.000117,0.000080,0.000081,0.000124,0.000140,0.000180,0.000210,0.000101,-0.000026,0.000007,0.000008,-0.000017,0.000111,0.000141,0.000052,0.000009,-0.000013,-0.000053,-0.000097,-0.000121,-0.000124,-0.000153,-0.000130,-0.000027,0.000054,0.000157,0.000274,
-0.018698,-0.017799,-0.015532,-0.011605,-0.008170,-0.005188,-0.003622,-0.003459,-0.003831,-0.003366,-0.002407,-0.002078,-0.001568,-0.001065,-0.001403,-0.002171,-0.002307,-0.001411,-0.000192,0.000123,-0.000314,-0.000830,-0.001257,-0.001684,-0.001879,-0.001803,-0.001370,-0.000499,0.000079,0.000017,-0.000344,-0.000447,-0.000224,0.000276,0.000850,0.001031,0.000859,0.000659,0.000778,0.000839,0.000406,-0.000019,-0.000211,-0.000327,-0.000455,-0.000331,-0.000095,-0.000113,-0.000158,-0.000023,0.000035,-0.000119,-0.000275,-0.000196,-0.000079,-0.000227,-0.000494,-0.000674,-0.000343,0.000223,0.000203,-0.000310,-0.000429,0.000171,0.000602,0.000287,-0.000097,-0.000021,0.000151,0.000028,-0.000164,-0.000119,0.000015,0.000079,0.000011,-0.000089,-0.000095,-0.000203,-0.000338,-0.000252,-0.000121,-0.000041,0.000265,0.000822,0.001467,0.001893,0.001163,-0.000687,-0.001954,-0.002014,-0.001521,-0.000948,-0.000435,-0.000230,-0.000289,-0.000319,-0.000204,-0.000018,0.000071,0.000060,-0.000061,-0.000152,-0.000166,-0.000231,-0.000163,-0.000037,-0.000011,0.000077,0.000183,0.000126,0.000194,0.000250,0.000141,0.000045,0.000059,0.000099,0.000103,-0.000030,-0.000190,-0.000059,0.000161,0.000210,0.000185,0.000164,0.000098,-0.000034,-0.000050,-0.000028,0.000000,0.000046,0.000091,0.000045,-0.000114,-0.000256,-0.000127,0.000104,0.000162,0.000214,0.003582,-0.001919,0.003395,0.008221,0.010193,0.009109,0.004662,0.000698,0.000383,0.002039,0.002669,0.002582,0.002489,0.001348,-0.000094,-0.000434,0.000331,0.001225,0.001622,0.001654,0.001435,0.000838,0.000025,-0.000164,0.000439,0.001416,0.002213,0.002152,0.001139,0.000052,-0.000379,-0.000233,0.000045,0.000063,-0.000026,0.000140,0.000490,0.000069,-0.001097,-0.002143,-0.002374,-0.001647,-0.000990,-0.000641,-0.000239,-0.000000,-0.000017,-0.000126,-0.000193,-0.000266,-0.000253,-0.000110,-0.000039,-0.000023,-0.000034,-0.000109,0.000117,0.000745,0.001204,0.000837,0.000542,0.001370,0.002338,0.001973,0.000653,-0.000086,-0.000049,0.000024,-0.000161,-0.000323,-0.000410,-0.000402,-0.000346,-0.000412,-0.000524,-0.000474,-0.000170,0.000158,0.000364,0.000345,0.000099,-0.000096,-0.000062,0.000182,0.000208,-0.000365,-0.001218,-0.001744,-0.001652,-0.001258,-0.000918,-0.000380,0.000057,0.000073,0.000121,0.000344,0.000309,0.000027,-0.000300,-0.000492,-0.000414,-0.000237,-0.000128,-0.000056,-0.000068,-0.000044,0.000074,0.000176,0.000240,0.000199,0.000148,0.000172,0.000156,0.000150,0.000140,0.000010,0.000016,0.000192,0.000192,0.000014,-0.000105,-0.000204,-0.000126,-0.000021,-0.000000,0.000010,-0.000029,-0.000103,-0.000118,-0.000153,-0.000196,-0.000115,-0.000036,-0.000012,0.000054,0.000156,0.000126,0.000054,
-0.018440,-0.017719,-0.015660,-0.011674,-0.008036,-0.004981,-0.003578,-0.003594,-0.003891,-0.003314,-0.002545,-0.002518,-0.002155,-0.001590,-0.001537,-0.001809,-0.001913,-0.001218,-0.000106,0.000127,-0.000331,-0.000728,-0.001115,-0.001609,-0.001950,-0.001913,-0.001422,-0.000577,0.000106,0.000114,-0.000326,-0.000481,-0.000195,0.000306,0.000773,0.000917,0.000899,0.000912,0.000909,0.000838,0.000499,0.000001,-0.000206,-0.000253,-0.000359,-0.000245,-0.000016,0.000059,0.000110,0.000056,-0.000054,-0.000082,-0.000063,-0.000028,0.000001,-0.000179,-0.000552,-0.000820,-0.000450,0.000281,0.000404,-0.000049,-0.000332,0.000044,0.000619,0.000660,0.000441,0.000363,0.000272,0.000016,-0.000289,-0.000342,-0.000228,-0.000098,-0.000080,-0.000145,-0.000186,-0.000278,-0.000287,-0.000258,-0.000156,0.000078,0.000399,0.000815,0.001415,0.001969,0.001360,-0.000501,-0.001919,-0.002019,-0.001508,-0.001011,-0.000492,-0.000168,-0.000293,-0.000349,-0.000196,-0.000095,-0.000064,0.000012,0.000090,0.000035,-0.000119,-0.000175,-0.000054,0.000088,0.000035,0.000050,0.000186,0.000150,0.000109,0.000175,0.000258,0.000292,0.000353,0.000380,0.000216,0.000035,-0.000054,-0.000029,0.000044,0.000117,0.000100,0.000129,0.000111,0.000030,0.000004,0.000062,0.000130,0.000123,0.000212,0.000158,-0.000106,-0.000172,0.000010,0.000068,0.000049,0.000064,0.004001,-0.001565,0.003630,0.008454,0.010515,0.009491,0.004876,0.000704,0.000398,0.002073,0.002513,0.001940,0.001635,0.000943,0.000062,-0.000318,-0.000026,0.000751,0.001244,0.001364,0.001318,0.000844,0.000056,-0.000227,0.000326,0.001329,0.002137,0.002158,0.001363,0.000288,-0.000288,-0.000123,-0.000031,-0.000170,-0.000184,-0.000033,0.000145,-0.000137,-0.001132,-0.002198,-0.002428,-0.001788,-0.001043,-0.000687,-0.000453,-0.000135,0.000006,-0.000123,-0.000272,-0.000338,-0.000246,0.000003,0.000136,0.000091,0.000040,0.000123,0.000395,0.000905,0.001205,0.000866,0.000592,0.001105,0.001651,0.001242,0.000373,-0.000125,-0.000277,-0.000288,-0.000356,-0.000490,-0.000434,-0.000317,-0.000349,-0.000503,-0.000622,-0.000585,-0.000260,0.000210,0.000511,0.000399,-0.000018,-0.000225,-0.000053,0.000240,0.000103,-0.000508,-0.001262,-0.001819,-0.001691,-0.001241,-0.000792,-0.000216,0.000006,-0.000148,-0.000084,0.000187,0.000244,0.000037,-0.000161,-0.000273,-0.000268,-0.000147,-0.000075,-0.000037,-0.000003,0.000050,0.000236,0.000199,0.000100,0.000151,0.000072,0.000094,0.000183,0.000185,0.000194,0.000164,0.000118,0.000100,0.000059,0.000025,-0.000063,-0.000181,-0.000083,0.000049,0.000073,0.000010,-0.000046,-0.000021,-0.000116,-0.000244,-0.000248,-0.000261,-0.000220,-0.000128,-0.000047,0.000075,0.000133,0.000060,
-0.018567,-0.017559,-0.015652,-0.011842,-0.008369,-0.005283,-0.003620,-0.003495,-0.003839,-0.003434,-0.002470,-0.001824,-0.001041,-0.000629,-0.001145,-0.001830,-0.001945,-0.001180,-0.000022,0.000377,-0.000123,-0.000663,-0.001078,-0.001440,-0.001757,-0.001863,-0.001458,-0.000655,-0.000114,-0.000076,-0.000269,-0.000284,-0.000080,0.000375,0.000890,0.001071,0.000887,0.000718,0.000781,0.000722,0.000408,0.000035,-0.000113,-0.000145,-0.000262,-0.000268,-0.000091,0.000086,-0.000013,-0.000139,-0.000170,-0.000211,-0.000244,-0.000261,-0.000168,-0.000237,-0.000541,-0.000673,-0.000251,0.000400,0.000432,-0.000015,0.000014,0.000431,0.000319,-0.000038,0.000057,0.000466,0.000693,0.000434,-0.000026,-0.000282,-0.000336,-0.000201,-0.000067,-0.000081,-0.000151,-0.000382,-0.000510,-0.000310,-0.000058,0.000098,0.000360,0.000865,0.001512,0.001992,0.001404,-0.000366,-0.001824,-0.002003,-0.001512,-0.000983,-0.000441,-0.000224,-0.000349,-0.000313,-0.000245,-0.000208,-0.000082,0.000079,0.000114,-0.000061,-0.000153,-0.000132,-0.000040,0.000066,0.000093,0.000048,0.000012,-0.000015,0.000064,0.000187,0.000194,0.000079,0.000031,0.000067,0.000089,-0.000016,-0.000023,0.000139,0.000250,0.000107,-0.000053,0.000004,0.000122,0.000098,0.000008,-0.000047,0.000017,0.000222,0.000259,0.000085,-0.000027,-0.000069,-0.000014,0.000100,0.000152,0.000093,0.003946,-0.001677,0.003511,0.008350,0.010366,0.009184,0.004608,0.000566,0.000394,0.002319,0.002817,0.002257,0.001971,0.001125,0.000066,-0.000296,0.000244,0.001168,0.001569,0.001534,0.001389,0.000870,0.000139,-0.000152,0.000326,0.001379,0.002158,0.002128,0.001340,0.000325,-0.000210,-0.000094,0.000131,0.000181,0.000094,0.000069,0.000228,-0.000124,-0.001212,-0.002305,-0.002541,-0.001745,-0.000991,-0.000661,-0.000310,-0.000027,-0.000156,-0.000272,-0.000197,-0.000154,-0.000084,-0.000072,-0.000114,-0.000018,-0.000004,-0.000016,0.000270,0.000773,0.001255,0.001033,0.000892,0.001747,0.002354,0.001589,0.000363,-0.000142,-0.000033,0.000058,-0.000208,-0.000514,-0.000550,-0.000423,-0.000413,-0.000477,-0.000510,-0.000430,-0.000054,0.000345,0.000470,0.000296,0.000009,-0.000089,0.000029,0.000213,0.000202,-0.000341,-0.001264,-0.001892,-0.001798,-0.001363,-0.000961,-0.000426,-0.000008,0.000010,0.000040,0.000239,0.000205,-0.000065,-0.000240,-0.000358,-0.000329,-0.000155,0.000053,0.000107,0.000048,0.000029,0.000063,0.000141,0.000261,0.000215,0.000016,0.000011,0.000099,0.000134,0.000168,0.000130,0.000176,0.000256,0.000054,-0.000075,-0.000019,0.000045,-0.000023,-0.000033,0.000034,0.000059,0.000095,0.000140,0.000143,-0.000043,-0.000228,-0.000280,-0.000198,0.000005,0.000083,0.000098,0.000100,0.000056,
-0.018391,-0.017556,-0.015585,-0.011712,-0.008148,-0.005137,-0.003676,-0.003734,-0.004050,-0.003424,-0.002499,-0.002327,-0.001903,-0.001161,-0.001011,-0.001404,-0.001709,-0.000989,0.000219,0.000520,0.000053,-0.000519,-0.001023,-0.001546,-0.001884,-0.001839,-0.001408,-0.000772,-0.000378,-0.000348,-0.000389,-0.000268,0.000167,0.000709,0.001043,0.001079,0.000889,0.000680,0.000682,0.000597,0.000174,-0.000223,-0.000285,-0.000297,-0.000364,-0.000300,-0.000124,-0.000167,-0.000190,-0.000043,-0.000041,-0.000118,-0.000182,-0.000096,-0.000032,-0.000233,-0.000481,-0.000621,-0.000356,0.000249,0.000366,-0.000099,-0.000161,0.000528,0.000933,0.000603,0.000384,0.000507,0.000505,0.000197,-0.000214,-0.000384,-0.000353,-0.000240,0.000005,0.000130,0.000027,-0.000127,-0.000316,-0.000331,-0.000117,0.000135,0.000420,0.000908,0.001519,0.001945,0.001280,-0.000523,-0.001920,-0.002090,-0.001658,-0.001057,-0.000425,-0.000208,-0.000344,-0.000377,-0.000272,-0.000184,-0.000011,-0.000029,-0.000112,-0.000064,-0.000055,-0.000054,-0.000035,0.000046,0.000111,0.000201,0.000250,0.000139,0.000095,0.000223,0.000277,0.000177,0.000100,0.000049,-0.000027,-0.000045,-0.000058,-0.000119,-0.000076,0.000055,0.000142,0.000233,0.000111,0.000005,0.000014,-0.000020,0.000045,0.000143,0.000098,-0.000001,-0.000041,-0.000070,0.000028,0.000091,0.000083,0.000110,0.004136,-0.001760,0.003356,0.008248,0.010301,0.009171,0.004548,0.000587,0.000529,0.002080,0.002020,0.001238,0.001071,0.000759,-0.000036,-0.000441,0.000146,0.001065,0.001466,0.001441,0.001250,0.000702,0.000009,-0.000167,0.000418,0.001431,0.002305,0.002236,0.001213,0.000175,-0.000149,0.000131,0.000321,0.000177,-0.000043,0.000082,0.000403,0.000170,-0.000989,-0.002265,-0.002534,-0.001827,-0.001022,-0.000631,-0.000389,-0.000186,-0.000148,-0.000241,-0.000341,-0.000208,-0.000044,0.000072,0.000119,0.000038,0.000003,0.000039,0.000325,0.000896,0.001255,0.000765,0.000413,0.001316,0.002233,0.001692,0.000615,0.000070,-0.000023,0.000061,-0.000119,-0.000424,-0.000522,-0.000407,-0.000362,-0.000539,-0.000689,-0.000628,-0.000248,0.000180,0.000409,0.000344,0.000081,-0.000030,0.000138,0.000272,0.000170,-0.000455,-0.001342,-0.001886,-0.001768,-0.001364,-0.001002,-0.000353,0.000135,0.000110,0.000109,0.000218,0.000133,-0.000091,-0.000271,-0.000325,-0.000262,-0.000167,-0.000067,-0.000019,0.000019,0.000095,0.000173,0.000189,0.000178,0.000068,-0.000089,-0.000109,-0.000066,0.000001,0.000036,0.000065,0.000155,0.000248,0.000178,-0.000017,-0.000143,-0.000061,0.000001,0.000075,0.000152,0.000078,0.000064,0.000125,-0.000027,-0.000166,-0.000176,-0.000193,-0.000140,-0.000099,-0.000076,0.000012,0.000001,-0.000036,
-0.018226,-0.017335,-0.015353,-0.011480,-0.007920,-0.004946,-0.003503,-0.003379,-0.003513,-0.002848,-0.001885,-0.001513,-0.000977,-0.000593,-0.001082,-0.001774,-0.001881,-0.001132,0.000042,0.000329,-0.000186,-0.000723,-0.001147,-0.001472,-0.001663,-0.001720,-0.001448,-0.000681,-0.000189,-0.000339,-0.000607,-0.000556,-0.000135,0.000396,0.000804,0.000947,0.000896,0.000867,0.000862,0.000679,0.000311,0.000057,-0.000125,-0.000251,-0.000355,-0.000247,-0.000038,0.000027,0.000068,-0.000001,-0.000131,-0.000152,-0.000111,-0.000089,-0.000028,-0.000176,-0.000579,-0.000768,-0.000329,0.000308,0.000425,-0.000037,-0.000084,0.000507,0.000779,0.000512,0.000397,0.000592,0.000560,0.000264,-0.000071,-0.000175,0.000014,0.000194,0.000253,0.000160,0.000026,-0.000169,-0.000343,-0.000347,-0.000153,0.000055,0.000276,0.000741,0.001518,0.002064,0.001376,-0.000531,-0.001986,-0.002040,-0.001498,-0.000914,-0.000353,-0.000133,-0.000298,-0.000287,-0.000109,-0.000057,-0.000052,-0.000080,-0.000060,-0.000056,-0.000091,0.000003,0.000064,0.000013,-0.000072,-0.000053,0.000026,0.000102,0.000274,0.000337,0.000250,0.000162,0.000154,0.000208,0.000151,0.000138,-0.000014,-0.000098,0.000057,0.000116,0.000218,0.000228,0.000205,0.000162,0.000033,-0.000016,0.000007,0.000124,0.000180,0.000092,-0.000019,-0.000064,0.000066,0.000152,0.000109,0.000159,0.004276,-0.001336,0.003730,0.008399,0.010296,0.009055,0.004527,0.000684,0.000604,0.002283,0.002492,0.001942,0.001770,0.001079,0.000218,0.000017,0.000480,0.001112,0.001383,0.001426,0.001396,0.000916,0.000160,-0.000155,0.000321,0.001364,0.002197,0.002051,0.001043,-0.000047,-0.000363,-0.000048,0.000111,-0.000003,-0.000029,0.000213,0.000469,0.000102,-0.001050,-0.002256,-0.002528,-0.001707,-0.000985,-0.000712,-0.000324,0.000027,-0.000029,-0.000227,-0.000177,-0.000179,-0.000224,-0.000146,-0.000016,0.000179,0.000199,0.000058,0.000131,0.000735,0.001277,0.000929,0.000562,0.001336,0.002292,0.002097,0.001039,0.000270,0.000191,0.000187,-0.000082,-0.000217,-0.000100,-0.000020,-0.000115,-0.000383,-0.000603,-0.000645,-0.000290,0.000274,0.000445,0.000239,-0.000017,-0.000042,0.000136,0.000327,0.000347,-0.000353,-0.001351,-0.001754,-0.001533,-0.001206,-0.000839,-0.000239,0.000093,-0.000011,0.000054,0.000293,0.000208,-0.000084,-0.000312,-0.000339,-0.000211,-0.000074,0.000003,0.000005,-0.000056,-0.000057,0.000075,0.000262,0.000316,0.000240,0.000202,0.000147,0.000112,0.000157,0.000162,0.000079,0.000167,0.000177,0.000059,-0.000073,-0.000157,-0.000110,0.000004,0.000074,0.000061,0.000020,-0.000002,0.000074,0.000117,0.000005,-0.000108,-0.000196,-0.000261,-0.000183,0.000014,0.000123,0.000131,0.000093,
-0.018070,-0.017341,-0.015407,-0.011498,-0.007887,-0.004750,-0.003213,-0.003135,-0.003539,-0.003127,-0.002166,-0.001752,-0.001416,-0.001057,-0.001205,-0.001683,-0.001830,-0.000992,0.000195,0.000417,-0.000119,-0.000757,-0.001274,-0.001630,-0.001812,-0.001765,-0.001310,-0.000593,-0.000061,-0.000154,-0.000590,-0.000578,-0.000124,0.000445,0.000930,0.000961,0.000617,0.000497,0.000640,0.000656,0.000318,-0.000029,-0.000187,-0.000248,-0.000317,-0.000243,0.000018,0.000016,-0.000108,-0.000151,-0.000069,-0.000060,-0.000201,-0.000152,-0.000094,-0.000196,-0.000500,-0.000576,-0.000112,0.000463,0.000566,0.000174,0.000031,0.000439,0.000653,0.000376,0.000160,0.000352,0.000448,0.000196,-0.000139,-0.000303,-0.000248,-0.000193,-0.000163,-0.000110,-0.000091,-0.000260,-0.000456,-0.000326,-0.000110,0.000031,0.000347,0.000943,0.001709,0.002084,0.001325,-0.000434,-0.001789,-0.001886,-0.001540,-0.001084,-0.000430,-0.000181,-0.000431,-0.000492,-0.000304,-0.000117,-0.000018,0.000039,0.000045,-0.000048,-0.000189,-0.000190,-0.000026,0.000024,-0.000036,-0.000033,0.000145,0.000127,0.000068,0.000146,0.000191,0.000194,0.000094,0.000085,0.000104,0.000029,-0.000052,-0.000106,-0.000157,-0.000157,-0.000041,-0.000020,-0.000061,-0.000042,-0.000066,-0.000046,0.000083,0.000255,0.000295,0.000202,0.000090,0.000080,0.000150,0.000136,0.000047,0.000098,0.004205,-0.001452,0.003698,0.008459,0.010361,0.009066,0.004291,0.000288,0.000282,0.002021,0.001986,0.000937,0.000582,0.000348,-0.000079,-0.000157,0.000408,0.001084,0.001221,0.001241,0.001260,0.000837,0.000160,-0.000062,0.000503,0.001531,0.002290,0.002219,0.001254,0.000049,-0.000478,-0.000153,0.000121,0.000034,-0.000089,-0.000057,0.000017,-0.000199,-0.001034,-0.002160,-0.002585,-0.001934,-0.001177,-0.000843,-0.000359,-0.000003,-0.000041,-0.000240,-0.000304,-0.000247,-0.000259,-0.000247,-0.000136,0.000060,0.000080,0.000060,0.000335,0.000937,0.001397,0.001020,0.000654,0.001309,0.001938,0.001449,0.000476,0.000017,0.000046,0.000160,0.000065,-0.000238,-0.000337,-0.000177,-0.000213,-0.000577,-0.000788,-0.000521,0.000011,0.000418,0.000524,0.000425,0.000139,-0.000060,0.000052,0.000164,0.000028,-0.000528,-0.001362,-0.001912,-0.001723,-0.001299,-0.000896,-0.000301,0.000044,-0.000012,0.000083,0.000277,0.000209,0.000046,-0.000088,-0.000175,-0.000283,-0.000220,-0.000029,0.000057,0.000108,0.000103,0.000133,0.000199,0.000174,0.000216,0.000177,0.000191,0.000206,0.000193,0.000278,0.000300,0.000302,0.000255,0.000124,0.000005,0.000031,0.000103,0.000119,0.000051,-0.000022,0.000014,0.000161,0.000258,0.000137,0.000023,0.000004,-0.000073,-0.000152,-0.000113,-0.000007,0.000112,0.000092,0.000010,
-0.018091,-0.017450,-0.015369,-0.011373,-0.007747,-0.004622,-0.003407,-0.003800,-0.004220,-0.003508,-0.002581,-0.002346,-0.001795,-0.001214,-0.001351,-0.001787,-0.001867,-0.001085,0.000172,0.000572,-0.000028,-0.000732,-0.001211,-0.001685,-0.001933,-0.001818,-0.001278,-0.000447,0.000099,-0.000069,-0.000518,-0.000542,-0.000205,0.000386,0.000881,0.000926,0.000662,0.000485,0.000538,0.000574,0.000332,-0.000055,-0.000235,-0.000261,-0.000304,-0.000230,0.000017,0.000046,-0.000029,-0.000088,-0.000173,-0.000251,-0.000259,-0.000193,-0.000094,-0.000246,-0.000623,-0.000656,-0.000271,0.000209,0.000158,-0.000336,-0.000280,0.000406,0.000787,0.000452,0.000069,0.000093,0.000156,0.000001,-0.000228,-0.000347,-0.000276,-0.000141,-0.000126,-0.000118,-0.000136,-0.000291,-0.000357,-0.000280,-0.000107,0.000092,0.000371,0.000899,0.001557,0.001897,0.001168,-0.000537,-0.001840,-0.001969,-0.001558,-0.001031,-0.000499,-0.000254,-0.000323,-0.000374,-0.000289,-0.000207,-0.000097,0.000027,0.000041,-0.000061,-0.000128,-0.000034,0.000088,0.000068,0.000099,0.000124,0.000146,0.000141,0.000109,0.000144,0.000184,0.000173,0.000102,0.000117,0.000131,0.000059,-0.000017,-0.000024,0.000067,0.000114,0.000159,0.000234,0.000213,0.000085,-0.000019,-0.000029,-0.000023,-0.000041,0.000023,0.000040,-0.000045,0.000003,0.000096,0.000148,0.000173,0.000180,0.004492,-0.001143,0.003839,0.008384,0.010223,0.008968,0.004198,0.000145,0.000191,0.002268,0.002801,0.002081,0.001636,0.000795,-0.000135,-0.000390,0.000156,0.000942,0.001281,0.001328,0.001182,0.000710,0.000197,0.000066,0.000630,0.001603,0.002338,0.002311,0.001337,0.000199,-0.000164,0.000089,0.000141,-0.000007,-0.000136,-0.000063,0.000160,-0.000073,-0.001063,-0.002280,-0.002604,-0.001881,-0.001150,-0.000697,-0.000299,-0.000069,-0.000055,-0.000198,-0.000245,-0.000217,-0.000228,-0.000165,0.000003,0.000174,0.000076,-0.000120,0.000070,0.000744,0.001189,0.000897,0.000803,0.001645,0.002402,0.001776,0.000495,-0.000086,-0.000023,0.000099,-0.000071,-0.000339,-0.000338,-0.000197,-0.000326,-0.000541,-0.000627,-0.000601,-0.000176,0.000382,0.000561,0.000342,0.000024,-0.000088,0.000084,0.000223,0.000077,-0.000513,-0.001349,-0.001811,-0.001496,-0.001094,-0.000841,-0.000315,-0.000027,-0.000127,-0.000021,0.000230,0.000177,0.000007,-0.000205,-0.000341,-0.000298,-0.000186,-0.000000,0.000109,0.000063,0.000011,-0.000030,0.000000,0.000139,0.000213,0.000187,0.000117,0.000087,0.000080,0.000016,0.000073,0.000177,0.000115,0.000059,-0.000052,-0.000204,-0.000254,-0.000209,-0.000254,-0.000223,-0.000034,0.000048,0.000126,0.000041,-0.000187,-0.000179,-0.000153,-0.000176,-0.000166,-0.000054,0.000156,0.000174,0.000069,
-0.018122,-0.017237,-0.015377,-0.011587,-0.008139,-0.005161,-0.003743,-0.003605,-0.003797,-0.003329,-0.002405,-0.001947,-0.001439,-0.000943,-0.001102,-0.001765,-0.001918,-0.000940,0.000264,0.000435,-0.000194,-0.000832,-0.001355,-0.001698,-0.001817,-0.001791,-0.001323,-0.000364,0.000248,0.000113,-0.000340,-0.000377,-0.000005,0.000433,0.000777,0.000847,0.000782,0.000697,0.000687,0.000708,0.000349,-0.000009,-0.000187,-0.000337,-0.000309,-0.000175,-0.000008,0.000107,0.000091,-0.000048,-0.000190,-0.000225,-0.000240,-0.000185,-0.000120,-0.000202,-0.000491,-0.000705,-0.000392,0.000194,0.000281,-0.000227,-0.000463,0.000194,0.000885,0.000775,0.000341,0.000269,0.000325,0.000158,-0.000100,-0.000197,-0.000111,-0.000109,-0.000159,-0.000161,-0.000179,-0.000309,-0.000375,-0.000200,0.000031,0.000190,0.000410,0.000843,0.001578,0.002025,0.001217,-0.000625,-0.002054,-0.002091,-0.001492,-0.000966,-0.000448,-0.000209,-0.000364,-0.000413,-0.000309,-0.000174,-0.000031,0.000040,0.000105,0.000036,-0.000091,-0.000037,0.000093,-0.000002,-0.000051,0.000003,-0.000036,0.000033,0.000150,0.000236,0.000184,-0.000000,0.000085,0.000190,0.000074,-0.000056,-0.000084,-0.000028,0.000053,0.000101,0.000113,0.000187,0.000211,0.000144,-0.000005,-0.000055,-0.000047,0.000014,0.000115,0.000076,-0.000066,-0.000174,-0.000120,0.000007,0.000116,0.000171,0.004371,-0.001201,0.003834,0.008381,0.010266,0.009182,0.004556,0.000607,0.000509,0.002250,0.002557,0.002000,0.001821,0.001092,-0.000006,-0.000396,0.000134,0.000981,0.001459,0.001387,0.001201,0.000763,0.000044,-0.000152,0.000514,0.001553,0.002277,0.002226,0.001332,0.000259,-0.000084,0.000071,0.000135,0.000036,-0.000058,-0.000026,0.000140,-0.000073,-0.000981,-0.002102,-0.002475,-0.001846,-0.001080,-0.000676,-0.000281,0.000024,-0.000045,-0.000304,-0.000368,-0.000290,-0.000292,-0.000186,-0.000031,0.000039,0.000051,-0.000068,0.000025,0.000711,0.001317,0.000984,0.000537,0.001036,0.001639,0.001233,0.000268,-0.000360,-0.000392,-0.000185,-0.000276,-0.000455,-0.000469,-0.000323,-0.000347,-0.000593,-0.000636,-0.000457,-0.000099,0.000275,0.000411,0.000291,0.000026,-0.000065,0.000047,0.000175,0.000082,-0.000455,-0.001317,-0.001828,-0.001583,-0.001181,-0.000881,-0.000296,0.000044,-0.000009,0.000091,0.000245,0.000171,-0.000117,-0.000205,-0.000199,-0.000280,-0.000278,-0.000147,-0.000095,-0.000012,0.000021,0.000054,0.000129,0.000166,0.000160,0.000138,0.000040,0.000097,0.000180,0.000134,0.000093,0.000087,0.000042,-0.000043,-0.000144,-0.000185,-0.000121,-0.000078,-0.000021,0.000039,0.000031,-0.000030,0.000018,0.000096,-0.000085,-0.000243,-0.000266,-0.000288,-0.000258,-0.000077,0.000046,0.000079,0.000012,
-0.018169,-0.017487,-0.015450,-0.011491,-0.007915,-0.004685,-0.002925,-0.002914,-0.003692,-0.003713,-0.002844,-0.001970,-0.000800,-0.000069,-0.000563,-0.001517,-0.001858,-0.001116,0.000027,0.000466,0.000031,-0.000677,-0.001243,-0.001640,-0.001862,-0.001817,-0.001310,-0.000489,0.000038,-0.000082,-0.000407,-0.000386,0.000028,0.000632,0.000965,0.000956,0.000766,0.000634,0.000672,0.000605,0.000174,-0.000140,-0.000173,-0.000123,-0.000147,-0.000149,-0.000025,0.000058,0.000104,-0.000021,-0.000182,-0.000214,-0.000179,-0.000105,-0.000143,-0.000360,-0.000648,-0.000721,-0.000345,0.000219,0.000454,0.000269,0.000335,0.000584,0.000390,-0.000070,-0.000012,0.000609,0.000798,0.000424,0.000019,-0.000259,-0.000287,-0.000108,-0.000055,-0.000079,-0.000107,-0.000200,-0.000356,-0.000345,-0.000126,0.000034,0.000341,0.000933,0.001595,0.001976,0.001314,-0.000481,-0.001901,-0.002006,-0.001478,-0.000942,-0.000466,-0.000260,-0.000404,-0.000439,-0.000307,-0.000220,-0.000095,0.000102,0.000141,-0.000049,-0.000165,-0.000076,0.000058,0.000057,0.000023,0.000141,0.000247,0.000130,0.000144,0.000244,0.000185,0.000131,0.000131,0.000130,0.000005,-0.000010,-0.000004,-0.000110,-0.000104,-0.000060,0.000046,0.000146,0.000069,0.000060,0.000048,-0.000046,-0.000003,0.000089,0.000195,0.000166,0.000032,0.000006,0.000025,0.000160,0.000293,0.000245,0.005162,-0.000994,0.003818,0.008527,0.010467,0.009204,0.004352,-0.000000,-0.000088,0.002028,0.002585,0.002148,0.001954,0.000924,-0.000471,-0.000803,-0.000009,0.001057,0.001600,0.001600,0.001348,0.000743,0.000029,0.000034,0.000708,0.001599,0.002244,0.002211,0.001274,0.000165,-0.000210,0.000078,0.000253,0.000185,0.000180,0.000224,0.000250,-0.000171,-0.001288,-0.002416,-0.002616,-0.001825,-0.001067,-0.000702,-0.000421,-0.000195,-0.000177,-0.000317,-0.000327,-0.000241,-0.000185,-0.000123,-0.000133,-0.000053,0.000050,0.000062,0.000266,0.000845,0.001252,0.000880,0.000686,0.001528,0.002230,0.001618,0.000589,0.000145,0.000043,-0.000079,-0.000309,-0.000602,-0.000617,-0.000375,-0.000268,-0.000423,-0.000563,-0.000376,0.000021,0.000341,0.000484,0.000279,-0.000058,-0.000146,-0.000008,0.000130,0.000085,-0.000463,-0.001371,-0.001912,-0.001718,-0.001350,-0.001046,-0.000387,-0.000069,-0.000192,-0.000117,0.000091,0.000086,-0.000163,-0.000377,-0.000382,-0.000272,-0.000187,-0.000032,0.000101,0.000068,-0.000041,-0.000037,0.000095,0.000153,0.000118,0.000061,-0.000045,-0.000040,0.000161,0.000243,0.000079,0.000075,0.000099,-0.000037,-0.000122,-0.000105,-0.000024,0.000014,-0.000029,-0.000012,0.000004,0.000072,0.000098,-0.000107,-0.000279,-0.000317,-0.000208,-0.000138,-0.000140,-0.000034,0.000069,0.000054,0.000088,
-0.018318,-0.017400,-0.015517,-0.011731,-0.008340,-0.005448,-0.004021,-0.003975,-0.004014,-0.002966,-0.001612,-0.001124,-0.000556,-0.000097,-0.000722,-0.001665,-0.001914,-0.001141,0.000059,0.000406,-0.000193,-0.000855,-0.001292,-0.001691,-0.001944,-0.001915,-0.001539,-0.000806,-0.000353,-0.000567,-0.000825,-0.000552,0.000078,0.000695,0.001018,0.000978,0.000777,0.000540,0.000577,0.000615,0.000219,-0.000231,-0.000252,-0.000111,-0.000183,-0.000200,-0.000087,-0.000055,-0.000043,-0.000072,-0.000090,-0.000093,-0.000185,-0.000181,-0.000129,-0.000318,-0.000692,-0.000742,-0.000380,0.000153,0.000189,-0.000351,-0.000291,0.000526,0.000839,0.000516,0.000309,0.000425,0.000480,0.000204,-0.000167,-0.000345,-0.000319,-0.000153,0.000010,0.000116,0.000019,-0.000260,-0.000354,-0.000266,-0.000130,0.000102,0.000360,0.000840,0.001576,0.001932,0.001249,-0.000396,-0.001861,-0.002073,-0.001568,-0.000984,-0.000444,-0.000265,-0.000337,-0.000287,-0.000200,-0.000083,0.000071,0.000122,0.000091,0.000039,-0.000111,-0.000213,-0.000065,0.000065,0.000038,0.000057,0.000180,0.000216,0.000322,0.000326,0.000199,0.000185,0.000152,0.000129,0.000159,0.000074,-0.000027,-0.000002,-0.000029,-0.000046,0.000044,0.000108,0.000197,0.000176,-0.000048,-0.000121,0.000022,0.000099,0.000124,0.000091,-0.000059,-0.000083,0.000016,0.000130,0.000199,0.000166,0.005319,-0.000680,0.003802,0.008224,0.010177,0.008778,0.003815,-0.000214,-0.000065,0.001818,0.001970,0.001159,0.000892,0.000389,-0.000314,-0.000342,0.000444,0.001424,0.001729,0.001576,0.001349,0.000790,-0.000016,-0.000241,0.000406,0.001344,0.002132,0.002152,0.001143,0.000055,-0.000334,-0.000124,0.000061,0.000028,-0.000021,0.000111,0.000341,0.000004,-0.001131,-0.002354,-0.002589,-0.001735,-0.000960,-0.000741,-0.000460,-0.000116,-0.000144,-0.000269,-0.000234,-0.000172,-0.000076,-0.000004,-0.000005,0.000068,0.000036,-0.000041,0.000118,0.000655,0.001166,0.000868,0.000583,0.001271,0.002019,0.001561,0.000351,-0.000187,-0.000012,0.000050,-0.000258,-0.000486,-0.000496,-0.000395,-0.000308,-0.000375,-0.000576,-0.000624,-0.000204,0.000365,0.000586,0.000341,0.000031,-0.000032,0.000149,0.000304,0.000133,-0.000543,-0.001422,-0.001879,-0.001634,-0.001180,-0.000864,-0.000369,-0.000018,-0.000146,-0.000077,0.000145,0.000083,-0.000054,-0.000269,-0.000533,-0.000432,-0.000233,-0.000179,-0.000033,-0.000005,-0.000053,0.000074,0.000128,0.000084,0.000095,0.000111,0.000059,-0.000011,0.000055,0.000195,0.000182,0.000117,0.000021,-0.000092,-0.000108,-0.000055,0.000035,-0.000022,-0.000117,-0.000031,0.000017,0.000054,0.000018,-0.000104,-0.000197,-0.000249,-0.000210,-0.000161,-0.000166,-0.000167,-0.000090,0.000064,0.000061,
-0.018301,-0.017449,-0.015620,-0.011808,-0.008298,-0.005308,-0.003815,-0.003750,-0.003863,-0.002950,-0.001807,-0.001619,-0.001466,-0.001199,-0.001450,-0.002038,-0.002262,-0.001389,0.000009,0.000440,-0.000098,-0.000757,-0.001192,-0.001497,-0.001749,-0.001772,-0.001283,-0.000502,-0.000064,-0.000190,-0.000525,-0.000450,-0.000077,0.000462,0.000970,0.001057,0.000802,0.000679,0.000725,0.000597,0.000246,-0.000083,-0.000273,-0.000291,-0.000371,-0.000328,-0.000187,-0.000077,0.000025,0.000006,-0.000050,-0.000099,-0.000136,-0.000156,-0.000096,-0.000135,-0.000577,-0.000735,-0.000289,0.000238,0.000280,-0.000280,-0.000268,0.000507,0.000803,0.000569,0.000566,0.000713,0.000603,0.000219,-0.000092,-0.000177,-0.000110,0.000033,0.000170,0.000139,-0.000027,-0.000281,-0.000364,-0.000207,-0.000137,-0.000059,0.000306,0.000825,0.001528,0.002077,0.001386,-0.000482,-0.001845,-0.001977,-0.001597,-0.001008,-0.000381,-0.000162,-0.000299,-0.000315,-0.000173,-0.000099,-0.000056,-0.000057,-0.000044,-0.000045,-0.000092,-0.000114,-0.000061,0.000013,0.000059,0.000044,0.000059,0.000065,0.000177,0.000226,0.000170,0.000156,0.000175,0.000140,0.000040,-0.000052,-0.000181,-0.000261,-0.000204,-0.000065,0.000053,0.000086,0.000063,0.000086,0.000049,-0.000010,0.000025,0.000076,0.000112,0.000012,-0.000093,-0.000019,0.000021,0.000030,0.000093,0.000191,0.006056,-0.000082,0.004131,0.008415,0.010219,0.008776,0.003830,-0.000266,-0.000180,0.001732,0.001864,0.000960,0.000680,0.000242,-0.000365,-0.000415,0.000254,0.001199,0.001667,0.001543,0.001350,0.000817,0.000055,-0.000213,0.000429,0.001754,0.002583,0.002269,0.001162,0.000123,-0.000137,0.000171,0.000407,0.000302,0.000100,0.000158,0.000438,0.000208,-0.000895,-0.002199,-0.002563,-0.001861,-0.001083,-0.000713,-0.000494,-0.000256,-0.000183,-0.000210,-0.000243,-0.000294,-0.000250,-0.000146,-0.000073,0.000004,-0.000092,-0.000131,0.000212,0.000791,0.001143,0.000815,0.000658,0.001482,0.002360,0.001982,0.000840,0.000280,0.000323,0.000195,-0.000123,-0.000352,-0.000303,-0.000156,-0.000252,-0.000526,-0.000677,-0.000586,-0.000223,0.000205,0.000442,0.000362,0.000064,-0.000014,0.000168,0.000307,0.000220,-0.000475,-0.001349,-0.001697,-0.001558,-0.001286,-0.001036,-0.000466,-0.000053,-0.000130,-0.000083,0.000185,0.000144,-0.000143,-0.000302,-0.000330,-0.000315,-0.000203,-0.000028,0.000034,0.000012,-0.000054,-0.000042,0.000041,0.000022,0.000031,0.000153,0.000180,0.000091,0.000051,0.000031,0.000067,0.000139,0.000083,-0.000031,-0.000128,-0.000053,0.000028,-0.000038,-0.000091,-0.000053,0.000002,0.000063,0.000030,0.000019,-0.000057,-0.000197,-0.000233,-0.000288,-0.000203,-0.000060,0.000019,0.000066,0.000031,
-0.018325,-0.017690,-0.015622,-0.011640,-0.008121,-0.005195,-0.003836,-0.003780,-0.004090,-0.003603,-0.002509,-0.002073,-0.001793,-0.001387,-0.001407,-0.001749,-0.001885,-0.001146,0.000089,0.000408,-0.000144,-0.000729,-0.001197,-0.001687,-0.001870,-0.001627,-0.001093,-0.000379,0.000010,-0.000231,-0.000615,-0.000516,-0.000119,0.000321,0.000837,0.000987,0.000818,0.000635,0.000576,0.000510,0.000195,-0.000197,-0.000258,-0.000205,-0.000295,-0.000226,0.000060,0.000166,0.000044,0.000003,-0.000060,-0.000176,-0.000198,-0.000202,-0.000181,-0.000224,-0.000451,-0.000465,0.000039,0.000534,0.000541,0.000059,-0.000163,0.000168,0.000273,0.000158,0.000172,0.000358,0.000402,0.000114,-0.000146,-0.000235,-0.000245,-0.000239,-0.000222,-0.000207,-0.000187,-0.000356,-0.000533,-0.000472,-0.000339,-0.000062,0.000356,0.000949,0.001621,0.001996,0.001372,-0.000358,-0.001814,-0.002109,-0.001723,-0.001086,-0.000465,-0.000241,-0.000332,-0.000371,-0.000319,-0.000201,-0.000077,-0.000111,-0.000143,-0.000157,-0.000153,-0.000168,-0.000195,-0.000084,0.000072,0.000096,0.000069,0.000079,0.000199,0.000331,0.000322,0.000199,0.000138,0.000097,-0.000016,-0.000175,-0.000260,-0.000269,-0.000148,0.000035,0.000118,0.000138,0.000124,0.000097,-0.000034,-0.000171,-0.000101,-0.000032,0.000058,0.000128,0.000007,-0.000135,-0.000074,0.000057,0.000099,0.000143,0.007419,0.001047,0.004768,0.008762,0.010505,0.009085,0.004116,0.000006,0.000195,0.002316,0.002540,0.001556,0.001308,0.001016,0.000180,-0.000368,0.000111,0.001124,0.001635,0.001557,0.001313,0.000832,0.000126,-0.000094,0.000642,0.001865,0.002634,0.002347,0.001261,0.000291,-0.000072,0.000111,0.000292,0.000065,-0.000040,0.000112,0.000287,0.000015,-0.001037,-0.002181,-0.002441,-0.001736,-0.001025,-0.000675,-0.000273,-0.000004,-0.000071,-0.000221,-0.000312,-0.000331,-0.000220,-0.000100,-0.000039,0.000020,-0.000042,-0.000058,0.000273,0.000897,0.001289,0.000894,0.000571,0.001318,0.002099,0.001722,0.000729,0.000113,0.000092,0.000144,-0.000082,-0.000365,-0.000385,-0.000241,-0.000232,-0.000442,-0.000598,-0.000468,-0.000139,0.000200,0.000418,0.000356,0.000096,-0.000031,-0.000038,0.000096,0.000121,-0.000470,-0.001356,-0.001803,-0.001511,-0.001089,-0.000745,-0.000087,0.000309,0.000170,0.000127,0.000285,0.000161,-0.000162,-0.000316,-0.000315,-0.000269,-0.000247,-0.000168,-0.000031,-0.000056,-0.000051,0.000094,0.000180,0.000163,0.000071,0.000077,0.000054,-0.000005,0.000080,0.000191,0.000203,0.000243,0.000172,0.000061,0.000015,-0.000022,-0.000070,-0.000111,-0.000036,0.000052,0.000051,0.000109,0.000138,0.000050,-0.000001,-0.000002,-0.000039,-0.000047,0.000014,0.000076,0.000087,0.000032,0.000029,
-0.018245,-0.017642,-0.015436,-0.011465,-0.007865,-0.004886,-0.003815,-0.003977,-0.004100,-0.003312,-0.002268,-0.002014,-0.001426,-0.000704,-0.000917,-0.001764,-0.002148,-0.001293,0.000171,0.000754,0.000149,-0.000613,-0.001065,-0.001458,-0.001699,-0.001475,-0.000852,-0.000185,0.000219,0.000065,-0.000294,-0.000398,-0.000284,0.000165,0.000654,0.000791,0.000678,0.000535,0.000495,0.000435,0.000178,-0.000096,-0.000233,-0.000280,-0.000346,-0.000247,0.000023,0.000134,0.000068,0.000037,-0.000009,-0.000051,-0.000082,-0.000211,-0.000259,-0.000379,-0.000605,-0.000654,-0.000202,0.000357,0.000348,0.000013,0.000137,0.000737,0.000906,0.000452,0.000145,0.000235,0.000346,0.000190,-0.000049,-0.000099,-0.000029,0.000059,-0.000033,-0.000198,-0.000224,-0.000354,-0.000428,-0.000254,-0.000039,0.000048,0.000247,0.000820,0.001556,0.001956,0.001209,-0.000650,-0.002108,-0.002265,-0.001819,-0.001154,-0.000503,-0.000311,-0.000339,-0.000219,-0.000074,-0.000027,0.000023,0.000108,0.000081,-0.000056,-0.000198,-0.000167,0.000022,0.000061,0.000089,0.000206,0.000178,0.000167,0.000265,0.000340,0.000277,0.000181,0.000161,0.000130,0.000046,-0.000052,-0.000066,-0.000045,-0.000072,0.000000,-0.000025,-0.000015,0.000057,0.000030,-0.000047,-0.000132,-0.000021,0.000123,0.000109,0.000023,0.000100,0.000173,0.000128,0.000129,0.000100,0.000127,0.009011,0.002251,0.005388,0.009042,0.010782,0.009304,0.004308,0.000214,0.000159,0.002019,0.002484,0.002281,0.002466,0.001886,0.000545,-0.000250,0.000228,0.001234,0.001694,0.001574,0.001278,0.000718,0.000027,-0.000042,0.000696,0.001849,0.002604,0.002320,0.001362,0.000458,0.000014,0.000077,0.000030,-0.000238,-0.000307,-0.000072,0.000091,-0.000232,-0.001255,-0.002399,-0.002640,-0.001916,-0.001173,-0.000686,-0.000275,-0.000066,-0.000118,-0.000145,-0.000147,-0.000234,-0.000229,-0.000144,-0.000040,-0.000027,-0.000088,-0.000088,0.000180,0.000796,0.001263,0.000993,0.000910,0.001793,0.002379,0.001614,0.000465,-0.000036,0.000009,0.000078,-0.000025,-0.000166,-0.000183,-0.000139,-0.000223,-0.000460,-0.000637,-0.000454,-0.000035,0.000380,0.000464,0.000266,0.000015,-0.000146,-0.000109,0.000060,0.000056,-0.000492,-0.001399,-0.001786,-0.001493,-0.001154,-0.000793,-0.000159,0.000161,0.000044,0.000080,0.000248,0.000204,-0.000075,-0.000350,-0.000411,-0.000402,-0.000344,-0.000170,-0.000027,-0.000017,-0.000013,0.000036,0.000127,0.000130,0.000060,0.000061,-0.000007,-0.000034,0.000043,0.000140,0.000331,0.000317,0.000101,0.000021,0.000024,-0.000040,-0.000058,-0.000125,-0.000126,-0.000060,-0.000072,-0.000073,0.000024,0.000002,-0.000087,-0.000049,-0.000044,-0.000152,-0.000190,-0.000060,0.000113,0.000224,0.000151,
-0.018626,-0.017744,-0.015864,-0.012021,-0.008463,-0.005481,-0.004142,-0.004183,-0.004338,-0.003461,-0.002083,-0.001395,-0.000570,0.000128,-0.000352,-0.001532,-0.002081,-0.001192,0.000296,0.000664,-0.000039,-0.000794,-0.001228,-0.001572,-0.001701,-0.001456,-0.000850,-0.000013,0.000332,0.000102,-0.000269,-0.000396,-0.000139,0.000379,0.000874,0.000974,0.000793,0.000681,0.000691,0.000661,0.000480,0.000159,-0.000016,-0.000058,-0.000139,-0.000073,0.000085,0.000079,-0.000020,-0.000106,-0.000184,-0.000290,-0.000264,-0.000125,-0.000042,-0.000224,-0.000601,-0.000710,-0.000382,0.000190,0.000256,-0.000317,-0.000505,0.000098,0.000725,0.000605,0.000305,0.000319,0.000326,0.000075,-0.000160,-0.000115,-0.000080,-0.000067,-0.000025,-0.000026,-0.000120,-0.000210,-0.000235,-0.000173,-0.000124,-0.000041,0.000228,0.000808,0.001576,0.001987,0.001218,-0.000649,-0.002047,-0.002067,-0.001512,-0.000995,-0.000359,-0.000105,-0.000277,-0.000350,-0.000290,-0.000266,-0.000213,-0.000021,0.000021,-0.000142,-0.000220,-0.000114,0.000058,0.000136,0.000072,-0.000015,0.000043,0.000147,0.000246,0.000288,0.000246,0.000177,0.000103,0.000015,-0.000065,-0.000128,-0.000244,-0.000227,-0.000128,-0.000033,0.000071,0.000137,0.000103,0.000064,0.000093,0.000011,-0.000055,0.000046,0.000082,-0.000028,-0.000121,-0.000058,0.000101,0.000176,0.000087,0.000067,0.009606,0.002473,0.005065,0.008662,0.010626,0.009153,0.004050,0.000033,0.000280,0.002364,0.002620,0.001800,0.001551,0.000835,-0.000336,-0.000804,-0.000086,0.000983,0.001416,0.001348,0.001154,0.000665,0.000023,-0.000077,0.000594,0.001655,0.002357,0.002127,0.001153,0.000199,-0.000011,0.000174,0.000228,0.000110,-0.000080,-0.000069,0.000065,-0.000199,-0.001195,-0.002431,-0.002851,-0.002123,-0.001244,-0.000669,-0.000188,0.000148,0.000090,-0.000165,-0.000255,-0.000339,-0.000296,-0.000123,0.000056,0.000109,-0.000029,-0.000050,0.000241,0.000867,0.001249,0.000770,0.000419,0.001181,0.001891,0.001468,0.000424,-0.000368,-0.000448,-0.000178,-0.000115,-0.000364,-0.000445,-0.000344,-0.000394,-0.000620,-0.000638,-0.000440,-0.000080,0.000334,0.000552,0.000358,-0.000003,-0.000192,-0.000041,0.000211,0.000102,-0.000551,-0.001382,-0.001845,-0.001725,-0.001289,-0.000860,-0.000289,-0.000014,-0.000154,-0.000045,0.000226,0.000188,-0.000057,-0.000219,-0.000271,-0.000351,-0.000354,-0.000247,-0.000155,-0.000046,-0.000025,0.000055,0.000198,0.000188,0.000063,0.000081,0.000067,0.000080,0.000147,0.000137,0.000211,0.000201,0.000172,0.000183,0.000073,-0.000032,-0.000128,-0.000150,-0.000002,0.000075,-0.000030,-0.000011,0.000081,0.000062,-0.000031,-0.000170,-0.000215,-0.000141,-0.000104,-0.000049,0.000075,0.000202,0.000227,
-0.018649,-0.017882,-0.015860,-0.012008,-0.008410,-0.005432,-0.004197,-0.004208,-0.004515,-0.003901,-0.002863,-0.002176,-0.000978,-0.000250,-0.000912,-0.002013,-0.002223,-0.001140,0.000270,0.000587,-0.000123,-0.000784,-0.001126,-0.001492,-0.001680,-0.001408,-0.000683,0.000037,0.000131,-0.000144,-0.000374,-0.000406,-0.000105,0.000444,0.000933,0.001029,0.000757,0.000568,0.000673,0.000690,0.000300,-0.000154,-0.000267,-0.000221,-0.000338,-0.000404,-0.000213,-0.000119,-0.000101,-0.000172,-0.000265,-0.000221,-0.000104,-0.000102,-0.000223,-0.000413,-0.000777,-0.000875,-0.000283,0.000427,0.000694,0.000474,0.000425,0.000596,0.000402,0.000190,0.000384,0.000681,0.000587,0.000235,-0.000139,-0.000380,-0.000306,-0.000120,0.000048,0.000102,0.000103,0.000037,-0.000227,-0.000347,-0.000126,0.000186,0.000436,0.000805,0.001428,0.001906,0.001343,-0.000377,-0.001810,-0.002015,-0.001549,-0.001002,-0.000479,-0.000190,-0.000269,-0.000326,-0.000240,-0.000242,-0.000225,-0.000088,-0.000095,-0.000223,-0.000196,-0.000069,0.000032,0.000193,0.000234,0.000118,0.000176,0.000169,0.000111,0.000225,0.000276,0.000180,0.000143,0.000043,-0.000057,-0.000050,-0.000076,-0.000075,0.000020,0.000044,-0.000023,0.000032,0.000082,0.000138,0.000152,0.000071,-0.000054,0.000004,0.000102,-0.000012,0.000033,0.000134,0.000067,0.000131,0.000172,0.000144,0.011808,0.004242,0.006095,0.009307,0.011028,0.009370,0.004238,0.000262,0.000526,0.002746,0.003224,0.002262,0.001656,0.000528,-0.000698,-0.000670,0.000361,0.001321,0.001642,0.001408,0.001093,0.000673,0.000020,-0.000120,0.000664,0.001877,0.002525,0.002127,0.001031,0.000066,-0.000245,-0.000040,0.000167,0.000152,0.000026,0.000083,0.000283,-0.000171,-0.001337,-0.002320,-0.002492,-0.001826,-0.001079,-0.000665,-0.000265,-0.000009,-0.000059,-0.000210,-0.000167,-0.000184,-0.000276,-0.000150,0.000039,0.000170,0.000146,0.000043,0.000291,0.000974,0.001420,0.000927,0.000600,0.001375,0.001927,0.001428,0.000622,0.000152,0.000099,-0.000008,-0.000333,-0.000681,-0.000796,-0.000574,-0.000370,-0.000410,-0.000474,-0.000344,-0.000052,0.000292,0.000534,0.000415,0.000089,-0.000033,0.000073,0.000176,0.000068,-0.000507,-0.001397,-0.001866,-0.001589,-0.001234,-0.000965,-0.000437,0.000004,-0.000008,-0.000115,0.000036,0.000099,-0.000067,-0.000240,-0.000331,-0.000278,-0.000086,0.000014,0.000022,-0.000032,0.000004,0.000166,0.000186,0.000164,0.000151,0.000047,0.000047,0.000198,0.000249,0.000261,0.000189,0.000133,0.000194,0.000181,0.000137,0.000082,0.000034,0.000104,0.000134,0.000125,0.000067,-0.000022,-0.000033,-0.000007,-0.000037,-0.000187,-0.000229,-0.000140,-0.000017,0.000123,0.000229,0.000277,0.000217,
-0.017784,-0.017195,-0.015502,-0.011675,-0.007913,-0.005010,-0.004058,-0.004358,-0.004568,-0.003731,-0.002502,-0.001832,-0.001108,-0.000866,-0.001432,-0.002007,-0.002134,-0.001285,0.000004,0.000354,-0.000181,-0.000715,-0.001088,-0.001469,-0.001668,-0.001411,-0.000711,-0.000081,0.000136,-0.000100,-0.000524,-0.000564,-0.000236,0.000296,0.000785,0.000784,0.000573,0.000572,0.000633,0.000517,0.000142,-0.000149,-0.000205,-0.000221,-0.000282,-0.000368,-0.000240,-0.000039,-0.000005,-0.000085,-0.000103,-0.000071,-0.000120,-0.000254,-0.000266,-0.000381,-0.000646,-0.000711,-0.000413,0.000067,0.000212,-0.000285,-0.000331,0.000431,0.000712,0.000459,0.000388,0.000573,0.000636,0.000291,-0.000117,-0.000325,-0.000351,-0.000212,-0.000065,-0.000008,-0.000069,-0.000224,-0.000311,-0.000337,-0.000239,0.000022,0.000348,0.000912,0.001696,0.002069,0.001329,-0.000484,-0.001843,-0.001963,-0.001577,-0.000965,-0.000397,-0.000082,-0.000082,-0.000187,-0.000171,-0.000110,-0.000079,-0.000068,-0.000026,-0.000053,-0.000100,-0.000026,0.000018,0.000074,0.000096,0.000052,0.000124,0.000161,0.000130,0.000143,0.000108,0.000159,0.000285,0.000270,0.000103,-0.000034,-0.000048,-0.000077,-0.000072,-0.000114,-0.000075,0.000101,0.000109,0.000016,-0.000134,-0.000179,-0.000003,0.000045,-0.000020,-0.000034,-0.000072,-0.000047,-0.000053,0.000028,0.000158,0.000257,0.014455,0.006282,0.007219,0.009987,0.011480,0.009588,0.004314,0.000172,0.000448,0.002655,0.002867,0.001760,0.001196,0.000577,-0.000036,-0.000065,0.000528,0.001309,0.001611,0.001443,0.001222,0.000752,0.000060,-0.000081,0.000676,0.001907,0.002609,0.002202,0.000971,-0.000031,-0.000199,0.000129,0.000259,0.000005,-0.000163,-0.000059,0.000152,-0.000148,-0.001291,-0.002417,-0.002514,-0.001778,-0.001086,-0.000630,-0.000300,-0.000059,-0.000099,-0.000310,-0.000308,-0.000298,-0.000288,-0.000180,-0.000022,0.000058,0.000049,0.000023,0.000253,0.000885,0.001332,0.000928,0.000520,0.001260,0.002149,0.001615,0.000342,-0.000244,-0.000052,0.000103,-0.000113,-0.000443,-0.000469,-0.000245,-0.000223,-0.000315,-0.000377,-0.000296,-0.000067,0.000283,0.000548,0.000347,-0.000063,-0.000120,0.000047,0.000206,0.000215,-0.000433,-0.001412,-0.001912,-0.001658,-0.001217,-0.000982,-0.000378,0.000120,0.000056,0.000002,0.000150,0.000155,0.000008,-0.000072,-0.000167,-0.000226,-0.000186,-0.000144,0.000009,0.000076,0.000033,0.000120,0.000151,0.000145,0.000094,-0.000006,-0.000045,0.000009,0.000079,0.000131,0.000240,0.000272,0.000201,0.000085,-0.000025,-0.000053,-0.000045,-0.000042,-0.000009,-0.000014,-0.000073,0.000021,0.000185,0.000210,0.000002,-0.000152,-0.000164,-0.000103,-0.000012,0.000050,0.000175,0.000249,0.000099,
-0.017351,-0.016870,-0.015560,-0.011886,-0.008146,-0.005139,-0.004123,-0.004450,-0.004749,-0.003837,-0.002395,-0.001586,-0.000814,-0.000564,-0.001359,-0.002298,-0.002302,-0.001188,0.000204,0.000574,-0.000083,-0.000736,-0.001163,-0.001459,-0.001503,-0.001196,-0.000507,0.000204,0.000382,0.000094,-0.000185,-0.000191,0.000059,0.000362,0.000581,0.000737,0.000707,0.000592,0.000559,0.000505,0.000197,-0.000138,-0.000178,-0.000202,-0.000278,-0.000194,0.000032,0.000097,0.000028,-0.000024,-0.000050,-0.000083,-0.000225,-0.000209,-0.000155,-0.000311,-0.000598,-0.000726,-0.000313,0.000310,0.000399,-0.000182,-0.000238,0.000549,0.000926,0.000644,0.000655,0.000964,0.000762,0.000263,-0.000011,-0.000186,-0.000322,-0.000134,0.000085,0.000159,0.000097,-0.000127,-0.000312,-0.000348,-0.000237,-0.000036,0.000327,0.000874,0.001558,0.002041,0.001444,-0.000333,-0.001830,-0.002117,-0.001734,-0.001096,-0.000507,-0.000307,-0.000300,-0.000282,-0.000213,-0.000156,-0.000092,-0.000038,-0.000040,-0.000051,-0.000018,0.000047,0.000082,0.000095,0.000037,0.000011,0.000075,0.000185,0.000245,0.000224,0.000229,0.000205,0.000140,0.000130,0.000118,0.000074,0.000031,0.000103,0.000171,0.000126,0.000075,0.000136,0.000115,0.000028,-0.000120,-0.000171,0.000027,0.000189,0.000169,0.000042,-0.000141,-0.000152,-0.000038,-0.000086,-0.000056,0.000034,0.016653,0.007885,0.007622,0.010016,0.011559,0.009710,0.004495,0.000268,0.000374,0.002718,0.003315,0.002408,0.001876,0.001050,0.000153,-0.000110,0.000522,0.001469,0.001665,0.001485,0.001291,0.000826,0.000139,-0.000104,0.000628,0.001835,0.002550,0.002128,0.000911,0.000079,-0.000011,0.000262,0.000357,0.000012,-0.000263,-0.000058,0.000232,-0.000093,-0.001222,-0.002445,-0.002644,-0.001870,-0.001099,-0.000624,-0.000358,-0.000163,-0.000099,-0.000136,-0.000184,-0.000294,-0.000276,-0.000120,-0.000020,0.000050,0.000095,0.000050,0.000338,0.001037,0.001445,0.000996,0.000623,0.001485,0.002345,0.001874,0.000747,0.000127,0.000159,0.000187,-0.000102,-0.000420,-0.000507,-0.000301,-0.000261,-0.000463,-0.000576,-0.000497,-0.000085,0.000359,0.000582,0.000539,0.000183,-0.000011,0.000173,0.000299,0.000150,-0.000480,-0.001334,-0.001904,-0.001791,-0.001364,-0.001067,-0.000473,-0.000050,-0.000127,-0.000136,0.000054,0.000120,-0.000057,-0.000196,-0.000186,-0.000205,-0.000266,-0.000172,-0.000107,-0.000118,-0.000049,0.000122,0.000134,0.000047,0.000063,0.000020,0.000036,0.000063,0.000115,0.000192,0.000227,0.000131,0.000030,-0.000017,0.000003,-0.000008,0.000055,0.000032,-0.000044,-0.000072,-0.000041,0.000060,0.000260,0.000220,-0.000048,-0.000102,-0.000035,-0.000013,-0.000032,0.000033,0.000119,0.000143,0.000116,
-0.015431,-0.015535,-0.014821,-0.011482,-0.007722,-0.004783,-0.003976,-0.004469,-0.004721,-0.003710,-0.002469,-0.002007,-0.001208,-0.000715,-0.001362,-0.002348,-0.002523,-0.001357,0.000264,0.000677,0.000045,-0.000565,-0.001014,-0.001345,-0.001478,-0.001172,-0.000368,0.000485,0.000751,0.000256,-0.000288,-0.000381,-0.000119,0.000255,0.000663,0.000890,0.000810,0.000683,0.000647,0.000495,0.000169,-0.000106,-0.000244,-0.000373,-0.000506,-0.000466,-0.000238,-0.000027,0.000079,0.000042,-0.000027,-0.000080,-0.000151,-0.000086,0.000005,-0.000240,-0.000591,-0.000609,-0.000176,0.000413,0.000550,0.000059,-0.000145,0.000211,0.000430,0.000343,0.000288,0.000409,0.000504,0.000322,-0.000051,-0.000187,-0.000156,-0.000134,0.000010,0.000081,0.000045,-0.000060,-0.000242,-0.000345,-0.000307,-0.000067,0.000337,0.000804,0.001460,0.002039,0.001376,-0.000498,-0.001929,-0.002121,-0.001718,-0.001109,-0.000484,-0.000265,-0.000336,-0.000402,-0.000350,-0.000265,-0.000270,-0.000256,-0.000135,-0.000023,-0.000001,-0.000020,0.000159,0.000265,0.000144,0.000140,0.000197,0.000162,0.000253,0.000321,0.000190,0.000044,0.000058,0.000066,0.000032,-0.000080,-0.000290,-0.000319,-0.000153,-0.000011,0.000126,0.000258,0.000220,0.000168,0.000042,-0.000057,0.000031,0.000126,0.000108,0.000111,-0.000017,-0.000046,0.000018,0.000075,0.000146,0.000143,0.019543,0.010126,0.008963,0.010806,0.012097,0.010101,0.004885,0.000650,0.000700,0.003072,0.003699,0.002705,0.001878,0.000971,0.000184,0.000079,0.000758,0.001553,0.001793,0.001626,0.001302,0.000874,0.000241,-0.000014,0.000689,0.001839,0.002415,0.001904,0.000731,-0.000128,-0.000145,0.000095,0.000108,0.000031,-0.000046,-0.000024,0.000029,-0.000340,-0.001295,-0.002366,-0.002611,-0.001937,-0.001205,-0.000753,-0.000389,-0.000131,-0.000116,-0.000297,-0.000425,-0.000338,-0.000251,-0.000200,-0.000001,0.000122,0.000071,0.000118,0.000391,0.000992,0.001359,0.000881,0.000500,0.001164,0.001927,0.001647,0.000739,0.000068,0.000028,0.000140,-0.000164,-0.000413,-0.000235,-0.000006,0.000004,-0.000211,-0.000424,-0.000446,-0.000180,0.000176,0.000399,0.000271,-0.000028,-0.000133,-0.000027,0.000153,0.000045,-0.000566,-0.001312,-0.001759,-0.001553,-0.001205,-0.000880,-0.000185,0.000124,-0.000137,-0.000095,0.000176,0.000206,0.000025,-0.000231,-0.000423,-0.000392,-0.000224,-0.000086,-0.000055,-0.000140,0.000027,0.000254,0.000181,0.000071,0.000025,-0.000007,-0.000033,-0.000093,-0.000019,0.000132,0.000243,0.000360,0.000434,0.000382,0.000164,-0.000084,-0.000175,-0.000048,0.000053,0.000029,-0.000024,-0.000026,-0.000018,-0.000041,-0.000056,-0.000101,-0.000162,-0.000181,-0.000161,-0.000042,0.000219,0.000252,0.000172,
-0.013894,-0.014251,-0.014357,-0.011401,-0.007480,-0.004587,-0.004179,-0.004818,-0.004833,-0.003620,-0.002284,-0.001772,-0.001118,-0.000723,-0.001378,-0.002264,-0.002418,-0.001349,0.000160,0.000545,-0.000174,-0.000704,-0.000921,-0.001209,-0.001311,-0.000948,-0.000099,0.000817,0.000958,0.000337,-0.000303,-0.000446,-0.000087,0.000541,0.001098,0.001167,0.000922,0.000647,0.000567,0.000506,0.000208,-0.000126,-0.000231,-0.000268,-0.000469,-0.000485,-0.000249,-0.000118,-0.000072,0.000026,-0.000053,-0.000160,-0.000186,-0.000165,-0.000116,-0.000273,-0.000588,-0.000539,-0.000067,0.000388,0.000372,0.000028,0.000161,0.000704,0.000815,0.000513,0.000380,0.000509,0.000531,0.000258,-0.000061,-0.000150,-0.000058,0.000116,0.000069,-0.000080,0.000034,0.000007,-0.000169,-0.000198,-0.000139,0.000011,0.000343,0.000942,0.001764,0.002138,0.001339,-0.000442,-0.001851,-0.002011,-0.001444,-0.000854,-0.000423,-0.000302,-0.000404,-0.000432,-0.000263,-0.000131,-0.000114,-0.000061,-0.000017,0.000017,0.000007,0.000063,0.000159,0.000231,0.000181,0.000112,0.000118,0.000089,0.000205,0.000285,0.000181,0.000168,0.000222,0.000193,0.000089,0.000019,0.000040,0.000149,0.000188,0.000141,0.000170,0.000144,0.000118,0.000081,-0.000013,-0.000017,0.000109,0.000076,0.000033,0.000082,0.000034,-0.000077,-0.000046,0.000075,0.000121,0.000211,0.021796,0.011904,0.009674,0.011029,0.012305,0.010216,0.004911,0.000709,0.000734,0.002980,0.003330,0.002078,0.001176,0.000417,-0.000135,-0.000041,0.000760,0.001608,0.001715,0.001416,0.001199,0.000751,0.000045,-0.000173,0.000588,0.001850,0.002424,0.001888,0.000747,-0.000151,-0.000290,-0.000017,0.000038,-0.000080,-0.000156,-0.000129,0.000054,-0.000213,-0.001210,-0.002303,-0.002486,-0.001778,-0.001173,-0.000862,-0.000524,-0.000199,-0.000161,-0.000246,-0.000268,-0.000361,-0.000333,-0.000204,-0.000044,0.000145,0.000176,0.000119,0.000306,0.000926,0.001294,0.000856,0.000634,0.001558,0.002258,0.001505,0.000317,-0.000065,-0.000026,-0.000032,-0.000044,-0.000089,-0.000170,-0.000114,-0.000256,-0.000616,-0.000696,-0.000518,-0.000144,0.000295,0.000452,0.000273,0.000014,-0.000121,-0.000020,0.000121,-0.000021,-0.000592,-0.001277,-0.001679,-0.001471,-0.001107,-0.000768,-0.000221,0.000120,-0.000025,-0.000085,0.000036,0.000059,-0.000028,-0.000213,-0.000264,-0.000217,-0.000161,-0.000071,0.000028,0.000081,0.000037,0.000100,0.000188,0.000105,0.000051,0.000157,0.000235,0.000170,0.000189,0.000114,0.000052,0.000132,0.000247,0.000133,0.000014,0.000022,-0.000043,0.000001,0.000052,-0.000001,-0.000030,-0.000027,0.000068,0.000113,0.000036,-0.000049,-0.000116,-0.000090,0.000004,0.000024,0.000011,0.000080,0.000137,
-0.011499,-0.012372,-0.013510,-0.011067,-0.007207,-0.004291,-0.003975,-0.004784,-0.004897,-0.003446,-0.001835,-0.001274,-0.000650,-0.000375,-0.001246,-0.002328,-0.002435,-0.001160,0.000323,0.000597,-0.000140,-0.000820,-0.001032,-0.001219,-0.001348,-0.000897,0.000073,0.000918,0.001161,0.000685,0.000048,-0.000288,-0.000154,0.000397,0.000971,0.001033,0.000708,0.000519,0.000499,0.000428,0.000178,0.000009,-0.000048,-0.000147,-0.000416,-0.000435,-0.000228,-0.000088,0.000010,-0.000025,-0.000167,-0.000296,-0.000299,-0.000190,-0.000136,-0.000296,-0.000627,-0.000676,-0.000149,0.000402,0.000259,-0.000356,-0.000468,0.000180,0.000710,0.000392,-0.000001,0.000308,0.000458,0.000145,-0.000240,-0.000191,0.000121,0.000173,0.000043,0.000018,0.000045,0.000021,-0.000143,-0.000226,-0.000112,0.000013,0.000306,0.000913,0.001603,0.002016,0.001320,-0.000590,-0.002094,-0.002171,-0.001570,-0.000844,-0.000198,-0.000017,-0.000208,-0.000361,-0.000296,-0.000184,-0.000143,-0.000045,0.000009,-0.000031,-0.000044,0.000087,0.000144,0.000073,0.000153,0.000277,0.000201,0.000127,0.000214,0.000308,0.000304,0.000306,0.000221,0.000074,-0.000066,-0.000156,-0.000115,-0.000048,0.000056,0.000109,0.000027,-0.000017,0.000071,0.000171,0.000058,-0.000089,-0.000029,0.000059,0.000036,0.000019,-0.000041,-0.000061,0.000076,0.000147,0.000227,0.000278,0.023803,0.013416,0.010481,0.011527,0.012701,0.010587,0.005170,0.000718,0.000750,0.003178,0.003829,0.002728,0.001801,0.000889,0.000034,0.000037,0.000909,0.001715,0.001817,0.001398,0.001090,0.000720,-0.000023,-0.000231,0.000656,0.001850,0.002319,0.001738,0.000583,-0.000284,-0.000312,0.000038,0.000116,-0.000132,-0.000305,-0.000262,-0.000129,-0.000331,-0.001192,-0.002171,-0.002464,-0.001841,-0.001092,-0.000754,-0.000525,-0.000255,-0.000186,-0.000275,-0.000304,-0.000338,-0.000320,-0.000236,-0.000168,-0.000058,0.000028,0.000063,0.000384,0.001069,0.001390,0.000843,0.000387,0.001130,0.002122,0.001803,0.000502,-0.000391,-0.000416,-0.000123,-0.000169,-0.000426,-0.000457,-0.000387,-0.000371,-0.000470,-0.000444,-0.000294,-0.000075,0.000194,0.000371,0.000307,0.000143,0.000009,0.000018,0.000164,0.000046,-0.000518,-0.001307,-0.001722,-0.001481,-0.001186,-0.000903,-0.000310,0.000050,-0.000060,-0.000075,0.000118,0.000243,0.000090,-0.000185,-0.000249,-0.000193,-0.000172,-0.000091,-0.000031,-0.000012,0.000011,0.000023,-0.000001,-0.000019,-0.000010,0.000111,0.000145,0.000064,0.000127,0.000196,0.000164,0.000178,0.000163,0.000117,0.000087,0.000137,0.000145,0.000032,-0.000037,-0.000040,0.000041,0.000214,0.000193,0.000051,-0.000094,-0.000161,-0.000215,-0.000151,0.000012,0.000141,0.000265,0.000230,0.000159,
-0.009296,-0.010592,-0.012696,-0.010810,-0.007047,-0.004297,-0.004103,-0.004957,-0.005071,-0.003582,-0.002051,-0.001601,-0.000942,-0.000569,-0.001348,-0.002457,-0.002537,-0.001261,0.000253,0.000505,-0.000248,-0.000875,-0.001112,-0.001269,-0.001200,-0.000782,0.000016,0.000853,0.000987,0.000486,-0.000134,-0.000399,-0.000157,0.000396,0.000936,0.001138,0.000967,0.000755,0.000696,0.000597,0.000305,-0.000065,-0.000316,-0.000397,-0.000492,-0.000557,-0.000415,-0.000228,-0.000177,-0.000159,-0.000180,-0.000337,-0.000399,-0.000258,-0.000153,-0.000353,-0.000771,-0.000862,-0.000417,0.000195,0.000424,0.000150,0.000188,0.000590,0.000660,0.000455,0.000469,0.000668,0.000648,0.000158,-0.000335,-0.000342,-0.000199,-0.000145,-0.000117,-0.000131,-0.000181,-0.000201,-0.000239,-0.000215,-0.000120,-0.000082,0.000211,0.000991,0.001811,0.002118,0.001278,-0.000578,-0.002101,-0.002273,-0.001631,-0.000941,-0.000347,-0.000206,-0.000395,-0.000451,-0.000441,-0.000351,-0.000079,0.000017,-0.000044,0.000014,0.000069,0.000107,0.000177,0.000204,0.000188,0.000172,0.000047,-0.000036,0.000171,0.000219,0.000065,0.000063,0.000205,0.000230,0.000044,-0.000139,-0.000179,-0.000041,-0.000000,-0.000008,0.000036,0.000143,0.000320,0.000259,-0.000028,-0.000059,0.000079,0.000142,0.000069,-0.000049,-0.000142,-0.000132,-0.000054,-0.000014,0.000108,0.000235,0.025312,0.014694,0.011078,0.011868,0.013046,0.010803,0.005244,0.000679,0.000692,0.003339,0.004062,0.002902,0.001911,0.000935,0.000267,0.000455,0.001320,0.001959,0.001890,0.001445,0.001133,0.000836,0.000149,-0.000115,0.000664,0.001903,0.002432,0.001760,0.000508,-0.000312,-0.000419,-0.000135,0.000084,-0.000029,-0.000204,-0.000095,0.000043,-0.000423,-0.001428,-0.002436,-0.002644,-0.001913,-0.001223,-0.000863,-0.000531,-0.000192,-0.000085,-0.000185,-0.000362,-0.000474,-0.000384,-0.000181,-0.000020,-0.000008,-0.000044,0.000114,0.000428,0.000892,0.001285,0.000952,0.000704,0.001390,0.001795,0.001226,0.000495,0.000191,0.000071,0.000010,-0.000219,-0.000597,-0.000590,-0.000326,-0.000291,-0.000422,-0.000447,-0.000422,-0.000271,0.000108,0.000356,0.000291,0.000038,-0.000142,0.000007,0.000227,0.000099,-0.000551,-0.001399,-0.001931,-0.001755,-0.001353,-0.000976,-0.000373,0.000024,-0.000097,-0.000124,0.000072,0.000120,-0.000040,-0.000269,-0.000387,-0.000363,-0.000191,-0.000101,-0.000113,-0.000121,-0.000093,0.000034,0.000099,0.000164,0.000167,0.000148,0.000192,0.000097,-0.000042,0.000012,0.000121,0.000072,0.000063,-0.000009,-0.000091,-0.000041,-0.000100,-0.000166,-0.000161,-0.000196,-0.000169,-0.000111,-0.000049,-0.000074,-0.000130,-0.000224,-0.000446,-0.000471,-0.000229,-0.000000,0.000027,-0.000013,-0.000031,
-0.006395,-0.008297,-0.011654,-0.010376,-0.006590,-0.003835,-0.003942,-0.005115,-0.005281,-0.003630,-0.001789,-0.001057,-0.000436,-0.000337,-0.001236,-0.002282,-0.002247,-0.000961,0.000430,0.000601,0.000004,-0.000563,-0.000965,-0.001239,-0.001251,-0.000721,0.000053,0.000672,0.000783,0.000296,-0.000261,-0.000409,-0.000103,0.000413,0.000880,0.001017,0.000879,0.000787,0.000745,0.000619,0.000282,-0.000059,-0.000144,-0.000199,-0.000395,-0.000497,-0.000354,-0.000188,-0.000190,-0.000188,-0.000141,-0.000144,-0.000180,-0.000199,-0.000174,-0.000151,-0.000399,-0.000587,-0.000273,0.000307,0.000259,-0.000243,-0.000265,0.000351,0.000570,0.000305,0.000470,0.000791,0.000698,0.000268,-0.000197,-0.000460,-0.000391,-0.000262,-0.000187,0.000020,0.000107,-0.000147,-0.000331,-0.000302,-0.000212,-0.000036,0.000282,0.000863,0.001589,0.002061,0.001372,-0.000433,-0.001838,-0.002052,-0.001595,-0.000900,-0.000341,-0.000263,-0.000419,-0.000359,-0.000204,-0.000186,-0.000218,-0.000081,0.000013,-0.000092,-0.000094,0.000131,0.000199,0.000154,0.000147,0.000162,0.000089,-0.000043,0.000014,0.000195,0.000203,0.000098,0.000229,0.000303,0.000120,-0.000028,-0.000092,-0.000161,-0.000096,0.000081,0.000244,0.000288,0.000208,0.000126,-0.000038,-0.000079,0.000059,0.000011,-0.000059,-0.000039,-0.000100,-0.000097,-0.000011,0.000065,0.000153,0.000154,0.026742,0.015730,0.011716,0.012356,0.013375,0.010990,0.005403,0.000862,0.000849,0.003323,0.004000,0.002811,0.001718,0.000858,0.000430,0.000708,0.001512,0.002011,0.001827,0.001429,0.001223,0.001013,0.000392,-0.000007,0.000647,0.001848,0.002245,0.001372,0.000064,-0.000558,-0.000434,-0.000103,0.000097,0.000011,-0.000089,0.000005,0.000091,-0.000320,-0.001303,-0.002322,-0.002643,-0.001985,-0.001206,-0.000726,-0.000368,-0.000139,-0.000071,-0.000231,-0.000326,-0.000270,-0.000199,-0.000092,0.000022,0.000154,0.000186,0.000118,0.000342,0.000942,0.001293,0.000887,0.000674,0.001615,0.002353,0.001622,0.000293,-0.000360,-0.000259,-0.000047,-0.000233,-0.000601,-0.000519,-0.000098,-0.000073,-0.000304,-0.000375,-0.000266,0.000012,0.000279,0.000466,0.000411,0.000133,-0.000056,-0.000087,0.000131,0.000209,-0.000390,-0.001343,-0.001906,-0.001688,-0.001308,-0.001010,-0.000350,0.000011,-0.000085,-0.000068,0.000167,0.000197,-0.000029,-0.000216,-0.000251,-0.000203,-0.000130,-0.000086,-0.000076,-0.000031,0.000018,0.000027,0.000076,0.000059,-0.000067,-0.000089,0.000018,0.000050,0.000100,0.000075,0.000051,0.000107,0.000138,0.000139,0.000038,-0.000043,-0.000069,-0.000045,-0.000061,0.000026,0.000090,0.000051,0.000050,0.000055,-0.000094,-0.000259,-0.000236,-0.000268,-0.000267,-0.000034,0.000213,0.000145,-0.000018,
-0.003629,-0.006189,-0.010805,-0.010116,-0.006297,-0.003588,-0.003918,-0.005304,-0.005397,-0.003536,-0.001603,-0.000948,-0.000503,-0.000482,-0.001367,-0.002315,-0.002294,-0.001006,0.000551,0.000765,-0.000002,-0.000538,-0.000821,-0.001126,-0.001016,-0.000496,0.000165,0.000731,0.000815,0.000404,-0.000040,-0.000112,0.000240,0.000643,0.000900,0.000977,0.000926,0.000870,0.000823,0.000691,0.000360,-0.000054,-0.000168,-0.000179,-0.000354,-0.000364,-0.000205,-0.000106,-0.000107,-0.000119,-0.000209,-0.000263,-0.000162,-0.000073,-0.000089,-0.000301,-0.000603,-0.000684,-0.000344,0.000318,0.000551,0.000121,-0.000037,0.000546,0.000999,0.000817,0.000699,0.000834,0.000577,-0.000011,-0.000328,-0.000383,-0.000254,-0.000090,-0.000001,0.000153,0.000173,-0.000014,-0.000203,-0.000307,-0.000140,0.000146,0.000373,0.000848,0.001489,0.001997,0.001452,-0.000457,-0.001969,-0.002088,-0.001582,-0.001019,-0.000423,-0.000155,-0.000308,-0.000299,-0.000160,-0.000197,-0.000111,0.000030,-0.000019,0.000021,0.000051,0.000017,0.000023,0.000122,0.000197,0.000177,0.000065,0.000048,0.000232,0.000324,0.000306,0.000303,0.000252,0.000122,0.000025,-0.000053,-0.000114,-0.000062,0.000017,0.000043,0.000115,0.000175,0.000118,-0.000028,-0.000190,-0.000244,-0.000082,0.000099,0.000119,0.000015,-0.000058,-0.000024,0.000037,0.000081,0.000155,0.000149,0.027410,0.016170,0.011964,0.012453,0.013364,0.011067,0.005546,0.000849,0.000819,0.003399,0.004064,0.003094,0.002343,0.001436,0.000708,0.000761,0.001452,0.002076,0.002084,0.001625,0.001221,0.000809,0.000150,-0.000066,0.000709,0.001946,0.002388,0.001386,-0.000004,-0.000490,-0.000291,0.000229,0.000424,0.000091,-0.000170,0.000049,0.000320,-0.000109,-0.001255,-0.002370,-0.002549,-0.001803,-0.001101,-0.000651,-0.000328,-0.000135,-0.000141,-0.000385,-0.000494,-0.000442,-0.000326,-0.000157,0.000032,0.000249,0.000244,0.000208,0.000520,0.001030,0.001284,0.000853,0.000601,0.001486,0.002278,0.001728,0.000622,0.000080,-0.000038,-0.000121,-0.000348,-0.000594,-0.000569,-0.000418,-0.000377,-0.000558,-0.000661,-0.000467,-0.000197,0.000137,0.000397,0.000415,0.000183,-0.000057,-0.000041,0.000165,0.000148,-0.000510,-0.001475,-0.001966,-0.001751,-0.001376,-0.001062,-0.000383,0.000065,-0.000067,-0.000160,0.000026,0.000096,-0.000021,-0.000156,-0.000225,-0.000255,-0.000238,-0.000139,-0.000061,0.000047,0.000033,0.000026,0.000144,0.000165,0.000077,0.000046,-0.000021,0.000029,0.000141,0.000155,0.000152,0.000202,0.000249,0.000213,0.000066,-0.000040,-0.000054,-0.000065,-0.000085,-0.000035,-0.000031,-0.000050,-0.000061,-0.000142,-0.000190,-0.000193,-0.000184,-0.000110,-0.000028,0.000063,0.000227,0.000309,0.000157,
-0.000388,-0.003522,-0.009501,-0.009493,-0.005641,-0.003083,-0.003658,-0.005274,-0.005445,-0.003455,-0.001377,-0.000659,-0.000061,0.000058,-0.001047,-0.002338,-0.002419,-0.001030,0.000555,0.000761,-0.000083,-0.000715,-0.000988,-0.001225,-0.001165,-0.000622,0.000185,0.000884,0.001017,0.000594,0.000117,-0.000177,-0.000174,0.000187,0.000752,0.001098,0.001178,0.001031,0.000838,0.000654,0.000349,-0.000058,-0.000229,-0.000222,-0.000459,-0.000576,-0.000365,-0.000215,-0.000098,-0.000116,-0.000327,-0.000444,-0.000402,-0.000234,-0.000055,-0.000097,-0.000409,-0.000509,-0.000086,0.000440,0.000476,-0.000009,-0.000169,0.000306,0.000632,0.000514,0.000452,0.000675,0.000667,0.000159,-0.000319,-0.000332,-0.000111,0.000097,0.000101,0.000194,0.000279,-0.000007,-0.000290,-0.000315,-0.000190,0.000075,0.000411,0.000858,0.001581,0.002091,0.001414,-0.000391,-0.001855,-0.002065,-0.001593,-0.000982,-0.000486,-0.000490,-0.000600,-0.000394,-0.000175,-0.000176,-0.000121,-0.000071,-0.000092,-0.000078,0.000003,0.000084,0.000180,0.000350,0.000368,0.000177,0.000079,0.000044,0.000080,0.000171,0.000171,0.000156,0.000212,0.000219,0.000055,-0.000121,-0.000174,-0.000122,-0.000043,0.000080,0.000146,0.000104,0.000015,-0.000062,-0.000085,-0.000034,0.000024,0.000078,0.000080,-0.000037,-0.000159,-0.000093,0.000016,0.000107,0.000224,0.000294,0.027542,0.016208,0.012077,0.012856,0.013642,0.011136,0.005619,0.001018,0.000965,0.003415,0.004048,0.003054,0.002292,0.001342,0.000499,0.000571,0.001469,0.002172,0.001960,0.001393,0.001118,0.000751,0.000025,-0.000138,0.000620,0.001780,0.002160,0.001264,0.000044,-0.000677,-0.000610,-0.000210,-0.000001,-0.000065,-0.000069,0.000166,0.000278,-0.000187,-0.001259,-0.002325,-0.002485,-0.001699,-0.000998,-0.000766,-0.000440,-0.000068,-0.000033,-0.000155,-0.000205,-0.000297,-0.000301,-0.000238,-0.000058,0.000149,0.000133,0.000082,0.000285,0.000890,0.001360,0.000961,0.000591,0.001374,0.002233,0.001902,0.000936,0.000209,-0.000020,0.000112,0.000026,-0.000152,0.000002,0.000232,0.000204,-0.000118,-0.000401,-0.000445,-0.000192,0.000113,0.000220,0.000080,-0.000064,-0.000071,0.000064,0.000324,0.000227,-0.000525,-0.001401,-0.001787,-0.001579,-0.001227,-0.000881,-0.000271,-0.000016,-0.000158,0.000027,0.000261,0.000194,0.000047,-0.000104,-0.000223,-0.000291,-0.000209,-0.000097,-0.000074,-0.000037,-0.000001,0.000059,0.000061,0.000043,0.000042,0.000022,0.000105,0.000198,0.000217,0.000147,0.000076,0.000127,0.000140,0.000100,0.000059,0.000052,0.000042,0.000016,-0.000043,-0.000042,0.000040,0.000095,0.000105,0.000058,-0.000096,-0.000142,-0.000111,-0.000072,-0.000108,-0.000110,0.000030,0.000127,0.000123,
0.002314,-0.001397,-0.008412,-0.008852,-0.005205,-0.002782,-0.003573,-0.005447,-0.005660,-0.003552,-0.001391,-0.000755,-0.000290,-0.000174,-0.001208,-0.002329,-0.002232,-0.000922,0.000454,0.000564,-0.000140,-0.000600,-0.000815,-0.001074,-0.001067,-0.000477,0.000395,0.000944,0.001014,0.000719,0.000183,-0.000141,-0.000143,0.000286,0.000751,0.000969,0.001000,0.000920,0.000806,0.000561,0.000247,-0.000007,-0.000174,-0.000427,-0.000646,-0.000586,-0.000363,-0.000198,-0.000207,-0.000243,-0.000289,-0.000378,-0.000401,-0.000320,-0.000301,-0.000317,-0.000365,-0.000412,-0.000102,0.000344,0.000420,0.000171,0.000141,0.000568,0.000717,0.000410,0.000341,0.000573,0.000493,0.000153,-0.000197,-0.000310,-0.000219,-0.000276,-0.000379,-0.000225,-0.000056,-0.000083,-0.000171,-0.000184,-0.000028,0.000159,0.000406,0.000874,0.001503,0.001957,0.001383,-0.000450,-0.001959,-0.002078,-0.001648,-0.001137,-0.000478,-0.000165,-0.000329,-0.000337,-0.000234,-0.000126,-0.000064,-0.000060,0.000033,0.000004,-0.000085,-0.000004,0.000178,0.000204,0.000050,-0.000011,0.000110,0.000182,0.000247,0.000265,0.000203,0.000133,0.000201,0.000226,0.000108,0.000026,-0.000015,-0.000113,-0.000014,0.000135,0.000175,0.000195,0.000158,0.000095,0.000007,0.000003,0.000079,0.000115,0.000089,0.000083,0.000003,-0.000044,0.000060,0.000141,0.000121,0.000208,0.026527,0.015451,0.011822,0.013002,0.013782,0.011089,0.005639,0.001086,0.001004,0.003442,0.004014,0.003000,0.002147,0.001382,0.000930,0.001127,0.001857,0.002250,0.001844,0.001330,0.001092,0.000752,0.000109,-0.000117,0.000680,0.001871,0.002178,0.001372,0.000166,-0.000521,-0.000541,-0.000189,-0.000025,-0.000107,-0.000066,0.000138,0.000253,-0.000235,-0.001387,-0.002465,-0.002652,-0.001863,-0.001157,-0.000791,-0.000390,-0.000175,-0.000175,-0.000225,-0.000197,-0.000191,-0.000177,-0.000056,0.000083,0.000268,0.000269,0.000149,0.000318,0.000970,0.001464,0.001046,0.000698,0.001456,0.002082,0.001421,0.000230,-0.000281,-0.000247,-0.000176,-0.000175,-0.000234,-0.000195,-0.000047,-0.000302,-0.000590,-0.000570,-0.000468,-0.000115,0.000246,0.000378,0.000330,0.000106,0.000035,0.000089,0.000153,-0.000006,-0.000606,-0.001373,-0.001795,-0.001574,-0.001167,-0.000779,-0.000189,0.000098,-0.000067,-0.000060,0.000131,0.000011,-0.000117,-0.000074,-0.000192,-0.000332,-0.000233,-0.000075,0.000014,0.000021,0.000005,-0.000042,-0.000129,-0.000075,0.000060,0.000054,-0.000046,-0.000072,-0.000020,0.000167,0.000321,0.000311,0.000245,0.000251,0.000110,-0.000021,-0.000048,-0.000113,-0.000115,-0.000001,0.000008,-0.000098,-0.000069,-0.000064,-0.000065,-0.000096,-0.000289,-0.000309,-0.000097,0.000043,0.000083,0.000078,0.000032,
0.004238,0.000153,-0.007897,-0.008857,-0.005186,-0.002796,-0.003591,-0.005536,-0.005891,-0.003769,-0.001625,-0.001122,-0.000780,-0.000627,-0.001249,-0.002007,-0.002053,-0.000937,0.000307,0.000447,-0.000039,-0.000438,-0.000756,-0.001085,-0.001079,-0.000605,0.000131,0.000845,0.001110,0.000778,0.000265,-0.000069,-0.000195,0.000083,0.000606,0.000972,0.001058,0.000896,0.000740,0.000583,0.000206,-0.000186,-0.000341,-0.000369,-0.000513,-0.000627,-0.000479,-0.000345,-0.000215,-0.000174,-0.000319,-0.000398,-0.000279,-0.000125,-0.000062,-0.000238,-0.000553,-0.000608,-0.000134,0.000384,0.000288,-0.000322,-0.000409,0.000300,0.000688,0.000260,0.000031,0.000244,0.000371,0.000104,-0.000275,-0.000305,-0.000138,-0.000039,0.000033,0.000116,0.000121,0.000014,-0.000107,-0.000137,0.000071,0.000240,0.000536,0.001043,0.001638,0.002075,0.001371,-0.000499,-0.001910,-0.002034,-0.001513,-0.000923,-0.000364,-0.000128,-0.000325,-0.000414,-0.000200,0.000009,0.000128,0.000159,0.000149,-0.000004,-0.000041,0.000109,0.000195,0.000203,0.000127,0.000109,0.000096,0.000066,0.000176,0.000227,0.000277,0.000322,0.000254,0.000144,0.000073,-0.000046,-0.000118,-0.000065,0.000019,0.000074,0.000059,-0.000020,0.000004,0.000033,-0.000002,-0.000028,-0.000072,0.000005,0.000077,-0.000008,-0.000054,-0.000075,-0.000061,0.000078,0.000221,0.000236,0.025730,0.014529,0.011315,0.012825,0.013735,0.011198,0.005623,0.001044,0.001025,0.003330,0.003878,0.002956,0.002137,0.001321,0.000828,0.001047,0.001793,0.002266,0.002019,0.001529,0.001258,0.000875,0.000048,-0.000158,0.000659,0.001733,0.002095,0.001193,-0.000162,-0.000733,-0.000586,-0.000312,-0.000195,-0.000127,0.000076,0.000327,0.000411,-0.000075,-0.001318,-0.002456,-0.002562,-0.001843,-0.001119,-0.000636,-0.000271,-0.000036,0.000063,-0.000067,-0.000220,-0.000268,-0.000346,-0.000320,-0.000070,0.000090,0.000029,0.000039,0.000333,0.000981,0.001300,0.000836,0.000573,0.001494,0.002470,0.002016,0.000720,-0.000123,-0.000273,-0.000254,-0.000325,-0.000394,-0.000344,-0.000313,-0.000337,-0.000455,-0.000497,-0.000337,-0.000154,0.000073,0.000271,0.000143,-0.000155,-0.000184,0.000031,0.000291,0.000296,-0.000420,-0.001352,-0.001817,-0.001608,-0.001272,-0.000903,-0.000279,0.000016,-0.000108,-0.000130,0.000052,0.000154,-0.000052,-0.000343,-0.000404,-0.000328,-0.000298,-0.000283,-0.000145,-0.000138,-0.000148,0.000012,0.000093,0.000091,0.000100,0.000122,0.000159,0.000095,0.000058,0.000146,0.000066,0.000050,0.000247,0.000274,0.000109,0.000047,0.000030,-0.000021,0.000006,0.000036,0.000008,0.000095,0.000155,0.000058,-0.000032,-0.000052,-0.000028,-0.000044,-0.000059,0.000047,0.000167,0.000149,0.000061,
0.005774,0.001245,-0.007385,-0.008535,-0.004907,-0.002605,-0.003503,-0.005542,-0.005866,-0.003730,-0.001623,-0.001279,-0.001397,-0.001600,-0.002019,-0.002353,-0.002114,-0.000995,0.000171,0.000270,-0.000204,-0.000498,-0.000754,-0.001043,-0.001044,-0.000519,0.000230,0.000797,0.000996,0.000743,0.000252,-0.000178,-0.000201,0.000152,0.000751,0.001149,0.001130,0.000982,0.000843,0.000675,0.000290,-0.000107,-0.000263,-0.000364,-0.000533,-0.000641,-0.000549,-0.000337,-0.000235,-0.000285,-0.000336,-0.000334,-0.000229,-0.000114,-0.000139,-0.000264,-0.000432,-0.000466,-0.000064,0.000535,0.000594,0.000051,-0.000241,0.000221,0.000812,0.000871,0.000647,0.000559,0.000484,0.000197,-0.000177,-0.000300,-0.000278,-0.000215,-0.000160,-0.000015,0.000122,0.000056,-0.000091,-0.000155,-0.000004,0.000147,0.000353,0.000788,0.001369,0.001848,0.001317,-0.000518,-0.002008,-0.002223,-0.001704,-0.000876,-0.000195,-0.000066,-0.000337,-0.000433,-0.000284,-0.000259,-0.000180,-0.000019,0.000018,-0.000016,0.000018,0.000102,0.000110,0.000076,0.000078,0.000053,0.000006,0.000008,0.000122,0.000199,0.000178,0.000133,0.000199,0.000208,0.000028,0.000001,0.000001,-0.000133,-0.000124,0.000036,0.000061,0.000049,0.000060,0.000015,0.000007,-0.000058,-0.000110,-0.000073,0.000006,0.000049,-0.000024,-0.000070,0.000040,0.000169,0.000151,0.000150,0.024336,0.013215,0.010633,0.012772,0.013786,0.011113,0.005547,0.000964,0.000921,0.003306,0.003812,0.002810,0.002118,0.001324,0.000715,0.000859,0.001579,0.002028,0.001759,0.001335,0.001099,0.000674,-0.000150,-0.000296,0.000619,0.001636,0.001864,0.001040,-0.000016,-0.000433,-0.000318,-0.000272,-0.000306,-0.000259,-0.000046,0.000248,0.000201,-0.000380,-0.001431,-0.002429,-0.002656,-0.001973,-0.001186,-0.000816,-0.000343,0.000062,-0.000027,-0.000128,-0.000221,-0.000328,-0.000344,-0.000209,0.000167,0.000425,0.000319,0.000205,0.000488,0.001079,0.001367,0.000879,0.000485,0.001049,0.001623,0.001278,0.000339,-0.000440,-0.000715,-0.000611,-0.000530,-0.000558,-0.000436,-0.000279,-0.000218,-0.000273,-0.000358,-0.000311,-0.000104,0.000137,0.000163,0.000079,0.000043,0.000009,0.000133,0.000314,0.000231,-0.000421,-0.001333,-0.001869,-0.001705,-0.001289,-0.000852,-0.000192,0.000130,0.000047,-0.000036,0.000028,0.000082,-0.000091,-0.000260,-0.000365,-0.000296,-0.000144,-0.000085,-0.000080,-0.000113,-0.000141,-0.000048,0.000017,0.000005,0.000039,0.000116,0.000053,-0.000003,0.000006,0.000072,0.000190,0.000310,0.000293,0.000228,0.000179,0.000037,0.000002,0.000010,0.000002,0.000015,0.000014,0.000051,0.000059,-0.000038,-0.000201,-0.000268,-0.000230,-0.000243,-0.000227,-0.000082,0.000105,0.000165,0.000117,
0.007455,0.002601,-0.006610,-0.008090,-0.004448,-0.002150,-0.003272,-0.005641,-0.006078,-0.003767,-0.001647,-0.001572,-0.001927,-0.002272,-0.002637,-0.002634,-0.002064,-0.000875,0.000242,0.000328,-0.000224,-0.000530,-0.000653,-0.000885,-0.000940,-0.000455,0.000259,0.000707,0.000747,0.000543,0.000158,-0.000224,-0.000301,0.000019,0.000640,0.001026,0.001054,0.000921,0.000744,0.000500,0.000126,-0.000109,-0.000177,-0.000231,-0.000359,-0.000474,-0.000421,-0.000291,-0.000250,-0.000199,-0.000267,-0.000474,-0.000601,-0.000519,-0.000201,-0.000191,-0.000448,-0.000496,-0.000100,0.000460,0.000485,0.000048,0.000071,0.000518,0.000372,-0.000038,0.000263,0.000927,0.000943,0.000414,-0.000145,-0.000397,-0.000209,-0.000000,0.000045,0.000187,0.000281,0.000103,-0.000216,-0.000378,-0.000167,0.000090,0.000263,0.000688,0.001557,0.002046,0.001294,-0.000500,-0.001925,-0.002027,-0.001460,-0.000881,-0.000382,-0.000259,-0.000400,-0.000369,-0.000223,-0.000196,-0.000138,0.000003,-0.000017,-0.000034,0.000037,0.000073,0.000155,0.000123,-0.000020,-0.000064,0.000015,0.000080,0.000185,0.000276,0.000211,0.000196,0.000270,0.000259,0.000135,-0.000018,-0.000028,0.000098,0.000175,0.000080,0.000013,0.000030,0.000014,-0.000068,-0.000141,-0.000139,-0.000021,0.000154,0.000198,0.000111,-0.000037,0.000021,0.000164,0.000256,0.000343,0.000373,0.022642,0.012008,0.010233,0.012716,0.013816,0.011218,0.005599,0.000955,0.000928,0.003272,0.003648,0.002535,0.001759,0.001312,0.001150,0.001156,0.001588,0.001932,0.001621,0.001199,0.001079,0.000697,-0.000095,-0.000205,0.000598,0.001552,0.001731,0.000921,-0.000158,-0.000654,-0.000498,-0.000331,-0.000264,-0.000141,0.000030,0.000211,0.000229,-0.000313,-0.001499,-0.002441,-0.002462,-0.001701,-0.000984,-0.000660,-0.000357,-0.000090,-0.000071,-0.000151,-0.000287,-0.000357,-0.000237,-0.000074,0.000106,0.000289,0.000228,0.000110,0.000393,0.001056,0.001524,0.001156,0.000778,0.001557,0.002253,0.001533,0.000238,-0.000366,-0.000386,-0.000344,-0.000470,-0.000548,-0.000373,-0.000129,-0.000045,-0.000183,-0.000400,-0.000367,-0.000166,0.000075,0.000217,0.000157,0.000037,0.000017,0.000074,0.000179,0.000235,-0.000335,-0.001211,-0.001776,-0.001662,-0.001226,-0.000883,-0.000324,0.000120,0.000012,-0.000034,0.000136,0.000051,-0.000091,-0.000271,-0.000340,-0.000256,-0.000269,-0.000135,0.000045,0.000053,0.000050,0.000135,0.000129,0.000034,0.000014,0.000140,0.000094,-0.000003,0.000098,0.000160,0.000137,0.000201,0.000236,0.000095,0.000021,-0.000043,-0.000141,-0.000150,-0.000028,0.000070,-0.000023,-0.000133,-0.000076,-0.000064,-0.000171,-0.000269,-0.000286,-0.000247,-0.000167,0.000009,0.000219,0.000225,0.000075,
0.007622,0.002689,-0.006702,-0.008208,-0.004580,-0.002107,-0.003135,-0.005521,-0.006033,-0.003894,-0.001883,-0.001684,-0.001978,-0.002265,-0.002608,-0.002672,-0.002036,-0.000731,0.000441,0.000527,-0.000064,-0.000477,-0.000681,-0.000941,-0.000965,-0.000500,0.000026,0.000423,0.000461,0.000219,0.000053,0.000023,0.000052,0.000191,0.000558,0.000863,0.000939,0.000868,0.000775,0.000626,0.000278,-0.000079,-0.000208,-0.000250,-0.000369,-0.000489,-0.000387,-0.000129,-0.000125,-0.000289,-0.000392,-0.000436,-0.000399,-0.000262,-0.000135,-0.000210,-0.000494,-0.000611,-0.000254,0.000340,0.000363,-0.000204,-0.000211,0.000543,0.000904,0.000654,0.000518,0.000717,0.000689,0.000198,-0.000248,-0.000412,-0.000318,-0.000185,0.000023,0.000183,0.000222,0.000042,-0.000162,-0.000172,-0.000064,0.000138,0.000394,0.000837,0.001576,0.002095,0.001378,-0.000559,-0.002031,-0.002131,-0.001576,-0.000896,-0.000338,-0.000197,-0.000285,-0.000220,-0.000079,-0.000077,-0.000081,-0.000040,-0.000067,-0.000119,-0.000084,0.000101,0.000212,0.000188,0.000113,0.000109,0.000108,0.000069,0.000264,0.000395,0.000340,0.000258,0.000176,0.000112,0.000064,-0.000002,0.000067,0.000108,0.000038,0.000068,0.000104,0.000133,0.000163,0.000041,-0.000051,-0.000047,0.000018,0.000114,0.000191,0.000215,0.000059,-0.000030,0.000021,0.000098,0.000148,0.000138,0.021896,0.011365,0.009920,0.012662,0.013776,0.011208,0.005599,0.000836,0.000711,0.003065,0.003500,0.002231,0.001181,0.000579,0.000459,0.000809,0.001400,0.001703,0.001395,0.001097,0.001057,0.000656,-0.000189,-0.000380,0.000438,0.001474,0.001649,0.000807,-0.000245,-0.000660,-0.000377,-0.000092,-0.000116,-0.000247,-0.000163,0.000220,0.000390,-0.000154,-0.001314,-0.002430,-0.002555,-0.001655,-0.000859,-0.000487,-0.000238,-0.000107,-0.000229,-0.000342,-0.000368,-0.000352,-0.000224,0.000024,0.000268,0.000338,0.000278,0.000231,0.000469,0.001012,0.001319,0.000851,0.000457,0.001276,0.002223,0.001757,0.000493,-0.000172,-0.000213,-0.000208,-0.000339,-0.000497,-0.000450,-0.000331,-0.000325,-0.000364,-0.000308,-0.000312,-0.000221,0.000177,0.000393,0.000227,0.000026,-0.000048,0.000014,0.000226,0.000193,-0.000428,-0.001314,-0.001871,-0.001747,-0.001320,-0.000903,-0.000270,0.000019,-0.000237,-0.000206,0.000114,0.000156,-0.000145,-0.000431,-0.000444,-0.000403,-0.000266,-0.000110,-0.000027,-0.000044,-0.000107,-0.000018,0.000087,0.000197,0.000171,0.000095,0.000053,0.000017,0.000142,0.000177,0.000180,0.000163,0.000171,0.000157,0.000086,0.000037,-0.000044,-0.000111,-0.000077,0.000009,0.000079,0.000102,0.000158,0.000123,-0.000050,-0.000149,-0.000124,-0.000102,-0.000176,-0.000115,0.000053,0.000209,0.000242,
0.008530,0.003448,-0.006250,-0.007938,-0.004094,-0.001678,-0.003045,-0.005589,-0.006097,-0.003845,-0.001590,-0.001331,-0.001693,-0.002181,-0.002646,-0.002585,-0.001859,-0.000491,0.000678,0.000629,-0.000040,-0.000389,-0.000584,-0.000797,-0.000838,-0.000510,0.000033,0.000407,0.000524,0.000417,0.000201,0.000082,-0.000020,0.000053,0.000383,0.000794,0.000989,0.000936,0.000797,0.000555,0.000255,-0.000030,-0.000213,-0.000331,-0.000552,-0.000628,-0.000442,-0.000371,-0.000405,-0.000417,-0.000338,-0.000319,-0.000418,-0.000299,-0.000105,-0.000189,-0.000491,-0.000550,-0.000105,0.000472,0.000491,-0.000084,-0.000221,0.000427,0.000893,0.000709,0.000621,0.000962,0.000955,0.000447,-0.000076,-0.000206,-0.000012,0.000084,0.000120,0.000303,0.000260,-0.000060,-0.000227,-0.000212,-0.000053,0.000185,0.000380,0.000765,0.001492,0.002079,0.001475,-0.000339,-0.001737,-0.001935,-0.001477,-0.000864,-0.000320,-0.000332,-0.000573,-0.000336,-0.000007,0.000002,0.000003,0.000052,0.000106,0.000133,0.000101,0.000098,0.000076,0.000130,0.000229,0.000203,0.000150,0.000090,0.000182,0.000325,0.000198,0.000165,0.000247,0.000176,-0.000017,-0.000149,-0.000141,-0.000059,-0.000005,0.000001,0.000127,0.000252,0.000211,0.000148,0.000049,-0.000014,-0.000023,0.000002,0.000020,-0.000025,-0.000087,-0.000068,0.000052,0.000089,0.000100,0.000182,0.020947,0.010857,0.009944,0.012825,0.013842,0.011120,0.005459,0.000845,0.000950,0.003241,0.003398,0.001868,0.000560,-0.000201,-0.000093,0.000609,0.001296,0.001536,0.001168,0.000790,0.000790,0.000532,-0.000211,-0.000401,0.000386,0.001288,0.001450,0.000782,-0.000168,-0.000775,-0.000728,-0.000436,-0.000443,-0.000402,-0.000161,0.000182,0.000494,0.000107,-0.001075,-0.002255,-0.002446,-0.001698,-0.000975,-0.000659,-0.000380,-0.000182,-0.000143,-0.000131,-0.000204,-0.000292,-0.000278,-0.000153,0.000079,0.000174,0.000172,0.000257,0.000477,0.001027,0.001399,0.000969,0.000657,0.001435,0.002352,0.002084,0.000966,0.000140,0.000029,-0.000019,-0.000215,-0.000336,-0.000124,0.000156,0.000099,-0.000237,-0.000419,-0.000348,-0.000179,0.000232,0.000499,0.000372,0.000087,-0.000067,0.000078,0.000291,0.000254,-0.000334,-0.001292,-0.001973,-0.001862,-0.001438,-0.000994,-0.000347,0.000077,-0.000038,-0.000186,-0.000060,0.000067,-0.000053,-0.000251,-0.000311,-0.000355,-0.000343,-0.000260,-0.000261,-0.000237,-0.000140,-0.000109,-0.000072,0.000014,0.000110,0.000165,0.000085,-0.000045,-0.000026,0.000087,0.000088,0.000087,0.000172,0.000195,0.000094,-0.000009,-0.000033,-0.000092,-0.000049,0.000097,0.000194,0.000156,0.000159,0.000179,0.000031,-0.000176,-0.000238,-0.000148,-0.000098,-0.000070,-0.000001,0.000067,0.000059,
0.009444,0.004171,-0.005654,-0.007289,-0.003460,-0.001127,-0.002719,-0.005570,-0.006129,-0.003938,-0.001627,-0.000979,-0.001047,-0.001607,-0.002422,-0.002620,-0.001714,-0.000110,0.001019,0.000835,0.000144,-0.000317,-0.000534,-0.000793,-0.000812,-0.000378,0.000132,0.000556,0.000685,0.000473,0.000143,-0.000003,0.000007,0.000212,0.000560,0.000775,0.000849,0.000801,0.000792,0.000594,0.000139,-0.000163,-0.000252,-0.000395,-0.000608,-0.000655,-0.000509,-0.000376,-0.000300,-0.000298,-0.000351,-0.000428,-0.000436,-0.000262,-0.000123,-0.000179,-0.000391,-0.000511,-0.000147,0.000426,0.000548,0.000194,0.000062,0.000386,0.000509,0.000191,0.000145,0.000452,0.000428,0.000069,-0.000288,-0.000373,-0.000186,-0.000107,-0.000201,-0.000129,0.000021,-0.000116,-0.000334,-0.000308,-0.000099,0.000104,0.000462,0.000993,0.001654,0.002097,0.001382,-0.000531,-0.001984,-0.002142,-0.001638,-0.000971,-0.000417,-0.000272,-0.000395,-0.000306,-0.000146,-0.000060,0.000006,0.000020,0.000029,0.000050,0.000156,0.000270,0.000222,0.000083,0.000076,0.000007,-0.000080,-0.000031,0.000163,0.000279,0.000238,0.000198,0.000162,0.000114,0.000067,-0.000071,-0.000170,-0.000064,-0.000014,0.000049,0.000200,0.000220,0.000123,0.000061,0.000064,0.000076,0.000084,0.000058,0.000069,0.000114,0.000093,0.000063,0.000018,0.000010,0.000117,0.000252,0.020443,0.010487,0.009911,0.012896,0.013793,0.011022,0.005324,0.000763,0.001006,0.003319,0.003451,0.001832,0.000229,-0.000711,-0.000487,0.000606,0.001573,0.001718,0.001168,0.000787,0.000801,0.000465,-0.000269,-0.000341,0.000503,0.001405,0.001611,0.000967,-0.000040,-0.000619,-0.000620,-0.000435,-0.000393,-0.000302,-0.000030,0.000120,0.000140,-0.000229,-0.001303,-0.002335,-0.002625,-0.001950,-0.001145,-0.000648,-0.000259,-0.000105,-0.000098,-0.000142,-0.000175,-0.000248,-0.000294,-0.000099,0.000127,0.000180,0.000099,0.000085,0.000414,0.001029,0.001366,0.000927,0.000552,0.001170,0.001865,0.001412,0.000374,-0.000182,-0.000247,-0.000204,-0.000296,-0.000386,-0.000176,0.000026,-0.000173,-0.000425,-0.000304,-0.000099,0.000039,0.000299,0.000475,0.000265,-0.000073,-0.000179,-0.000030,0.000212,0.000143,-0.000536,-0.001446,-0.001867,-0.001629,-0.001256,-0.000828,-0.000282,0.000043,0.000003,0.000034,0.000151,0.000075,-0.000077,-0.000082,-0.000071,-0.000034,-0.000011,-0.000066,-0.000112,-0.000058,-0.000072,-0.000056,0.000131,0.000146,0.000134,0.000160,0.000077,0.000035,0.000098,0.000069,0.000026,0.000073,0.000206,0.000208,0.000123,0.000078,0.000005,0.000013,0.000118,0.000096,-0.000007,0.000053,0.000178,0.000116,-0.000106,-0.000187,-0.000040,0.000072,0.000019,-0.000021,0.000045,0.000039,0.000122,
0.009278,0.004145,-0.005948,-0.007616,-0.003636,-0.001238,-0.002681,-0.005490,-0.006225,-0.004002,-0.001504,-0.000494,0.000030,-0.000145,-0.001271,-0.002069,-0.001523,0.000094,0.001280,0.001116,0.000282,-0.000307,-0.000514,-0.000744,-0.000696,-0.000234,0.000312,0.000727,0.000766,0.000421,0.000077,0.000018,0.000021,0.000157,0.000536,0.000804,0.000838,0.000807,0.000786,0.000639,0.000331,-0.000039,-0.000245,-0.000317,-0.000477,-0.000540,-0.000350,-0.000200,-0.000200,-0.000271,-0.000383,-0.000498,-0.000469,-0.000301,-0.000254,-0.000433,-0.000719,-0.000746,-0.000324,0.000247,0.000280,-0.000250,-0.000202,0.000552,0.000792,0.000493,0.000331,0.000371,0.000280,-0.000063,-0.000338,-0.000334,-0.000214,-0.000175,-0.000161,-0.000140,-0.000114,-0.000189,-0.000358,-0.000355,-0.000125,0.000113,0.000374,0.000872,0.001668,0.002182,0.001459,-0.000491,-0.001959,-0.002004,-0.001407,-0.000904,-0.000482,-0.000259,-0.000317,-0.000279,-0.000119,0.000026,0.000080,0.000117,0.000107,0.000048,0.000067,0.000151,0.000188,0.000160,0.000122,0.000142,0.000179,0.000135,0.000139,0.000244,0.000275,0.000250,0.000330,0.000235,-0.000022,-0.000108,-0.000059,-0.000001,-0.000005,0.000030,0.000091,0.000102,0.000114,0.000047,-0.000028,0.000004,0.000041,0.000065,0.000090,0.000030,-0.000059,-0.000059,0.000083,0.000218,0.000204,0.000167,0.020539,0.010326,0.009643,0.012787,0.013777,0.011029,0.005274,0.000608,0.000801,0.003136,0.003372,0.001956,0.000481,-0.000588,-0.000466,0.000678,0.001836,0.002191,0.001788,0.001127,0.000822,0.000563,-0.000077,-0.000263,0.000504,0.001402,0.001539,0.000895,0.000001,-0.000581,-0.000554,-0.000352,-0.000325,-0.000217,-0.000014,0.000176,0.000199,-0.000277,-0.001309,-0.002350,-0.002562,-0.001858,-0.001097,-0.000689,-0.000378,-0.000128,-0.000085,-0.000087,-0.000104,-0.000161,-0.000155,-0.000073,0.000043,0.000095,-0.000011,-0.000019,0.000388,0.001036,0.001438,0.001053,0.000868,0.001779,0.002456,0.001820,0.000502,-0.000323,-0.000331,-0.000069,-0.000091,-0.000313,-0.000329,-0.000231,-0.000246,-0.000420,-0.000471,-0.000383,-0.000236,0.000127,0.000435,0.000295,0.000019,-0.000058,0.000144,0.000325,0.000234,-0.000415,-0.001347,-0.001841,-0.001737,-0.001411,-0.000988,-0.000376,-0.000079,-0.000161,-0.000118,0.000102,0.000150,-0.000077,-0.000339,-0.000386,-0.000284,-0.000145,-0.000066,-0.000018,-0.000099,-0.000177,-0.000046,0.000139,0.000177,0.000171,0.000156,0.000050,0.000066,0.000249,0.000283,0.000240,0.000200,0.000143,0.000182,0.000120,-0.000018,-0.000077,-0.000073,-0.000032,0.000019,0.000004,0.000009,0.000024,-0.000050,-0.000159,-0.000160,-0.000173,-0.000278,-0.000255,-0.000052,0.000086,0.000033,0.000057,
0.008994,0.003944,-0.006240,-0.007939,-0.003792,-0.001161,-0.002462,-0.005366,-0.006223,-0.003911,-0.001387,-0.000406,0.000448,0.000649,-0.000535,-0.001785,-0.001766,-0.000454,0.000926,0.000983,0.000202,-0.000402,-0.000676,-0.000885,-0.000880,-0.000370,0.000292,0.000717,0.000705,0.000476,0.000172,-0.000108,-0.000194,-0.000018,0.000339,0.000670,0.000804,0.000708,0.000609,0.000570,0.000275,-0.000123,-0.000283,-0.000343,-0.000323,-0.000290,-0.000210,-0.000269,-0.000314,-0.000294,-0.000454,-0.000555,-0.000440,-0.000289,-0.000138,-0.000171,-0.000526,-0.000660,-0.000211,0.000341,0.000401,-0.000205,-0.000466,0.000256,0.000810,0.000696,0.000524,0.000546,0.000509,0.000168,-0.000135,-0.000160,-0.000047,0.000054,0.000067,0.000069,0.000147,0.000104,-0.000076,-0.000099,-0.000010,0.000066,0.000254,0.000791,0.001678,0.002261,0.001591,-0.000375,-0.001947,-0.002071,-0.001490,-0.000778,-0.000241,-0.000159,-0.000295,-0.000425,-0.000375,-0.000114,0.000162,0.000293,0.000234,0.000117,0.000071,0.000168,0.000326,0.000383,0.000265,0.000150,0.000109,0.000114,0.000184,0.000189,0.000188,0.000226,0.000182,0.000001,-0.000117,-0.000045,-0.000049,-0.000004,0.000120,0.000133,0.000156,0.000215,0.000193,0.000127,0.000035,-0.000025,-0.000057,-0.000024,0.000048,0.000075,0.000042,0.000043,0.000171,0.000221,0.000216,0.000177,0.020592,0.010401,0.009592,0.012535,0.013613,0.010877,0.005040,0.000362,0.000560,0.003050,0.003566,0.002530,0.001351,0.000152,-0.000120,0.000858,0.002095,0.002563,0.002145,0.001533,0.001121,0.000596,-0.000171,-0.000277,0.000566,0.001567,0.001723,0.001004,-0.000078,-0.000791,-0.000750,-0.000483,-0.000407,-0.000262,0.000059,0.000322,0.000360,-0.000150,-0.001247,-0.002358,-0.002571,-0.001790,-0.001032,-0.000725,-0.000449,-0.000157,-0.000106,-0.000250,-0.000297,-0.000317,-0.000330,-0.000137,0.000154,0.000259,0.000030,-0.000089,0.000118,0.000819,0.001459,0.001053,0.000505,0.001023,0.001745,0.001382,0.000217,-0.000550,-0.000536,-0.000336,-0.000368,-0.000433,-0.000388,-0.000372,-0.000368,-0.000441,-0.000460,-0.000318,-0.000126,0.000092,0.000159,0.000048,-0.000037,-0.000068,0.000038,0.000279,0.000254,-0.000368,-0.001316,-0.001878,-0.001727,-0.001305,-0.000871,-0.000319,0.000017,-0.000001,0.000000,0.000089,0.000135,0.000074,-0.000139,-0.000222,-0.000180,-0.000141,-0.000104,-0.000145,-0.000154,-0.000136,-0.000054,0.000097,0.000150,0.000178,0.000137,0.000087,0.000092,0.000143,0.000160,0.000130,0.000137,0.000200,0.000129,0.000019,0.000034,-0.000005,-0.000063,0.000033,0.000121,0.000156,0.000197,0.000200,0.000067,-0.000140,-0.000239,-0.000269,-0.000187,-0.000180,-0.000158,0.000126,0.000226,0.000020,
0.009132,0.003939,-0.006010,-0.007574,-0.003351,-0.000678,-0.002213,-0.005308,-0.006098,-0.003893,-0.001513,-0.000526,0.000405,0.000918,0.000167,-0.001111,-0.001498,-0.000504,0.000703,0.000754,-0.000027,-0.000541,-0.000851,-0.001222,-0.001155,-0.000533,0.000180,0.000567,0.000575,0.000344,0.000066,0.000046,0.000147,0.000303,0.000579,0.000825,0.000865,0.000787,0.000704,0.000550,0.000249,-0.000095,-0.000319,-0.000317,-0.000346,-0.000407,-0.000332,-0.000197,-0.000155,-0.000207,-0.000338,-0.000512,-0.000480,-0.000336,-0.000244,-0.000272,-0.000552,-0.000691,-0.000189,0.000572,0.000726,0.000378,0.000364,0.000588,0.000494,0.000195,0.000408,0.000892,0.000842,0.000352,-0.000148,-0.000270,-0.000084,-0.000054,-0.000076,0.000081,0.000301,0.000165,-0.000288,-0.000423,-0.000128,0.000161,0.000361,0.000782,0.001521,0.002092,0.001429,-0.000400,-0.001746,-0.001941,-0.001545,-0.001048,-0.000476,-0.000273,-0.000445,-0.000356,-0.000121,-0.000011,-0.000014,-0.000037,0.000045,0.000142,0.000138,0.000129,0.000175,0.000132,0.000127,0.000158,0.000032,-0.000041,0.000064,0.000144,0.000115,0.000099,0.000176,0.000233,0.000050,-0.000092,-0.000057,-0.000013,0.000072,0.000140,0.000239,0.000285,0.000120,-0.000050,-0.000070,-0.000104,-0.000010,0.000119,0.000060,-0.000037,-0.000139,-0.000205,-0.000116,0.000124,0.000203,0.000088,0.020728,0.010544,0.009674,0.012659,0.013731,0.010955,0.005107,0.000378,0.000536,0.003055,0.003790,0.003136,0.002381,0.001296,0.000583,0.000958,0.002006,0.002703,0.002542,0.001851,0.001194,0.000577,-0.000155,-0.000254,0.000578,0.001478,0.001626,0.001001,0.000032,-0.000632,-0.000680,-0.000510,-0.000388,-0.000272,0.000039,0.000350,0.000294,-0.000210,-0.001148,-0.002168,-0.002447,-0.001750,-0.000918,-0.000557,-0.000324,-0.000188,-0.000207,-0.000257,-0.000328,-0.000342,-0.000340,-0.000247,0.000008,0.000215,0.000154,0.000217,0.000556,0.000978,0.001325,0.001126,0.001032,0.001708,0.002057,0.001378,0.000456,0.000002,-0.000167,-0.000346,-0.000563,-0.000723,-0.000632,-0.000338,-0.000165,-0.000275,-0.000311,-0.000169,-0.000067,0.000093,0.000233,0.000182,-0.000005,-0.000062,0.000009,0.000257,0.000383,-0.000163,-0.001098,-0.001832,-0.001794,-0.001349,-0.001037,-0.000518,-0.000123,-0.000200,-0.000150,0.000036,0.000056,-0.000135,-0.000259,-0.000300,-0.000264,-0.000105,-0.000008,-0.000031,-0.000121,-0.000147,-0.000093,-0.000018,0.000088,0.000133,0.000137,0.000219,0.000324,0.000348,0.000232,0.000225,0.000311,0.000266,0.000154,0.000036,0.000023,-0.000040,-0.000089,-0.000022,0.000065,0.000146,0.000141,0.000026,-0.000099,-0.000150,-0.000136,-0.000156,-0.000182,-0.000052,0.000060,0.000047,-0.000016,0.000006,
0.008688,0.003435,-0.006188,-0.007630,-0.003328,-0.000378,-0.002012,-0.005377,-0.006163,-0.003969,-0.001808,-0.000953,-0.000111,0.000522,0.000208,-0.000890,-0.001544,-0.000887,0.000307,0.000649,0.000008,-0.000594,-0.000848,-0.001098,-0.001030,-0.000545,-0.000037,0.000392,0.000421,0.000139,-0.000079,-0.000176,-0.000132,0.000010,0.000288,0.000664,0.000906,0.000816,0.000510,0.000250,-0.000051,-0.000311,-0.000322,-0.000236,-0.000255,-0.000251,-0.000228,-0.000182,-0.000165,-0.000303,-0.000373,-0.000413,-0.000405,-0.000252,-0.000155,-0.000298,-0.000447,-0.000446,-0.000122,0.000374,0.000460,-0.000027,-0.000170,0.000358,0.000707,0.000554,0.000511,0.000859,0.000809,0.000235,-0.000198,-0.000324,-0.000223,-0.000060,0.000046,0.000157,0.000153,0.000010,-0.000141,-0.000170,-0.000020,0.000088,0.000359,0.000889,0.001623,0.002047,0.001295,-0.000506,-0.001938,-0.002098,-0.001522,-0.000934,-0.000445,-0.000232,-0.000372,-0.000321,0.000012,0.000088,0.000000,0.000060,0.000113,0.000099,0.000072,0.000094,0.000203,0.000257,0.000319,0.000222,0.000135,0.000120,0.000173,0.000226,0.000268,0.000267,0.000309,0.000237,0.000047,-0.000063,-0.000153,-0.000039,0.000026,-0.000069,0.000013,0.000147,0.000119,-0.000005,0.000023,0.000120,0.000129,0.000096,0.000057,0.000039,-0.000048,-0.000051,0.000157,0.000299,0.000308,0.000303,0.020753,0.010514,0.009711,0.012777,0.013737,0.010862,0.004970,0.000330,0.000579,0.003096,0.003865,0.003441,0.003057,0.002254,0.001454,0.001305,0.001887,0.002456,0.002356,0.001866,0.001257,0.000454,-0.000328,-0.000368,0.000453,0.001420,0.001584,0.000906,0.000011,-0.000590,-0.000629,-0.000433,-0.000383,-0.000355,-0.000112,0.000208,0.000288,-0.000168,-0.001274,-0.002354,-0.002418,-0.001632,-0.000953,-0.000607,-0.000436,-0.000236,-0.000139,-0.000253,-0.000375,-0.000312,-0.000131,-0.000056,-0.000034,0.000125,0.000149,0.000081,0.000436,0.001171,0.001521,0.001008,0.000694,0.001506,0.002213,0.001519,0.000315,-0.000278,-0.000299,-0.000268,-0.000395,-0.000486,-0.000395,-0.000168,-0.000037,-0.000184,-0.000365,-0.000324,-0.000125,0.000142,0.000241,0.000193,0.000079,-0.000015,0.000044,0.000241,0.000250,-0.000421,-0.001367,-0.001840,-0.001674,-0.001305,-0.000874,-0.000314,-0.000060,-0.000132,-0.000074,0.000135,0.000169,0.000006,-0.000250,-0.000287,-0.000253,-0.000264,-0.000220,-0.000138,-0.000090,-0.000033,0.000144,0.000155,0.000076,0.000166,0.000073,-0.000148,-0.000146,0.000002,0.000162,0.000220,0.000151,0.000104,0.000067,0.000075,0.000114,0.000100,0.000055,0.000026,0.000014,-0.000018,0.000086,0.000162,0.000111,0.000088,-0.000055,-0.000217,-0.000179,-0.000149,-0.000103,0.000056,0.000121,0.000108,
0.008186,0.002988,-0.006252,-0.007308,-0.002947,-0.000149,-0.001856,-0.005129,-0.005895,-0.003704,-0.001704,-0.001422,-0.000981,-0.000231,-0.000243,-0.000982,-0.001559,-0.001035,0.000110,0.000565,0.000101,-0.000459,-0.000803,-0.001019,-0.000885,-0.000386,0.000228,0.000597,0.000494,0.000209,0.000054,0.000205,0.000341,0.000254,0.000353,0.000721,0.000945,0.000862,0.000655,0.000343,-0.000006,-0.000260,-0.000343,-0.000258,-0.000286,-0.000383,-0.000393,-0.000363,-0.000269,-0.000228,-0.000363,-0.000468,-0.000401,-0.000283,-0.000138,-0.000154,-0.000586,-0.000700,-0.000215,0.000399,0.000534,0.000091,0.000031,0.000647,0.001000,0.000803,0.000771,0.000977,0.000789,0.000215,-0.000260,-0.000238,0.000038,0.000173,0.000191,0.000348,0.000365,0.000004,-0.000225,-0.000157,-0.000102,0.000095,0.000371,0.000844,0.001733,0.002206,0.001436,-0.000458,-0.001926,-0.001939,-0.001492,-0.000938,-0.000279,-0.000111,-0.000250,-0.000280,-0.000099,-0.000013,-0.000015,0.000039,0.000053,0.000033,0.000078,0.000172,0.000214,0.000177,0.000091,0.000037,-0.000037,-0.000029,0.000087,0.000138,0.000165,0.000209,0.000326,0.000269,0.000008,-0.000146,-0.000132,-0.000041,-0.000046,-0.000117,-0.000014,0.000164,0.000241,0.000196,0.000105,0.000038,0.000039,0.000125,0.000132,0.000002,-0.000084,-0.000016,0.000161,0.000226,0.000174,0.000076,0.020994,0.010798,0.010012,0.012935,0.013802,0.010865,0.005049,0.000519,0.000909,0.003330,0.003818,0.003211,0.003015,0.002774,0.002207,0.001692,0.001638,0.001914,0.001942,0.001620,0.001078,0.000268,-0.000540,-0.000526,0.000388,0.001303,0.001499,0.000909,-0.000068,-0.000609,-0.000530,-0.000282,-0.000169,-0.000153,-0.000068,0.000215,0.000452,-0.000022,-0.001200,-0.002359,-0.002582,-0.001774,-0.000990,-0.000660,-0.000362,-0.000118,-0.000104,-0.000171,-0.000228,-0.000341,-0.000359,-0.000174,0.000134,0.000284,0.000212,0.000223,0.000506,0.001079,0.001479,0.001108,0.000847,0.001655,0.002447,0.001938,0.000687,0.000075,0.000064,-0.000016,-0.000271,-0.000396,-0.000210,-0.000053,-0.000099,-0.000297,-0.000407,-0.000260,0.000049,0.000311,0.000394,0.000417,0.000290,-0.000001,-0.000098,0.000110,0.000306,-0.000173,-0.001146,-0.001696,-0.001473,-0.001143,-0.000958,-0.000444,-0.000083,-0.000185,-0.000118,0.000006,-0.000073,-0.000187,-0.000243,-0.000273,-0.000303,-0.000330,-0.000210,-0.000063,-0.000065,-0.000087,-0.000014,0.000138,0.000198,0.000106,0.000025,-0.000005,0.000023,0.000074,0.000099,0.000079,0.000127,0.000182,0.000119,0.000082,0.000025,-0.000061,-0.000095,-0.000006,0.000088,0.000103,0.000128,0.000092,0.000079,-0.000042,-0.000262,-0.000286,-0.000172,-0.000110,0.000023,0.000178,0.000222,0.000110,
0.006461,0.001785,-0.007106,-0.008011,-0.003531,-0.000578,-0.001931,-0.005109,-0.006008,-0.003948,-0.002125,-0.001825,-0.001565,-0.001128,-0.000804,-0.001065,-0.001505,-0.001042,-0.000059,0.000295,-0.000049,-0.000312,-0.000486,-0.000852,-0.000938,-0.000510,0.000120,0.000630,0.000728,0.000427,0.000177,0.000126,0.000044,0.000066,0.000302,0.000654,0.000934,0.000853,0.000701,0.000595,0.000287,-0.000029,-0.000285,-0.000471,-0.000449,-0.000388,-0.000285,-0.000208,-0.000273,-0.000387,-0.000469,-0.000517,-0.000521,-0.000289,-0.000016,-0.000043,-0.000415,-0.000671,-0.000207,0.000546,0.000645,0.000078,-0.000253,0.000033,0.000272,0.000260,0.000373,0.000650,0.000668,0.000227,-0.000161,-0.000236,-0.000245,-0.000157,-0.000071,-0.000013,0.000134,0.000086,-0.000141,-0.000231,-0.000151,0.000088,0.000401,0.000923,0.001663,0.002135,0.001514,-0.000290,-0.001921,-0.002113,-0.001488,-0.000888,-0.000334,-0.000256,-0.000481,-0.000402,-0.000152,-0.000158,-0.000165,-0.000053,0.000083,0.000151,0.000096,0.000124,0.000188,0.000152,0.000105,0.000054,0.000044,0.000121,0.000167,0.000158,0.000157,0.000209,0.000216,0.000090,-0.000098,-0.000175,-0.000148,-0.000089,0.000013,0.000062,0.000077,0.000117,0.000128,0.000089,-0.000007,-0.000114,-0.000052,0.000041,0.000035,0.000044,0.000109,0.000110,0.000126,0.000189,0.000221,0.000212,0.021472,0.011126,0.009692,0.012439,0.013619,0.010770,0.004750,0.000156,0.000625,0.003151,0.003616,0.002772,0.002457,0.002522,0.002293,0.001682,0.001300,0.001505,0.001759,0.001559,0.001030,0.000249,-0.000651,-0.000732,0.000258,0.001385,0.001766,0.001110,0.000078,-0.000615,-0.000604,-0.000374,-0.000406,-0.000340,-0.000007,0.000251,0.000216,-0.000251,-0.001218,-0.002308,-0.002588,-0.001871,-0.001012,-0.000543,-0.000184,-0.000063,-0.000229,-0.000416,-0.000429,-0.000412,-0.000344,-0.000221,-0.000100,0.000028,0.000023,-0.000030,0.000284,0.000913,0.001319,0.001068,0.000720,0.001227,0.002010,0.001852,0.000835,-0.000029,-0.000278,-0.000218,-0.000253,-0.000346,-0.000270,-0.000016,0.000049,-0.000247,-0.000423,-0.000369,-0.000147,0.000196,0.000442,0.000386,0.000054,-0.000166,-0.000006,0.000320,0.000307,-0.000361,-0.001271,-0.001744,-0.001572,-0.001176,-0.000789,-0.000226,0.000115,-0.000044,-0.000047,0.000140,0.000033,-0.000249,-0.000374,-0.000308,-0.000173,-0.000117,-0.000155,-0.000175,-0.000153,-0.000120,0.000005,0.000073,0.000065,0.000094,0.000094,0.000004,-0.000092,-0.000067,0.000027,0.000099,0.000161,0.000174,0.000074,0.000017,0.000049,0.000088,0.000086,0.000090,0.000135,0.000079,0.000063,0.000110,0.000112,-0.000053,-0.000155,-0.000166,-0.000134,-0.000141,-0.000069,0.000156,0.000155,0.000129,
0.006105,0.001484,-0.007108,-0.007939,-0.003389,-0.000345,-0.001765,-0.004914,-0.005795,-0.003814,-0.001935,-0.001648,-0.001657,-0.001617,-0.001466,-0.001292,-0.001230,-0.000734,0.000202,0.000529,0.000117,-0.000186,-0.000458,-0.000913,-0.000889,-0.000343,0.000187,0.000701,0.000858,0.000465,0.000008,-0.000057,-0.000077,-0.000045,0.000338,0.000694,0.000740,0.000639,0.000495,0.000397,0.000093,-0.000276,-0.000401,-0.000381,-0.000454,-0.000541,-0.000434,-0.000342,-0.000396,-0.000317,-0.000340,-0.000483,-0.000399,-0.000187,-0.000077,-0.000208,-0.000482,-0.000594,-0.000285,0.000308,0.000466,0.000035,0.000027,0.000653,0.000954,0.000638,0.000480,0.000644,0.000507,0.000068,-0.000286,-0.000339,-0.000058,0.000126,0.000028,-0.000022,0.000001,-0.000062,-0.000163,-0.000151,-0.000052,0.000129,0.000489,0.001074,0.001771,0.002194,0.001457,-0.000392,-0.001836,-0.002029,-0.001598,-0.001036,-0.000404,-0.000215,-0.000415,-0.000441,-0.000169,0.000016,0.000066,0.000123,0.000075,0.000016,0.000074,0.000145,0.000177,0.000163,0.000134,0.000082,0.000008,-0.000014,0.000076,0.000203,0.000185,0.000113,0.000088,0.000035,-0.000025,-0.000072,-0.000176,-0.000238,-0.000159,-0.000008,0.000078,0.000106,0.000134,0.000050,-0.000058,-0.000066,-0.000033,-0.000060,-0.000040,0.000039,-0.000023,-0.000039,0.000097,0.000156,0.000173,0.000251,0.021978,0.011601,0.010106,0.012624,0.013565,0.010652,0.004703,0.000188,0.000574,0.003059,0.003450,0.002314,0.001607,0.001625,0.001835,0.001569,0.001384,0.001615,0.001680,0.001470,0.001082,0.000418,-0.000413,-0.000501,0.000398,0.001473,0.001828,0.001296,0.000234,-0.000675,-0.000813,-0.000518,-0.000341,-0.000340,-0.000196,0.000102,0.000279,-0.000108,-0.001242,-0.002322,-0.002421,-0.001681,-0.001031,-0.000690,-0.000270,-0.000042,-0.000210,-0.000350,-0.000335,-0.000278,-0.000285,-0.000166,0.000014,0.000136,0.000141,0.000100,0.000359,0.001003,0.001412,0.001100,0.000848,0.001567,0.002177,0.001538,0.000384,-0.000227,-0.000301,-0.000183,-0.000178,-0.000217,-0.000128,-0.000112,-0.000256,-0.000466,-0.000588,-0.000461,-0.000112,0.000261,0.000457,0.000346,0.000134,0.000040,0.000034,0.000086,0.000100,-0.000371,-0.001238,-0.001782,-0.001692,-0.001330,-0.000932,-0.000393,-0.000023,-0.000040,0.000041,0.000135,0.000063,-0.000101,-0.000344,-0.000357,-0.000274,-0.000259,-0.000172,-0.000062,-0.000195,-0.000283,-0.000142,-0.000032,0.000075,0.000125,0.000078,0.000072,0.000097,0.000091,0.000211,0.000338,0.000325,0.000257,0.000123,0.000059,0.000090,-0.000037,-0.000103,0.000024,0.000137,0.000141,0.000152,0.000149,0.000047,-0.000099,-0.000180,-0.000137,-0.000072,-0.000067,0.000001,0.000112,0.000082,0.000082,
0.004619,0.000208,-0.007966,-0.008515,-0.003707,-0.000490,-0.001860,-0.005016,-0.005966,-0.003981,-0.001876,-0.001327,-0.001209,-0.001362,-0.001693,-0.001610,-0.001224,-0.000489,0.000404,0.000664,0.000281,-0.000198,-0.000465,-0.000696,-0.000750,-0.000357,0.000346,0.000991,0.001062,0.000555,0.000044,-0.000049,0.000001,0.000086,0.000335,0.000557,0.000551,0.000436,0.000494,0.000596,0.000241,-0.000237,-0.000396,-0.000433,-0.000547,-0.000533,-0.000332,-0.000174,-0.000173,-0.000214,-0.000379,-0.000489,-0.000360,-0.000210,-0.000175,-0.000281,-0.000529,-0.000534,-0.000127,0.000362,0.000330,-0.000361,-0.000599,0.000176,0.000761,0.000466,0.000168,0.000361,0.000459,0.000248,-0.000079,-0.000152,0.000029,0.000066,-0.000037,-0.000029,0.000023,-0.000060,-0.000205,-0.000224,-0.000160,-0.000014,0.000326,0.000932,0.001685,0.002052,0.001308,-0.000476,-0.001879,-0.002008,-0.001524,-0.000957,-0.000414,-0.000232,-0.000370,-0.000349,-0.000156,0.000018,0.000196,0.000278,0.000224,0.000215,0.000111,0.000116,0.000210,0.000173,0.000155,0.000199,0.000202,0.000224,0.000319,0.000355,0.000290,0.000178,0.000035,0.000002,0.000081,0.000052,-0.000044,-0.000033,0.000113,0.000172,0.000211,0.000222,0.000156,0.000058,-0.000045,-0.000094,-0.000051,0.000048,0.000098,0.000111,0.000030,-0.000116,-0.000029,0.000108,0.000020,0.000050,0.022386,0.011717,0.009877,0.012244,0.013336,0.010605,0.004655,0.000162,0.000660,0.003164,0.003555,0.002347,0.001346,0.000999,0.001275,0.001473,0.001473,0.001578,0.001648,0.001518,0.001198,0.000563,-0.000323,-0.000522,0.000356,0.001443,0.001784,0.001235,0.000191,-0.000642,-0.000637,-0.000326,-0.000299,-0.000314,-0.000120,0.000222,0.000310,-0.000215,-0.001261,-0.002261,-0.002472,-0.001766,-0.001055,-0.000722,-0.000435,-0.000208,-0.000161,-0.000239,-0.000227,-0.000269,-0.000282,-0.000189,-0.000091,0.000055,-0.000011,-0.000105,0.000235,0.000945,0.001372,0.000952,0.000522,0.001244,0.002202,0.001813,0.000549,-0.000368,-0.000527,-0.000290,-0.000295,-0.000387,-0.000289,-0.000200,-0.000196,-0.000309,-0.000463,-0.000364,-0.000102,0.000147,0.000333,0.000265,0.000022,-0.000073,0.000002,0.000216,0.000260,-0.000312,-0.001288,-0.001837,-0.001670,-0.001233,-0.000790,-0.000201,0.000031,-0.000164,-0.000143,0.000175,0.000320,0.000198,-0.000022,-0.000140,-0.000177,-0.000161,-0.000063,-0.000101,-0.000150,-0.000132,-0.000030,0.000075,0.000126,0.000114,0.000077,0.000090,0.000096,0.000106,0.000127,0.000101,0.000111,0.000152,0.000117,0.000061,-0.000014,-0.000091,-0.000096,-0.000053,-0.000049,0.000040,0.000144,0.000134,0.000033,-0.000138,-0.000220,-0.000216,-0.000166,-0.000056,0.000081,0.000123,0.000022,0.000040,
0.003656,-0.000540,-0.008337,-0.008518,-0.003566,-0.000277,-0.001763,-0.005128,-0.006004,-0.003866,-0.001672,-0.000947,-0.000756,-0.001031,-0.001581,-0.001757,-0.001347,-0.000411,0.000553,0.000739,0.000265,-0.000175,-0.000498,-0.000987,-0.001073,-0.000516,0.000109,0.000555,0.000701,0.000451,0.000057,-0.000128,-0.000181,0.000024,0.000420,0.000682,0.000752,0.000717,0.000661,0.000556,0.000206,-0.000227,-0.000374,-0.000267,-0.000274,-0.000323,-0.000312,-0.000249,-0.000262,-0.000387,-0.000432,-0.000415,-0.000306,-0.000167,-0.000115,-0.000218,-0.000481,-0.000662,-0.000390,0.000228,0.000506,0.000194,0.000101,0.000548,0.000761,0.000629,0.000611,0.000797,0.000671,0.000203,-0.000193,-0.000292,-0.000183,-0.000169,-0.000210,-0.000060,0.000044,-0.000134,-0.000235,-0.000126,0.000067,0.000162,0.000350,0.000897,0.001770,0.002334,0.001539,-0.000406,-0.001881,-0.002014,-0.001538,-0.000954,-0.000285,-0.000160,-0.000346,-0.000305,-0.000226,-0.000178,-0.000054,0.000013,-0.000002,-0.000045,-0.000006,0.000068,0.000139,0.000123,0.000004,-0.000076,-0.000041,0.000040,0.000084,0.000108,0.000112,0.000092,0.000125,0.000161,0.000076,-0.000091,-0.000130,-0.000031,0.000049,0.000095,0.000135,0.000148,0.000082,0.000113,0.000057,0.000003,0.000030,-0.000012,0.000018,0.000121,0.000078,-0.000064,-0.000010,0.000152,0.000149,0.000115,0.022851,0.012086,0.009987,0.012308,0.013372,0.010614,0.004690,0.000142,0.000618,0.003175,0.003558,0.002398,0.001286,0.000622,0.000875,0.001399,0.001637,0.001765,0.001789,0.001573,0.001180,0.000523,-0.000288,-0.000334,0.000584,0.001621,0.001973,0.001526,0.000518,-0.000403,-0.000625,-0.000390,-0.000296,-0.000321,-0.000228,0.000041,0.000248,-0.000192,-0.001294,-0.002320,-0.002419,-0.001670,-0.001060,-0.000728,-0.000384,-0.000131,-0.000194,-0.000395,-0.000450,-0.000513,-0.000467,-0.000225,-0.000060,0.000005,0.000082,0.000086,0.000289,0.000827,0.001226,0.000948,0.000776,0.001448,0.001922,0.001373,0.000536,0.000140,-0.000045,-0.000168,-0.000259,-0.000337,-0.000330,-0.000251,-0.000143,-0.000177,-0.000299,-0.000134,0.000085,0.000286,0.000422,0.000362,0.000144,0.000034,0.000047,0.000159,0.000298,-0.000192,-0.001222,-0.001872,-0.001702,-0.001329,-0.000950,-0.000295,-0.000002,-0.000106,-0.000010,0.000139,0.000099,-0.000066,-0.000257,-0.000340,-0.000320,-0.000256,-0.000174,-0.000157,-0.000141,-0.000098,-0.000037,0.000050,0.000087,0.000172,0.000192,0.000078,0.000136,0.000214,0.000194,0.000129,0.000105,0.000134,0.000090,0.000074,0.000086,0.000069,0.000033,0.000042,0.000177,0.000228,0.000186,0.000134,0.000040,-0.000156,-0.000312,-0.000364,-0.000321,-0.000213,-0.000057,0.000155,0.000165,0.000114,
0.002507,-0.001338,-0.008597,-0.008711,-0.003857,-0.000374,-0.001730,-0.005094,-0.006028,-0.003931,-0.001803,-0.000970,-0.000380,-0.000550,-0.001448,-0.001888,-0.001534,-0.000553,0.000491,0.000733,0.000292,-0.000081,-0.000336,-0.000728,-0.000893,-0.000544,-0.000018,0.000376,0.000482,0.000209,-0.000126,-0.000182,-0.000078,0.000096,0.000406,0.000630,0.000726,0.000705,0.000545,0.000351,0.000059,-0.000246,-0.000407,-0.000372,-0.000385,-0.000439,-0.000478,-0.000460,-0.000383,-0.000433,-0.000476,-0.000500,-0.000483,-0.000352,-0.000176,-0.000214,-0.000511,-0.000623,-0.000180,0.000416,0.000400,-0.000168,-0.000269,0.000264,0.000471,0.000262,0.000322,0.000706,0.000691,0.000274,-0.000128,-0.000232,-0.000141,-0.000087,-0.000023,0.000066,0.000079,-0.000100,-0.000289,-0.000228,-0.000025,0.000188,0.000413,0.000881,0.001605,0.002202,0.001605,-0.000303,-0.001809,-0.001966,-0.001518,-0.000899,-0.000262,-0.000182,-0.000341,-0.000230,-0.000032,0.000075,0.000050,0.000013,0.000050,0.000059,0.000024,0.000032,0.000171,0.000268,0.000163,0.000012,0.000017,0.000123,0.000223,0.000176,0.000092,0.000155,0.000203,0.000173,0.000133,-0.000068,-0.000172,-0.000061,0.000014,0.000001,0.000042,0.000140,0.000256,0.000189,0.000025,-0.000013,0.000016,0.000095,0.000057,-0.000070,-0.000098,-0.000031,0.000120,0.000264,0.000233,0.000194,0.022914,0.012222,0.009993,0.012229,0.013310,0.010542,0.004555,0.000104,0.000634,0.003155,0.003776,0.002857,0.001572,0.000407,0.000397,0.001232,0.001789,0.002061,0.002030,0.001676,0.001206,0.000516,-0.000274,-0.000381,0.000452,0.001490,0.001882,0.001410,0.000418,-0.000398,-0.000661,-0.000386,-0.000147,-0.000168,-0.000019,0.000286,0.000360,-0.000186,-0.001237,-0.002315,-0.002495,-0.001705,-0.000984,-0.000655,-0.000368,-0.000121,-0.000081,-0.000253,-0.000402,-0.000441,-0.000403,-0.000244,-0.000089,0.000080,0.000062,0.000022,0.000359,0.001048,0.001562,0.001214,0.000759,0.001523,0.002339,0.001591,0.000154,-0.000420,-0.000310,-0.000244,-0.000391,-0.000484,-0.000403,-0.000194,-0.000126,-0.000300,-0.000443,-0.000362,-0.000110,0.000163,0.000219,0.000179,0.000098,-0.000034,0.000012,0.000191,0.000239,-0.000291,-0.001188,-0.001804,-0.001747,-0.001323,-0.000951,-0.000392,0.000012,-0.000031,0.000017,0.000254,0.000183,-0.000091,-0.000246,-0.000265,-0.000301,-0.000297,-0.000175,-0.000045,-0.000117,-0.000144,-0.000011,0.000077,0.000075,0.000118,0.000151,0.000043,-0.000012,0.000167,0.000242,0.000205,0.000196,0.000222,0.000156,0.000055,-0.000049,-0.000153,-0.000127,-0.000034,0.000010,0.000029,0.000087,0.000129,0.000043,-0.000078,-0.000146,-0.000217,-0.000259,-0.000182,-0.000001,0.000160,0.000182,0.000107,
0.002443,-0.001644,-0.008547,-0.008387,-0.003359,0.000105,-0.001494,-0.005074,-0.006052,-0.003888,-0.001888,-0.001013,-0.000066,-0.000152,-0.001265,-0.002046,-0.001810,-0.000657,0.000477,0.000682,0.000248,-0.000194,-0.000613,-0.000921,-0.000912,-0.000476,0.000117,0.000502,0.000512,0.000095,-0.000217,-0.000070,0.000185,0.000373,0.000539,0.000708,0.000747,0.000623,0.000446,0.000239,-0.000126,-0.000376,-0.000314,-0.000270,-0.000310,-0.000379,-0.000328,-0.000256,-0.000305,-0.000365,-0.000467,-0.000439,-0.000331,-0.000229,-0.000149,-0.000289,-0.000588,-0.000703,-0.000230,0.000467,0.000628,0.000113,0.000021,0.000646,0.001021,0.000918,0.000842,0.000860,0.000607,0.000128,-0.000331,-0.000491,-0.000256,-0.000117,-0.000035,0.000180,0.000249,0.000078,-0.000187,-0.000353,-0.000214,0.000072,0.000368,0.000909,0.001713,0.002202,0.001462,-0.000444,-0.001917,-0.002047,-0.001519,-0.000961,-0.000386,-0.000270,-0.000482,-0.000434,-0.000146,-0.000022,0.000019,0.000032,-0.000151,-0.000191,-0.000103,0.000021,0.000213,0.000193,0.000092,0.000107,0.000077,0.000043,0.000086,0.000176,0.000295,0.000184,0.000044,0.000015,-0.000037,-0.000059,-0.000071,0.000015,0.000111,-0.000010,-0.000045,0.000124,0.000121,0.000044,-0.000045,0.000036,0.000098,0.000052,-0.000038,-0.000058,-0.000003,0.000024,0.000137,0.000202,0.000157,0.000095,0.022824,0.012429,0.010418,0.012390,0.013222,0.010445,0.004771,0.000508,0.000956,0.003557,0.004208,0.003273,0.002147,0.000800,0.000436,0.001156,0.001863,0.002098,0.001998,0.001659,0.001205,0.000648,-0.000188,-0.000372,0.000441,0.001444,0.001972,0.001558,0.000477,-0.000343,-0.000451,-0.000078,0.000130,-0.000113,-0.000280,0.000068,0.000277,-0.000193,-0.001190,-0.002261,-0.002521,-0.001785,-0.000980,-0.000594,-0.000332,-0.000098,-0.000041,-0.000218,-0.000389,-0.000333,-0.000186,-0.000101,-0.000046,0.000024,0.000120,0.000252,0.000534,0.000925,0.001276,0.000972,0.000593,0.001388,0.002221,0.001664,0.000524,-0.000024,-0.000085,-0.000067,-0.000209,-0.000412,-0.000473,-0.000264,-0.000221,-0.000466,-0.000538,-0.000409,-0.000172,0.000263,0.000543,0.000392,0.000035,-0.000123,-0.000003,0.000243,0.000256,-0.000289,-0.001209,-0.001819,-0.001715,-0.001322,-0.000945,-0.000352,-0.000020,-0.000181,-0.000004,0.000297,0.000099,-0.000215,-0.000271,-0.000231,-0.000291,-0.000320,-0.000288,-0.000190,-0.000097,-0.000139,-0.000090,0.000016,0.000037,0.000160,0.000181,0.000021,0.000065,0.000218,0.000256,0.000251,0.000294,0.000252,0.000208,0.000055,-0.000106,-0.000053,0.000005,0.000003,0.000025,-0.000010,-0.000058,0.000020,0.000011,-0.000123,-0.000167,-0.000194,-0.000154,-0.000066,-0.000008,0.000058,0.000090,0.000014,
0.001361,-0.002348,-0.008849,-0.008498,-0.003459,-0.000087,-0.001828,-0.005433,-0.006191,-0.003994,-0.002128,-0.001340,-0.000283,-0.000056,-0.001087,-0.002021,-0.001892,-0.000819,0.000367,0.000587,0.000093,-0.000207,-0.000462,-0.000849,-0.000951,-0.000555,-0.000039,0.000419,0.000630,0.000337,-0.000148,-0.000304,-0.000264,-0.000171,0.000166,0.000464,0.000581,0.000615,0.000546,0.000358,0.000003,-0.000255,-0.000350,-0.000516,-0.000654,-0.000578,-0.000433,-0.000344,-0.000279,-0.000224,-0.000225,-0.000375,-0.000429,-0.000323,-0.000173,-0.000222,-0.000550,-0.000637,-0.000118,0.000537,0.000675,0.000100,-0.000295,0.000202,0.000747,0.000640,0.000519,0.000812,0.000901,0.000404,-0.000118,-0.000193,0.000011,0.000117,0.000079,0.000108,0.000185,-0.000008,-0.000342,-0.000323,-0.000005,0.000277,0.000469,0.000887,0.001652,0.002250,0.001637,-0.000227,-0.001722,-0.002055,-0.001609,-0.000905,-0.000352,-0.000230,-0.000429,-0.000423,-0.000206,-0.000009,0.000026,-0.000042,-0.000032,-0.000003,-0.000049,0.000007,0.000166,0.000227,0.000169,0.000110,0.000088,0.000099,0.000260,0.000273,0.000184,0.000285,0.000303,0.000121,-0.000050,-0.000088,-0.000104,-0.000024,0.000060,0.000087,0.000104,0.000116,0.000173,0.000157,0.000032,-0.000063,0.000027,0.000211,0.000226,0.000119,0.000006,-0.000059,-0.000014,0.000114,0.000249,0.000264,0.022925,0.012351,0.010168,0.012162,0.013136,0.010375,0.004645,0.000464,0.000977,0.003543,0.004241,0.003418,0.002245,0.000907,0.000431,0.001015,0.001797,0.002102,0.001992,0.001726,0.001360,0.000732,-0.000092,-0.000420,0.000340,0.001559,0.002120,0.001600,0.000541,-0.000368,-0.000689,-0.000470,-0.000297,-0.000301,-0.000120,0.000195,0.000323,-0.000170,-0.001302,-0.002328,-0.002480,-0.001850,-0.001189,-0.000779,-0.000397,-0.000178,-0.000161,-0.000311,-0.000438,-0.000426,-0.000350,-0.000204,-0.000012,0.000154,0.000230,0.000180,0.000284,0.000864,0.001415,0.001178,0.000778,0.001443,0.002349,0.002036,0.000951,0.000225,0.000076,0.000049,-0.000202,-0.000322,-0.000135,0.000005,-0.000067,-0.000316,-0.000444,-0.000289,-0.000026,0.000200,0.000258,0.000185,0.000011,-0.000162,-0.000124,0.000143,0.000180,-0.000335,-0.001119,-0.001699,-0.001634,-0.001193,-0.000844,-0.000331,0.000025,-0.000111,-0.000037,0.000175,0.000047,-0.000172,-0.000310,-0.000351,-0.000326,-0.000272,-0.000196,-0.000103,-0.000061,-0.000059,0.000088,0.000226,0.000257,0.000262,0.000200,0.000122,0.000055,0.000160,0.000247,0.000147,0.000028,0.000091,0.000220,0.000179,0.000068,0.000019,-0.000013,-0.000024,0.000034,0.000026,0.000040,0.000056,-0.000042,-0.000178,-0.000309,-0.000324,-0.000232,-0.000108,0.000038,0.000138,0.000224,0.000167,
0.000654,-0.002927,-0.009364,-0.008875,-0.003727,-0.000132,-0.001770,-0.005513,-0.006363,-0.004207,-0.002334,-0.001490,-0.000387,-0.000089,-0.001060,-0.002071,-0.001986,-0.000892,0.000229,0.000542,0.000246,-0.000107,-0.000496,-0.000961,-0.001030,-0.000604,0.000004,0.000569,0.000728,0.000484,0.000069,-0.000233,-0.000236,0.000014,0.000309,0.000645,0.000777,0.000679,0.000575,0.000355,-0.000006,-0.000314,-0.000468,-0.000582,-0.000705,-0.000594,-0.000291,-0.000167,-0.000145,-0.000215,-0.000389,-0.000426,-0.000392,-0.000226,-0.000082,-0.000170,-0.000508,-0.000681,-0.000272,0.000302,0.000558,0.000284,0.000194,0.000634,0.000740,0.000429,0.000356,0.000617,0.000601,0.000196,-0.000203,-0.000330,-0.000217,-0.000194,-0.000285,-0.000136,0.000033,-0.000099,-0.000251,-0.000238,-0.000133,0.000025,0.000275,0.000764,0.001594,0.002215,0.001571,-0.000355,-0.001922,-0.002156,-0.001619,-0.000954,-0.000367,-0.000178,-0.000336,-0.000324,-0.000147,-0.000081,-0.000068,-0.000065,-0.000021,-0.000007,-0.000027,0.000061,0.000218,0.000292,0.000246,0.000179,0.000076,0.000057,0.000208,0.000371,0.000292,0.000187,0.000239,0.000275,0.000076,-0.000058,-0.000098,-0.000183,-0.000115,0.000043,0.000122,0.000126,0.000036,0.000089,0.000053,-0.000021,-0.000038,0.000007,0.000048,0.000013,-0.000057,-0.000153,-0.000018,0.000194,0.000201,0.000165,0.022956,0.012225,0.009885,0.011990,0.013117,0.010426,0.004742,0.000555,0.000993,0.003428,0.004260,0.003655,0.002551,0.001096,0.000372,0.000785,0.001622,0.002055,0.002023,0.001791,0.001446,0.000837,-0.000120,-0.000402,0.000459,0.001541,0.001996,0.001625,0.000512,-0.000576,-0.000761,-0.000483,-0.000474,-0.000533,-0.000301,0.000099,0.000169,-0.000348,-0.001399,-0.002482,-0.002644,-0.001839,-0.001132,-0.000769,-0.000349,-0.000069,-0.000155,-0.000297,-0.000295,-0.000366,-0.000491,-0.000371,-0.000146,0.000004,0.000042,0.000038,0.000324,0.000934,0.001394,0.001028,0.000707,0.001412,0.002022,0.001440,0.000309,-0.000211,-0.000124,-0.000030,-0.000104,-0.000234,-0.000180,-0.000044,-0.000196,-0.000513,-0.000642,-0.000444,-0.000129,0.000189,0.000365,0.000276,0.000038,-0.000112,-0.000089,0.000123,0.000165,-0.000343,-0.001218,-0.001717,-0.001592,-0.001216,-0.000888,-0.000363,0.000037,-0.000076,-0.000061,0.000084,0.000066,-0.000002,-0.000030,-0.000059,-0.000199,-0.000378,-0.000327,-0.000157,-0.000100,-0.000166,-0.000073,0.000072,0.000144,0.000252,0.000178,-0.000000,0.000043,0.000163,0.000164,0.000171,0.000179,0.000138,0.000042,0.000013,0.000009,-0.000068,-0.000154,-0.000041,0.000116,0.000101,0.000169,0.000206,0.000104,-0.000011,-0.000023,-0.000016,-0.000130,-0.000237,-0.000162,0.000001,0.000157,0.000210,
0.000283,-0.003084,-0.009383,-0.008929,-0.003793,-0.000449,-0.002070,-0.005466,-0.006297,-0.004306,-0.002560,-0.001800,-0.000624,-0.000072,-0.000920,-0.001925,-0.001866,-0.000777,0.000228,0.000441,0.000090,-0.000259,-0.000514,-0.000822,-0.000887,-0.000501,0.000067,0.000635,0.000954,0.000676,-0.000037,-0.000365,-0.000281,-0.000091,0.000251,0.000478,0.000479,0.000477,0.000476,0.000364,0.000075,-0.000288,-0.000426,-0.000477,-0.000515,-0.000495,-0.000361,-0.000236,-0.000284,-0.000272,-0.000383,-0.000502,-0.000356,-0.000201,-0.000086,-0.000169,-0.000554,-0.000708,-0.000245,0.000374,0.000318,-0.000321,-0.000448,0.000270,0.000715,0.000329,0.000048,0.000312,0.000461,0.000153,-0.000205,-0.000189,0.000050,0.000060,-0.000040,0.000024,0.000157,0.000010,-0.000243,-0.000265,-0.000050,0.000229,0.000535,0.000923,0.001553,0.001967,0.001390,-0.000320,-0.001810,-0.001976,-0.001461,-0.000848,-0.000268,-0.000126,-0.000432,-0.000459,-0.000175,-0.000022,0.000012,0.000089,0.000159,0.000169,0.000082,-0.000006,0.000037,0.000160,0.000203,0.000167,0.000031,0.000043,0.000152,0.000229,0.000217,0.000178,0.000206,0.000176,0.000049,-0.000080,-0.000112,-0.000030,0.000021,-0.000017,0.000084,0.000195,0.000221,0.000159,0.000076,0.000093,0.000143,0.000130,0.000113,0.000097,-0.000011,-0.000102,-0.000067,0.000055,0.000085,0.000161,0.022964,0.012116,0.009780,0.011789,0.012924,0.010286,0.004539,0.000328,0.000832,0.003382,0.004222,0.003643,0.002667,0.001222,0.000251,0.000494,0.001291,0.001799,0.001877,0.001753,0.001400,0.000768,-0.000102,-0.000331,0.000402,0.001409,0.002009,0.001711,0.000615,-0.000413,-0.000630,-0.000379,-0.000354,-0.000434,-0.000215,0.000099,0.000126,-0.000384,-0.001356,-0.002269,-0.002450,-0.001825,-0.001185,-0.000789,-0.000384,-0.000066,-0.000110,-0.000280,-0.000216,-0.000257,-0.000386,-0.000322,-0.000101,0.000101,0.000136,0.000113,0.000323,0.000883,0.001264,0.000905,0.000638,0.001508,0.002367,0.001868,0.000714,0.000026,-0.000063,0.000016,-0.000078,-0.000255,-0.000355,-0.000396,-0.000334,-0.000348,-0.000482,-0.000434,-0.000139,0.000151,0.000285,0.000181,-0.000012,-0.000123,0.000022,0.000185,0.000104,-0.000393,-0.001220,-0.001746,-0.001586,-0.001217,-0.000875,-0.000446,-0.000208,-0.000202,-0.000061,0.000227,0.000303,0.000092,-0.000120,-0.000197,-0.000242,-0.000233,-0.000137,-0.000074,-0.000092,-0.000055,0.000040,0.000063,0.000094,0.000199,0.000235,0.000052,-0.000086,0.000042,0.000195,0.000114,0.000107,0.000191,0.000100,0.000061,0.000074,-0.000006,-0.000081,-0.000077,0.000004,0.000061,0.000102,0.000017,-0.000089,-0.000098,-0.000083,-0.000140,-0.000142,-0.000014,0.000062,0.000119,0.000134,0.000047,
0.000906,-0.002808,-0.009125,-0.008642,-0.003577,-0.000140,-0.001845,-0.005552,-0.006434,-0.004156,-0.002265,-0.001632,-0.000557,0.000058,-0.000804,-0.001879,-0.001731,-0.000570,0.000399,0.000460,0.000020,-0.000167,-0.000363,-0.000928,-0.001124,-0.000735,-0.000005,0.000675,0.000938,0.000644,0.000150,-0.000215,-0.000300,-0.000218,0.000152,0.000564,0.000725,0.000733,0.000622,0.000340,-0.000019,-0.000387,-0.000484,-0.000457,-0.000520,-0.000528,-0.000479,-0.000304,-0.000192,-0.000272,-0.000376,-0.000452,-0.000504,-0.000348,-0.000119,-0.000232,-0.000540,-0.000604,-0.000191,0.000429,0.000575,0.000078,-0.000176,0.000321,0.000877,0.000981,0.000778,0.000614,0.000445,0.000192,-0.000096,-0.000219,-0.000072,0.000028,-0.000022,0.000023,0.000081,-0.000024,-0.000178,-0.000156,0.000033,0.000240,0.000413,0.000793,0.001503,0.002061,0.001456,-0.000477,-0.001916,-0.001992,-0.001518,-0.000928,-0.000309,-0.000165,-0.000353,-0.000407,-0.000226,-0.000005,0.000159,0.000214,0.000144,0.000063,0.000073,0.000165,0.000136,0.000056,0.000090,0.000105,0.000075,0.000109,0.000205,0.000231,0.000040,0.000029,0.000171,0.000157,0.000088,-0.000038,-0.000101,-0.000012,0.000094,0.000134,0.000115,0.000145,0.000171,0.000104,0.000046,0.000118,0.000180,0.000199,0.000159,0.000019,-0.000153,-0.000149,-0.000009,0.000104,0.000087,0.000035,0.023051,0.012366,0.010145,0.012102,0.013113,0.010358,0.004694,0.000681,0.001146,0.003470,0.004221,0.003671,0.002648,0.001247,0.000425,0.000626,0.001335,0.001728,0.001771,0.001653,0.001363,0.000699,-0.000195,-0.000400,0.000398,0.001546,0.002123,0.001654,0.000556,-0.000328,-0.000594,-0.000484,-0.000376,-0.000393,-0.000242,0.000023,0.000008,-0.000531,-0.001566,-0.002471,-0.002479,-0.001672,-0.001102,-0.000810,-0.000420,-0.000144,-0.000156,-0.000310,-0.000328,-0.000224,-0.000186,-0.000176,-0.000129,0.000010,0.000026,0.000043,0.000400,0.000979,0.001411,0.001105,0.000659,0.001065,0.001622,0.001225,0.000324,-0.000284,-0.000442,-0.000425,-0.000404,-0.000444,-0.000388,-0.000222,-0.000197,-0.000374,-0.000458,-0.000380,-0.000150,0.000096,0.000301,0.000310,0.000016,-0.000221,-0.000140,0.000134,0.000173,-0.000451,-0.001291,-0.001732,-0.001605,-0.001255,-0.000873,-0.000263,0.000065,-0.000051,0.000003,0.000238,0.000179,-0.000050,-0.000171,-0.000218,-0.000163,-0.000141,-0.000116,0.000007,0.000054,0.000022,0.000107,0.000141,0.000056,0.000006,0.000047,0.000043,0.000040,0.000118,0.000120,0.000024,0.000043,0.000111,0.000085,0.000020,-0.000027,-0.000107,-0.000130,-0.000070,-0.000005,0.000111,0.000181,0.000205,0.000085,-0.000108,-0.000202,-0.000279,-0.000282,-0.000176,0.000042,0.000167,0.000131,0.000049,
0.000955,-0.002764,-0.009079,-0.008502,-0.003377,-0.000061,-0.001957,-0.005695,-0.006466,-0.004266,-0.002616,-0.002043,-0.000846,-0.000119,-0.000740,-0.001630,-0.001587,-0.000662,0.000168,0.000311,0.000053,-0.000186,-0.000469,-0.000884,-0.000941,-0.000629,-0.000145,0.000389,0.000524,0.000196,-0.000200,-0.000375,-0.000445,-0.000240,0.000215,0.000586,0.000752,0.000744,0.000615,0.000313,-0.000154,-0.000408,-0.000317,-0.000237,-0.000321,-0.000381,-0.000316,-0.000272,-0.000267,-0.000276,-0.000303,-0.000359,-0.000441,-0.000324,-0.000072,-0.000189,-0.000581,-0.000626,-0.000157,0.000454,0.000604,0.000195,0.000204,0.000560,0.000335,-0.000021,0.000258,0.000771,0.000805,0.000333,-0.000182,-0.000330,-0.000135,-0.000016,-0.000011,0.000089,0.000097,-0.000099,-0.000321,-0.000311,-0.000186,0.000052,0.000330,0.000794,0.001507,0.002011,0.001332,-0.000541,-0.002078,-0.002211,-0.001584,-0.000886,-0.000296,-0.000097,-0.000324,-0.000379,-0.000118,-0.000006,-0.000013,0.000007,0.000016,0.000032,0.000004,-0.000024,0.000056,0.000158,0.000124,-0.000009,0.000015,0.000081,0.000128,0.000082,0.000109,0.000195,0.000222,0.000148,0.000081,-0.000055,-0.000166,-0.000120,-0.000049,-0.000005,0.000006,0.000078,0.000111,0.000019,-0.000012,0.000057,0.000092,0.000013,0.000045,0.000111,0.000018,-0.000079,0.000016,0.000205,0.000165,0.000106,0.022608,0.012184,0.010028,0.011929,0.012953,0.010345,0.004849,0.000805,0.001215,0.003521,0.004138,0.003537,0.002703,0.001475,0.000573,0.000626,0.001271,0.001679,0.001731,0.001637,0.001357,0.000712,-0.000221,-0.000496,0.000305,0.001456,0.001925,0.001561,0.000611,-0.000400,-0.000772,-0.000558,-0.000392,-0.000349,-0.000130,0.000199,0.000214,-0.000404,-0.001457,-0.002421,-0.002504,-0.001592,-0.000832,-0.000668,-0.000428,-0.000091,-0.000131,-0.000359,-0.000363,-0.000350,-0.000362,-0.000259,-0.000031,0.000153,0.000227,0.000160,0.000322,0.000907,0.001385,0.001154,0.000948,0.001583,0.002083,0.001371,0.000296,-0.000207,-0.000246,-0.000190,-0.000306,-0.000437,-0.000323,-0.000130,-0.000140,-0.000294,-0.000319,-0.000234,-0.000115,0.000226,0.000514,0.000384,0.000008,-0.000256,-0.000129,0.000202,0.000205,-0.000297,-0.001109,-0.001692,-0.001585,-0.001256,-0.001050,-0.000498,-0.000049,-0.000085,-0.000012,0.000161,0.000129,-0.000001,-0.000099,-0.000248,-0.000243,-0.000203,-0.000146,-0.000026,0.000021,-0.000008,-0.000021,0.000072,0.000051,0.000053,0.000160,-0.000034,-0.000162,0.000046,0.000185,0.000086,0.000080,0.000153,0.000207,0.000194,-0.000007,-0.000093,-0.000026,-0.000061,-0.000049,-0.000024,-0.000041,0.000069,-0.000009,-0.000211,-0.000285,-0.000342,-0.000302,-0.000277,-0.000155,0.000088,0.000203,0.000141,
0.001202,-0.002631,-0.009107,-0.008562,-0.003370,-0.000055,-0.001902,-0.005621,-0.006541,-0.004492,-0.002759,-0.002062,-0.000844,-0.000053,-0.000621,-0.001498,-0.001450,-0.000425,0.000514,0.000537,0.000023,-0.000289,-0.000549,-0.001001,-0.001200,-0.000757,-0.000159,0.000238,0.000380,0.000278,0.000027,-0.000107,-0.000085,0.000085,0.000364,0.000571,0.000614,0.000582,0.000499,0.000277,-0.000082,-0.000400,-0.000511,-0.000358,-0.000326,-0.000368,-0.000280,-0.000209,-0.000168,-0.000179,-0.000294,-0.000405,-0.000300,-0.000120,-0.000027,-0.000189,-0.000525,-0.000704,-0.000261,0.000416,0.000399,-0.000193,-0.000265,0.000487,0.000924,0.000716,0.000496,0.000651,0.000690,0.000276,-0.000222,-0.000403,-0.000301,-0.000172,0.000007,0.000194,0.000319,0.000097,-0.000286,-0.000373,-0.000109,0.000289,0.000571,0.000890,0.001538,0.002036,0.001364,-0.000304,-0.001678,-0.001983,-0.001522,-0.000921,-0.000342,-0.000202,-0.000428,-0.000409,-0.000269,-0.000164,-0.000052,-0.000007,0.000038,0.000011,-0.000176,-0.000126,0.000015,0.000064,0.000088,0.000091,0.000132,0.000149,0.000138,0.000227,0.000248,0.000159,0.000195,0.000182,0.000125,0.000014,-0.000086,-0.000047,0.000086,0.000085,0.000055,0.000136,0.000177,0.000032,-0.000070,-0.000004,0.000081,0.000184,0.000176,0.000034,-0.000035,0.000051,0.000070,-0.000004,-0.000009,0.000057,0.022797,0.012205,0.009975,0.011904,0.012901,0.010324,0.005010,0.001146,0.001441,0.003537,0.004122,0.003456,0.002662,0.001637,0.000776,0.000627,0.001237,0.001826,0.001787,0.001614,0.001446,0.000742,-0.000278,-0.000504,0.000425,0.001637,0.002118,0.001647,0.000584,-0.000219,-0.000385,-0.000163,-0.000167,-0.000406,-0.000304,0.000091,0.000264,-0.000251,-0.001411,-0.002490,-0.002558,-0.001771,-0.001072,-0.000716,-0.000380,-0.000120,-0.000193,-0.000320,-0.000331,-0.000353,-0.000371,-0.000216,-0.000074,-0.000098,-0.000078,0.000068,0.000362,0.000893,0.001347,0.000974,0.000644,0.001442,0.002167,0.001517,0.000347,-0.000228,-0.000173,-0.000004,-0.000248,-0.000559,-0.000450,-0.000209,-0.000138,-0.000261,-0.000291,-0.000178,-0.000048,0.000211,0.000451,0.000373,0.000009,-0.000189,-0.000083,0.000105,0.000115,-0.000439,-0.001255,-0.001665,-0.001485,-0.001147,-0.000790,-0.000235,0.000038,-0.000054,-0.000026,0.000069,0.000041,-0.000106,-0.000182,-0.000175,-0.000307,-0.000371,-0.000268,-0.000095,0.000024,0.000017,0.000034,0.000044,0.000097,0.000221,0.000230,0.000117,0.000101,0.000143,0.000177,0.000248,0.000269,0.000175,0.000094,0.000089,-0.000013,-0.000117,-0.000124,0.000017,0.000204,0.000205,0.000188,0.000168,0.000084,-0.000052,-0.000111,-0.000045,0.000008,0.000066,0.000171,0.000265,0.000235,0.000147,
0.001397,-0.002371,-0.009066,-0.008640,-0.003461,-0.000054,-0.001948,-0.005809,-0.006713,-0.004661,-0.002858,-0.002191,-0.001138,-0.000282,-0.000539,-0.001278,-0.001304,-0.000415,0.000455,0.000461,-0.000055,-0.000435,-0.000616,-0.000943,-0.001188,-0.000924,-0.000246,0.000364,0.000521,0.000305,0.000005,-0.000163,-0.000172,-0.000078,0.000139,0.000512,0.000753,0.000708,0.000614,0.000436,0.000020,-0.000317,-0.000397,-0.000446,-0.000496,-0.000420,-0.000292,-0.000123,-0.000127,-0.000251,-0.000314,-0.000314,-0.000275,-0.000102,-0.000115,-0.000272,-0.000548,-0.000718,-0.000280,0.000471,0.000570,-0.000060,-0.000101,0.000636,0.001007,0.000789,0.000746,0.000974,0.000877,0.000348,-0.000099,-0.000161,-0.000025,0.000061,0.000138,0.000278,0.000259,-0.000015,-0.000306,-0.000254,0.000096,0.000339,0.000494,0.000863,0.001602,0.002110,0.001509,-0.000238,-0.001641,-0.001850,-0.001514,-0.000990,-0.000371,-0.000211,-0.000375,-0.000269,-0.000088,-0.000037,-0.000023,0.000104,0.000106,-0.000017,-0.000088,-0.000092,0.000006,0.000104,0.000016,-0.000072,0.000012,0.000126,0.000208,0.000221,0.000187,0.000169,0.000124,0.000149,0.000132,-0.000022,-0.000066,-0.000106,-0.000097,0.000020,0.000143,0.000159,0.000099,0.000058,0.000048,0.000046,0.000079,0.000084,0.000066,0.000056,0.000015,-0.000048,0.000062,0.000170,0.000177,0.000197,0.022801,0.012134,0.009919,0.011941,0.012964,0.010397,0.005058,0.000990,0.001311,0.003407,0.003926,0.003462,0.002821,0.001879,0.001013,0.000763,0.001292,0.001816,0.001843,0.001730,0.001472,0.000786,-0.000140,-0.000489,0.000275,0.001458,0.002025,0.001585,0.000434,-0.000524,-0.000820,-0.000532,-0.000306,-0.000302,-0.000130,0.000202,0.000315,-0.000261,-0.001271,-0.002201,-0.002358,-0.001627,-0.000967,-0.000710,-0.000378,-0.000113,-0.000222,-0.000383,-0.000366,-0.000450,-0.000495,-0.000241,0.000020,0.000134,0.000119,0.000107,0.000345,0.000868,0.001327,0.001032,0.000727,0.001493,0.002411,0.002067,0.000913,0.000325,0.000261,0.000119,-0.000118,-0.000236,-0.000147,-0.000016,-0.000026,-0.000257,-0.000481,-0.000367,-0.000107,0.000175,0.000440,0.000376,0.000022,-0.000118,-0.000075,0.000014,0.000033,-0.000365,-0.001191,-0.001815,-0.001779,-0.001342,-0.000934,-0.000353,0.000122,0.000092,0.000081,0.000283,0.000390,0.000153,-0.000112,-0.000251,-0.000250,-0.000247,-0.000222,-0.000073,-0.000035,-0.000066,0.000065,0.000093,0.000100,0.000180,0.000163,0.000116,0.000112,0.000116,0.000169,0.000196,0.000291,0.000266,0.000081,-0.000063,-0.000055,-0.000047,-0.000045,0.000019,0.000108,0.000129,0.000146,0.000163,0.000073,-0.000121,-0.000284,-0.000297,-0.000213,-0.000125,-0.000005,0.000184,0.000202,0.000077,
0.002182,-0.001749,-0.008614,-0.008209,-0.003032,0.000224,-0.001890,-0.005958,-0.006842,-0.004479,-0.002619,-0.002099,-0.001072,-0.000283,-0.000495,-0.001161,-0.001322,-0.000445,0.000454,0.000364,-0.000225,-0.000515,-0.000655,-0.001083,-0.001296,-0.000872,-0.000160,0.000498,0.000741,0.000393,-0.000112,-0.000366,-0.000416,-0.000203,0.000236,0.000633,0.000806,0.000776,0.000542,0.000130,-0.000261,-0.000492,-0.000539,-0.000470,-0.000580,-0.000539,-0.000322,-0.000275,-0.000247,-0.000347,-0.000454,-0.000467,-0.000420,-0.000266,-0.000135,-0.000292,-0.000682,-0.000743,-0.000273,0.000420,0.000597,0.000174,-0.000031,0.000329,0.000545,0.000308,0.000151,0.000356,0.000461,0.000103,-0.000268,-0.000261,-0.000080,-0.000032,-0.000111,-0.000038,0.000093,0.000015,-0.000185,-0.000328,-0.000227,0.000095,0.000428,0.000866,0.001644,0.002241,0.001618,-0.000170,-0.001727,-0.002031,-0.001597,-0.000963,-0.000358,-0.000177,-0.000378,-0.000452,-0.000223,-0.000077,-0.000063,0.000034,0.000100,0.000115,0.000072,-0.000008,-0.000009,0.000076,0.000103,0.000096,0.000052,-0.000045,0.000053,0.000213,0.000202,0.000178,0.000192,0.000125,0.000021,-0.000012,-0.000049,0.000000,0.000050,-0.000010,0.000005,0.000090,0.000214,0.000232,0.000078,0.000011,0.000060,0.000084,0.000107,0.000025,-0.000130,-0.000038,0.000137,0.000222,0.000212,0.000145,0.022729,0.012103,0.009932,0.011972,0.013180,0.010664,0.005220,0.001288,0.001583,0.003570,0.004113,0.003502,0.002780,0.001777,0.000901,0.000804,0.001451,0.001968,0.001797,0.001560,0.001383,0.000695,-0.000250,-0.000453,0.000377,0.001505,0.002037,0.001643,0.000547,-0.000494,-0.000749,-0.000445,-0.000256,-0.000334,-0.000252,0.000063,0.000145,-0.000350,-0.001410,-0.002437,-0.002571,-0.001721,-0.000999,-0.000652,-0.000261,-0.000048,-0.000139,-0.000259,-0.000238,-0.000331,-0.000420,-0.000217,-0.000023,0.000025,0.000082,0.000184,0.000343,0.000854,0.001413,0.001151,0.000792,0.001277,0.001895,0.001541,0.000546,-0.000139,-0.000225,-0.000099,-0.000110,-0.000227,-0.000235,-0.000157,-0.000160,-0.000300,-0.000384,-0.000327,-0.000029,0.000377,0.000503,0.000362,0.000000,-0.000211,-0.000031,0.000253,0.000271,-0.000344,-0.001271,-0.001797,-0.001608,-0.001161,-0.000755,-0.000238,0.000092,-0.000037,-0.000046,0.000107,0.000053,-0.000129,-0.000238,-0.000253,-0.000234,-0.000208,-0.000070,-0.000034,-0.000117,-0.000033,0.000054,0.000043,0.000031,0.000057,0.000079,0.000060,0.000027,0.000114,0.000256,0.000341,0.000311,0.000218,0.000176,0.000089,-0.000065,-0.000084,0.000026,0.000090,0.000089,0.000059,0.000112,0.000122,0.000058,-0.000013,-0.000146,-0.000317,-0.000333,-0.000198,-0.000061,0.000104,0.000089,-0.000065,
0.003104,-0.001177,-0.008252,-0.007973,-0.002790,0.000569,-0.001621,-0.005855,-0.006787,-0.004441,-0.002532,-0.001977,-0.001020,-0.000175,-0.000413,-0.001117,-0.001197,-0.000315,0.000523,0.000374,-0.000199,-0.000592,-0.000823,-0.001155,-0.001387,-0.001095,-0.000337,0.000415,0.000696,0.000438,-0.000033,-0.000264,-0.000265,-0.000206,0.000144,0.000573,0.000688,0.000694,0.000512,0.000077,-0.000286,-0.000423,-0.000391,-0.000364,-0.000437,-0.000428,-0.000306,-0.000194,-0.000208,-0.000338,-0.000465,-0.000512,-0.000342,-0.000216,-0.000146,-0.000224,-0.000439,-0.000474,-0.000103,0.000469,0.000543,0.000057,-0.000051,0.000523,0.000754,0.000443,0.000262,0.000417,0.000404,0.000140,-0.000066,-0.000081,-0.000010,0.000063,0.000019,-0.000020,0.000084,-0.000023,-0.000285,-0.000328,-0.000032,0.000191,0.000370,0.000892,0.001640,0.002132,0.001520,-0.000287,-0.001738,-0.001994,-0.001530,-0.000857,-0.000225,-0.000097,-0.000364,-0.000358,-0.000162,0.000009,0.000125,0.000045,0.000008,-0.000003,-0.000038,0.000058,0.000062,0.000049,0.000006,-0.000099,-0.000111,-0.000016,0.000115,0.000261,0.000268,0.000188,0.000201,0.000257,0.000167,0.000013,-0.000001,-0.000047,-0.000040,0.000023,0.000072,0.000182,0.000187,0.000080,0.000024,-0.000022,-0.000073,0.000014,0.000077,0.000011,-0.000098,-0.000040,0.000157,0.000256,0.000097,0.000050,0.022731,0.012078,0.010084,0.012291,0.013274,0.010654,0.005471,0.001727,0.002013,0.003754,0.004199,0.003582,0.002755,0.001900,0.001213,0.001006,0.001466,0.001827,0.001734,0.001551,0.001287,0.000542,-0.000354,-0.000507,0.000297,0.001468,0.002041,0.001637,0.000633,-0.000367,-0.000772,-0.000609,-0.000487,-0.000514,-0.000245,0.000129,0.000214,-0.000301,-0.001285,-0.002272,-0.002490,-0.001756,-0.001092,-0.000688,-0.000251,-0.000060,-0.000148,-0.000222,-0.000123,-0.000104,-0.000224,-0.000195,0.000038,0.000146,0.000054,0.000058,0.000378,0.001017,0.001408,0.000987,0.000801,0.001682,0.002399,0.001703,0.000381,-0.000210,-0.000167,-0.000058,-0.000165,-0.000327,-0.000340,-0.000149,-0.000166,-0.000470,-0.000503,-0.000413,-0.000230,0.000081,0.000300,0.000330,0.000119,-0.000046,-0.000000,0.000178,0.000142,-0.000454,-0.001257,-0.001717,-0.001536,-0.001105,-0.000769,-0.000200,0.000210,0.000086,0.000084,0.000374,0.000300,-0.000059,-0.000199,-0.000179,-0.000104,-0.000099,-0.000181,-0.000158,-0.000098,-0.000079,-0.000135,-0.000102,-0.000049,0.000003,0.000075,0.000042,0.000037,0.000074,0.000127,0.000146,0.000195,0.000173,0.000169,0.000102,-0.000004,-0.000014,0.000008,0.000001,-0.000010,-0.000004,0.000038,0.000135,0.000108,-0.000034,-0.000104,-0.000106,-0.000191,-0.000219,-0.000090,0.000094,0.000147,0.000102,
0.004084,-0.000427,-0.007838,-0.007676,-0.002331,0.000940,-0.001629,-0.006130,-0.007044,-0.004549,-0.002561,-0.001935,-0.000904,-0.000243,-0.000593,-0.001176,-0.001200,-0.000311,0.000592,0.000475,-0.000191,-0.000552,-0.000719,-0.001164,-0.001457,-0.001188,-0.000485,0.000233,0.000549,0.000396,0.000046,-0.000172,-0.000278,-0.000115,0.000311,0.000560,0.000566,0.000545,0.000464,0.000072,-0.000417,-0.000552,-0.000516,-0.000485,-0.000517,-0.000496,-0.000389,-0.000344,-0.000263,-0.000268,-0.000335,-0.000295,-0.000318,-0.000304,-0.000177,-0.000197,-0.000468,-0.000603,-0.000208,0.000406,0.000557,-0.000006,-0.000342,0.000233,0.000817,0.000702,0.000427,0.000458,0.000515,0.000231,-0.000196,-0.000240,-0.000073,0.000003,0.000050,0.000180,0.000177,-0.000028,-0.000138,-0.000206,-0.000122,0.000042,0.000309,0.000909,0.001631,0.002012,0.001270,-0.000596,-0.001996,-0.002010,-0.001476,-0.000871,-0.000225,-0.000062,-0.000359,-0.000364,-0.000105,0.000038,0.000062,0.000106,0.000187,0.000079,-0.000071,-0.000087,0.000045,0.000167,0.000061,-0.000052,-0.000047,-0.000030,0.000060,0.000128,0.000146,0.000272,0.000372,0.000299,0.000056,-0.000104,-0.000093,-0.000002,0.000127,0.000106,-0.000050,0.000006,0.000114,0.000084,0.000130,0.000117,0.000133,0.000222,0.000226,0.000127,0.000031,0.000021,0.000100,0.000222,0.000280,0.000291,0.022407,0.011999,0.010268,0.012299,0.013111,0.010661,0.005799,0.002222,0.002298,0.003826,0.004123,0.003551,0.002905,0.002080,0.001351,0.001157,0.001545,0.001935,0.001800,0.001432,0.001244,0.000650,-0.000274,-0.000495,0.000321,0.001396,0.001974,0.001736,0.000644,-0.000445,-0.000769,-0.000495,-0.000363,-0.000360,-0.000218,0.000073,0.000234,-0.000209,-0.001245,-0.002302,-0.002561,-0.001822,-0.001049,-0.000692,-0.000277,-0.000001,-0.000119,-0.000277,-0.000195,-0.000213,-0.000364,-0.000262,-0.000005,0.000177,0.000110,0.000100,0.000347,0.000838,0.001301,0.000982,0.000532,0.001087,0.001764,0.001293,0.000181,-0.000512,-0.000611,-0.000432,-0.000356,-0.000410,-0.000413,-0.000282,-0.000233,-0.000312,-0.000291,-0.000193,0.000005,0.000237,0.000307,0.000169,-0.000074,-0.000255,-0.000168,0.000037,0.000084,-0.000421,-0.001255,-0.001729,-0.001554,-0.001124,-0.000701,-0.000122,0.000086,-0.000072,0.000051,0.000242,0.000272,0.000153,-0.000012,-0.000104,-0.000170,-0.000208,-0.000131,-0.000122,-0.000173,-0.000200,-0.000084,0.000005,0.000081,0.000206,0.000189,0.000059,-0.000025,0.000018,0.000131,0.000142,0.000142,0.000171,0.000085,-0.000006,0.000001,-0.000062,-0.000054,0.000003,0.000018,0.000095,0.000150,0.000081,-0.000009,-0.000109,-0.000231,-0.000297,-0.000281,-0.000250,-0.000035,0.000118,0.000044,0.000059,
0.004183,-0.000220,-0.007773,-0.007623,-0.002284,0.000861,-0.001744,-0.006220,-0.007135,-0.004585,-0.002571,-0.001839,-0.000821,-0.000171,-0.000470,-0.001077,-0.001178,-0.000239,0.000715,0.000624,-0.000013,-0.000513,-0.000777,-0.001179,-0.001455,-0.001077,-0.000375,0.000169,0.000359,0.000240,-0.000076,-0.000317,-0.000325,-0.000164,0.000250,0.000639,0.000691,0.000590,0.000464,0.000231,-0.000139,-0.000387,-0.000437,-0.000422,-0.000472,-0.000526,-0.000373,-0.000294,-0.000446,-0.000482,-0.000435,-0.000455,-0.000457,-0.000322,-0.000167,-0.000110,-0.000371,-0.000595,-0.000211,0.000537,0.000752,0.000438,0.000432,0.000688,0.000549,0.000214,0.000352,0.000782,0.000707,0.000208,-0.000203,-0.000341,-0.000311,-0.000110,0.000052,0.000130,0.000208,0.000098,-0.000249,-0.000251,0.000071,0.000226,0.000257,0.000643,0.001501,0.002133,0.001526,-0.000311,-0.001830,-0.002049,-0.001558,-0.000903,-0.000323,-0.000149,-0.000342,-0.000440,-0.000308,-0.000097,0.000039,0.000065,0.000124,0.000080,-0.000021,0.000018,0.000143,0.000190,0.000114,0.000072,-0.000014,-0.000066,0.000038,0.000193,0.000182,0.000114,0.000094,0.000039,0.000030,0.000001,-0.000183,-0.000175,-0.000008,0.000028,-0.000017,0.000022,0.000111,0.000111,0.000058,0.000066,0.000106,0.000059,0.000080,0.000192,0.000086,-0.000088,-0.000073,0.000008,0.000133,0.000163,0.022410,0.011873,0.009979,0.012170,0.013167,0.010731,0.005773,0.002182,0.002394,0.004048,0.004311,0.003596,0.002922,0.002064,0.001254,0.001127,0.001465,0.001814,0.001739,0.001391,0.001085,0.000464,-0.000344,-0.000494,0.000236,0.001242,0.001834,0.001510,0.000443,-0.000496,-0.000807,-0.000561,-0.000300,-0.000224,0.000003,0.000250,0.000266,-0.000242,-0.001416,-0.002349,-0.002313,-0.001579,-0.001042,-0.000753,-0.000324,-0.000085,-0.000177,-0.000263,-0.000276,-0.000338,-0.000251,-0.000057,0.000061,0.000131,0.000176,0.000142,0.000328,0.000972,0.001433,0.001088,0.000823,0.001460,0.002023,0.001512,0.000516,-0.000018,-0.000155,-0.000204,-0.000404,-0.000595,-0.000552,-0.000315,-0.000149,-0.000227,-0.000326,-0.000257,-0.000040,0.000186,0.000359,0.000295,0.000050,-0.000023,0.000002,0.000158,0.000232,-0.000208,-0.001017,-0.001591,-0.001547,-0.001359,-0.001086,-0.000436,0.000015,0.000012,-0.000001,0.000211,0.000278,0.000040,-0.000235,-0.000313,-0.000176,-0.000154,-0.000189,-0.000106,-0.000088,-0.000117,-0.000083,-0.000007,0.000047,0.000097,0.000182,0.000167,0.000103,0.000210,0.000227,0.000162,0.000119,0.000025,-0.000046,-0.000013,0.000079,0.000032,0.000039,0.000051,0.000090,0.000093,0.000056,0.000023,-0.000104,-0.000137,-0.000149,-0.000156,-0.000089,-0.000043,-0.000036,0.000082,0.000191,0.000211,
0.004834,0.000301,-0.007435,-0.007407,-0.002269,0.000755,-0.001914,-0.006477,-0.007384,-0.004724,-0.002547,-0.001785,-0.000872,-0.000236,-0.000438,-0.000972,-0.001075,-0.000277,0.000595,0.000541,-0.000125,-0.000576,-0.000952,-0.001471,-0.001558,-0.001099,-0.000515,-0.000094,0.000068,-0.000051,-0.000378,-0.000537,-0.000418,-0.000153,0.000321,0.000717,0.000759,0.000691,0.000543,0.000128,-0.000388,-0.000607,-0.000512,-0.000407,-0.000407,-0.000323,-0.000173,-0.000140,-0.000226,-0.000320,-0.000384,-0.000379,-0.000258,-0.000151,-0.000061,-0.000166,-0.000495,-0.000640,-0.000279,0.000300,0.000293,-0.000221,-0.000129,0.000553,0.000855,0.000652,0.000497,0.000634,0.000575,0.000102,-0.000265,-0.000319,-0.000285,-0.000161,0.000076,0.000186,0.000136,-0.000027,-0.000314,-0.000370,-0.000145,0.000107,0.000431,0.000871,0.001481,0.001931,0.001369,-0.000387,-0.001891,-0.002040,-0.001490,-0.000906,-0.000285,-0.000032,-0.000218,-0.000233,-0.000052,0.000031,-0.000018,-0.000019,0.000061,0.000093,0.000053,0.000046,0.000112,0.000149,0.000176,0.000177,0.000035,0.000068,0.000140,0.000104,0.000144,0.000256,0.000284,0.000228,0.000110,-0.000066,-0.000144,-0.000120,0.000012,0.000105,0.000135,0.000168,0.000109,0.000039,0.000052,0.000092,0.000179,0.000276,0.000257,0.000055,-0.000125,-0.000100,-0.000029,0.000132,0.000206,0.000266,0.022217,0.011746,0.010022,0.012189,0.013045,0.010643,0.006131,0.002872,0.002991,0.004285,0.004392,0.003828,0.003054,0.002083,0.001458,0.001251,0.001411,0.001691,0.001664,0.001403,0.001193,0.000609,-0.000351,-0.000573,0.000254,0.001367,0.001815,0.001491,0.000584,-0.000373,-0.000760,-0.000475,-0.000217,-0.000290,-0.000097,0.000328,0.000416,-0.000148,-0.001283,-0.002393,-0.002513,-0.001757,-0.001051,-0.000612,-0.000187,0.000037,-0.000132,-0.000311,-0.000383,-0.000368,-0.000252,-0.000148,0.000004,0.000066,0.000049,0.000100,0.000313,0.000889,0.001381,0.001027,0.000603,0.001280,0.002052,0.001421,0.000039,-0.000449,-0.000206,-0.000110,-0.000295,-0.000499,-0.000384,-0.000091,0.000022,-0.000178,-0.000338,-0.000311,-0.000056,0.000238,0.000361,0.000267,0.000037,-0.000103,-0.000046,0.000058,0.000077,-0.000407,-0.001268,-0.001757,-0.001609,-0.001159,-0.000753,-0.000329,-0.000119,-0.000118,0.000055,0.000297,0.000259,-0.000043,-0.000261,-0.000211,-0.000149,-0.000201,-0.000212,-0.000172,-0.000087,-0.000012,0.000051,0.000068,0.000112,0.000165,0.000177,0.000072,-0.000071,-0.000035,0.000119,0.000124,0.000128,0.000167,0.000245,0.000140,-0.000113,-0.000114,-0.000010,0.000086,0.000190,0.000221,0.000181,0.000213,0.000179,-0.000041,-0.000191,-0.000180,-0.000145,-0.000113,-0.000032,0.000067,0.000121,-0.000025,
0.005375,0.000691,-0.007512,-0.007715,-0.002505,0.000619,-0.002048,-0.006579,-0.007453,-0.004816,-0.002541,-0.001631,-0.000643,-0.000069,-0.000375,-0.000940,-0.001013,-0.000230,0.000542,0.000430,-0.000204,-0.000716,-0.001041,-0.001444,-0.001654,-0.001327,-0.000594,0.000043,0.000227,0.000048,-0.000256,-0.000290,-0.000109,0.000016,0.000134,0.000391,0.000577,0.000468,0.000257,0.000011,-0.000313,-0.000550,-0.000568,-0.000479,-0.000466,-0.000342,-0.000203,-0.000261,-0.000314,-0.000320,-0.000392,-0.000490,-0.000417,-0.000130,-0.000043,-0.000247,-0.000603,-0.000738,-0.000283,0.000432,0.000549,-0.000033,-0.000065,0.000660,0.001123,0.000860,0.000621,0.000725,0.000695,0.000346,-0.000048,-0.000216,-0.000135,0.000024,0.000215,0.000335,0.000209,-0.000071,-0.000309,-0.000327,-0.000155,0.000150,0.000418,0.000942,0.001695,0.002239,0.001589,-0.000326,-0.001854,-0.002024,-0.001518,-0.000922,-0.000296,-0.000084,-0.000274,-0.000343,-0.000205,-0.000003,0.000067,0.000065,0.000107,0.000060,0.000020,0.000075,0.000089,0.000121,0.000127,0.000107,0.000043,0.000054,0.000105,0.000200,0.000202,0.000190,0.000223,0.000194,0.000035,-0.000171,-0.000190,-0.000125,-0.000038,-0.000013,-0.000017,0.000100,0.000181,0.000121,0.000107,0.000055,0.000014,0.000076,0.000029,-0.000122,-0.000213,-0.000175,-0.000028,0.000175,0.000264,0.000298,0.022229,0.011608,0.009795,0.012052,0.013072,0.010832,0.006329,0.002976,0.002979,0.004309,0.004539,0.003909,0.003086,0.002052,0.001205,0.001017,0.001348,0.001684,0.001652,0.001406,0.001063,0.000321,-0.000660,-0.000825,0.000134,0.001291,0.001759,0.001468,0.000547,-0.000322,-0.000444,-0.000077,0.000094,-0.000120,-0.000254,-0.000018,0.000249,-0.000134,-0.001330,-0.002566,-0.002675,-0.001766,-0.000967,-0.000659,-0.000396,-0.000198,-0.000239,-0.000298,-0.000302,-0.000309,-0.000225,-0.000050,0.000078,0.000124,0.000046,0.000089,0.000433,0.000978,0.001419,0.001132,0.000838,0.001596,0.002510,0.002062,0.000785,0.000061,-0.000108,-0.000253,-0.000293,-0.000199,-0.000162,-0.000066,-0.000061,-0.000245,-0.000374,-0.000269,-0.000100,0.000218,0.000449,0.000375,0.000071,-0.000101,-0.000001,0.000207,0.000203,-0.000366,-0.001245,-0.001793,-0.001583,-0.001192,-0.000902,-0.000368,0.000044,-0.000031,-0.000018,0.000191,0.000206,-0.000007,-0.000102,-0.000075,-0.000176,-0.000199,-0.000169,-0.000164,-0.000073,-0.000003,0.000022,0.000022,0.000044,0.000136,0.000152,0.000031,-0.000058,0.000005,0.000061,0.000089,0.000161,0.000093,-0.000040,-0.000069,-0.000026,-0.000031,-0.000128,-0.000061,0.000106,0.000117,0.000099,0.000114,-0.000014,-0.000157,-0.000314,-0.000408,-0.000321,-0.000168,-0.000045,0.000079,0.000070,0.000036,
0.006038,0.001446,-0.006989,-0.007442,-0.002453,0.000468,-0.002229,-0.006760,-0.007578,-0.004908,-0.002653,-0.001761,-0.000768,-0.000093,-0.000365,-0.000985,-0.001032,-0.000247,0.000549,0.000367,-0.000297,-0.000704,-0.001018,-0.001459,-0.001614,-0.001248,-0.000591,-0.000006,0.000153,-0.000008,-0.000355,-0.000498,-0.000358,-0.000155,0.000221,0.000549,0.000672,0.000566,0.000357,0.000075,-0.000228,-0.000494,-0.000606,-0.000576,-0.000562,-0.000480,-0.000243,-0.000196,-0.000330,-0.000411,-0.000439,-0.000362,-0.000292,-0.000270,-0.000202,-0.000162,-0.000358,-0.000557,-0.000216,0.000527,0.000755,0.000217,-0.000151,0.000240,0.000487,0.000261,0.000350,0.000654,0.000625,0.000276,-0.000112,-0.000269,-0.000098,0.000043,-0.000043,0.000067,0.000151,-0.000050,-0.000274,-0.000293,-0.000074,0.000184,0.000470,0.000938,0.001638,0.002136,0.001574,-0.000270,-0.001775,-0.002036,-0.001604,-0.000970,-0.000432,-0.000283,-0.000388,-0.000282,-0.000022,-0.000003,-0.000082,-0.000081,0.000040,0.000076,-0.000056,-0.000048,0.000147,0.000213,0.000123,0.000018,0.000011,-0.000029,-0.000001,0.000201,0.000208,0.000102,0.000061,0.000095,0.000091,-0.000153,-0.000233,-0.000064,0.000076,0.000046,0.000083,0.000188,0.000236,0.000241,0.000187,0.000075,0.000051,0.000129,0.000131,0.000102,-0.000023,-0.000098,0.000079,0.000109,0.000066,0.000215,0.021980,0.011324,0.009629,0.011958,0.012879,0.010626,0.006276,0.003186,0.003197,0.004348,0.004528,0.003976,0.003196,0.002260,0.001472,0.001118,0.001432,0.001788,0.001720,0.001392,0.001028,0.000374,-0.000593,-0.000858,-0.000074,0.001208,0.001909,0.001586,0.000592,-0.000419,-0.000670,-0.000402,-0.000224,-0.000212,-0.000118,0.000066,0.000126,-0.000281,-0.001346,-0.002388,-0.002428,-0.001666,-0.001088,-0.000764,-0.000312,0.000042,-0.000033,-0.000299,-0.000305,-0.000297,-0.000327,-0.000223,-0.000094,0.000111,0.000256,0.000157,0.000297,0.000926,0.001351,0.000942,0.000600,0.001222,0.002043,0.001750,0.000689,0.000012,-0.000109,-0.000105,-0.000225,-0.000349,-0.000212,0.000094,0.000101,-0.000198,-0.000471,-0.000493,-0.000289,-0.000032,0.000210,0.000239,0.000064,-0.000109,-0.000112,0.000057,0.000135,-0.000363,-0.001221,-0.001676,-0.001496,-0.001076,-0.000744,-0.000189,0.000139,-0.000004,-0.000037,0.000119,0.000141,-0.000059,-0.000205,-0.000200,-0.000131,-0.000091,-0.000184,-0.000211,-0.000089,-0.000048,-0.000032,-0.000019,0.000074,0.000213,0.000168,0.000026,0.000018,0.000102,0.000103,0.000141,0.000280,0.000324,0.000199,-0.000020,-0.000080,0.000019,-0.000021,-0.000042,0.000147,0.000257,0.000204,0.000149,0.000019,-0.000107,-0.000175,-0.000229,-0.000175,0.000007,0.000106,0.000153,0.000127,0.000126,
0.007167,0.002302,-0.006627,-0.007356,-0.002526,0.000202,-0.002590,-0.007106,-0.007828,-0.005064,-0.002683,-0.001692,-0.000632,-0.000078,-0.000455,-0.001050,-0.001131,-0.000276,0.000611,0.000484,-0.000254,-0.000740,-0.001020,-0.001489,-0.001682,-0.001231,-0.000484,0.000185,0.000441,0.000076,-0.000415,-0.000511,-0.000324,-0.000109,0.000246,0.000649,0.000674,0.000452,0.000329,0.000093,-0.000330,-0.000589,-0.000647,-0.000613,-0.000636,-0.000517,-0.000236,-0.000181,-0.000296,-0.000395,-0.000494,-0.000417,-0.000225,-0.000088,-0.000109,-0.000275,-0.000581,-0.000593,-0.000159,0.000400,0.000609,0.000217,0.000170,0.000786,0.000935,0.000528,0.000334,0.000406,0.000464,0.000198,-0.000253,-0.000336,-0.000082,0.000104,0.000071,0.000001,0.000034,-0.000052,-0.000234,-0.000250,0.000014,0.000221,0.000352,0.000850,0.001652,0.002133,0.001548,-0.000252,-0.001825,-0.002011,-0.001460,-0.000849,-0.000346,-0.000237,-0.000360,-0.000286,-0.000115,0.000014,0.000023,0.000083,0.000124,0.000081,0.000067,0.000082,0.000147,0.000232,0.000329,0.000319,0.000148,0.000009,0.000145,0.000367,0.000326,0.000282,0.000266,0.000121,0.000026,-0.000000,-0.000067,-0.000099,-0.000085,-0.000037,0.000061,0.000231,0.000325,0.000249,0.000161,0.000150,0.000175,0.000166,0.000186,0.000151,-0.000017,-0.000072,0.000052,0.000168,0.000166,0.000163,0.021438,0.010986,0.009618,0.012051,0.012992,0.010747,0.006480,0.003537,0.003483,0.004418,0.004516,0.004011,0.003248,0.002198,0.001382,0.001108,0.001361,0.001676,0.001561,0.001273,0.000985,0.000226,-0.000787,-0.000973,-0.000048,0.001104,0.001668,0.001474,0.000604,-0.000449,-0.000845,-0.000667,-0.000493,-0.000302,-0.000055,0.000080,0.000139,-0.000278,-0.001366,-0.002362,-0.002413,-0.001681,-0.001027,-0.000666,-0.000296,-0.000114,-0.000194,-0.000268,-0.000313,-0.000372,-0.000395,-0.000245,-0.000054,0.000072,0.000178,0.000156,0.000304,0.000858,0.001336,0.001054,0.000790,0.001430,0.002093,0.001550,0.000307,-0.000308,-0.000110,0.000139,0.000084,-0.000051,-0.000060,-0.000029,-0.000184,-0.000389,-0.000481,-0.000431,-0.000128,0.000215,0.000342,0.000281,0.000006,-0.000174,-0.000127,0.000061,0.000150,-0.000288,-0.001212,-0.001824,-0.001583,-0.001114,-0.000775,-0.000209,0.000093,0.000005,0.000022,0.000137,0.000107,0.000053,-0.000000,-0.000203,-0.000390,-0.000345,-0.000261,-0.000189,-0.000145,-0.000135,-0.000161,-0.000141,-0.000041,0.000013,0.000044,0.000082,0.000037,0.000100,0.000167,0.000134,0.000104,0.000243,0.000337,0.000157,0.000055,0.000022,-0.000054,-0.000065,-0.000002,0.000042,0.000127,0.000179,0.000031,-0.000151,-0.000155,-0.000152,-0.000260,-0.000200,0.000000,0.000158,0.000196,0.000081,
0.008123,0.003114,-0.005946,-0.006849,-0.002282,0.000218,-0.002730,-0.007311,-0.008038,-0.005094,-0.002572,-0.001493,-0.000358,0.000233,-0.000110,-0.000805,-0.001079,-0.000357,0.000499,0.000357,-0.000303,-0.000785,-0.001102,-0.001518,-0.001654,-0.001194,-0.000460,0.000195,0.000441,0.000214,-0.000182,-0.000402,-0.000463,-0.000245,0.000211,0.000564,0.000562,0.000353,0.000251,-0.000048,-0.000370,-0.000448,-0.000437,-0.000459,-0.000522,-0.000499,-0.000362,-0.000245,-0.000299,-0.000399,-0.000466,-0.000498,-0.000423,-0.000260,-0.000111,-0.000227,-0.000456,-0.000465,-0.000030,0.000546,0.000495,-0.000329,-0.000553,0.000220,0.000744,0.000421,0.000035,0.000266,0.000410,0.000082,-0.000180,-0.000101,0.000042,-0.000013,-0.000128,0.000005,0.000229,0.000081,-0.000216,-0.000241,-0.000085,0.000149,0.000419,0.000835,0.001572,0.002136,0.001434,-0.000457,-0.001843,-0.001846,-0.001342,-0.000790,-0.000177,-0.000033,-0.000271,-0.000346,-0.000233,-0.000163,-0.000077,0.000157,0.000178,-0.000061,-0.000103,0.000030,0.000149,0.000105,0.000026,0.000020,0.000041,0.000080,0.000138,0.000209,0.000207,0.000122,0.000026,0.000005,-0.000049,-0.000148,-0.000156,-0.000025,0.000152,0.000189,0.000080,0.000099,0.000186,0.000185,0.000048,-0.000066,0.000031,0.000092,0.000132,0.000123,0.000022,0.000004,0.000038,0.000183,0.000355,0.000353,0.020720,0.010401,0.009376,0.011979,0.012845,0.010663,0.006717,0.003907,0.003753,0.004534,0.004510,0.003900,0.003173,0.002166,0.001257,0.001068,0.001465,0.001762,0.001666,0.001359,0.001023,0.000314,-0.000605,-0.000884,-0.000063,0.001160,0.001719,0.001417,0.000531,-0.000451,-0.000761,-0.000458,-0.000251,-0.000206,-0.000084,0.000035,0.000042,-0.000341,-0.001243,-0.002097,-0.002191,-0.001597,-0.001005,-0.000668,-0.000294,-0.000016,-0.000133,-0.000354,-0.000279,-0.000176,-0.000220,-0.000107,0.000117,0.000202,0.000109,0.000045,0.000289,0.000861,0.001329,0.001060,0.000687,0.001294,0.002147,0.001848,0.000503,-0.000477,-0.000556,-0.000319,-0.000336,-0.000407,-0.000383,-0.000260,-0.000200,-0.000239,-0.000255,-0.000232,-0.000057,0.000251,0.000319,0.000213,0.000034,-0.000079,0.000041,0.000148,0.000089,-0.000348,-0.001112,-0.001519,-0.001371,-0.001105,-0.000833,-0.000354,0.000004,-0.000032,0.000013,0.000208,0.000157,-0.000041,-0.000212,-0.000266,-0.000186,-0.000190,-0.000244,-0.000221,-0.000090,-0.000067,-0.000057,0.000000,-0.000027,0.000033,0.000092,0.000098,0.000078,0.000058,-0.000028,0.000048,0.000211,0.000246,0.000246,0.000116,-0.000049,-0.000050,0.000012,0.000095,0.000172,0.000160,0.000082,0.000134,0.000132,-0.000092,-0.000228,-0.000221,-0.000108,0.000058,0.000100,0.000169,0.000176,0.000130,
0.009253,0.003885,-0.005661,-0.006722,-0.002274,0.000035,-0.002875,-0.007370,-0.008057,-0.005129,-0.002688,-0.001592,-0.000453,0.000094,-0.000205,-0.000878,-0.001052,-0.000344,0.000461,0.000345,-0.000357,-0.000890,-0.001229,-0.001564,-0.001653,-0.001269,-0.000614,-0.000109,0.000107,0.000023,-0.000342,-0.000447,-0.000286,-0.000112,0.000213,0.000507,0.000547,0.000439,0.000299,0.000130,-0.000150,-0.000406,-0.000453,-0.000440,-0.000520,-0.000465,-0.000318,-0.000322,-0.000450,-0.000502,-0.000425,-0.000366,-0.000252,-0.000186,-0.000095,-0.000158,-0.000571,-0.000754,-0.000251,0.000631,0.000915,0.000528,0.000360,0.000589,0.000722,0.000595,0.000581,0.000764,0.000703,0.000272,-0.000132,-0.000146,0.000014,-0.000009,-0.000148,-0.000076,0.000063,-0.000041,-0.000252,-0.000349,-0.000143,0.000216,0.000436,0.000763,0.001462,0.001980,0.001371,-0.000463,-0.001928,-0.002023,-0.001479,-0.000872,-0.000351,-0.000173,-0.000318,-0.000357,-0.000159,-0.000078,-0.000141,-0.000119,0.000033,0.000097,-0.000004,-0.000058,-0.000013,0.000061,0.000137,0.000145,0.000026,-0.000044,0.000145,0.000306,0.000239,0.000114,0.000238,0.000329,0.000122,0.000052,0.000103,0.000149,0.000182,0.000140,0.000117,0.000208,0.000256,0.000128,0.000011,-0.000003,0.000046,0.000062,0.000035,-0.000027,-0.000127,-0.000139,0.000001,0.000130,0.000119,0.000076,0.019855,0.009750,0.009150,0.011950,0.012744,0.010611,0.006720,0.003999,0.003951,0.004704,0.004634,0.004175,0.003373,0.002229,0.001351,0.001077,0.001348,0.001636,0.001593,0.001383,0.001075,0.000286,-0.000757,-0.000857,0.000115,0.001281,0.001863,0.001580,0.000678,-0.000271,-0.000651,-0.000471,-0.000431,-0.000488,-0.000279,0.000002,0.000186,-0.000258,-0.001304,-0.002209,-0.002338,-0.001693,-0.001000,-0.000585,-0.000163,0.000139,-0.000002,-0.000219,-0.000233,-0.000253,-0.000186,-0.000054,0.000049,0.000151,0.000171,0.000146,0.000342,0.001029,0.001470,0.001017,0.000710,0.001274,0.001731,0.001254,0.000462,0.000055,-0.000114,-0.000228,-0.000394,-0.000557,-0.000449,-0.000236,-0.000207,-0.000292,-0.000309,-0.000312,-0.000186,0.000041,0.000259,0.000297,0.000031,-0.000163,-0.000034,0.000290,0.000284,-0.000334,-0.001318,-0.001919,-0.001619,-0.001124,-0.000777,-0.000314,-0.000140,-0.000237,-0.000025,0.000282,0.000191,-0.000091,-0.000222,-0.000224,-0.000203,-0.000142,-0.000142,-0.000184,-0.000092,-0.000020,-0.000059,-0.000062,-0.000046,-0.000010,0.000042,0.000112,0.000244,0.000336,0.000289,0.000171,0.000217,0.000311,0.000202,0.000065,0.000019,0.000012,-0.000133,-0.000187,0.000018,0.000161,0.000146,0.000032,-0.000080,-0.000168,-0.000181,-0.000249,-0.000320,-0.000177,0.000069,0.000230,0.000212,0.000082,
0.010062,0.004513,-0.005478,-0.006894,-0.002653,-0.000413,-0.003253,-0.007541,-0.008206,-0.005288,-0.002628,-0.001501,-0.000512,0.000135,-0.000216,-0.000991,-0.001147,-0.000453,0.000354,0.000298,-0.000470,-0.000959,-0.001275,-0.001637,-0.001592,-0.001197,-0.000604,-0.000177,-0.000075,-0.000178,-0.000422,-0.000445,-0.000302,-0.000065,0.000275,0.000592,0.000565,0.000398,0.000201,-0.000155,-0.000445,-0.000501,-0.000530,-0.000451,-0.000358,-0.000371,-0.000282,-0.000285,-0.000432,-0.000434,-0.000378,-0.000346,-0.000301,-0.000177,-0.000042,-0.000106,-0.000479,-0.000715,-0.000235,0.000487,0.000495,-0.000162,-0.000186,0.000497,0.000714,0.000486,0.000542,0.000872,0.000839,0.000366,-0.000071,-0.000243,-0.000044,0.000087,0.000020,0.000072,0.000091,-0.000042,-0.000186,-0.000267,-0.000155,0.000170,0.000495,0.000948,0.001610,0.002034,0.001355,-0.000403,-0.001722,-0.001841,-0.001412,-0.000880,-0.000338,-0.000225,-0.000326,-0.000200,-0.000066,-0.000021,0.000033,0.000185,0.000150,0.000002,-0.000015,0.000045,0.000226,0.000223,0.000126,0.000107,0.000076,0.000075,0.000110,0.000112,0.000063,0.000032,0.000083,0.000147,0.000136,-0.000002,-0.000033,0.000090,0.000178,0.000149,0.000145,0.000191,0.000173,0.000208,0.000217,0.000162,0.000072,0.000075,0.000063,0.000081,0.000146,0.000110,0.000138,0.000284,0.000287,0.000284,0.019241,0.009136,0.008730,0.011668,0.012359,0.010293,0.006653,0.003972,0.003919,0.004742,0.004626,0.004123,0.003427,0.002267,0.001326,0.000997,0.001316,0.001684,0.001510,0.001253,0.000964,0.000154,-0.000811,-0.000958,-0.000008,0.001242,0.001816,0.001427,0.000469,-0.000336,-0.000591,-0.000382,-0.000257,-0.000272,-0.000171,0.000088,0.000241,-0.000315,-0.001489,-0.002374,-0.002296,-0.001477,-0.000904,-0.000653,-0.000274,-0.000058,-0.000171,-0.000419,-0.000562,-0.000522,-0.000356,-0.000090,0.000105,0.000225,0.000115,0.000058,0.000302,0.000909,0.001409,0.001040,0.000779,0.001580,0.002265,0.001500,0.000122,-0.000498,-0.000334,-0.000132,-0.000254,-0.000478,-0.000385,-0.000141,-0.000092,-0.000227,-0.000383,-0.000390,-0.000196,0.000140,0.000412,0.000284,-0.000087,-0.000246,-0.000154,0.000155,0.000244,-0.000266,-0.001143,-0.001742,-0.001689,-0.001415,-0.001062,-0.000462,-0.000074,-0.000111,0.000020,0.000241,0.000145,-0.000086,-0.000156,-0.000171,-0.000210,-0.000123,-0.000139,-0.000206,-0.000161,-0.000071,-0.000049,-0.000068,-0.000055,0.000033,0.000113,0.000080,0.000034,0.000068,0.000178,0.000230,0.000258,0.000185,0.000050,0.000072,0.000012,-0.000108,-0.000109,-0.000051,0.000138,0.000217,0.000172,0.000156,0.000063,-0.000049,-0.000162,-0.000228,-0.000170,-0.000096,0.000037,0.000193,0.000198,0.000184,
0.010435,0.005041,-0.005117,-0.006725,-0.002519,-0.000378,-0.003535,-0.007990,-0.008418,-0.005230,-0.002596,-0.001451,-0.000376,0.000166,-0.000223,-0.000908,-0.001093,-0.000372,0.000445,0.000313,-0.000422,-0.001031,-0.001395,-0.001718,-0.001724,-0.001226,-0.000622,-0.000246,-0.000188,-0.000197,-0.000413,-0.000455,-0.000133,0.000051,0.000201,0.000358,0.000404,0.000392,0.000191,-0.000169,-0.000493,-0.000628,-0.000464,-0.000308,-0.000398,-0.000304,-0.000114,-0.000149,-0.000226,-0.000325,-0.000443,-0.000474,-0.000362,-0.000160,-0.000031,-0.000193,-0.000612,-0.000768,-0.000271,0.000520,0.000695,0.000115,0.000022,0.000679,0.000997,0.000627,0.000366,0.000608,0.000642,0.000259,-0.000112,-0.000339,-0.000333,-0.000150,0.000001,0.000231,0.000343,0.000036,-0.000296,-0.000298,-0.000048,0.000275,0.000520,0.000891,0.001600,0.002138,0.001513,-0.000323,-0.001868,-0.002030,-0.001619,-0.001015,-0.000348,-0.000178,-0.000324,-0.000162,0.000055,0.000085,0.000173,0.000076,-0.000048,0.000031,0.000047,-0.000004,0.000031,0.000128,0.000145,0.000070,0.000017,-0.000035,0.000125,0.000347,0.000277,0.000154,0.000123,0.000120,0.000154,0.000117,0.000022,0.000002,0.000082,0.000169,0.000189,0.000147,0.000170,0.000234,0.000177,0.000185,0.000198,0.000047,-0.000048,-0.000063,-0.000068,-0.000054,-0.000057,0.000036,0.000190,0.000290,0.018635,0.008544,0.008491,0.011772,0.012545,0.010355,0.006709,0.004005,0.003771,0.004558,0.004607,0.004185,0.003471,0.002291,0.001337,0.001054,0.001345,0.001665,0.001579,0.001312,0.000909,0.000150,-0.000702,-0.000856,-0.000009,0.001201,0.001817,0.001522,0.000565,-0.000268,-0.000397,0.000016,0.000190,-0.000097,-0.000248,-0.000048,0.000081,-0.000339,-0.001292,-0.002215,-0.002202,-0.001384,-0.000782,-0.000525,-0.000215,-0.000032,-0.000137,-0.000292,-0.000300,-0.000315,-0.000315,-0.000160,0.000029,0.000152,0.000106,0.000097,0.000370,0.000826,0.001251,0.001033,0.000797,0.001525,0.002256,0.001919,0.000828,0.000056,-0.000083,-0.000119,-0.000358,-0.000539,-0.000476,-0.000345,-0.000319,-0.000468,-0.000551,-0.000454,-0.000127,0.000201,0.000345,0.000331,0.000126,-0.000019,-0.000068,0.000138,0.000278,-0.000226,-0.001120,-0.001789,-0.001799,-0.001438,-0.001050,-0.000433,-0.000050,-0.000061,0.000081,0.000178,0.000170,-0.000008,-0.000159,-0.000247,-0.000333,-0.000298,-0.000199,-0.000184,-0.000216,-0.000192,-0.000137,-0.000027,0.000175,0.000198,0.000045,-0.000018,0.000093,0.000213,0.000167,0.000093,0.000199,0.000346,0.000243,0.000017,-0.000081,-0.000022,0.000062,0.000034,0.000019,0.000079,0.000189,0.000186,0.000043,-0.000082,-0.000171,-0.000193,-0.000166,-0.000167,-0.000092,0.000080,0.000232,0.000173,
0.010701,0.005249,-0.005108,-0.006858,-0.002944,-0.000913,-0.003684,-0.007902,-0.008513,-0.005406,-0.002675,-0.001467,-0.000378,0.000273,-0.000049,-0.000853,-0.001182,-0.000546,0.000241,0.000119,-0.000596,-0.001123,-0.001420,-0.001714,-0.001750,-0.001301,-0.000678,-0.000225,-0.000047,-0.000164,-0.000436,-0.000581,-0.000584,-0.000389,0.000134,0.000643,0.000773,0.000605,0.000345,0.000040,-0.000336,-0.000579,-0.000581,-0.000548,-0.000613,-0.000539,-0.000273,-0.000097,-0.000159,-0.000338,-0.000430,-0.000439,-0.000404,-0.000235,-0.000058,-0.000125,-0.000475,-0.000616,-0.000227,0.000496,0.000765,0.000162,-0.000099,0.000380,0.000780,0.000550,0.000304,0.000529,0.000744,0.000429,0.000004,-0.000054,0.000076,0.000209,0.000163,0.000123,0.000108,-0.000090,-0.000385,-0.000448,-0.000220,0.000157,0.000504,0.000923,0.001577,0.002191,0.001649,-0.000292,-0.001813,-0.001956,-0.001483,-0.000840,-0.000237,-0.000124,-0.000353,-0.000267,-0.000032,0.000053,0.000045,0.000011,0.000082,0.000078,-0.000019,0.000030,0.000197,0.000218,0.000123,0.000074,0.000057,-0.000000,0.000049,0.000110,0.000131,0.000201,0.000210,0.000223,0.000130,0.000023,0.000030,0.000018,-0.000040,0.000034,0.000161,0.000165,0.000225,0.000296,0.000187,0.000054,0.000088,0.000141,0.000030,-0.000073,-0.000149,-0.000085,0.000040,0.000111,0.000200,0.000295,0.018130,0.008085,0.008184,0.011609,0.012371,0.010155,0.006733,0.004244,0.003995,0.004624,0.004534,0.004220,0.003560,0.002361,0.001364,0.001024,0.001369,0.001779,0.001704,0.001334,0.000850,0.000136,-0.000804,-0.001003,0.000059,0.001308,0.001807,0.001431,0.000529,-0.000351,-0.000662,-0.000497,-0.000388,-0.000362,-0.000122,0.000168,0.000216,-0.000179,-0.001123,-0.002075,-0.002141,-0.001449,-0.000933,-0.000687,-0.000322,-0.000057,-0.000134,-0.000377,-0.000480,-0.000421,-0.000300,-0.000089,0.000065,0.000158,0.000084,0.000071,0.000273,0.000769,0.001246,0.001040,0.000719,0.001381,0.002190,0.001946,0.000923,0.000142,-0.000032,-0.000047,-0.000241,-0.000350,-0.000079,0.000264,0.000142,-0.000276,-0.000466,-0.000293,-0.000020,0.000185,0.000324,0.000255,0.000029,-0.000113,-0.000060,0.000198,0.000225,-0.000327,-0.001206,-0.001790,-0.001683,-0.001258,-0.000982,-0.000496,-0.000030,-0.000013,-0.000034,0.000078,0.000046,-0.000150,-0.000232,-0.000218,-0.000185,-0.000132,-0.000188,-0.000225,-0.000099,-0.000031,0.000013,0.000083,0.000053,0.000086,0.000106,-0.000021,-0.000069,0.000045,0.000161,0.000271,0.000226,0.000113,0.000070,0.000149,0.000104,-0.000155,-0.000202,-0.000007,0.000149,0.000229,0.000178,0.000195,0.000112,-0.000077,-0.000150,-0.000212,-0.000209,-0.000140,-0.000037,0.000109,0.000225,0.000130,
0.011075,0.005531,-0.004928,-0.006788,-0.002878,-0.000861,-0.003807,-0.008068,-0.008536,-0.005388,-0.002575,-0.001228,-0.000072,0.000427,-0.000117,-0.000988,-0.001200,-0.000418,0.000382,0.000195,-0.000594,-0.001190,-0.001497,-0.001829,-0.001927,-0.001452,-0.000770,-0.000172,0.000087,-0.000045,-0.000356,-0.000463,-0.000301,-0.000160,0.000126,0.000502,0.000622,0.000393,0.000174,0.000005,-0.000291,-0.000567,-0.000606,-0.000527,-0.000584,-0.000526,-0.000378,-0.000417,-0.000415,-0.000321,-0.000372,-0.000508,-0.000404,-0.000239,-0.000160,-0.000267,-0.000619,-0.000837,-0.000344,0.000474,0.000796,0.000400,0.000253,0.000745,0.000900,0.000495,0.000175,0.000274,0.000397,0.000189,-0.000141,-0.000195,-0.000045,-0.000104,-0.000269,-0.000149,-0.000016,-0.000165,-0.000450,-0.000470,-0.000201,0.000126,0.000450,0.000896,0.001588,0.002084,0.001442,-0.000382,-0.001814,-0.001901,-0.001464,-0.000896,-0.000270,-0.000117,-0.000377,-0.000369,-0.000106,0.000081,0.000099,0.000062,-0.000017,-0.000058,0.000027,0.000094,0.000116,0.000102,0.000103,0.000130,0.000035,-0.000000,0.000104,0.000097,0.000105,0.000127,0.000118,0.000163,0.000145,0.000107,0.000112,0.000166,0.000187,0.000185,0.000170,0.000126,0.000221,0.000251,0.000219,0.000272,0.000247,0.000208,0.000213,0.000139,-0.000067,-0.000177,-0.000084,0.000050,0.000158,0.000181,0.017363,0.007546,0.008057,0.011445,0.012258,0.010312,0.006711,0.004174,0.004016,0.004619,0.004591,0.004194,0.003500,0.002388,0.001493,0.001226,0.001432,0.001665,0.001574,0.001335,0.001019,0.000328,-0.000622,-0.000808,0.000035,0.001187,0.001837,0.001618,0.000730,-0.000233,-0.000631,-0.000501,-0.000439,-0.000431,-0.000205,0.000101,0.000133,-0.000341,-0.001311,-0.002244,-0.002250,-0.001505,-0.001001,-0.000764,-0.000331,-0.000047,-0.000276,-0.000478,-0.000464,-0.000384,-0.000252,-0.000171,0.000007,0.000150,0.000060,0.000021,0.000202,0.000716,0.001250,0.001141,0.000994,0.001606,0.001985,0.001310,0.000245,-0.000296,-0.000231,-0.000067,-0.000135,-0.000201,-0.000126,-0.000116,-0.000236,-0.000461,-0.000499,-0.000312,-0.000089,0.000155,0.000293,0.000224,0.000022,-0.000100,0.000033,0.000252,0.000279,-0.000205,-0.001124,-0.001770,-0.001733,-0.001301,-0.000871,-0.000299,-0.000023,-0.000122,-0.000007,0.000197,0.000156,0.000022,-0.000111,-0.000134,-0.000131,-0.000214,-0.000201,-0.000152,-0.000110,-0.000112,-0.000148,-0.000118,0.000014,0.000105,0.000067,0.000085,0.000108,0.000140,0.000203,0.000206,0.000176,0.000227,0.000152,-0.000008,-0.000042,-0.000069,-0.000078,-0.000047,0.000025,0.000099,0.000083,0.000092,0.000078,-0.000096,-0.000172,-0.000190,-0.000201,-0.000192,-0.000089,0.000060,0.000161,0.000127,
0.010987,0.005517,-0.004883,-0.006827,-0.003131,-0.001289,-0.004122,-0.008144,-0.008499,-0.005260,-0.002444,-0.001258,-0.000201,0.000345,-0.000140,-0.000964,-0.001175,-0.000511,0.000222,0.000079,-0.000701,-0.001350,-0.001547,-0.001784,-0.001918,-0.001459,-0.000751,-0.000221,0.000024,0.000003,-0.000280,-0.000589,-0.000639,-0.000360,0.000124,0.000516,0.000622,0.000492,0.000317,0.000149,-0.000187,-0.000396,-0.000320,-0.000363,-0.000475,-0.000430,-0.000288,-0.000272,-0.000375,-0.000376,-0.000321,-0.000322,-0.000343,-0.000314,-0.000199,-0.000210,-0.000498,-0.000571,-0.000143,0.000539,0.000629,-0.000089,-0.000356,0.000361,0.000812,0.000412,0.000063,0.000197,0.000326,0.000143,-0.000127,-0.000168,-0.000021,-0.000013,-0.000004,0.000123,0.000134,-0.000090,-0.000442,-0.000543,-0.000226,0.000136,0.000469,0.000970,0.001638,0.002093,0.001446,-0.000290,-0.001659,-0.001836,-0.001419,-0.000826,-0.000238,-0.000068,-0.000278,-0.000251,-0.000013,0.000096,0.000056,0.000014,0.000051,0.000052,-0.000021,-0.000028,0.000035,-0.000058,-0.000007,0.000213,0.000204,0.000130,0.000157,0.000193,0.000131,0.000067,0.000053,0.000030,0.000016,0.000036,0.000010,-0.000024,0.000028,0.000136,0.000160,0.000134,0.000167,0.000212,0.000131,0.000081,0.000121,0.000155,0.000108,0.000063,0.000091,0.000121,0.000143,0.000200,0.000275,0.000364,0.017222,0.007422,0.007949,0.011473,0.012234,0.010069,0.006588,0.004180,0.004067,0.004675,0.004654,0.004218,0.003466,0.002362,0.001384,0.001145,0.001571,0.001816,0.001596,0.001214,0.000958,0.000316,-0.000667,-0.000897,-0.000066,0.001088,0.001679,0.001430,0.000592,-0.000336,-0.000882,-0.000755,-0.000527,-0.000437,-0.000037,0.000331,0.000251,-0.000259,-0.001245,-0.002143,-0.002230,-0.001581,-0.000973,-0.000617,-0.000229,0.000060,0.000052,-0.000238,-0.000373,-0.000360,-0.000291,-0.000091,0.000090,0.000127,0.000046,0.000053,0.000335,0.000854,0.001261,0.001010,0.000718,0.001480,0.002450,0.001968,0.000636,-0.000222,-0.000297,-0.000152,-0.000231,-0.000314,-0.000183,-0.000185,-0.000336,-0.000379,-0.000417,-0.000307,-0.000051,0.000168,0.000339,0.000308,0.000117,-0.000094,-0.000096,0.000149,0.000213,-0.000321,-0.001137,-0.001694,-0.001678,-0.001350,-0.000960,-0.000423,-0.000082,-0.000035,0.000032,0.000190,0.000159,-0.000045,-0.000183,-0.000231,-0.000187,-0.000288,-0.000260,-0.000063,-0.000062,-0.000175,-0.000242,-0.000149,0.000041,0.000093,0.000041,0.000089,0.000115,0.000176,0.000179,0.000193,0.000195,0.000215,0.000241,0.000170,0.000026,-0.000101,-0.000144,-0.000073,0.000111,0.000181,0.000111,0.000061,-0.000035,-0.000147,-0.000206,-0.000307,-0.000355,-0.000237,-0.000109,-0.000044,0.000073,0.000107,
0.010970,0.005552,-0.004646,-0.006408,-0.002727,-0.001077,-0.003922,-0.007919,-0.008439,-0.005284,-0.002455,-0.001171,-0.000058,0.000371,-0.000249,-0.001112,-0.001286,-0.000468,0.000318,0.000111,-0.000606,-0.001177,-0.001523,-0.001838,-0.001875,-0.001448,-0.000846,-0.000257,0.000101,-0.000012,-0.000371,-0.000589,-0.000566,-0.000293,0.000202,0.000592,0.000558,0.000456,0.000364,0.000005,-0.000368,-0.000497,-0.000539,-0.000505,-0.000479,-0.000408,-0.000273,-0.000277,-0.000318,-0.000421,-0.000539,-0.000575,-0.000489,-0.000301,-0.000174,-0.000364,-0.000574,-0.000619,-0.000152,0.000739,0.000991,0.000315,-0.000082,0.000374,0.000875,0.000839,0.000628,0.000585,0.000522,0.000248,-0.000089,-0.000191,-0.000096,-0.000027,-0.000025,0.000072,0.000137,-0.000047,-0.000229,-0.000216,-0.000131,0.000077,0.000441,0.000912,0.001589,0.002018,0.001369,-0.000449,-0.001955,-0.002083,-0.001476,-0.000738,-0.000120,0.000063,-0.000161,-0.000245,-0.000061,-0.000001,-0.000023,-0.000085,-0.000019,0.000103,0.000023,0.000010,0.000110,0.000123,0.000056,0.000050,0.000057,0.000097,0.000183,0.000189,0.000161,0.000154,0.000155,0.000141,0.000073,-0.000020,-0.000020,0.000044,0.000001,-0.000069,-0.000027,0.000121,0.000202,0.000161,0.000132,0.000095,0.000035,0.000026,0.000031,-0.000102,-0.000145,-0.000159,-0.000096,0.000107,0.000103,0.000003,0.016931,0.007312,0.008048,0.011611,0.012248,0.010050,0.006584,0.004253,0.004205,0.004792,0.004642,0.004261,0.003700,0.002585,0.001478,0.001137,0.001418,0.001657,0.001538,0.001240,0.000919,0.000262,-0.000605,-0.000849,-0.000061,0.001072,0.001747,0.001747,0.000910,-0.000176,-0.000563,-0.000330,-0.000315,-0.000339,-0.000031,0.000112,-0.000071,-0.000476,-0.001274,-0.002182,-0.002226,-0.001451,-0.000882,-0.000662,-0.000236,0.000136,0.000035,-0.000223,-0.000251,-0.000215,-0.000179,0.000038,0.000233,0.000199,0.000189,0.000158,0.000263,0.000819,0.001316,0.001021,0.000600,0.001063,0.001581,0.001215,0.000383,-0.000191,-0.000409,-0.000380,-0.000283,-0.000412,-0.000410,-0.000263,-0.000186,-0.000269,-0.000414,-0.000413,-0.000130,0.000146,0.000335,0.000292,-0.000004,-0.000183,-0.000051,0.000184,0.000188,-0.000399,-0.001316,-0.001819,-0.001680,-0.001272,-0.000898,-0.000384,-0.000147,-0.000251,-0.000048,0.000236,0.000192,-0.000066,-0.000243,-0.000238,-0.000203,-0.000196,-0.000224,-0.000138,-0.000024,-0.000100,-0.000110,-0.000067,-0.000055,-0.000066,-0.000056,0.000056,0.000153,0.000150,0.000179,0.000199,0.000210,0.000256,0.000234,0.000144,0.000080,-0.000027,-0.000050,0.000024,0.000048,0.000030,0.000017,-0.000014,-0.000105,-0.000115,-0.000129,-0.000292,-0.000355,-0.000343,-0.000133,0.000195,0.000232,0.000082,
0.010895,0.005451,-0.004754,-0.006572,-0.002956,-0.001368,-0.004269,-0.008086,-0.008391,-0.005308,-0.002555,-0.001179,-0.000115,0.000266,-0.000178,-0.000961,-0.001255,-0.000497,0.000336,0.000221,-0.000634,-0.001323,-0.001506,-0.001697,-0.001686,-0.001281,-0.000850,-0.000483,-0.000195,-0.000125,-0.000393,-0.000652,-0.000586,-0.000314,0.000044,0.000438,0.000589,0.000488,0.000270,-0.000061,-0.000397,-0.000510,-0.000496,-0.000339,-0.000228,-0.000392,-0.000359,-0.000243,-0.000274,-0.000374,-0.000466,-0.000518,-0.000415,-0.000238,-0.000188,-0.000277,-0.000619,-0.000858,-0.000338,0.000557,0.000751,0.000226,0.000203,0.000587,0.000474,0.000042,0.000091,0.000610,0.000738,0.000426,0.000072,-0.000131,-0.000156,-0.000105,-0.000069,0.000090,0.000147,-0.000110,-0.000430,-0.000418,-0.000068,0.000310,0.000576,0.000962,0.001678,0.002125,0.001317,-0.000509,-0.001911,-0.002022,-0.001373,-0.000636,-0.000160,-0.000167,-0.000344,-0.000292,0.000028,0.000165,0.000008,-0.000042,0.000027,0.000002,-0.000030,0.000068,0.000180,0.000235,0.000262,0.000176,0.000078,0.000099,0.000070,0.000111,0.000097,0.000113,0.000166,0.000166,0.000129,0.000063,-0.000008,-0.000030,0.000022,0.000003,0.000012,0.000116,0.000141,0.000120,0.000090,0.000111,0.000142,0.000133,0.000135,0.000042,-0.000072,-0.000089,0.000019,0.000159,0.000219,0.000278,0.016923,0.007427,0.008153,0.011534,0.012111,0.009986,0.006551,0.004135,0.003987,0.004633,0.004628,0.004166,0.003484,0.002461,0.001621,0.001304,0.001370,0.001568,0.001464,0.001171,0.000888,0.000304,-0.000591,-0.000917,-0.000175,0.001073,0.001793,0.001532,0.000584,-0.000284,-0.000525,-0.000303,-0.000174,-0.000184,-0.000061,0.000122,0.000131,-0.000342,-0.001391,-0.002311,-0.002189,-0.001386,-0.000812,-0.000499,-0.000184,-0.000034,-0.000167,-0.000315,-0.000202,-0.000116,-0.000090,-0.000039,0.000059,0.000121,0.000043,0.000054,0.000291,0.000964,0.001466,0.001192,0.001088,0.001924,0.002476,0.001628,0.000279,-0.000362,-0.000321,-0.000188,-0.000208,-0.000376,-0.000427,-0.000175,-0.000034,-0.000272,-0.000379,-0.000269,-0.000054,0.000257,0.000385,0.000345,0.000166,-0.000050,-0.000022,0.000232,0.000265,-0.000198,-0.001129,-0.001831,-0.001721,-0.001342,-0.000877,-0.000256,0.000046,-0.000003,0.000053,0.000186,0.000128,-0.000091,-0.000208,-0.000199,-0.000116,-0.000086,-0.000206,-0.000181,-0.000066,-0.000039,-0.000079,-0.000031,0.000022,0.000044,0.000024,-0.000033,0.000041,0.000100,0.000162,0.000206,0.000150,0.000114,0.000146,0.000002,-0.000174,-0.000105,-0.000061,-0.000120,-0.000091,-0.000034,0.000041,0.000122,0.000075,-0.000072,-0.000246,-0.000374,-0.000386,-0.000244,-0.000056,0.000072,0.000145,0.000018,
0.010661,0.005263,-0.004819,-0.006671,-0.003106,-0.001402,-0.004223,-0.008082,-0.008392,-0.005292,-0.002533,-0.001198,-0.000119,0.000272,-0.000200,-0.000967,-0.001238,-0.000648,0.000113,0.000035,-0.000731,-0.001341,-0.001630,-0.001811,-0.001781,-0.001494,-0.001109,-0.000704,-0.000469,-0.000426,-0.000411,-0.000396,-0.000259,-0.000014,0.000204,0.000303,0.000281,0.000206,0.000035,-0.000264,-0.000540,-0.000522,-0.000437,-0.000302,-0.000241,-0.000265,-0.000210,-0.000271,-0.000385,-0.000344,-0.000385,-0.000409,-0.000315,-0.000230,-0.000132,-0.000224,-0.000561,-0.000786,-0.000444,0.000346,0.000600,0.000068,-0.000154,0.000524,0.000984,0.000624,0.000382,0.000605,0.000735,0.000439,-0.000002,-0.000247,-0.000244,-0.000181,-0.000116,0.000055,0.000141,-0.000055,-0.000355,-0.000336,-0.000052,0.000272,0.000578,0.000998,0.001627,0.002131,0.001534,-0.000366,-0.001845,-0.001952,-0.001422,-0.000813,-0.000225,-0.000034,-0.000163,-0.000174,0.000049,0.000067,-0.000085,-0.000084,-0.000033,-0.000101,-0.000158,-0.000159,-0.000065,0.000147,0.000192,0.000143,0.000208,0.000061,0.000013,0.000162,0.000274,0.000259,0.000209,0.000153,-0.000003,-0.000089,-0.000005,0.000014,0.000009,0.000141,0.000191,0.000178,0.000261,0.000292,0.000150,0.000039,0.000053,0.000101,0.000095,-0.000062,-0.000193,-0.000098,0.000082,0.000148,0.000210,0.000265,0.017213,0.007579,0.008127,0.011405,0.011955,0.009837,0.006389,0.003984,0.003919,0.004566,0.004541,0.004166,0.003421,0.002326,0.001508,0.001299,0.001486,0.001649,0.001487,0.001180,0.000842,0.000163,-0.000777,-0.001104,-0.000385,0.000902,0.001689,0.001467,0.000662,-0.000191,-0.000485,-0.000112,0.000114,-0.000082,-0.000216,-0.000032,0.000072,-0.000252,-0.001139,-0.002144,-0.002180,-0.001399,-0.000826,-0.000525,-0.000150,0.000057,-0.000089,-0.000356,-0.000453,-0.000347,-0.000141,-0.000050,-0.000024,0.000011,0.000034,0.000073,0.000227,0.000812,0.001216,0.000861,0.000594,0.001323,0.002126,0.001687,0.000510,-0.000150,-0.000101,-0.000057,-0.000288,-0.000488,-0.000451,-0.000231,-0.000078,-0.000273,-0.000451,-0.000325,-0.000060,0.000267,0.000486,0.000422,0.000106,-0.000092,-0.000036,0.000168,0.000203,-0.000375,-0.001270,-0.001884,-0.001693,-0.001189,-0.000806,-0.000326,0.000013,-0.000045,-0.000060,0.000096,-0.000028,-0.000222,-0.000253,-0.000242,-0.000242,-0.000238,-0.000221,-0.000146,-0.000023,-0.000007,-0.000001,0.000047,0.000051,0.000048,0.000044,-0.000060,-0.000083,0.000075,0.000244,0.000258,0.000131,0.000123,0.000078,0.000042,0.000083,0.000007,-0.000065,-0.000082,-0.000071,-0.000042,0.000066,0.000135,0.000075,-0.000077,-0.000152,-0.000144,-0.000186,-0.000165,-0.000024,0.000155,0.000240,0.000179,
0.010498,0.005018,-0.004881,-0.006499,-0.002884,-0.001283,-0.004278,-0.008334,-0.008572,-0.005191,-0.002388,-0.001158,-0.000079,0.000395,-0.000060,-0.000838,-0.001202,-0.000587,0.000210,0.000057,-0.000683,-0.001157,-0.001413,-0.001748,-0.001810,-0.001515,-0.000945,-0.000531,-0.000398,-0.000347,-0.000463,-0.000508,-0.000329,-0.000180,0.000012,0.000364,0.000550,0.000415,0.000182,-0.000002,-0.000340,-0.000553,-0.000478,-0.000404,-0.000447,-0.000381,-0.000308,-0.000288,-0.000214,-0.000249,-0.000287,-0.000226,-0.000274,-0.000290,-0.000118,-0.000170,-0.000509,-0.000610,-0.000169,0.000603,0.000789,0.000223,-0.000005,0.000674,0.001119,0.000783,0.000527,0.000637,0.000671,0.000370,0.000085,0.000082,0.000125,0.000132,0.000155,0.000159,0.000172,-0.000094,-0.000427,-0.000458,-0.000185,0.000157,0.000451,0.000848,0.001525,0.002105,0.001462,-0.000306,-0.001730,-0.001985,-0.001500,-0.000929,-0.000328,-0.000128,-0.000258,-0.000267,-0.000047,0.000158,0.000101,0.000038,0.000017,-0.000045,-0.000077,-0.000072,0.000029,0.000087,0.000048,0.000071,0.000129,0.000096,0.000071,0.000055,0.000111,0.000200,0.000210,0.000185,0.000122,0.000011,-0.000103,-0.000117,-0.000063,0.000034,0.000056,0.000076,0.000201,0.000156,0.000028,0.000054,0.000107,0.000118,0.000079,-0.000074,-0.000099,0.000048,0.000165,0.000145,0.000209,0.000222,0.017299,0.007657,0.008172,0.011466,0.012076,0.010018,0.006536,0.004180,0.004138,0.004676,0.004602,0.004223,0.003540,0.002481,0.001651,0.001362,0.001517,0.001717,0.001575,0.001212,0.000923,0.000316,-0.000647,-0.000876,-0.000074,0.001064,0.001759,0.001556,0.000753,-0.000172,-0.000502,-0.000222,-0.000137,-0.000280,-0.000197,0.000013,0.000094,-0.000281,-0.001262,-0.002173,-0.002105,-0.001298,-0.000841,-0.000689,-0.000266,0.000173,0.000101,-0.000205,-0.000274,-0.000257,-0.000239,-0.000067,0.000090,0.000064,-0.000005,0.000109,0.000334,0.000822,0.001272,0.001034,0.000776,0.001426,0.002264,0.002008,0.000920,0.000176,0.000162,0.000122,-0.000069,-0.000117,-0.000018,0.000028,-0.000106,-0.000312,-0.000368,-0.000307,-0.000163,0.000157,0.000417,0.000423,0.000200,0.000009,-0.000037,0.000093,0.000263,-0.000182,-0.001095,-0.001751,-0.001692,-0.001291,-0.000944,-0.000400,-0.000039,-0.000091,0.000002,0.000205,0.000123,-0.000055,-0.000139,-0.000203,-0.000229,-0.000161,-0.000197,-0.000221,-0.000182,-0.000166,-0.000038,0.000083,0.000121,0.000127,0.000109,0.000083,0.000048,0.000092,0.000108,0.000077,0.000145,0.000212,0.000185,0.000168,0.000085,-0.000018,-0.000051,0.000026,0.000100,0.000120,0.000214,0.000195,0.000043,-0.000037,-0.000191,-0.000298,-0.000385,-0.000404,-0.000195,0.000069,0.000193,0.000171,
0.009730,0.004612,-0.005066,-0.006634,-0.003082,-0.001443,-0.004252,-0.008101,-0.008368,-0.005307,-0.002574,-0.001215,-0.000164,0.000254,-0.000108,-0.000857,-0.001287,-0.000777,-0.000005,-0.000131,-0.000763,-0.001128,-0.001465,-0.001970,-0.001989,-0.001459,-0.000950,-0.000573,-0.000328,-0.000295,-0.000526,-0.000576,-0.000456,-0.000151,0.000307,0.000576,0.000613,0.000452,0.000251,-0.000036,-0.000354,-0.000476,-0.000335,-0.000254,-0.000390,-0.000425,-0.000281,-0.000187,-0.000194,-0.000300,-0.000432,-0.000390,-0.000334,-0.000298,-0.000124,-0.000147,-0.000505,-0.000681,-0.000270,0.000458,0.000667,0.000126,-0.000098,0.000432,0.000659,0.000349,0.000202,0.000479,0.000617,0.000255,-0.000174,-0.000252,-0.000191,-0.000180,-0.000182,-0.000078,0.000015,-0.000149,-0.000331,-0.000278,-0.000044,0.000144,0.000386,0.000874,0.001601,0.002093,0.001465,-0.000317,-0.001750,-0.001907,-0.001383,-0.000859,-0.000365,-0.000160,-0.000266,-0.000234,0.000001,0.000045,-0.000001,0.000040,-0.000018,-0.000053,0.000004,-0.000038,-0.000038,0.000037,0.000066,-0.000006,-0.000015,0.000119,0.000268,0.000262,0.000193,0.000159,0.000182,0.000180,0.000020,-0.000168,-0.000158,-0.000057,-0.000004,0.000023,0.000077,0.000169,0.000174,0.000141,0.000124,0.000082,0.000076,0.000128,0.000113,-0.000075,-0.000141,-0.000097,-0.000020,0.000090,0.000173,0.000332,0.017720,0.007963,0.008215,0.011317,0.011966,0.009965,0.006432,0.003867,0.003807,0.004570,0.004598,0.004204,0.003593,0.002402,0.001392,0.001159,0.001406,0.001619,0.001508,0.001265,0.000921,0.000227,-0.000776,-0.001141,-0.000328,0.001038,0.001882,0.001698,0.000828,-0.000146,-0.000606,-0.000439,-0.000277,-0.000263,-0.000080,0.000068,-0.000039,-0.000487,-0.001333,-0.002065,-0.002113,-0.001473,-0.000948,-0.000580,-0.000152,0.000025,-0.000092,-0.000284,-0.000360,-0.000369,-0.000253,0.000031,0.000197,0.000192,0.000038,-0.000029,0.000196,0.000811,0.001237,0.000912,0.000595,0.001155,0.001827,0.001388,0.000380,-0.000190,-0.000208,-0.000084,-0.000216,-0.000305,-0.000197,-0.000134,-0.000187,-0.000405,-0.000431,-0.000295,-0.000113,0.000233,0.000414,0.000316,0.000133,-0.000060,0.000057,0.000273,0.000233,-0.000298,-0.001245,-0.001828,-0.001651,-0.001236,-0.000790,-0.000189,0.000078,0.000075,0.000123,0.000164,0.000101,-0.000045,-0.000193,-0.000174,-0.000135,-0.000188,-0.000243,-0.000227,-0.000132,-0.000090,0.000016,0.000060,0.000077,0.000189,0.000205,0.000127,0.000161,0.000234,0.000268,0.000172,0.000062,0.000044,0.000123,0.000204,0.000149,0.000096,0.000029,0.000045,0.000074,0.000152,0.000252,0.000173,0.000065,-0.000086,-0.000244,-0.000302,-0.000304,-0.000302,-0.000085,0.000186,0.000259,0.000099,
0.008908,0.004016,-0.005387,-0.006793,-0.003306,-0.001808,-0.004565,-0.008277,-0.008510,-0.005428,-0.002684,-0.001404,-0.000313,0.000142,-0.000288,-0.001056,-0.001402,-0.000782,-0.000012,-0.000124,-0.000786,-0.001247,-0.001515,-0.001889,-0.001992,-0.001585,-0.001102,-0.000649,-0.000207,-0.000080,-0.000347,-0.000548,-0.000467,-0.000286,0.000065,0.000402,0.000383,0.000237,0.000114,-0.000003,-0.000302,-0.000518,-0.000438,-0.000471,-0.000640,-0.000583,-0.000296,-0.000079,-0.000015,-0.000070,-0.000247,-0.000375,-0.000316,-0.000265,-0.000171,-0.000197,-0.000533,-0.000670,-0.000308,0.000370,0.000559,-0.000059,-0.000216,0.000494,0.000896,0.000495,0.000130,0.000222,0.000289,0.000123,-0.000103,-0.000106,-0.000031,0.000000,-0.000032,-0.000018,-0.000002,-0.000234,-0.000516,-0.000486,-0.000149,0.000041,0.000229,0.000754,0.001509,0.002059,0.001492,-0.000342,-0.001844,-0.001946,-0.001348,-0.000689,-0.000140,-0.000129,-0.000363,-0.000270,-0.000012,0.000142,0.000096,-0.000041,-0.000082,-0.000048,-0.000084,-0.000112,-0.000018,0.000069,0.000126,0.000172,0.000093,0.000026,0.000051,0.000145,0.000186,0.000149,0.000127,0.000204,0.000193,0.000036,-0.000053,-0.000013,0.000075,0.000093,0.000145,0.000243,0.000213,0.000145,0.000191,0.000214,0.000154,0.000061,0.000082,0.000060,-0.000021,-0.000016,0.000102,0.000223,0.000288,0.000278,0.018300,0.008512,0.008429,0.011406,0.012128,0.009975,0.006275,0.003666,0.003533,0.004323,0.004400,0.004106,0.003593,0.002453,0.001524,0.001217,0.001325,0.001464,0.001368,0.001162,0.000900,0.000240,-0.000809,-0.001194,-0.000442,0.000798,0.001667,0.001597,0.000789,-0.000083,-0.000508,-0.000411,-0.000241,-0.000250,-0.000217,-0.000046,-0.000012,-0.000375,-0.001189,-0.001990,-0.002088,-0.001486,-0.000869,-0.000592,-0.000234,0.000192,0.000117,-0.000145,-0.000136,-0.000137,-0.000208,-0.000009,0.000217,0.000171,0.000011,0.000032,0.000229,0.000636,0.001134,0.000960,0.000823,0.001641,0.002308,0.001666,0.000351,-0.000303,-0.000230,-0.000075,-0.000047,-0.000024,-0.000047,-0.000152,-0.000259,-0.000400,-0.000403,-0.000204,0.000054,0.000269,0.000319,0.000224,0.000109,-0.000033,-0.000056,0.000128,0.000174,-0.000352,-0.001121,-0.001640,-0.001625,-0.001233,-0.000948,-0.000523,-0.000115,-0.000099,-0.000028,0.000120,0.000094,-0.000114,-0.000235,-0.000265,-0.000345,-0.000315,-0.000228,-0.000284,-0.000368,-0.000304,-0.000116,0.000033,0.000003,0.000078,0.000099,0.000059,0.000093,0.000049,0.000060,0.000104,0.000133,0.000185,0.000184,0.000152,0.000037,-0.000022,0.000023,0.000070,0.000032,0.000060,0.000096,0.000043,-0.000024,-0.000090,-0.000203,-0.000355,-0.000356,-0.000156,-0.000046,0.000092,0.000190,0.000160,
0.008981,0.004005,-0.005216,-0.006471,-0.002886,-0.001296,-0.004157,-0.007987,-0.008347,-0.005326,-0.002561,-0.001214,-0.000064,0.000366,-0.000237,-0.001099,-0.001321,-0.000706,0.000089,0.000047,-0.000490,-0.000992,-0.001389,-0.001751,-0.001811,-0.001363,-0.000885,-0.000494,-0.000243,-0.000244,-0.000529,-0.000742,-0.000639,-0.000255,0.000320,0.000674,0.000666,0.000389,0.000140,-0.000106,-0.000484,-0.000682,-0.000530,-0.000374,-0.000374,-0.000321,-0.000171,-0.000135,-0.000241,-0.000270,-0.000271,-0.000258,-0.000265,-0.000197,-0.000142,-0.000259,-0.000487,-0.000551,-0.000179,0.000512,0.000662,0.000056,-0.000304,0.000280,0.000944,0.000833,0.000510,0.000563,0.000623,0.000299,-0.000110,-0.000121,-0.000005,-0.000093,-0.000139,-0.000095,-0.000002,-0.000092,-0.000282,-0.000267,-0.000039,0.000187,0.000369,0.000796,0.001482,0.002003,0.001415,-0.000465,-0.001896,-0.002031,-0.001568,-0.000862,-0.000158,-0.000075,-0.000323,-0.000291,-0.000092,0.000042,0.000085,0.000109,0.000103,0.000065,0.000101,0.000093,0.000107,0.000019,-0.000050,0.000043,0.000011,-0.000013,0.000075,0.000147,0.000240,0.000264,0.000185,0.000200,0.000179,0.000031,-0.000090,-0.000118,-0.000032,0.000041,0.000133,0.000269,0.000287,0.000198,0.000080,0.000028,-0.000080,-0.000083,-0.000015,-0.000051,-0.000067,-0.000013,0.000137,0.000283,0.000293,0.000171,0.018163,0.008695,0.008874,0.011704,0.012182,0.010007,0.006366,0.003837,0.003776,0.004452,0.004440,0.004131,0.003439,0.002252,0.001437,0.001177,0.001388,0.001612,0.001435,0.001188,0.001055,0.000410,-0.000815,-0.001243,-0.000331,0.001014,0.001806,0.001782,0.000981,-0.000106,-0.000606,-0.000436,-0.000223,-0.000161,0.000002,0.000179,0.000131,-0.000273,-0.001270,-0.002098,-0.002051,-0.001457,-0.001020,-0.000674,-0.000189,0.000108,-0.000098,-0.000387,-0.000349,-0.000327,-0.000423,-0.000249,0.000106,0.000250,0.000082,-0.000037,0.000203,0.000732,0.001173,0.000859,0.000461,0.000958,0.001654,0.001366,0.000283,-0.000496,-0.000627,-0.000385,-0.000284,-0.000420,-0.000365,-0.000232,-0.000262,-0.000408,-0.000417,-0.000319,-0.000178,0.000085,0.000270,0.000289,0.000105,-0.000073,-0.000030,0.000181,0.000224,-0.000353,-0.001241,-0.001789,-0.001626,-0.001168,-0.000866,-0.000399,-0.000047,-0.000063,0.000042,0.000259,0.000203,-0.000016,-0.000226,-0.000261,-0.000294,-0.000303,-0.000213,-0.000235,-0.000261,-0.000136,-0.000054,-0.000062,-0.000061,-0.000004,0.000170,0.000134,0.000163,0.000323,0.000290,0.000240,0.000271,0.000176,0.000131,0.000069,-0.000071,-0.000121,-0.000069,0.000005,0.000068,0.000094,0.000076,0.000052,-0.000029,-0.000166,-0.000194,-0.000252,-0.000368,-0.000255,-0.000030,0.000145,0.000234,0.000288,
0.008035,0.003206,-0.005784,-0.006953,-0.003267,-0.001718,-0.004506,-0.008230,-0.008402,-0.005257,-0.002616,-0.001384,-0.000249,0.000158,-0.000326,-0.001108,-0.001367,-0.000742,-0.000048,-0.000219,-0.000840,-0.001198,-0.001350,-0.001620,-0.001821,-0.001666,-0.001257,-0.000864,-0.000605,-0.000422,-0.000391,-0.000430,-0.000352,-0.000057,0.000371,0.000659,0.000600,0.000446,0.000213,-0.000203,-0.000536,-0.000616,-0.000533,-0.000413,-0.000401,-0.000388,-0.000267,-0.000256,-0.000305,-0.000326,-0.000377,-0.000365,-0.000293,-0.000270,-0.000225,-0.000282,-0.000575,-0.000719,-0.000249,0.000613,0.000796,0.000341,0.000263,0.000559,0.000457,0.000141,0.000268,0.000681,0.000819,0.000442,-0.000010,-0.000148,-0.000015,0.000048,0.000070,0.000038,0.000003,-0.000197,-0.000462,-0.000377,-0.000126,0.000262,0.000612,0.000910,0.001604,0.002132,0.001401,-0.000418,-0.001780,-0.001902,-0.001461,-0.000886,-0.000331,-0.000195,-0.000374,-0.000342,-0.000079,0.000167,0.000205,0.000127,0.000058,0.000019,0.000077,0.000091,0.000074,0.000082,0.000125,0.000068,0.000038,0.000170,0.000303,0.000249,0.000079,0.000097,0.000178,0.000111,0.000071,-0.000011,-0.000058,0.000015,0.000067,0.000062,0.000064,0.000148,0.000206,0.000231,0.000193,0.000163,0.000187,0.000180,0.000170,0.000096,-0.000093,-0.000133,0.000002,0.000116,0.000203,0.000275,0.019003,0.009317,0.008902,0.011411,0.011972,0.009735,0.005950,0.003357,0.003388,0.004359,0.004476,0.004136,0.003581,0.002444,0.001393,0.001036,0.001236,0.001505,0.001432,0.001168,0.000955,0.000359,-0.000780,-0.001195,-0.000403,0.000792,0.001571,0.001578,0.000880,-0.000104,-0.000699,-0.000528,-0.000263,-0.000269,-0.000112,0.000076,0.000076,-0.000250,-0.001111,-0.002108,-0.002228,-0.001414,-0.000881,-0.000642,-0.000205,0.000064,-0.000119,-0.000448,-0.000502,-0.000376,-0.000293,-0.000069,0.000150,0.000150,0.000020,-0.000068,0.000117,0.000729,0.001183,0.000962,0.000784,0.001484,0.002145,0.001519,0.000443,-0.000029,-0.000220,-0.000315,-0.000393,-0.000482,-0.000350,-0.000201,-0.000162,-0.000313,-0.000461,-0.000363,-0.000144,0.000183,0.000375,0.000276,0.000121,-0.000020,0.000001,0.000183,0.000226,-0.000224,-0.001092,-0.001815,-0.001760,-0.001370,-0.001027,-0.000444,-0.000126,-0.000053,0.000123,0.000263,0.000117,-0.000124,-0.000190,-0.000259,-0.000302,-0.000231,-0.000143,-0.000163,-0.000240,-0.000211,-0.000054,0.000008,0.000002,0.000004,0.000002,0.000005,0.000036,0.000134,0.000173,0.000153,0.000171,0.000335,0.000319,0.000194,0.000086,-0.000030,-0.000069,-0.000014,0.000064,0.000123,0.000123,0.000069,-0.000028,-0.000144,-0.000236,-0.000297,-0.000291,-0.000209,0.000023,0.000289,0.000216,0.000074,
0.007699,0.002778,-0.005983,-0.006924,-0.003295,-0.001776,-0.004488,-0.008072,-0.008253,-0.005252,-0.002597,-0.001365,-0.000209,0.000186,-0.000519,-0.001247,-0.001363,-0.000783,0.000037,0.000041,-0.000716,-0.001189,-0.001286,-0.001527,-0.001705,-0.001525,-0.001165,-0.000900,-0.000697,-0.000475,-0.000478,-0.000508,-0.000372,-0.000118,0.000249,0.000439,0.000470,0.000375,0.000147,-0.000080,-0.000365,-0.000528,-0.000494,-0.000402,-0.000373,-0.000261,-0.000180,-0.000111,-0.000154,-0.000265,-0.000324,-0.000334,-0.000232,-0.000129,-0.000040,-0.000098,-0.000426,-0.000627,-0.000193,0.000532,0.000651,0.000031,-0.000056,0.000676,0.001037,0.000769,0.000520,0.000596,0.000651,0.000397,-0.000085,-0.000341,-0.000200,-0.000049,-0.000041,0.000047,0.000137,-0.000044,-0.000280,-0.000342,-0.000239,0.000084,0.000484,0.000970,0.001570,0.002042,0.001479,-0.000273,-0.001773,-0.001995,-0.001500,-0.000812,-0.000221,-0.000147,-0.000333,-0.000333,-0.000127,0.000071,-0.000017,-0.000157,-0.000076,-0.000018,-0.000011,-0.000009,0.000013,0.000134,0.000253,0.000229,0.000155,0.000021,0.000032,0.000109,0.000159,0.000172,0.000067,0.000069,0.000083,0.000073,0.000029,0.000053,0.000104,-0.000005,-0.000122,0.000011,0.000177,0.000125,0.000015,0.000055,0.000077,-0.000002,0.000024,0.000077,-0.000032,-0.000064,0.000080,0.000225,0.000319,0.000320,0.019573,0.009707,0.009138,0.011497,0.011889,0.009721,0.006013,0.003284,0.003293,0.004381,0.004543,0.004181,0.003507,0.002277,0.001347,0.001122,0.001266,0.001434,0.001348,0.001202,0.001035,0.000333,-0.000756,-0.001089,-0.000325,0.000922,0.001680,0.001516,0.000671,-0.000222,-0.000447,-0.000112,0.000014,-0.000131,-0.000124,0.000175,0.000343,-0.000216,-0.001340,-0.002318,-0.002348,-0.001490,-0.000775,-0.000529,-0.000213,0.000086,-0.000063,-0.000384,-0.000328,-0.000206,-0.000173,-0.000040,0.000084,0.000179,0.000096,0.000045,0.000243,0.000645,0.001034,0.000810,0.000586,0.001268,0.001974,0.001472,0.000166,-0.000436,-0.000141,0.000042,-0.000170,-0.000481,-0.000408,-0.000177,-0.000118,-0.000258,-0.000353,-0.000238,-0.000075,0.000162,0.000401,0.000414,0.000190,0.000011,0.000031,0.000198,0.000166,-0.000407,-0.001269,-0.001761,-0.001553,-0.001196,-0.000878,-0.000374,-0.000063,-0.000048,0.000131,0.000375,0.000300,0.000060,-0.000059,-0.000169,-0.000267,-0.000291,-0.000255,-0.000133,-0.000063,-0.000088,-0.000039,-0.000025,0.000049,0.000089,-0.000030,-0.000168,-0.000038,0.000171,0.000193,0.000137,0.000145,0.000117,0.000133,0.000153,0.000049,-0.000055,-0.000103,-0.000035,0.000056,0.000078,0.000114,0.000148,0.000047,-0.000115,-0.000199,-0.000278,-0.000252,-0.000166,0.000032,0.000163,0.000140,0.000103,
0.006722,0.002077,-0.006389,-0.007366,-0.003864,-0.002188,-0.004606,-0.008060,-0.008298,-0.005334,-0.002594,-0.001131,-0.000007,0.000294,-0.000343,-0.001206,-0.001552,-0.000796,0.000113,0.000073,-0.000609,-0.001142,-0.001273,-0.001483,-0.001684,-0.001548,-0.001262,-0.000893,-0.000531,-0.000400,-0.000377,-0.000343,-0.000196,0.000115,0.000349,0.000440,0.000462,0.000378,0.000142,-0.000119,-0.000374,-0.000505,-0.000320,-0.000175,-0.000294,-0.000295,-0.000107,-0.000088,-0.000259,-0.000391,-0.000343,-0.000276,-0.000278,-0.000195,-0.000113,-0.000284,-0.000646,-0.000731,-0.000217,0.000610,0.000769,0.000130,-0.000020,0.000668,0.001028,0.000752,0.000636,0.000822,0.000734,0.000368,-0.000011,-0.000183,-0.000051,0.000077,0.000081,0.000087,0.000067,-0.000147,-0.000364,-0.000400,-0.000155,0.000283,0.000577,0.000993,0.001750,0.002326,0.001637,-0.000280,-0.001740,-0.001986,-0.001587,-0.000998,-0.000366,-0.000188,-0.000360,-0.000291,0.000018,0.000190,0.000158,0.000088,0.000034,-0.000069,-0.000164,-0.000124,-0.000031,0.000048,0.000062,0.000053,0.000021,0.000114,0.000213,0.000181,0.000143,0.000010,0.000041,0.000138,0.000051,-0.000002,-0.000060,-0.000032,0.000056,0.000042,-0.000002,0.000048,0.000145,0.000201,0.000159,0.000067,0.000082,0.000130,0.000155,0.000081,-0.000010,0.000048,0.000147,0.000164,0.000229,0.000343,0.019981,0.010104,0.009236,0.011524,0.011851,0.009508,0.005703,0.003022,0.002968,0.004117,0.004405,0.004141,0.003588,0.002374,0.001411,0.001193,0.001282,0.001452,0.001436,0.001155,0.000828,0.000121,-0.000830,-0.001126,-0.000505,0.000724,0.001611,0.001507,0.000752,-0.000093,-0.000431,-0.000166,0.000067,-0.000052,-0.000166,0.000008,0.000202,-0.000185,-0.001134,-0.002089,-0.002170,-0.001462,-0.000830,-0.000495,-0.000109,0.000042,-0.000121,-0.000342,-0.000341,-0.000271,-0.000352,-0.000214,0.000106,0.000265,0.000139,-0.000057,0.000109,0.000744,0.001296,0.001108,0.000814,0.001490,0.002316,0.001878,0.000742,0.000053,0.000048,0.000110,-0.000185,-0.000391,-0.000275,-0.000138,-0.000174,-0.000422,-0.000491,-0.000386,-0.000138,0.000232,0.000448,0.000372,0.000084,-0.000058,-0.000014,0.000224,0.000356,-0.000177,-0.001128,-0.001844,-0.001821,-0.001423,-0.001048,-0.000359,0.000049,-0.000005,0.000107,0.000257,0.000172,0.000009,-0.000113,-0.000180,-0.000236,-0.000316,-0.000400,-0.000282,-0.000132,-0.000109,-0.000077,0.000037,0.000081,0.000063,0.000118,0.000073,0.000016,0.000099,0.000138,0.000209,0.000268,0.000304,0.000186,-0.000022,-0.000037,-0.000050,-0.000066,0.000027,0.000117,0.000101,0.000063,0.000142,0.000081,-0.000155,-0.000247,-0.000275,-0.000326,-0.000258,-0.000046,0.000119,0.000201,0.000184,
0.006285,0.001737,-0.006568,-0.007483,-0.004020,-0.002439,-0.004843,-0.008058,-0.008118,-0.005150,-0.002629,-0.001411,-0.000212,0.000258,-0.000328,-0.001109,-0.001353,-0.000698,0.000107,-0.000035,-0.000726,-0.001199,-0.001308,-0.001480,-0.001630,-0.001493,-0.001221,-0.000912,-0.000629,-0.000420,-0.000516,-0.000662,-0.000536,-0.000218,0.000195,0.000567,0.000534,0.000357,0.000286,0.000022,-0.000288,-0.000372,-0.000385,-0.000435,-0.000571,-0.000491,-0.000115,0.000082,-0.000097,-0.000300,-0.000365,-0.000403,-0.000456,-0.000306,-0.000152,-0.000213,-0.000490,-0.000680,-0.000326,0.000463,0.000711,0.000131,-0.000182,0.000235,0.000597,0.000365,0.000244,0.000508,0.000713,0.000482,0.000029,-0.000133,-0.000033,-0.000063,-0.000174,-0.000037,0.000110,-0.000040,-0.000335,-0.000341,-0.000079,0.000207,0.000506,0.000916,0.001784,0.002430,0.001671,-0.000220,-0.001700,-0.001887,-0.001409,-0.000876,-0.000335,-0.000175,-0.000340,-0.000344,-0.000143,0.000074,0.000072,-0.000054,-0.000108,-0.000065,-0.000006,0.000001,0.000105,0.000275,0.000249,0.000108,0.000022,0.000057,0.000088,0.000160,0.000226,0.000248,0.000177,0.000068,-0.000008,-0.000057,-0.000045,-0.000037,0.000024,0.000066,0.000094,0.000121,0.000085,0.000072,0.000043,0.000059,0.000095,0.000071,0.000083,0.000080,-0.000074,-0.000128,0.000041,0.000101,0.000033,0.000102,0.020194,0.010379,0.009372,0.011423,0.011778,0.009514,0.005553,0.002814,0.002911,0.004047,0.004319,0.004054,0.003465,0.002308,0.001356,0.001021,0.001130,0.001419,0.001376,0.001069,0.000729,0.000102,-0.000838,-0.001199,-0.000589,0.000677,0.001556,0.001403,0.000593,-0.000285,-0.000595,-0.000398,-0.000290,-0.000285,-0.000149,-0.000039,-0.000061,-0.000498,-0.001426,-0.002286,-0.002263,-0.001491,-0.000946,-0.000666,-0.000177,0.000173,-0.000030,-0.000328,-0.000384,-0.000304,-0.000239,-0.000095,0.000097,0.000183,0.000065,0.000098,0.000301,0.000696,0.001094,0.000903,0.000654,0.001167,0.001833,0.001618,0.000758,0.000098,-0.000024,0.000061,-0.000131,-0.000355,-0.000230,-0.000011,-0.000024,-0.000262,-0.000526,-0.000427,-0.000087,0.000115,0.000279,0.000382,0.000202,-0.000018,0.000007,0.000194,0.000229,-0.000294,-0.001254,-0.001865,-0.001723,-0.001326,-0.001025,-0.000444,-0.000052,0.000006,0.000171,0.000286,0.000196,0.000039,-0.000079,-0.000192,-0.000256,-0.000225,-0.000139,-0.000033,0.000018,-0.000002,-0.000051,-0.000063,0.000105,0.000193,0.000065,-0.000032,0.000061,0.000185,0.000241,0.000227,0.000211,0.000232,0.000095,-0.000004,-0.000018,-0.000013,-0.000012,-0.000035,0.000028,0.000112,0.000151,0.000180,0.000114,-0.000116,-0.000244,-0.000245,-0.000280,-0.000233,-0.000018,0.000227,0.000307,0.000208,
0.005270,0.000877,-0.007016,-0.007672,-0.004139,-0.002546,-0.004911,-0.007980,-0.008006,-0.005201,-0.002650,-0.001410,-0.000378,0.000057,-0.000491,-0.001273,-0.001459,-0.000782,-0.000028,-0.000181,-0.000815,-0.001122,-0.001157,-0.001385,-0.001573,-0.001482,-0.001281,-0.000857,-0.000489,-0.000438,-0.000480,-0.000456,-0.000402,-0.000240,0.000141,0.000506,0.000588,0.000425,0.000240,-0.000012,-0.000328,-0.000499,-0.000542,-0.000572,-0.000610,-0.000480,-0.000235,-0.000113,-0.000138,-0.000180,-0.000198,-0.000259,-0.000324,-0.000233,-0.000165,-0.000272,-0.000589,-0.000701,-0.000312,0.000369,0.000645,0.000229,0.000125,0.000635,0.000821,0.000544,0.000359,0.000447,0.000585,0.000365,-0.000139,-0.000303,-0.000113,-0.000007,-0.000032,-0.000094,-0.000082,-0.000184,-0.000394,-0.000419,-0.000273,0.000043,0.000451,0.000835,0.001498,0.002176,0.001606,-0.000247,-0.001685,-0.001853,-0.001349,-0.000757,-0.000243,-0.000205,-0.000444,-0.000435,-0.000121,0.000004,-0.000006,-0.000027,-0.000145,-0.000186,-0.000204,-0.000191,-0.000103,0.000082,0.000194,0.000225,0.000180,0.000115,0.000164,0.000253,0.000258,0.000227,0.000194,0.000148,0.000060,-0.000049,-0.000013,0.000128,0.000159,0.000191,0.000211,0.000183,0.000149,0.000131,0.000158,0.000076,0.000043,0.000075,0.000072,0.000059,-0.000051,-0.000074,0.000041,0.000187,0.000189,0.000218,0.020403,0.010623,0.009532,0.011321,0.011642,0.009411,0.005382,0.002592,0.002672,0.003977,0.004440,0.004215,0.003589,0.002293,0.001306,0.001050,0.001244,0.001520,0.001396,0.001151,0.000942,0.000248,-0.000809,-0.001207,-0.000478,0.000775,0.001582,0.001608,0.000883,-0.000226,-0.000720,-0.000589,-0.000429,-0.000354,-0.000180,0.000105,0.000108,-0.000427,-0.001408,-0.002272,-0.002238,-0.001512,-0.000894,-0.000492,-0.000107,0.000168,-0.000010,-0.000337,-0.000397,-0.000363,-0.000365,-0.000249,-0.000012,0.000098,0.000023,-0.000018,0.000247,0.000851,0.001235,0.000969,0.000806,0.001549,0.002209,0.001561,0.000287,-0.000313,-0.000199,0.000105,0.000140,-0.000048,-0.000036,0.000051,-0.000095,-0.000347,-0.000492,-0.000354,-0.000039,0.000192,0.000329,0.000361,0.000153,-0.000112,-0.000111,0.000097,0.000097,-0.000466,-0.001286,-0.001835,-0.001698,-0.001268,-0.000959,-0.000388,0.000066,-0.000004,0.000049,0.000244,0.000170,-0.000014,-0.000185,-0.000284,-0.000382,-0.000419,-0.000270,-0.000044,0.000044,0.000024,-0.000012,0.000027,0.000017,0.000014,0.000016,0.000052,0.000089,0.000134,0.000231,0.000303,0.000304,0.000271,0.000238,0.000146,-0.000040,-0.000174,-0.000156,-0.000003,0.000132,0.000112,0.000141,0.000206,0.000094,-0.000084,-0.000200,-0.000150,-0.000158,-0.000114,-0.000004,0.000149,0.000222,0.000096,
0.004882,0.000380,-0.007106,-0.007548,-0.003968,-0.002329,-0.004814,-0.008114,-0.008054,-0.005107,-0.002599,-0.001332,-0.000278,0.000062,-0.000549,-0.001313,-0.001463,-0.000798,0.000002,-0.000068,-0.000710,-0.001165,-0.001403,-0.001603,-0.001603,-0.001479,-0.001187,-0.000757,-0.000271,-0.000017,-0.000275,-0.000450,-0.000374,-0.000173,0.000295,0.000673,0.000609,0.000495,0.000268,-0.000147,-0.000395,-0.000526,-0.000486,-0.000342,-0.000382,-0.000358,-0.000185,-0.000122,-0.000135,-0.000098,-0.000188,-0.000387,-0.000352,-0.000192,-0.000110,-0.000155,-0.000407,-0.000543,-0.000150,0.000517,0.000503,-0.000115,-0.000239,0.000455,0.000890,0.000465,-0.000005,0.000177,0.000449,0.000219,-0.000020,-0.000055,-0.000091,-0.000106,-0.000136,-0.000041,0.000040,-0.000145,-0.000438,-0.000386,0.000016,0.000301,0.000506,0.000900,0.001560,0.002095,0.001442,-0.000383,-0.001791,-0.001914,-0.001524,-0.000974,-0.000270,-0.000157,-0.000487,-0.000350,0.000035,0.000156,0.000157,0.000061,0.000050,-0.000007,-0.000151,-0.000172,-0.000046,0.000108,0.000212,0.000253,0.000160,0.000121,0.000167,0.000186,0.000087,0.000119,0.000249,0.000191,0.000081,-0.000098,-0.000096,0.000100,0.000081,0.000119,0.000265,0.000233,0.000210,0.000256,0.000151,-0.000034,-0.000037,-0.000037,-0.000005,0.000060,-0.000007,0.000020,0.000129,0.000187,0.000232,0.000246,0.021045,0.011422,0.010192,0.011747,0.011875,0.009589,0.005651,0.002801,0.002784,0.004028,0.004362,0.004008,0.003356,0.002215,0.001329,0.000968,0.001084,0.001359,0.001258,0.000897,0.000700,0.000220,-0.000678,-0.001004,-0.000366,0.000737,0.001483,0.001473,0.000654,-0.000423,-0.000853,-0.000630,-0.000377,-0.000283,-0.000159,-0.000026,-0.000017,-0.000394,-0.001280,-0.002146,-0.002359,-0.001729,-0.001095,-0.000847,-0.000409,-0.000012,-0.000135,-0.000470,-0.000539,-0.000469,-0.000329,-0.000162,0.000016,0.000175,0.000142,0.000100,0.000303,0.000836,0.001197,0.000953,0.000613,0.001093,0.001957,0.001680,0.000393,-0.000478,-0.000533,-0.000244,-0.000100,-0.000206,-0.000231,-0.000215,-0.000255,-0.000312,-0.000311,-0.000260,0.000021,0.000338,0.000400,0.000199,-0.000020,-0.000094,-0.000064,0.000184,0.000274,-0.000315,-0.001200,-0.001628,-0.001409,-0.001093,-0.000762,-0.000293,-0.000013,0.000039,0.000095,0.000281,0.000378,0.000203,-0.000060,-0.000224,-0.000335,-0.000367,-0.000268,-0.000144,-0.000138,-0.000058,0.000028,-0.000018,0.000075,0.000133,0.000055,0.000079,0.000175,0.000135,0.000124,0.000110,0.000134,0.000232,0.000190,0.000148,0.000101,-0.000086,-0.000167,-0.000110,0.000023,0.000076,0.000199,0.000175,-0.000061,-0.000164,-0.000178,-0.000197,-0.000258,-0.000262,-0.000071,0.000148,0.000185,0.000115,
0.004179,-0.000109,-0.007367,-0.007752,-0.004273,-0.002595,-0.004896,-0.008048,-0.008078,-0.005144,-0.002600,-0.001478,-0.000438,-0.000009,-0.000578,-0.001312,-0.001450,-0.000840,-0.000092,-0.000060,-0.000601,-0.001010,-0.001159,-0.001399,-0.001473,-0.001284,-0.001172,-0.000930,-0.000566,-0.000401,-0.000442,-0.000475,-0.000378,-0.000164,0.000203,0.000503,0.000585,0.000629,0.000474,0.000129,-0.000217,-0.000459,-0.000469,-0.000305,-0.000273,-0.000258,-0.000109,-0.000076,-0.000113,-0.000165,-0.000275,-0.000362,-0.000293,-0.000247,-0.000156,-0.000181,-0.000600,-0.000800,-0.000263,0.000519,0.000754,0.000430,0.000354,0.000655,0.000673,0.000324,0.000230,0.000503,0.000550,0.000153,-0.000178,-0.000239,-0.000183,-0.000135,-0.000184,-0.000078,0.000005,-0.000219,-0.000416,-0.000397,-0.000217,0.000089,0.000406,0.000829,0.001541,0.002126,0.001508,-0.000385,-0.001914,-0.002078,-0.001489,-0.000852,-0.000295,-0.000172,-0.000361,-0.000306,-0.000104,0.000092,0.000166,0.000092,0.000007,0.000006,0.000051,0.000039,0.000093,0.000117,0.000047,0.000045,0.000057,0.000059,0.000126,0.000108,0.000012,0.000093,0.000123,0.000002,-0.000102,-0.000125,-0.000092,0.000035,0.000101,0.000086,0.000121,0.000131,0.000082,0.000100,0.000165,0.000033,-0.000017,0.000048,0.000069,0.000091,-0.000036,-0.000068,0.000044,0.000130,0.000103,0.000113,0.021684,0.012119,0.010553,0.011844,0.011794,0.009289,0.005269,0.002453,0.002624,0.003984,0.004333,0.004096,0.003519,0.002329,0.001357,0.001026,0.001166,0.001406,0.001297,0.001090,0.000957,0.000377,-0.000718,-0.001120,-0.000409,0.000885,0.001712,0.001608,0.000835,-0.000148,-0.000586,-0.000383,-0.000176,-0.000206,-0.000085,0.000148,0.000218,-0.000282,-0.001341,-0.002311,-0.002283,-0.001476,-0.000883,-0.000559,-0.000128,0.000101,-0.000008,-0.000222,-0.000289,-0.000286,-0.000254,-0.000153,0.000085,0.000272,0.000088,-0.000041,0.000219,0.000795,0.001245,0.000904,0.000624,0.001246,0.001759,0.001253,0.000431,0.000088,0.000055,-0.000056,-0.000212,-0.000335,-0.000377,-0.000243,-0.000086,-0.000172,-0.000334,-0.000342,-0.000178,0.000131,0.000402,0.000403,0.000171,-0.000022,-0.000075,0.000161,0.000341,-0.000213,-0.001197,-0.001789,-0.001727,-0.001352,-0.000852,-0.000260,0.000021,-0.000006,0.000080,0.000302,0.000189,-0.000053,-0.000121,-0.000135,-0.000100,-0.000090,-0.000137,-0.000087,-0.000078,-0.000071,0.000027,0.000102,0.000123,0.000119,0.000122,0.000114,0.000175,0.000283,0.000335,0.000319,0.000318,0.000322,0.000269,0.000193,0.000187,0.000057,-0.000053,0.000025,0.000084,0.000040,0.000062,0.000031,-0.000091,-0.000296,-0.000405,-0.000377,-0.000418,-0.000351,-0.000122,0.000052,0.000136,0.000122,
0.003363,-0.000744,-0.007819,-0.008054,-0.004558,-0.002865,-0.005093,-0.008157,-0.008152,-0.005278,-0.002750,-0.001474,-0.000356,0.000073,-0.000472,-0.001218,-0.001431,-0.000870,-0.000095,-0.000148,-0.000743,-0.001099,-0.001246,-0.001398,-0.001526,-0.001515,-0.001319,-0.001041,-0.000797,-0.000611,-0.000514,-0.000447,-0.000287,-0.000004,0.000385,0.000592,0.000620,0.000515,0.000351,0.000104,-0.000287,-0.000510,-0.000416,-0.000344,-0.000391,-0.000317,-0.000241,-0.000206,-0.000199,-0.000281,-0.000298,-0.000295,-0.000295,-0.000205,-0.000208,-0.000408,-0.000648,-0.000664,-0.000296,0.000323,0.000492,-0.000079,-0.000230,0.000421,0.000646,0.000276,0.000255,0.000642,0.000744,0.000439,-0.000074,-0.000280,-0.000118,0.000005,-0.000025,0.000084,0.000088,-0.000138,-0.000399,-0.000447,-0.000264,0.000136,0.000571,0.000942,0.001669,0.002208,0.001515,-0.000315,-0.001794,-0.001947,-0.001395,-0.000745,-0.000219,-0.000185,-0.000419,-0.000334,-0.000035,0.000129,0.000124,-0.000064,-0.000126,-0.000040,-0.000121,-0.000163,0.000014,0.000080,0.000029,-0.000026,-0.000099,-0.000107,0.000051,0.000100,0.000064,0.000150,0.000191,0.000121,0.000062,0.000080,0.000024,-0.000092,-0.000046,0.000024,0.000060,0.000162,0.000187,0.000151,0.000161,0.000093,0.000106,0.000193,0.000152,0.000110,-0.000001,-0.000128,-0.000050,0.000130,0.000219,0.000251,0.021944,0.012280,0.010573,0.011767,0.011729,0.009294,0.005179,0.002289,0.002463,0.003812,0.004239,0.003965,0.003391,0.002100,0.001048,0.000744,0.000909,0.001238,0.001237,0.001052,0.000857,0.000258,-0.000642,-0.000991,-0.000389,0.000856,0.001705,0.001565,0.000800,-0.000049,-0.000477,-0.000340,-0.000075,-0.000009,-0.000046,-0.000049,-0.000067,-0.000586,-0.001622,-0.002461,-0.002397,-0.001672,-0.001014,-0.000689,-0.000366,-0.000036,-0.000061,-0.000310,-0.000412,-0.000416,-0.000309,-0.000136,0.000038,0.000177,0.000098,-0.000003,0.000192,0.000729,0.001266,0.001050,0.000718,0.001357,0.002020,0.001423,0.000154,-0.000293,-0.000044,0.000094,-0.000094,-0.000340,-0.000367,-0.000199,-0.000119,-0.000374,-0.000520,-0.000337,-0.000052,0.000194,0.000287,0.000251,0.000143,-0.000056,-0.000013,0.000201,0.000248,-0.000223,-0.001231,-0.001879,-0.001718,-0.001320,-0.000947,-0.000374,-0.000087,-0.000114,0.000153,0.000437,0.000302,-0.000019,-0.000128,-0.000183,-0.000308,-0.000373,-0.000174,-0.000068,-0.000184,-0.000263,-0.000151,0.000027,0.000114,0.000127,0.000090,0.000043,0.000046,0.000144,0.000243,0.000256,0.000231,0.000185,0.000130,0.000141,0.000062,-0.000070,-0.000101,0.000014,0.000099,0.000150,0.000166,0.000097,0.000035,-0.000061,-0.000190,-0.000214,-0.000077,0.000037,0.000042,0.000117,0.000170,0.000104,
0.002589,-0.001356,-0.008170,-0.008285,-0.004797,-0.003111,-0.005292,-0.008151,-0.007997,-0.005225,-0.002893,-0.001744,-0.000624,-0.000165,-0.000699,-0.001337,-0.001503,-0.000918,-0.000129,-0.000242,-0.000846,-0.001135,-0.001201,-0.001271,-0.001302,-0.001310,-0.001290,-0.001113,-0.000808,-0.000504,-0.000428,-0.000355,0.000060,0.000423,0.000401,0.000423,0.000404,0.000223,0.000112,0.000057,-0.000238,-0.000530,-0.000375,-0.000213,-0.000273,-0.000221,-0.000172,-0.000185,-0.000229,-0.000217,-0.000192,-0.000239,-0.000233,-0.000188,-0.000042,-0.000129,-0.000540,-0.000679,-0.000262,0.000511,0.000811,0.000205,-0.000038,0.000678,0.001110,0.000798,0.000514,0.000761,0.000822,0.000401,-0.000072,-0.000279,-0.000244,-0.000213,-0.000103,0.000061,0.000094,-0.000028,-0.000219,-0.000312,-0.000217,0.000079,0.000457,0.000929,0.001598,0.002160,0.001657,-0.000172,-0.001668,-0.001868,-0.001480,-0.000905,-0.000261,-0.000122,-0.000295,-0.000209,0.000054,0.000178,0.000185,0.000097,-0.000019,-0.000112,-0.000179,-0.000118,0.000022,0.000078,0.000048,0.000104,0.000098,-0.000029,0.000038,0.000182,0.000126,-0.000001,0.000038,0.000118,-0.000047,-0.000109,-0.000050,-0.000067,-0.000082,-0.000097,0.000043,0.000273,0.000350,0.000266,0.000162,0.000064,0.000101,0.000242,0.000249,0.000117,-0.000035,0.000021,0.000155,0.000185,0.000111,0.000097,0.022313,0.012617,0.010641,0.011588,0.011495,0.009070,0.004985,0.002022,0.002032,0.003485,0.004031,0.003858,0.003329,0.002104,0.001079,0.000794,0.000923,0.001237,0.001276,0.001034,0.000898,0.000384,-0.000694,-0.001115,-0.000402,0.000827,0.001568,0.001410,0.000750,-0.000044,-0.000451,-0.000075,0.000259,-0.000059,-0.000390,-0.000252,-0.000033,-0.000398,-0.001365,-0.002358,-0.002429,-0.001611,-0.000955,-0.000644,-0.000257,-0.000017,-0.000148,-0.000345,-0.000389,-0.000355,-0.000239,-0.000085,0.000063,0.000128,0.000053,0.000037,0.000304,0.000842,0.001186,0.000824,0.000626,0.001428,0.002231,0.001861,0.000644,-0.000068,-0.000064,-0.000034,-0.000175,-0.000305,-0.000310,-0.000188,-0.000164,-0.000388,-0.000604,-0.000463,-0.000205,0.000127,0.000389,0.000303,0.000090,-0.000138,-0.000127,0.000180,0.000294,-0.000236,-0.001261,-0.001948,-0.001938,-0.001529,-0.001057,-0.000545,-0.000134,0.000010,0.000171,0.000264,0.000101,-0.000045,-0.000080,-0.000186,-0.000333,-0.000273,-0.000201,-0.000170,-0.000088,-0.000031,-0.000007,0.000042,0.000041,0.000123,0.000185,0.000108,0.000072,0.000157,0.000224,0.000285,0.000365,0.000367,0.000256,0.000127,0.000016,-0.000052,-0.000093,-0.000115,-0.000062,0.000027,0.000190,0.000202,0.000012,-0.000087,-0.000196,-0.000289,-0.000190,-0.000078,-0.000016,0.000190,0.000354,0.000298,
0.002138,-0.001759,-0.008237,-0.008153,-0.004639,-0.003137,-0.005236,-0.007904,-0.007802,-0.005088,-0.002779,-0.001645,-0.000482,-0.000097,-0.000688,-0.001480,-0.001666,-0.000984,-0.000135,-0.000077,-0.000774,-0.001189,-0.001199,-0.001224,-0.001320,-0.001439,-0.001369,-0.001046,-0.000687,-0.000448,-0.000545,-0.000704,-0.000522,-0.000146,0.000288,0.000643,0.000629,0.000482,0.000365,0.000139,-0.000153,-0.000285,-0.000262,-0.000299,-0.000487,-0.000434,-0.000209,-0.000186,-0.000147,-0.000110,-0.000224,-0.000321,-0.000203,-0.000049,-0.000030,-0.000299,-0.000657,-0.000707,-0.000234,0.000553,0.000788,0.000155,-0.000208,0.000292,0.000679,0.000480,0.000344,0.000525,0.000565,0.000247,-0.000050,-0.000170,-0.000115,-0.000037,-0.000001,0.000091,0.000121,-0.000041,-0.000315,-0.000467,-0.000355,0.000059,0.000481,0.000940,0.001725,0.002280,0.001502,-0.000442,-0.001845,-0.001988,-0.001540,-0.000964,-0.000452,-0.000303,-0.000433,-0.000358,-0.000061,0.000045,-0.000038,-0.000001,0.000049,0.000026,-0.000012,-0.000025,-0.000001,0.000099,0.000213,0.000146,0.000016,0.000024,0.000124,0.000191,0.000177,0.000101,0.000003,-0.000038,-0.000108,-0.000132,0.000009,0.000088,-0.000054,-0.000069,0.000047,0.000100,0.000155,0.000082,-0.000110,-0.000134,-0.000049,0.000039,0.000059,0.000056,-0.000013,-0.000064,0.000079,0.000154,0.000161,0.000154,0.022346,0.012694,0.010628,0.011500,0.011394,0.008952,0.004848,0.001941,0.002064,0.003595,0.004223,0.003971,0.003371,0.002123,0.001085,0.000755,0.000801,0.001016,0.000980,0.000844,0.000639,0.000139,-0.000694,-0.001022,-0.000313,0.000855,0.001577,0.001365,0.000542,-0.000346,-0.000704,-0.000438,-0.000228,-0.000195,-0.000134,0.000024,0.000174,-0.000236,-0.001294,-0.002264,-0.002458,-0.001767,-0.001001,-0.000620,-0.000239,0.000124,0.000024,-0.000327,-0.000478,-0.000415,-0.000278,-0.000130,0.000069,0.000175,0.000122,0.000108,0.000290,0.000740,0.001166,0.000970,0.000775,0.001487,0.002222,0.001929,0.000883,0.000234,0.000151,0.000140,-0.000001,-0.000226,-0.000142,0.000162,0.000239,-0.000040,-0.000365,-0.000401,-0.000101,0.000331,0.000405,0.000231,0.000090,-0.000008,0.000028,0.000307,0.000411,-0.000163,-0.001234,-0.001936,-0.001718,-0.001232,-0.000820,-0.000280,-0.000008,-0.000042,0.000147,0.000381,0.000322,0.000123,-0.000115,-0.000236,-0.000257,-0.000296,-0.000255,-0.000178,-0.000147,0.000038,0.000199,0.000064,-0.000021,0.000011,0.000001,-0.000001,0.000099,0.000236,0.000316,0.000194,0.000119,0.000176,0.000219,0.000221,0.000056,-0.000127,-0.000203,-0.000156,-0.000029,0.000120,0.000175,0.000175,0.000064,-0.000141,-0.000203,-0.000205,-0.000282,-0.000331,-0.000085,0.000129,0.000183,0.000129,
0.002376,-0.001670,-0.008005,-0.007885,-0.004367,-0.002886,-0.005140,-0.007921,-0.007804,-0.005094,-0.002703,-0.001512,-0.000331,0.000104,-0.000436,-0.001108,-0.001341,-0.000805,-0.000123,-0.000158,-0.000692,-0.000965,-0.000968,-0.001130,-0.001319,-0.001368,-0.001312,-0.001110,-0.000730,-0.000483,-0.000563,-0.000506,-0.000195,0.000066,0.000366,0.000627,0.000577,0.000369,0.000220,-0.000009,-0.000454,-0.000701,-0.000515,-0.000270,-0.000384,-0.000412,-0.000189,-0.000152,-0.000233,-0.000285,-0.000329,-0.000367,-0.000279,-0.000093,-0.000002,-0.000186,-0.000506,-0.000627,-0.000166,0.000653,0.000853,0.000357,0.000274,0.000742,0.000907,0.000556,0.000337,0.000505,0.000588,0.000403,0.000094,-0.000061,-0.000010,-0.000069,-0.000157,-0.000172,-0.000140,-0.000226,-0.000333,-0.000363,-0.000174,0.000100,0.000353,0.000835,0.001536,0.002049,0.001481,-0.000316,-0.001849,-0.002034,-0.001571,-0.001007,-0.000399,-0.000233,-0.000358,-0.000270,-0.000095,-0.000021,0.000068,0.000094,0.000018,-0.000058,-0.000233,-0.000297,-0.000111,0.000049,0.000122,0.000172,0.000218,0.000204,0.000182,0.000202,0.000253,0.000201,0.000071,-0.000007,-0.000018,-0.000040,-0.000086,-0.000069,-0.000018,-0.000053,-0.000069,0.000056,0.000225,0.000166,0.000015,0.000031,-0.000008,-0.000008,0.000052,0.000045,0.000025,-0.000070,-0.000016,0.000085,0.000140,0.000164,0.022343,0.012853,0.011078,0.011811,0.011466,0.008921,0.004892,0.002142,0.002377,0.003816,0.004270,0.004071,0.003418,0.002106,0.001006,0.000662,0.000908,0.001198,0.001177,0.000960,0.000791,0.000254,-0.000633,-0.000966,-0.000350,0.000711,0.001523,0.001503,0.000714,-0.000248,-0.000669,-0.000585,-0.000454,-0.000433,-0.000291,-0.000050,-0.000005,-0.000466,-0.001386,-0.002228,-0.002297,-0.001594,-0.001000,-0.000714,-0.000296,0.000137,0.000133,-0.000282,-0.000428,-0.000274,-0.000203,-0.000132,0.000017,0.000180,0.000151,-0.000023,0.000115,0.000645,0.001138,0.000926,0.000694,0.001385,0.001968,0.001309,0.000197,-0.000232,-0.000074,0.000136,-0.000031,-0.000267,-0.000117,-0.000053,-0.000337,-0.000633,-0.000648,-0.000548,-0.000216,0.000223,0.000435,0.000341,0.000107,0.000013,0.000077,0.000258,0.000208,-0.000450,-0.001406,-0.001883,-0.001579,-0.001130,-0.000786,-0.000242,0.000106,0.000076,0.000176,0.000311,0.000224,-0.000008,-0.000127,-0.000074,-0.000075,-0.000112,-0.000183,-0.000238,-0.000116,-0.000084,-0.000106,-0.000058,0.000026,0.000041,0.000006,-0.000031,-0.000076,0.000151,0.000323,0.000213,0.000097,0.000093,0.000126,0.000143,0.000038,-0.000078,-0.000071,-0.000019,0.000081,0.000169,0.000075,0.000007,0.000050,-0.000052,-0.000203,-0.000287,-0.000229,-0.000185,-0.000043,0.000153,0.000133,0.000123,
0.001464,-0.002423,-0.008521,-0.008128,-0.004587,-0.003128,-0.005223,-0.007945,-0.007809,-0.004996,-0.002614,-0.001446,-0.000301,0.000186,-0.000432,-0.001215,-0.001421,-0.000827,0.000006,0.000104,-0.000498,-0.000917,-0.001036,-0.001208,-0.001439,-0.001477,-0.001297,-0.000908,-0.000447,-0.000212,-0.000269,-0.000384,-0.000344,-0.000113,0.000277,0.000623,0.000572,0.000344,0.000286,0.000130,-0.000240,-0.000498,-0.000457,-0.000420,-0.000514,-0.000417,-0.000132,-0.000118,-0.000261,-0.000166,-0.000174,-0.000325,-0.000249,-0.000155,-0.000189,-0.000376,-0.000554,-0.000509,-0.000088,0.000569,0.000585,-0.000177,-0.000296,0.000438,0.000766,0.000298,-0.000039,0.000123,0.000235,0.000133,-0.000032,-0.000061,0.000027,-0.000020,-0.000142,-0.000075,0.000063,-0.000147,-0.000405,-0.000345,-0.000170,0.000121,0.000414,0.000874,0.001615,0.002156,0.001608,-0.000331,-0.001912,-0.002006,-0.001473,-0.000909,-0.000338,-0.000283,-0.000566,-0.000486,-0.000131,0.000100,0.000099,0.000027,-0.000072,-0.000159,-0.000204,-0.000149,-0.000054,0.000005,0.000085,0.000136,0.000117,-0.000022,0.000134,0.000346,0.000285,0.000163,0.000058,0.000006,-0.000049,-0.000184,-0.000292,-0.000177,0.000064,0.000200,0.000222,0.000177,0.000140,0.000085,-0.000058,-0.000078,-0.000001,0.000012,0.000041,-0.000010,-0.000147,-0.000054,0.000070,0.000097,0.000084,0.000129,0.022184,0.012655,0.010783,0.011493,0.011235,0.008690,0.004594,0.001858,0.002079,0.003529,0.004005,0.003823,0.003261,0.002003,0.001046,0.000742,0.000832,0.001155,0.001159,0.000941,0.000843,0.000387,-0.000592,-0.000953,-0.000264,0.000749,0.001494,0.001375,0.000510,-0.000440,-0.000857,-0.000612,-0.000360,-0.000280,-0.000144,0.000016,0.000048,-0.000360,-0.001241,-0.002219,-0.002398,-0.001692,-0.001103,-0.000803,-0.000349,0.000015,0.000021,-0.000164,-0.000241,-0.000278,-0.000317,-0.000251,-0.000105,0.000066,0.000070,-0.000002,0.000139,0.000651,0.001157,0.000932,0.000721,0.001491,0.002400,0.002026,0.000657,-0.000135,-0.000142,0.000007,0.000044,-0.000133,-0.000281,-0.000238,-0.000312,-0.000461,-0.000542,-0.000438,-0.000087,0.000289,0.000467,0.000406,0.000124,0.000001,0.000019,0.000091,0.000081,-0.000442,-0.001306,-0.001741,-0.001515,-0.001196,-0.000894,-0.000376,-0.000077,-0.000071,0.000077,0.000356,0.000352,0.000117,-0.000118,-0.000303,-0.000328,-0.000256,-0.000149,0.000032,0.000083,-0.000110,-0.000162,0.000011,0.000053,0.000035,0.000032,0.000043,0.000064,0.000075,0.000052,0.000057,0.000221,0.000326,0.000187,-0.000052,-0.000154,-0.000093,-0.000055,-0.000038,0.000037,0.000114,0.000094,0.000024,-0.000012,-0.000128,-0.000247,-0.000290,-0.000280,-0.000122,0.000044,0.000091,0.000132,0.000084,
0.000457,-0.003183,-0.009158,-0.008753,-0.005087,-0.003528,-0.005519,-0.007992,-0.007831,-0.005213,-0.002884,-0.001755,-0.000573,-0.000002,-0.000557,-0.001287,-0.001487,-0.000924,-0.000140,-0.000121,-0.000702,-0.001031,-0.001115,-0.001293,-0.001483,-0.001501,-0.001342,-0.001059,-0.000747,-0.000490,-0.000434,-0.000427,-0.000325,-0.000113,0.000238,0.000606,0.000735,0.000547,0.000322,0.000077,-0.000184,-0.000340,-0.000344,-0.000325,-0.000428,-0.000411,-0.000185,-0.000094,-0.000123,-0.000154,-0.000227,-0.000267,-0.000212,-0.000111,-0.000108,-0.000232,-0.000461,-0.000620,-0.000299,0.000507,0.000882,0.000391,0.000089,0.000422,0.000736,0.000740,0.000528,0.000438,0.000476,0.000236,-0.000230,-0.000439,-0.000245,-0.000124,-0.000249,-0.000181,-0.000006,-0.000127,-0.000415,-0.000384,-0.000130,0.000110,0.000313,0.000799,0.001643,0.002267,0.001570,-0.000398,-0.001917,-0.002100,-0.001544,-0.000918,-0.000347,-0.000207,-0.000392,-0.000368,-0.000157,-0.000079,-0.000143,-0.000112,-0.000099,-0.000224,-0.000268,-0.000191,0.000002,0.000042,-0.000051,-0.000035,0.000069,0.000141,0.000231,0.000277,0.000236,0.000174,0.000193,0.000140,0.000030,-0.000038,-0.000076,-0.000051,0.000030,0.000081,0.000082,0.000085,0.000104,0.000155,0.000160,0.000079,0.000093,0.000055,-0.000011,-0.000044,-0.000130,-0.000122,-0.000013,0.000084,0.000134,0.000191,0.022097,0.012598,0.010597,0.011179,0.011006,0.008634,0.004450,0.001522,0.001769,0.003416,0.004012,0.003865,0.003351,0.002091,0.001057,0.000767,0.000941,0.001240,0.001219,0.000975,0.000766,0.000192,-0.000701,-0.001021,-0.000320,0.000803,0.001534,0.001490,0.000667,-0.000345,-0.000781,-0.000654,-0.000513,-0.000460,-0.000259,0.000073,0.000102,-0.000412,-0.001324,-0.002204,-0.002363,-0.001648,-0.000962,-0.000583,-0.000192,0.000049,-0.000059,-0.000315,-0.000363,-0.000255,-0.000208,-0.000074,0.000019,-0.000013,-0.000061,-0.000014,0.000332,0.000874,0.001224,0.000842,0.000481,0.001107,0.001647,0.001255,0.000464,-0.000101,-0.000325,-0.000256,-0.000144,-0.000202,-0.000323,-0.000284,-0.000251,-0.000345,-0.000433,-0.000358,-0.000088,0.000209,0.000345,0.000286,0.000117,-0.000060,-0.000110,0.000146,0.000225,-0.000367,-0.001233,-0.001813,-0.001682,-0.001328,-0.001016,-0.000391,-0.000080,-0.000198,-0.000022,0.000149,0.000084,-0.000035,-0.000145,-0.000264,-0.000244,-0.000200,-0.000244,-0.000266,-0.000208,-0.000028,0.000078,0.000040,0.000020,0.000014,0.000092,0.000089,0.000125,0.000179,0.000098,0.000100,0.000188,0.000202,0.000101,-0.000015,-0.000015,-0.000042,-0.000068,0.000022,0.000085,0.000161,0.000195,0.000043,-0.000096,-0.000188,-0.000288,-0.000378,-0.000396,-0.000233,-0.000024,0.000129,0.000148,0.000050,
0.000520,-0.003414,-0.009221,-0.008674,-0.005126,-0.003548,-0.005493,-0.008078,-0.007818,-0.004931,-0.002732,-0.001730,-0.000529,-0.000038,-0.000556,-0.001290,-0.001538,-0.000962,-0.000163,-0.000010,-0.000526,-0.000985,-0.001199,-0.001303,-0.001291,-0.001309,-0.001316,-0.001163,-0.000832,-0.000494,-0.000454,-0.000504,-0.000359,-0.000014,0.000461,0.000736,0.000723,0.000567,0.000327,0.000040,-0.000303,-0.000463,-0.000338,-0.000241,-0.000308,-0.000302,-0.000158,-0.000052,-0.000074,-0.000161,-0.000246,-0.000364,-0.000360,-0.000192,-0.000072,-0.000234,-0.000531,-0.000642,-0.000261,0.000541,0.000789,0.000307,0.000231,0.000540,0.000528,0.000250,0.000234,0.000711,0.000840,0.000494,0.000127,-0.000108,-0.000179,-0.000191,-0.000149,-0.000002,0.000042,-0.000237,-0.000550,-0.000476,-0.000204,0.000059,0.000385,0.000860,0.001635,0.002247,0.001695,-0.000206,-0.001827,-0.001990,-0.001352,-0.000804,-0.000274,-0.000077,-0.000362,-0.000381,-0.000092,0.000032,0.000021,0.000045,0.000062,-0.000010,-0.000108,-0.000095,0.000046,0.000105,0.000022,0.000078,0.000165,0.000078,0.000140,0.000171,0.000074,0.000105,0.000046,-0.000071,-0.000087,-0.000107,-0.000111,-0.000048,0.000029,0.000026,-0.000004,0.000022,0.000135,0.000183,0.000064,-0.000051,-0.000002,0.000146,0.000175,0.000047,-0.000062,-0.000017,0.000035,0.000077,0.000177,0.000193,0.022418,0.012668,0.010499,0.011227,0.011069,0.008586,0.004384,0.001486,0.001825,0.003490,0.004014,0.003840,0.003425,0.002178,0.000958,0.000620,0.000903,0.001252,0.001177,0.000936,0.000743,0.000167,-0.000643,-0.000943,-0.000383,0.000689,0.001473,0.001381,0.000580,-0.000328,-0.000761,-0.000540,-0.000357,-0.000344,-0.000141,0.000036,-0.000021,-0.000508,-0.001441,-0.002288,-0.002322,-0.001578,-0.000902,-0.000633,-0.000325,-0.000028,-0.000034,-0.000331,-0.000451,-0.000309,-0.000231,-0.000151,-0.000004,0.000100,0.000040,-0.000008,0.000256,0.000770,0.001158,0.000952,0.000778,0.001561,0.002216,0.001468,0.000180,-0.000317,-0.000080,0.000087,-0.000149,-0.000364,-0.000283,-0.000201,-0.000277,-0.000426,-0.000474,-0.000379,-0.000033,0.000304,0.000474,0.000362,0.000105,-0.000074,-0.000034,0.000244,0.000272,-0.000331,-0.001188,-0.001804,-0.001759,-0.001417,-0.001007,-0.000338,-0.000012,-0.000077,-0.000034,0.000147,0.000210,0.000091,-0.000073,-0.000218,-0.000161,-0.000085,-0.000146,-0.000106,-0.000009,-0.000036,-0.000007,0.000076,0.000175,0.000207,0.000168,0.000037,0.000039,0.000231,0.000351,0.000317,0.000247,0.000253,0.000168,0.000093,0.000154,0.000024,-0.000159,-0.000097,-0.000046,-0.000067,0.000010,0.000058,-0.000045,-0.000143,-0.000173,-0.000257,-0.000284,-0.000196,-0.000059,0.000113,0.000083,0.000061,
0.000144,-0.003637,-0.009298,-0.008589,-0.004946,-0.003359,-0.005329,-0.007880,-0.007708,-0.005026,-0.002794,-0.001781,-0.000753,-0.000232,-0.000716,-0.001395,-0.001496,-0.000926,-0.000174,-0.000135,-0.000664,-0.000904,-0.000937,-0.001121,-0.001328,-0.001522,-0.001592,-0.001416,-0.001085,-0.000778,-0.000535,-0.000372,-0.000041,0.000289,0.000424,0.000464,0.000400,0.000181,-0.000031,-0.000137,-0.000309,-0.000513,-0.000468,-0.000198,-0.000244,-0.000348,-0.000228,-0.000095,-0.000092,-0.000225,-0.000380,-0.000362,-0.000236,-0.000195,-0.000223,-0.000410,-0.000678,-0.000704,-0.000182,0.000512,0.000721,0.000227,-0.000005,0.000695,0.001061,0.000652,0.000357,0.000467,0.000538,0.000308,-0.000088,-0.000343,-0.000297,-0.000193,-0.000224,-0.000144,-0.000104,-0.000263,-0.000347,-0.000357,-0.000302,-0.000013,0.000315,0.000755,0.001569,0.002138,0.001477,-0.000438,-0.001946,-0.002089,-0.001625,-0.001015,-0.000461,-0.000275,-0.000354,-0.000288,-0.000084,-0.000004,0.000001,-0.000026,-0.000100,-0.000100,-0.000104,-0.000069,0.000036,0.000072,0.000089,0.000074,0.000031,-0.000013,0.000111,0.000202,0.000095,0.000003,-0.000052,-0.000024,-0.000125,-0.000344,-0.000296,-0.000116,-0.000095,-0.000081,-0.000044,0.000009,0.000093,0.000096,-0.000019,-0.000079,-0.000064,-0.000087,-0.000092,-0.000017,-0.000075,-0.000103,-0.000020,0.000018,0.000129,0.000135,0.022257,0.012717,0.010627,0.011155,0.010896,0.008403,0.004273,0.001557,0.001867,0.003386,0.003893,0.003716,0.003181,0.001978,0.000924,0.000552,0.000753,0.001072,0.000980,0.000810,0.000664,0.000094,-0.000714,-0.000995,-0.000451,0.000550,0.001323,0.001306,0.000604,-0.000311,-0.000593,-0.000211,0.000056,-0.000058,-0.000170,0.000015,0.000163,-0.000166,-0.001170,-0.002203,-0.002299,-0.001509,-0.000896,-0.000609,-0.000173,0.000142,0.000116,-0.000131,-0.000285,-0.000255,-0.000151,0.000054,0.000212,0.000182,0.000123,0.000129,0.000350,0.000823,0.001196,0.000853,0.000452,0.001256,0.002185,0.001716,0.000577,-0.000047,-0.000117,-0.000033,-0.000185,-0.000357,-0.000160,0.000011,-0.000158,-0.000378,-0.000521,-0.000537,-0.000234,0.000165,0.000384,0.000343,0.000113,-0.000082,0.000013,0.000230,0.000180,-0.000336,-0.001184,-0.001808,-0.001726,-0.001281,-0.000924,-0.000345,0.000095,-0.000010,0.000147,0.000409,0.000314,0.000015,-0.000118,-0.000140,-0.000154,-0.000162,-0.000196,-0.000041,0.000012,-0.000033,0.000006,-0.000076,-0.000103,0.000074,0.000084,-0.000055,-0.000059,0.000067,0.000175,0.000204,0.000223,0.000207,0.000147,0.000203,0.000135,-0.000010,-0.000065,-0.000083,-0.000019,0.000004,-0.000062,-0.000025,0.000031,-0.000087,-0.000293,-0.000374,-0.000313,-0.000170,-0.000038,0.000032,0.000050,-0.000009,
-0.000143,-0.003831,-0.009309,-0.008632,-0.004982,-0.003483,-0.005551,-0.007928,-0.007668,-0.005074,-0.002892,-0.001860,-0.000714,-0.000210,-0.000773,-0.001398,-0.001430,-0.000805,-0.000035,-0.000022,-0.000627,-0.001051,-0.001093,-0.001250,-0.001471,-0.001510,-0.001507,-0.001383,-0.001038,-0.000623,-0.000472,-0.000442,-0.000308,-0.000128,0.000203,0.000489,0.000519,0.000409,0.000295,0.000100,-0.000244,-0.000433,-0.000336,-0.000292,-0.000408,-0.000358,-0.000233,-0.000189,-0.000152,-0.000108,-0.000168,-0.000278,-0.000260,-0.000111,-0.000031,-0.000218,-0.000627,-0.000730,-0.000260,0.000432,0.000725,0.000271,0.000116,0.000754,0.001099,0.000716,0.000486,0.000737,0.000788,0.000388,-0.000011,-0.000142,0.000082,0.000189,0.000079,0.000098,0.000069,-0.000169,-0.000417,-0.000454,-0.000235,0.000085,0.000376,0.000876,0.001685,0.002296,0.001622,-0.000348,-0.001705,-0.001731,-0.001356,-0.000852,-0.000291,-0.000170,-0.000296,-0.000174,0.000058,0.000176,0.000120,-0.000063,-0.000083,-0.000007,-0.000096,-0.000133,-0.000056,0.000005,0.000148,0.000158,0.000080,0.000145,0.000256,0.000200,0.000092,0.000126,0.000122,-0.000000,-0.000081,-0.000046,-0.000057,-0.000068,0.000117,0.000171,0.000086,0.000189,0.000271,0.000248,0.000150,-0.000055,-0.000025,0.000151,0.000134,-0.000022,-0.000126,-0.000072,0.000045,0.000121,0.000150,0.000095,0.021894,0.012545,0.010775,0.011375,0.011020,0.008540,0.004373,0.001618,0.001848,0.003320,0.003901,0.003688,0.003203,0.002002,0.000837,0.000485,0.000705,0.001080,0.001144,0.001019,0.000901,0.000358,-0.000610,-0.001010,-0.000402,0.000604,0.001298,0.001257,0.000519,-0.000324,-0.000618,-0.000429,-0.000329,-0.000341,-0.000198,0.000027,0.000191,-0.000216,-0.001261,-0.002216,-0.002301,-0.001527,-0.000875,-0.000629,-0.000279,0.000033,-0.000085,-0.000351,-0.000403,-0.000362,-0.000297,-0.000123,0.000039,0.000130,0.000053,-0.000078,0.000135,0.000718,0.001221,0.000876,0.000527,0.001383,0.002424,0.002129,0.000983,0.000318,0.000316,0.000322,0.000125,0.000023,0.000130,0.000171,0.000034,-0.000280,-0.000604,-0.000626,-0.000311,0.000187,0.000402,0.000329,0.000148,-0.000015,0.000015,0.000242,0.000191,-0.000415,-0.001356,-0.001936,-0.001659,-0.001203,-0.000880,-0.000314,0.000122,0.000080,0.000031,0.000246,0.000268,0.000031,-0.000140,-0.000260,-0.000320,-0.000291,-0.000233,-0.000107,-0.000045,-0.000066,-0.000042,0.000044,0.000060,0.000070,0.000096,0.000041,-0.000081,-0.000018,0.000140,0.000177,0.000157,0.000227,0.000290,0.000244,0.000180,0.000060,-0.000068,-0.000013,0.000099,0.000107,0.000032,-0.000030,-0.000050,-0.000095,-0.000126,-0.000182,-0.000213,-0.000150,-0.000069,0.000002,0.000080,0.000079,
-0.000318,-0.004006,-0.009548,-0.008736,-0.004972,-0.003456,-0.005449,-0.007833,-0.007593,-0.005052,-0.002897,-0.001881,-0.000771,-0.000258,-0.000741,-0.001296,-0.001405,-0.000848,-0.000124,-0.000110,-0.000616,-0.000916,-0.001054,-0.001252,-0.001340,-0.001361,-0.001375,-0.001265,-0.000894,-0.000578,-0.000561,-0.000542,-0.000300,0.000011,0.000335,0.000620,0.000677,0.000545,0.000326,-0.000042,-0.000351,-0.000403,-0.000316,-0.000327,-0.000401,-0.000267,-0.000034,0.000021,-0.000128,-0.000268,-0.000351,-0.000350,-0.000266,-0.000207,-0.000174,-0.000226,-0.000534,-0.000609,-0.000069,0.000655,0.000870,0.000402,0.000149,0.000473,0.000648,0.000333,0.000113,0.000374,0.000511,0.000211,-0.000137,-0.000165,-0.000004,-0.000063,-0.000177,-0.000079,-0.000051,-0.000162,-0.000294,-0.000353,-0.000176,0.000087,0.000290,0.000767,0.001561,0.002135,0.001563,-0.000270,-0.001806,-0.002014,-0.001531,-0.000929,-0.000372,-0.000181,-0.000309,-0.000361,-0.000150,0.000055,0.000029,-0.000008,-0.000012,-0.000067,-0.000058,0.000002,0.000066,0.000121,0.000136,0.000075,0.000073,0.000133,0.000243,0.000285,0.000232,0.000145,0.000040,-0.000007,-0.000092,-0.000184,-0.000176,-0.000140,-0.000091,-0.000083,-0.000032,0.000086,0.000168,0.000185,0.000104,0.000048,0.000038,0.000036,0.000126,0.000124,0.000048,-0.000051,-0.000136,-0.000039,0.000126,0.000259,0.022135,0.012535,0.010472,0.011043,0.010812,0.008359,0.004250,0.001454,0.001835,0.003490,0.003987,0.003765,0.003205,0.001913,0.000822,0.000511,0.000715,0.001005,0.000969,0.000835,0.000736,0.000175,-0.000769,-0.001098,-0.000345,0.000699,0.001336,0.001244,0.000486,-0.000457,-0.000891,-0.000586,-0.000210,-0.000173,-0.000264,-0.000195,-0.000138,-0.000456,-0.001234,-0.002126,-0.002322,-0.001647,-0.001057,-0.000703,-0.000165,0.000245,0.000127,-0.000212,-0.000340,-0.000379,-0.000336,-0.000225,-0.000071,-0.000009,-0.000118,-0.000010,0.000257,0.000669,0.001070,0.000797,0.000536,0.001281,0.001873,0.001309,0.000344,-0.000197,-0.000184,0.000070,0.000054,-0.000210,-0.000156,0.000028,-0.000127,-0.000521,-0.000636,-0.000421,-0.000079,0.000335,0.000549,0.000447,0.000162,0.000027,0.000033,0.000139,0.000178,-0.000400,-0.001374,-0.001922,-0.001648,-0.001121,-0.000808,-0.000357,-0.000098,-0.000124,0.000095,0.000217,0.000118,-0.000033,-0.000085,-0.000130,-0.000189,-0.000214,-0.000213,-0.000096,-0.000013,-0.000083,0.000024,0.000255,0.000214,0.000120,0.000057,0.000000,0.000058,0.000116,0.000158,0.000176,0.000158,0.000161,0.000092,0.000128,0.000161,0.000074,-0.000113,-0.000127,0.000043,0.000146,0.000156,0.000139,0.000088,-0.000094,-0.000196,-0.000239,-0.000300,-0.000190,-0.000002,0.000086,0.000143,0.000143,
-0.000957,-0.004599,-0.009936,-0.008970,-0.005129,-0.003597,-0.005639,-0.007949,-0.007565,-0.004987,-0.002846,-0.001802,-0.000649,-0.000089,-0.000493,-0.001123,-0.001358,-0.000860,-0.000114,-0.000040,-0.000538,-0.000905,-0.001065,-0.001162,-0.001267,-0.001469,-0.001603,-0.001364,-0.000787,-0.000282,-0.000259,-0.000415,-0.000338,-0.000131,0.000167,0.000481,0.000537,0.000426,0.000249,-0.000054,-0.000413,-0.000559,-0.000425,-0.000320,-0.000408,-0.000418,-0.000233,-0.000189,-0.000307,-0.000290,-0.000232,-0.000240,-0.000211,-0.000109,-0.000047,-0.000332,-0.000795,-0.000887,-0.000296,0.000567,0.000645,-0.000080,-0.000247,0.000471,0.000907,0.000511,0.000133,0.000218,0.000322,0.000124,-0.000241,-0.000328,-0.000095,0.000026,-0.000031,-0.000125,-0.000167,-0.000278,-0.000453,-0.000457,-0.000230,0.000123,0.000468,0.000857,0.001543,0.002122,0.001564,-0.000325,-0.001875,-0.001989,-0.001512,-0.000863,-0.000255,-0.000174,-0.000338,-0.000274,-0.000052,0.000073,0.000059,0.000027,-0.000080,-0.000196,-0.000167,-0.000195,-0.000142,0.000049,0.000097,0.000099,0.000113,0.000153,0.000286,0.000336,0.000233,0.000105,0.000072,0.000031,-0.000023,0.000019,0.000040,0.000049,0.000088,0.000173,0.000155,0.000124,0.000141,0.000178,0.000094,-0.000013,0.000053,0.000168,0.000198,0.000092,-0.000053,-0.000017,0.000131,0.000169,0.000128,0.000124,0.021927,0.012437,0.010382,0.010884,0.010640,0.008165,0.004010,0.001257,0.001598,0.003163,0.003833,0.003844,0.003313,0.001883,0.000777,0.000572,0.000722,0.000983,0.001049,0.000946,0.000824,0.000320,-0.000562,-0.000918,-0.000344,0.000615,0.001299,0.001269,0.000541,-0.000372,-0.000813,-0.000641,-0.000379,-0.000288,-0.000251,-0.000148,-0.000155,-0.000422,-0.001209,-0.002218,-0.002336,-0.001594,-0.000905,-0.000638,-0.000382,-0.000026,0.000079,-0.000073,-0.000154,-0.000184,-0.000138,-0.000011,-0.000001,0.000087,0.000006,-0.000081,0.000166,0.000696,0.001083,0.000873,0.000765,0.001625,0.002437,0.001932,0.000532,-0.000242,-0.000215,0.000003,0.000037,-0.000049,-0.000059,-0.000176,-0.000335,-0.000495,-0.000514,-0.000413,-0.000190,0.000128,0.000313,0.000267,0.000036,-0.000159,-0.000049,0.000159,0.000128,-0.000421,-0.001267,-0.001682,-0.001523,-0.001139,-0.000858,-0.000411,-0.000027,0.000030,0.000226,0.000410,0.000221,0.000037,-0.000129,-0.000320,-0.000316,-0.000270,-0.000190,-0.000039,-0.000028,-0.000050,-0.000037,-0.000001,0.000054,0.000150,0.000201,0.000101,0.000134,0.000261,0.000209,0.000107,0.000099,0.000214,0.000348,0.000253,-0.000008,-0.000127,-0.000045,0.000010,-0.000007,0.000049,0.000075,0.000017,-0.000046,-0.000146,-0.000199,-0.000191,-0.000185,-0.000169,-0.000062,0.000070,0.000200,0.000311,
-0.001801,-0.005263,-0.010293,-0.009151,-0.005368,-0.003804,-0.005657,-0.007840,-0.007451,-0.004929,-0.002893,-0.001870,-0.000742,-0.000341,-0.000885,-0.001476,-0.001588,-0.001026,-0.000159,-0.000083,-0.000602,-0.000948,-0.001088,-0.001209,-0.001380,-0.001508,-0.001550,-0.001364,-0.000861,-0.000413,-0.000391,-0.000492,-0.000407,-0.000174,0.000257,0.000637,0.000640,0.000565,0.000427,0.000051,-0.000367,-0.000508,-0.000388,-0.000285,-0.000319,-0.000248,-0.000144,-0.000096,-0.000105,-0.000186,-0.000295,-0.000334,-0.000189,-0.000123,-0.000219,-0.000306,-0.000598,-0.000799,-0.000381,0.000463,0.000734,0.000020,-0.000386,0.000264,0.000888,0.000780,0.000495,0.000569,0.000621,0.000339,-0.000018,-0.000201,-0.000074,-0.000003,-0.000121,-0.000053,0.000070,-0.000079,-0.000405,-0.000390,-0.000098,0.000186,0.000417,0.000821,0.001555,0.002069,0.001551,-0.000259,-0.001873,-0.002043,-0.001440,-0.000828,-0.000332,-0.000149,-0.000351,-0.000374,-0.000099,0.000134,0.000149,0.000081,0.000011,-0.000160,-0.000252,-0.000087,0.000092,0.000158,0.000202,0.000111,0.000001,0.000056,0.000199,0.000301,0.000248,0.000219,0.000249,0.000065,-0.000099,-0.000078,-0.000079,-0.000047,0.000074,0.000066,-0.000010,0.000070,0.000172,0.000273,0.000239,0.000026,-0.000009,0.000103,0.000171,0.000022,-0.000123,-0.000124,-0.000031,0.000071,0.000172,0.000274,0.021920,0.012236,0.010139,0.010694,0.010405,0.007887,0.003769,0.001015,0.001326,0.003034,0.003683,0.003557,0.003156,0.001978,0.000859,0.000501,0.000687,0.001068,0.001197,0.001053,0.000756,0.000181,-0.000657,-0.000928,-0.000370,0.000516,0.001162,0.001228,0.000455,-0.000569,-0.000862,-0.000470,-0.000183,-0.000122,-0.000056,0.000065,0.000039,-0.000352,-0.001297,-0.002254,-0.002257,-0.001499,-0.000852,-0.000644,-0.000325,0.000067,-0.000060,-0.000322,-0.000387,-0.000332,-0.000262,-0.000114,0.000008,0.000013,-0.000164,-0.000242,0.000189,0.000789,0.001076,0.000678,0.000371,0.001053,0.001800,0.001361,0.000287,-0.000436,-0.000518,-0.000147,-0.000086,-0.000322,-0.000264,-0.000061,-0.000105,-0.000338,-0.000502,-0.000460,-0.000150,0.000169,0.000249,0.000236,0.000141,0.000012,0.000039,0.000216,0.000255,-0.000329,-0.001275,-0.001805,-0.001668,-0.001316,-0.000874,-0.000241,0.000050,-0.000042,0.000008,0.000290,0.000361,0.000187,-0.000027,-0.000146,-0.000204,-0.000252,-0.000239,-0.000132,-0.000095,-0.000136,0.000022,0.000097,0.000026,0.000073,0.000147,0.000147,0.000135,0.000175,0.000236,0.000162,0.000153,0.000151,0.000126,0.000112,0.000063,-0.000061,-0.000173,-0.000037,0.000136,0.000084,0.000034,-0.000008,-0.000079,-0.000185,-0.000217,-0.000172,-0.000147,-0.000070,0.000037,0.000185,0.000265,0.000246,
-0.001961,-0.005553,-0.010399,-0.009058,-0.005185,-0.003599,-0.005454,-0.007677,-0.007436,-0.004991,-0.002907,-0.001936,-0.000784,-0.000200,-0.000778,-0.001470,-0.001551,-0.000946,-0.000004,0.000049,-0.000636,-0.001047,-0.001086,-0.001160,-0.001393,-0.001535,-0.001599,-0.001418,-0.001048,-0.000630,-0.000448,-0.000423,-0.000177,0.000191,0.000469,0.000651,0.000658,0.000502,0.000252,-0.000060,-0.000419,-0.000580,-0.000508,-0.000364,-0.000334,-0.000298,-0.000175,-0.000141,-0.000191,-0.000205,-0.000307,-0.000328,-0.000246,-0.000107,-0.000007,-0.000223,-0.000610,-0.000757,-0.000106,0.000829,0.001048,0.000396,0.000164,0.000534,0.000417,0.000074,0.000213,0.000632,0.000698,0.000345,-0.000049,-0.000188,-0.000129,-0.000045,-0.000045,-0.000022,0.000099,-0.000009,-0.000258,-0.000281,-0.000170,0.000126,0.000446,0.000778,0.001426,0.002027,0.001534,-0.000242,-0.001810,-0.001982,-0.001464,-0.000894,-0.000379,-0.000301,-0.000510,-0.000379,0.000011,0.000140,0.000022,-0.000015,-0.000001,-0.000056,-0.000187,-0.000172,0.000005,0.000152,0.000210,0.000187,0.000116,0.000075,0.000118,0.000119,0.000118,0.000154,0.000084,0.000002,-0.000085,-0.000039,0.000023,0.000023,0.000035,0.000026,0.000014,0.000093,0.000239,0.000246,0.000058,-0.000030,-0.000042,-0.000043,-0.000013,-0.000040,-0.000146,-0.000189,-0.000109,0.000057,0.000189,0.000235,0.021966,0.012305,0.010137,0.010780,0.010445,0.008049,0.004073,0.001260,0.001564,0.003140,0.003723,0.003650,0.003169,0.001910,0.000841,0.000593,0.000746,0.000910,0.000985,0.000859,0.000641,0.000186,-0.000673,-0.001015,-0.000496,0.000326,0.001081,0.001206,0.000589,-0.000140,-0.000470,-0.000368,-0.000284,-0.000200,-0.000001,0.000133,0.000100,-0.000275,-0.001198,-0.002248,-0.002429,-0.001538,-0.000836,-0.000619,-0.000263,0.000106,0.000003,-0.000317,-0.000355,-0.000324,-0.000255,-0.000173,-0.000023,0.000116,-0.000022,-0.000126,0.000180,0.000741,0.001164,0.000982,0.000818,0.001450,0.002029,0.001487,0.000515,0.000112,0.000071,0.000028,-0.000174,-0.000406,-0.000370,-0.000121,0.000014,-0.000222,-0.000490,-0.000461,-0.000217,0.000161,0.000414,0.000413,0.000210,-0.000007,0.000044,0.000255,0.000222,-0.000340,-0.001218,-0.001806,-0.001709,-0.001284,-0.000858,-0.000372,-0.000091,-0.000169,-0.000006,0.000243,0.000288,0.000183,-0.000103,-0.000285,-0.000295,-0.000255,-0.000180,-0.000070,-0.000050,-0.000032,0.000040,0.000092,0.000145,0.000148,0.000097,0.000031,0.000095,0.000249,0.000315,0.000360,0.000327,0.000236,0.000130,0.000068,-0.000025,-0.000151,-0.000153,-0.000035,0.000133,0.000088,-0.000033,-0.000032,-0.000010,-0.000151,-0.000271,-0.000377,-0.000373,-0.000261,-0.000127,0.000082,0.000225,0.000201,
-0.001999,-0.005582,-0.010361,-0.008902,-0.004977,-0.003469,-0.005456,-0.007759,-0.007442,-0.004961,-0.002902,-0.001900,-0.000672,-0.000082,-0.000704,-0.001373,-0.001519,-0.000978,-0.000237,-0.000184,-0.000609,-0.000953,-0.001084,-0.001224,-0.001409,-0.001510,-0.001710,-0.001753,-0.001419,-0.000944,-0.000688,-0.000562,-0.000309,0.000056,0.000366,0.000500,0.000440,0.000226,0.000104,-0.000098,-0.000380,-0.000485,-0.000422,-0.000240,-0.000262,-0.000330,-0.000215,-0.000154,-0.000235,-0.000265,-0.000224,-0.000197,-0.000195,-0.000103,-0.000065,-0.000258,-0.000605,-0.000709,-0.000311,0.000485,0.000642,-0.000074,-0.000208,0.000536,0.000880,0.000532,0.000424,0.000720,0.000728,0.000361,-0.000066,-0.000244,-0.000226,-0.000026,0.000134,0.000144,0.000014,-0.000253,-0.000455,-0.000439,-0.000130,0.000222,0.000381,0.000734,0.001559,0.002220,0.001593,-0.000298,-0.001827,-0.001958,-0.001459,-0.000935,-0.000471,-0.000351,-0.000494,-0.000332,-0.000022,0.000123,0.000140,0.000053,-0.000026,-0.000103,-0.000195,-0.000149,0.000014,0.000075,0.000080,0.000175,0.000227,0.000242,0.000310,0.000329,0.000183,0.000146,0.000175,0.000078,0.000009,-0.000070,-0.000176,-0.000107,0.000115,0.000265,0.000226,0.000117,0.000171,0.000220,0.000133,0.000031,0.000048,0.000138,0.000123,0.000031,-0.000040,-0.000089,-0.000088,-0.000005,0.000117,0.000181,0.021817,0.012223,0.010151,0.010773,0.010613,0.008112,0.003865,0.001076,0.001535,0.003173,0.003781,0.003628,0.003007,0.001732,0.000759,0.000599,0.000735,0.000979,0.001000,0.000849,0.000686,0.000224,-0.000634,-0.000982,-0.000484,0.000388,0.001146,0.001159,0.000438,-0.000399,-0.000709,-0.000443,-0.000170,-0.000095,-0.000025,0.000086,0.000165,-0.000195,-0.001102,-0.002172,-0.002427,-0.001657,-0.000933,-0.000658,-0.000319,-0.000021,-0.000085,-0.000249,-0.000354,-0.000343,-0.000246,-0.000097,0.000022,0.000037,-0.000049,-0.000055,0.000176,0.000582,0.000909,0.000631,0.000418,0.001311,0.002104,0.001420,0.000083,-0.000473,-0.000224,-0.000037,-0.000152,-0.000382,-0.000315,-0.000053,-0.000075,-0.000305,-0.000350,-0.000199,0.000017,0.000280,0.000384,0.000297,0.000077,-0.000050,0.000136,0.000284,0.000239,-0.000305,-0.001204,-0.001818,-0.001696,-0.001201,-0.000875,-0.000410,-0.000106,-0.000100,0.000064,0.000306,0.000252,-0.000007,-0.000161,-0.000216,-0.000242,-0.000223,-0.000221,-0.000125,0.000019,0.000071,0.000050,0.000060,0.000150,0.000190,0.000140,0.000078,0.000059,0.000049,0.000091,0.000198,0.000228,0.000271,0.000214,0.000066,-0.000009,-0.000013,-0.000058,-0.000006,-0.000020,-0.000030,0.000054,0.000039,-0.000046,-0.000204,-0.000183,-0.000098,-0.000100,-0.000072,0.000027,0.000124,0.000110,0.000037,
-0.002361,-0.005756,-0.010451,-0.009110,-0.005160,-0.003499,-0.005388,-0.007597,-0.007207,-0.004707,-0.002751,-0.001886,-0.000769,-0.000194,-0.000752,-0.001442,-0.001520,-0.000884,-0.000035,0.000036,-0.000572,-0.000939,-0.000983,-0.001211,-0.001365,-0.001469,-0.001659,-0.001547,-0.001060,-0.000635,-0.000438,-0.000308,-0.000052,0.000115,0.000274,0.000441,0.000363,0.000200,0.000015,-0.000194,-0.000464,-0.000599,-0.000417,-0.000211,-0.000223,-0.000178,-0.000117,-0.000130,-0.000240,-0.000329,-0.000332,-0.000351,-0.000299,-0.000159,-0.000077,-0.000252,-0.000615,-0.000801,-0.000308,0.000558,0.000807,0.000259,0.000056,0.000740,0.001143,0.000895,0.000651,0.000716,0.000741,0.000438,0.000005,-0.000152,-0.000033,0.000047,0.000128,0.000167,0.000023,-0.000163,-0.000356,-0.000491,-0.000316,0.000049,0.000392,0.000953,0.001680,0.002127,0.001529,-0.000266,-0.001687,-0.001897,-0.001454,-0.000818,-0.000280,-0.000196,-0.000402,-0.000297,-0.000018,0.000143,0.000097,-0.000062,-0.000119,-0.000068,-0.000201,-0.000230,-0.000069,-0.000003,0.000017,0.000087,0.000142,0.000131,0.000219,0.000303,0.000301,0.000228,0.000138,0.000064,-0.000041,-0.000075,-0.000042,0.000028,0.000127,0.000054,0.000029,0.000191,0.000282,0.000299,0.000142,-0.000086,-0.000090,-0.000007,0.000043,-0.000020,-0.000072,0.000000,0.000087,0.000163,0.000160,0.000147,0.021685,0.012180,0.010174,0.010617,0.010355,0.007988,0.003960,0.001219,0.001539,0.003107,0.003671,0.003608,0.003195,0.001922,0.000771,0.000518,0.000710,0.001025,0.001226,0.001110,0.000769,0.000039,-0.000831,-0.001042,-0.000558,0.000262,0.000941,0.000967,0.000338,-0.000385,-0.000481,-0.000006,0.000228,0.000019,-0.000199,-0.000193,-0.000017,-0.000236,-0.001225,-0.002259,-0.002349,-0.001650,-0.001021,-0.000730,-0.000380,-0.000035,-0.000146,-0.000423,-0.000444,-0.000329,-0.000227,-0.000198,-0.000105,0.000069,0.000045,-0.000041,0.000098,0.000618,0.001126,0.000926,0.000668,0.001515,0.002355,0.001905,0.000704,0.000012,0.000035,0.000063,-0.000135,-0.000247,-0.000236,-0.000178,-0.000204,-0.000370,-0.000527,-0.000453,-0.000223,0.000073,0.000304,0.000347,0.000301,0.000175,0.000093,0.000142,0.000159,-0.000291,-0.001233,-0.001785,-0.001599,-0.001236,-0.000862,-0.000344,-0.000008,-0.000004,0.000060,0.000141,0.000022,-0.000078,-0.000160,-0.000253,-0.000207,-0.000225,-0.000283,-0.000163,-0.000080,-0.000066,-0.000001,0.000024,0.000122,0.000173,0.000060,-0.000049,-0.000029,0.000111,0.000192,0.000146,0.000226,0.000298,0.000256,0.000126,-0.000052,-0.000117,-0.000106,-0.000065,0.000002,-0.000006,-0.000038,0.000016,0.000031,-0.000066,-0.000147,-0.000211,-0.000200,-0.000140,-0.000027,0.000145,0.000231,0.000225,
-0.002747,-0.006358,-0.010627,-0.009023,-0.005241,-0.003579,-0.005324,-0.007502,-0.007101,-0.004602,-0.002756,-0.001938,-0.000773,-0.000184,-0.000665,-0.001361,-0.001545,-0.000985,-0.000139,-0.000024,-0.000509,-0.000918,-0.001109,-0.001193,-0.001327,-0.001488,-0.001671,-0.001646,-0.001198,-0.000700,-0.000561,-0.000431,-0.000230,-0.000012,0.000357,0.000673,0.000608,0.000376,0.000192,0.000010,-0.000193,-0.000395,-0.000388,-0.000426,-0.000521,-0.000371,-0.000124,-0.000129,-0.000214,-0.000216,-0.000236,-0.000278,-0.000294,-0.000167,-0.000067,-0.000267,-0.000655,-0.000661,-0.000151,0.000685,0.000875,0.000153,-0.000242,0.000172,0.000460,0.000254,0.000119,0.000419,0.000624,0.000457,0.000105,-0.000165,-0.000136,-0.000106,-0.000102,0.000011,0.000041,-0.000073,-0.000216,-0.000245,-0.000002,0.000295,0.000468,0.000808,0.001538,0.002137,0.001691,-0.000122,-0.001755,-0.001908,-0.001436,-0.000930,-0.000390,-0.000242,-0.000378,-0.000356,-0.000124,-0.000054,-0.000137,-0.000056,-0.000032,-0.000094,-0.000187,-0.000234,-0.000103,0.000083,0.000182,0.000153,0.000140,0.000183,0.000199,0.000198,0.000137,0.000089,0.000077,0.000063,0.000007,-0.000030,-0.000029,-0.000024,0.000089,0.000145,0.000097,0.000135,0.000139,0.000125,0.000118,0.000079,0.000038,0.000053,0.000058,-0.000050,-0.000092,-0.000010,0.000075,0.000025,0.000003,0.000177,0.021614,0.012073,0.010009,0.010553,0.010256,0.007955,0.003957,0.001148,0.001438,0.003048,0.003616,0.003481,0.003044,0.001812,0.000694,0.000385,0.000600,0.000966,0.001119,0.001027,0.000894,0.000305,-0.000650,-0.000941,-0.000466,0.000255,0.000813,0.000933,0.000427,-0.000301,-0.000519,-0.000379,-0.000232,-0.000101,-0.000037,0.000018,0.000069,-0.000315,-0.001312,-0.002262,-0.002342,-0.001603,-0.000881,-0.000633,-0.000275,0.000167,0.000045,-0.000324,-0.000428,-0.000339,-0.000209,-0.000136,-0.000075,-0.000021,-0.000090,-0.000070,0.000204,0.000668,0.001064,0.000871,0.000643,0.001264,0.002060,0.001854,0.000877,0.000226,0.000153,0.000186,-0.000057,-0.000224,-0.000153,0.000024,0.000108,-0.000202,-0.000532,-0.000401,-0.000021,0.000216,0.000240,0.000247,0.000119,-0.000091,-0.000053,0.000143,0.000165,-0.000461,-0.001330,-0.001723,-0.001528,-0.001163,-0.000788,-0.000243,0.000013,0.000009,0.000166,0.000274,0.000216,0.000096,-0.000056,-0.000247,-0.000352,-0.000366,-0.000254,-0.000103,-0.000014,0.000064,0.000203,0.000266,0.000208,0.000158,0.000139,0.000051,0.000100,0.000285,0.000185,0.000099,0.000155,0.000164,0.000099,0.000001,-0.000029,-0.000048,-0.000017,0.000033,0.000030,-0.000042,-0.000174,-0.000123,-0.000014,-0.000049,-0.000188,-0.000239,-0.000170,-0.000081,-0.000015,0.000093,0.000171,0.000158,
-0.003504,-0.006733,-0.010979,-0.009392,-0.005575,-0.003888,-0.005441,-0.007449,-0.007038,-0.004664,-0.002964,-0.002217,-0.000938,-0.000160,-0.000622,-0.001229,-0.001373,-0.000867,-0.000079,-0.000084,-0.000630,-0.000971,-0.001047,-0.001087,-0.001184,-0.001367,-0.001553,-0.001466,-0.000985,-0.000566,-0.000523,-0.000561,-0.000366,-0.000028,0.000411,0.000696,0.000552,0.000394,0.000391,0.000068,-0.000322,-0.000530,-0.000424,-0.000240,-0.000317,-0.000292,-0.000063,0.000004,-0.000108,-0.000125,-0.000212,-0.000294,-0.000307,-0.000272,-0.000195,-0.000244,-0.000551,-0.000728,-0.000255,0.000489,0.000607,0.000211,0.000243,0.000787,0.000929,0.000520,0.000154,0.000313,0.000432,0.000152,-0.000166,-0.000248,-0.000104,-0.000010,-0.000094,-0.000235,-0.000257,-0.000284,-0.000406,-0.000370,-0.000176,0.000082,0.000376,0.000767,0.001561,0.002224,0.001602,-0.000334,-0.001930,-0.002136,-0.001524,-0.000883,-0.000391,-0.000211,-0.000315,-0.000244,-0.000017,0.000087,0.000089,0.000063,-0.000061,-0.000103,-0.000105,-0.000069,0.000037,0.000089,0.000144,0.000149,0.000134,0.000099,0.000059,0.000142,0.000168,0.000078,-0.000038,-0.000083,-0.000136,-0.000156,-0.000146,-0.000085,0.000015,0.000049,0.000059,0.000043,0.000081,0.000198,0.000151,-0.000025,-0.000008,0.000062,0.000074,0.000116,0.000043,-0.000029,0.000001,0.000041,0.000112,0.000140,0.021600,0.012066,0.009930,0.010486,0.010250,0.007847,0.003861,0.001087,0.001296,0.002758,0.003437,0.003546,0.003154,0.001823,0.000633,0.000318,0.000682,0.001171,0.001265,0.001064,0.000787,0.000191,-0.000658,-0.001027,-0.000597,0.000229,0.000911,0.000981,0.000383,-0.000328,-0.000703,-0.000520,-0.000270,-0.000295,-0.000261,-0.000139,-0.000148,-0.000494,-0.001304,-0.002207,-0.002378,-0.001660,-0.001006,-0.000742,-0.000403,-0.000055,-0.000059,-0.000228,-0.000293,-0.000375,-0.000357,-0.000102,0.000049,-0.000003,-0.000138,-0.000196,0.000092,0.000664,0.001127,0.000907,0.000795,0.001568,0.002187,0.001534,0.000328,-0.000064,0.000154,0.000347,0.000328,0.000152,0.000018,-0.000046,-0.000226,-0.000521,-0.000665,-0.000473,-0.000140,0.000198,0.000386,0.000355,0.000098,-0.000072,-0.000034,0.000058,0.000109,-0.000258,-0.001138,-0.001889,-0.001771,-0.001263,-0.000929,-0.000419,-0.000058,-0.000076,0.000076,0.000328,0.000317,0.000099,-0.000160,-0.000219,-0.000204,-0.000162,-0.000101,-0.000133,-0.000168,-0.000105,-0.000045,0.000023,0.000085,0.000105,0.000045,0.000014,0.000094,0.000163,0.000208,0.000216,0.000230,0.000240,0.000281,0.000215,0.000083,-0.000031,-0.000156,-0.000127,0.000048,0.000090,0.000022,-0.000053,-0.000068,-0.000103,-0.000159,-0.000252,-0.000303,-0.000177,0.000110,0.000265,0.000150,0.000114,
-0.003865,-0.006890,-0.010887,-0.009316,-0.005469,-0.003680,-0.005295,-0.007372,-0.007027,-0.004710,-0.002916,-0.002076,-0.000866,-0.000145,-0.000520,-0.001156,-0.001363,-0.000831,-0.000095,-0.000003,-0.000459,-0.000937,-0.001139,-0.001221,-0.001346,-0.001526,-0.001608,-0.001424,-0.000920,-0.000447,-0.000359,-0.000489,-0.000433,-0.000126,0.000291,0.000650,0.000557,0.000237,0.000088,-0.000094,-0.000317,-0.000425,-0.000371,-0.000334,-0.000458,-0.000336,-0.000033,-0.000016,-0.000057,-0.000168,-0.000235,-0.000204,-0.000201,-0.000085,0.000087,-0.000120,-0.000587,-0.000705,-0.000222,0.000591,0.000678,-0.000169,-0.000533,0.000172,0.000747,0.000392,-0.000054,0.000230,0.000468,0.000196,-0.000093,-0.000109,0.000062,0.000084,-0.000083,-0.000106,-0.000173,-0.000325,-0.000356,-0.000336,-0.000231,0.000072,0.000326,0.000678,0.001529,0.002174,0.001570,-0.000299,-0.001816,-0.001927,-0.001382,-0.000816,-0.000329,-0.000196,-0.000368,-0.000329,-0.000171,-0.000062,0.000031,0.000010,-0.000050,-0.000056,-0.000092,-0.000084,0.000037,0.000030,0.000077,0.000131,0.000075,0.000154,0.000383,0.000404,0.000245,0.000186,0.000146,0.000068,0.000049,-0.000029,-0.000094,-0.000032,0.000093,0.000099,0.000048,0.000125,0.000229,0.000180,0.000134,0.000137,0.000110,0.000093,0.000121,0.000078,-0.000096,-0.000196,-0.000056,0.000058,0.000102,0.000221,0.021364,0.011834,0.009837,0.010471,0.010428,0.008115,0.003935,0.001051,0.001287,0.002804,0.003372,0.003420,0.003096,0.001824,0.000626,0.000317,0.000575,0.000927,0.001066,0.000984,0.000710,0.000111,-0.000747,-0.001048,-0.000561,0.000240,0.000936,0.000919,0.000235,-0.000517,-0.000710,-0.000396,-0.000236,-0.000145,-0.000013,0.000074,0.000090,-0.000301,-0.001217,-0.002187,-0.002268,-0.001539,-0.000988,-0.000682,-0.000218,0.000093,0.000002,-0.000263,-0.000328,-0.000325,-0.000404,-0.000311,-0.000090,0.000036,-0.000028,-0.000085,0.000102,0.000593,0.001011,0.000795,0.000530,0.001207,0.002132,0.001892,0.000586,-0.000304,-0.000355,-0.000130,-0.000043,-0.000134,-0.000166,-0.000158,-0.000242,-0.000486,-0.000599,-0.000414,-0.000153,0.000180,0.000378,0.000308,0.000026,-0.000161,-0.000034,0.000260,0.000382,-0.000165,-0.001158,-0.001774,-0.001682,-0.001292,-0.000941,-0.000441,-0.000063,-0.000157,-0.000061,0.000284,0.000411,0.000223,-0.000088,-0.000203,-0.000211,-0.000226,-0.000162,-0.000092,-0.000087,-0.000064,-0.000018,0.000073,0.000205,0.000246,0.000149,0.000149,0.000249,0.000253,0.000162,0.000253,0.000417,0.000383,0.000265,0.000172,0.000096,-0.000034,-0.000157,-0.000166,-0.000081,0.000044,0.000048,0.000019,-0.000015,-0.000138,-0.000194,-0.000233,-0.000272,-0.000182,0.000037,0.000157,0.000135,0.000168,
-0.003930,-0.007064,-0.011096,-0.009331,-0.005414,-0.003697,-0.005359,-0.007427,-0.007004,-0.004714,-0.002949,-0.002159,-0.000989,-0.000179,-0.000484,-0.001089,-0.001346,-0.000977,-0.000276,-0.000140,-0.000578,-0.000957,-0.001044,-0.001135,-0.001412,-0.001627,-0.001624,-0.001435,-0.000952,-0.000510,-0.000496,-0.000577,-0.000294,0.000111,0.000440,0.000705,0.000627,0.000397,0.000257,-0.000020,-0.000412,-0.000561,-0.000389,-0.000246,-0.000352,-0.000299,-0.000035,0.000062,-0.000020,-0.000166,-0.000212,-0.000146,-0.000086,-0.000069,-0.000093,-0.000267,-0.000600,-0.000765,-0.000352,0.000528,0.000955,0.000540,0.000264,0.000595,0.000820,0.000477,0.000245,0.000503,0.000633,0.000389,0.000006,-0.000192,-0.000027,0.000071,-0.000118,-0.000158,-0.000106,-0.000249,-0.000379,-0.000344,-0.000099,0.000163,0.000353,0.000787,0.001481,0.002038,0.001461,-0.000381,-0.001919,-0.002038,-0.001444,-0.000707,-0.000130,-0.000126,-0.000358,-0.000344,-0.000190,-0.000143,-0.000152,-0.000054,-0.000024,-0.000050,-0.000055,0.000002,0.000098,0.000092,0.000045,0.000050,0.000092,0.000081,0.000128,0.000234,0.000226,0.000195,0.000180,0.000076,-0.000112,-0.000212,-0.000191,-0.000006,0.000073,0.000024,0.000052,0.000139,0.000168,0.000213,0.000127,0.000006,0.000027,0.000009,0.000001,-0.000040,-0.000075,-0.000019,0.000076,0.000071,0.000120,0.000219,0.021172,0.011683,0.009680,0.010360,0.010350,0.008069,0.003928,0.000977,0.001191,0.002814,0.003435,0.003413,0.003041,0.001799,0.000598,0.000316,0.000646,0.001014,0.001077,0.001016,0.000821,0.000211,-0.000764,-0.001123,-0.000659,0.000175,0.000928,0.000980,0.000309,-0.000438,-0.000719,-0.000526,-0.000336,-0.000257,-0.000133,0.000069,0.000187,-0.000183,-0.001211,-0.002258,-0.002311,-0.001530,-0.000926,-0.000653,-0.000242,0.000087,-0.000005,-0.000260,-0.000348,-0.000331,-0.000222,-0.000044,0.000041,0.000030,-0.000125,-0.000160,0.000103,0.000648,0.001060,0.000837,0.000673,0.001247,0.001733,0.001361,0.000629,0.000225,0.000059,-0.000068,-0.000228,-0.000353,-0.000326,-0.000236,-0.000187,-0.000244,-0.000388,-0.000344,-0.000111,0.000281,0.000473,0.000362,0.000096,-0.000104,0.000022,0.000325,0.000332,-0.000238,-0.001185,-0.001838,-0.001734,-0.001273,-0.000858,-0.000380,-0.000073,-0.000044,0.000157,0.000357,0.000287,0.000084,-0.000086,-0.000174,-0.000161,-0.000213,-0.000241,-0.000081,0.000042,0.000029,0.000026,0.000023,-0.000063,-0.000146,-0.000140,-0.000081,0.000027,0.000172,0.000183,0.000170,0.000240,0.000236,0.000133,0.000013,-0.000039,-0.000016,-0.000034,-0.000029,0.000041,0.000066,0.000059,0.000045,-0.000022,-0.000081,-0.000149,-0.000219,-0.000278,-0.000260,-0.000057,0.000161,0.000195,0.000149,
-0.003937,-0.007104,-0.011003,-0.009177,-0.005183,-0.003485,-0.005266,-0.007353,-0.006910,-0.004588,-0.002864,-0.002000,-0.000775,-0.000086,-0.000525,-0.001151,-0.001365,-0.000869,-0.000131,0.000006,-0.000503,-0.001015,-0.001219,-0.001356,-0.001406,-0.001537,-0.001735,-0.001776,-0.001376,-0.000859,-0.000655,-0.000556,-0.000287,0.000128,0.000451,0.000614,0.000518,0.000255,0.000215,0.000001,-0.000491,-0.000707,-0.000492,-0.000200,-0.000164,-0.000198,-0.000090,-0.000188,-0.000316,-0.000329,-0.000323,-0.000318,-0.000297,-0.000188,-0.000125,-0.000249,-0.000569,-0.000759,-0.000272,0.000477,0.000568,-0.000007,-0.000123,0.000377,0.000497,0.000193,0.000198,0.000595,0.000716,0.000367,-0.000111,-0.000250,-0.000187,-0.000201,-0.000188,-0.000118,-0.000107,-0.000224,-0.000325,-0.000316,-0.000153,0.000056,0.000294,0.000823,0.001647,0.002194,0.001522,-0.000363,-0.001817,-0.001857,-0.001276,-0.000717,-0.000187,-0.000068,-0.000296,-0.000266,0.000007,0.000068,0.000103,0.000069,0.000033,0.000006,-0.000117,-0.000076,0.000088,0.000170,0.000165,0.000190,0.000141,0.000065,0.000010,0.000041,0.000133,0.000060,0.000098,0.000114,-0.000053,-0.000102,-0.000060,-0.000001,0.000044,0.000107,0.000100,0.000138,0.000179,0.000096,0.000062,0.000082,0.000153,0.000276,0.000243,0.000086,-0.000116,-0.000145,-0.000008,0.000123,0.000228,0.000257,0.021220,0.011784,0.009937,0.010576,0.010440,0.008129,0.004045,0.001170,0.001360,0.002826,0.003304,0.003294,0.002968,0.001725,0.000632,0.000395,0.000639,0.001001,0.001058,0.000916,0.000748,0.000141,-0.000672,-0.001022,-0.000589,0.000213,0.000820,0.000964,0.000473,-0.000351,-0.000732,-0.000401,-0.000146,-0.000126,-0.000052,0.000014,0.000056,-0.000292,-0.001227,-0.002180,-0.002250,-0.001523,-0.000922,-0.000636,-0.000288,-0.000030,-0.000056,-0.000231,-0.000315,-0.000286,-0.000247,-0.000085,0.000011,0.000037,-0.000043,-0.000177,-0.000023,0.000455,0.000958,0.000815,0.000687,0.001543,0.002237,0.001495,0.000182,-0.000296,-0.000106,0.000010,-0.000217,-0.000401,-0.000329,-0.000129,-0.000101,-0.000358,-0.000513,-0.000389,-0.000153,0.000129,0.000361,0.000330,0.000088,-0.000033,0.000035,0.000219,0.000235,-0.000332,-0.001287,-0.001840,-0.001621,-0.001256,-0.000906,-0.000325,-0.000030,-0.000035,0.000145,0.000336,0.000244,0.000022,-0.000158,-0.000307,-0.000327,-0.000232,-0.000156,-0.000053,0.000051,0.000080,-0.000008,-0.000080,0.000052,0.000079,0.000006,0.000015,0.000089,0.000117,0.000130,0.000232,0.000272,0.000264,0.000218,0.000114,0.000051,-0.000010,-0.000040,0.000010,0.000079,0.000087,0.000011,-0.000084,-0.000162,-0.000141,-0.000129,-0.000162,-0.000219,-0.000212,-0.000033,0.000128,0.000190,0.000169,
-0.003903,-0.006993,-0.010672,-0.008925,-0.005109,-0.003363,-0.005069,-0.007263,-0.006914,-0.004634,-0.002924,-0.002035,-0.000658,0.000141,-0.000380,-0.001192,-0.001369,-0.000878,-0.000181,-0.000133,-0.000572,-0.000825,-0.001025,-0.001291,-0.001436,-0.001486,-0.001581,-0.001664,-0.001339,-0.000813,-0.000431,-0.000145,0.000178,0.000354,0.000310,0.000368,0.000420,0.000223,0.000072,-0.000045,-0.000295,-0.000384,-0.000319,-0.000220,-0.000232,-0.000163,0.000038,-0.000022,-0.000233,-0.000319,-0.000367,-0.000331,-0.000212,-0.000187,-0.000170,-0.000226,-0.000629,-0.000900,-0.000338,0.000568,0.000893,0.000337,0.000041,0.000752,0.001234,0.000799,0.000439,0.000561,0.000615,0.000248,-0.000220,-0.000314,-0.000133,-0.000015,0.000014,0.000040,-0.000030,-0.000258,-0.000341,-0.000218,-0.000101,0.000138,0.000389,0.000762,0.001540,0.002159,0.001654,-0.000164,-0.001737,-0.001916,-0.001382,-0.000832,-0.000378,-0.000330,-0.000414,-0.000250,-0.000051,0.000005,0.000025,-0.000063,-0.000144,-0.000102,-0.000084,-0.000085,-0.000091,-0.000007,0.000164,0.000147,0.000082,0.000116,0.000169,0.000277,0.000200,0.000083,0.000051,0.000041,0.000041,-0.000052,-0.000089,-0.000066,0.000026,0.000093,0.000170,0.000267,0.000295,0.000294,0.000220,0.000121,0.000118,0.000172,0.000139,0.000067,-0.000084,-0.000151,0.000010,0.000169,0.000277,0.000246,0.021085,0.011642,0.009903,0.010470,0.010401,0.008124,0.004004,0.001110,0.001246,0.002795,0.003422,0.003429,0.003023,0.001719,0.000631,0.000409,0.000695,0.001070,0.001178,0.001073,0.000918,0.000386,-0.000519,-0.000827,-0.000452,0.000213,0.000876,0.000987,0.000450,-0.000243,-0.000349,0.000092,0.000300,0.000074,-0.000078,-0.000072,-0.000102,-0.000418,-0.001156,-0.002156,-0.002333,-0.001552,-0.000936,-0.000651,-0.000247,0.000092,-0.000003,-0.000205,-0.000229,-0.000293,-0.000238,-0.000081,0.000018,0.000092,-0.000048,-0.000120,0.000225,0.000697,0.001027,0.000752,0.000494,0.001256,0.002148,0.001748,0.000540,-0.000057,0.000039,0.000059,-0.000148,-0.000376,-0.000373,-0.000173,-0.000087,-0.000290,-0.000541,-0.000423,-0.000169,0.000181,0.000466,0.000336,0.000053,-0.000013,0.000119,0.000286,0.000170,-0.000485,-0.001370,-0.001916,-0.001756,-0.001334,-0.000943,-0.000358,-0.000051,-0.000037,0.000171,0.000407,0.000402,0.000101,-0.000146,-0.000226,-0.000316,-0.000244,-0.000159,-0.000157,-0.000128,-0.000103,-0.000120,-0.000119,-0.000007,0.000054,0.000071,0.000071,0.000025,0.000150,0.000267,0.000175,0.000214,0.000230,0.000149,0.000118,0.000090,-0.000035,-0.000120,-0.000135,-0.000051,0.000035,-0.000020,-0.000031,-0.000008,-0.000144,-0.000175,-0.000141,-0.000156,-0.000104,0.000057,0.000210,0.000362,0.000307,
-0.003994,-0.007221,-0.011092,-0.009130,-0.005111,-0.003476,-0.005219,-0.007227,-0.006837,-0.004578,-0.002910,-0.002133,-0.000805,0.000012,-0.000453,-0.001251,-0.001411,-0.000795,-0.000027,0.000041,-0.000552,-0.000976,-0.001041,-0.001094,-0.001319,-0.001528,-0.001697,-0.001645,-0.001238,-0.000755,-0.000545,-0.000481,-0.000366,-0.000183,0.000118,0.000494,0.000640,0.000589,0.000473,0.000120,-0.000347,-0.000454,-0.000266,-0.000284,-0.000407,-0.000328,-0.000167,-0.000194,-0.000241,-0.000268,-0.000364,-0.000351,-0.000238,-0.000107,-0.000031,-0.000253,-0.000695,-0.000854,-0.000307,0.000648,0.000892,0.000231,-0.000089,0.000453,0.000778,0.000518,0.000384,0.000597,0.000659,0.000254,-0.000023,0.000004,0.000159,0.000231,0.000075,-0.000043,-0.000036,-0.000190,-0.000441,-0.000516,-0.000276,0.000169,0.000487,0.000871,0.001635,0.002184,0.001556,-0.000174,-0.001602,-0.001810,-0.001381,-0.000803,-0.000342,-0.000319,-0.000457,-0.000230,0.000099,0.000106,0.000053,0.000005,-0.000066,-0.000084,-0.000078,-0.000107,-0.000138,-0.000038,0.000062,0.000066,0.000106,0.000166,0.000236,0.000305,0.000261,0.000222,0.000121,0.000010,-0.000021,-0.000032,-0.000117,-0.000089,0.000065,0.000044,0.000072,0.000187,0.000176,0.000076,-0.000039,-0.000038,0.000042,0.000019,-0.000009,0.000005,0.000002,-0.000047,0.000020,0.000065,-0.000001,0.000085,0.021056,0.011588,0.009888,0.010567,0.010381,0.008097,0.004012,0.001135,0.001299,0.002739,0.003310,0.003394,0.002995,0.001669,0.000599,0.000355,0.000535,0.000809,0.000944,0.001011,0.000899,0.000275,-0.000629,-0.001035,-0.000625,0.000153,0.000740,0.000788,0.000203,-0.000526,-0.000764,-0.000494,-0.000326,-0.000272,-0.000141,0.000063,0.000241,-0.000090,-0.001071,-0.002079,-0.002207,-0.001561,-0.000988,-0.000605,-0.000200,0.000036,-0.000048,-0.000225,-0.000224,-0.000284,-0.000288,-0.000094,0.000040,0.000001,-0.000095,-0.000105,0.000141,0.000644,0.000969,0.000743,0.000581,0.001343,0.002251,0.002051,0.001035,0.000299,0.000217,0.000346,0.000210,-0.000009,0.000049,0.000152,-0.000012,-0.000353,-0.000624,-0.000567,-0.000177,0.000207,0.000367,0.000357,0.000228,0.000019,0.000011,0.000228,0.000255,-0.000295,-0.001206,-0.001761,-0.001610,-0.001277,-0.001051,-0.000375,0.000112,0.000043,0.000156,0.000269,0.000196,0.000059,-0.000095,-0.000151,-0.000224,-0.000184,-0.000059,-0.000029,-0.000022,0.000057,0.000076,0.000033,0.000165,0.000328,0.000209,-0.000039,-0.000046,0.000010,0.000050,0.000183,0.000218,0.000216,0.000231,0.000096,-0.000020,-0.000014,0.000009,-0.000012,-0.000011,0.000013,-0.000027,-0.000014,0.000005,-0.000093,-0.000181,-0.000283,-0.000243,-0.000130,-0.000078,0.000019,0.000159,0.000157,
-0.004494,-0.007371,-0.011239,-0.009462,-0.005435,-0.003615,-0.005143,-0.007187,-0.006865,-0.004632,-0.002882,-0.002017,-0.000868,-0.000136,-0.000579,-0.001204,-0.001333,-0.000832,-0.000069,-0.000021,-0.000562,-0.000967,-0.001050,-0.001055,-0.001242,-0.001527,-0.001841,-0.001839,-0.001366,-0.000882,-0.000623,-0.000484,-0.000285,-0.000051,0.000325,0.000667,0.000651,0.000465,0.000353,0.000127,-0.000282,-0.000495,-0.000462,-0.000457,-0.000435,-0.000274,-0.000091,-0.000084,-0.000234,-0.000272,-0.000355,-0.000440,-0.000316,-0.000144,-0.000050,-0.000231,-0.000670,-0.000887,-0.000415,0.000571,0.000896,0.000229,-0.000038,0.000540,0.000762,0.000440,0.000352,0.000618,0.000736,0.000426,0.000085,-0.000037,-0.000065,-0.000189,-0.000326,-0.000275,-0.000183,-0.000318,-0.000571,-0.000557,-0.000203,0.000145,0.000398,0.000830,0.001587,0.002275,0.001771,-0.000177,-0.001775,-0.001920,-0.001430,-0.000908,-0.000383,-0.000305,-0.000540,-0.000435,-0.000245,-0.000131,-0.000132,-0.000090,-0.000016,-0.000067,-0.000148,-0.000117,-0.000010,0.000042,0.000087,0.000095,0.000018,0.000035,0.000181,0.000326,0.000297,0.000097,-0.000003,-0.000055,-0.000035,-0.000005,-0.000066,-0.000118,-0.000096,-0.000027,0.000013,0.000102,0.000202,0.000175,0.000114,0.000113,0.000132,0.000101,-0.000000,0.000012,0.000063,0.000026,0.000024,0.000034,0.000128,0.000257,0.021132,0.011387,0.009450,0.010340,0.010406,0.008142,0.003958,0.001051,0.001245,0.002749,0.003404,0.003467,0.003048,0.001716,0.000518,0.000290,0.000608,0.000996,0.001141,0.000933,0.000703,0.000208,-0.000652,-0.001015,-0.000640,0.000118,0.000803,0.000839,0.000283,-0.000367,-0.000609,-0.000377,-0.000119,-0.000120,0.000070,0.000255,0.000109,-0.000397,-0.001335,-0.002141,-0.002147,-0.001525,-0.001062,-0.000799,-0.000329,0.000045,-0.000098,-0.000417,-0.000422,-0.000248,-0.000096,-0.000011,0.000015,0.000022,-0.000090,-0.000188,0.000073,0.000714,0.001107,0.000735,0.000529,0.001240,0.001993,0.001462,0.000226,-0.000217,0.000017,0.000194,0.000061,-0.000150,-0.000100,-0.000003,-0.000124,-0.000546,-0.000793,-0.000599,-0.000174,0.000362,0.000553,0.000389,0.000065,-0.000101,0.000005,0.000141,0.000167,-0.000348,-0.001237,-0.001771,-0.001562,-0.001079,-0.000761,-0.000347,-0.000062,-0.000038,0.000095,0.000373,0.000336,0.000049,-0.000125,-0.000190,-0.000199,-0.000228,-0.000211,-0.000206,-0.000216,-0.000105,0.000021,0.000050,0.000138,0.000117,-0.000034,-0.000025,0.000148,0.000303,0.000257,0.000190,0.000166,0.000198,0.000259,0.000116,-0.000063,-0.000135,-0.000108,0.000005,0.000133,0.000262,0.000240,0.000104,-0.000049,-0.000088,-0.000052,-0.000120,-0.000212,-0.000103,0.000131,0.000159,0.000178,0.000248,
-0.004209,-0.007265,-0.011118,-0.009210,-0.005204,-0.003400,-0.005155,-0.007370,-0.006952,-0.004651,-0.002919,-0.002091,-0.000857,-0.000041,-0.000368,-0.000999,-0.001252,-0.000911,-0.000141,0.000007,-0.000651,-0.001103,-0.001137,-0.001247,-0.001498,-0.001698,-0.001778,-0.001592,-0.001060,-0.000556,-0.000469,-0.000408,-0.000198,-0.000024,0.000353,0.000682,0.000626,0.000358,0.000196,0.000094,-0.000184,-0.000442,-0.000332,-0.000166,-0.000359,-0.000282,-0.000071,-0.000097,-0.000074,-0.000171,-0.000324,-0.000407,-0.000319,-0.000165,-0.000088,-0.000184,-0.000472,-0.000594,-0.000216,0.000500,0.000667,-0.000047,-0.000371,0.000350,0.000758,0.000300,-0.000027,0.000107,0.000211,0.000023,-0.000158,-0.000094,0.000087,0.000179,0.000112,0.000019,-0.000013,-0.000208,-0.000521,-0.000481,-0.000174,0.000124,0.000447,0.000833,0.001582,0.002180,0.001576,-0.000174,-0.001628,-0.001896,-0.001450,-0.000849,-0.000282,-0.000152,-0.000364,-0.000309,-0.000024,0.000087,0.000147,0.000150,-0.000002,-0.000128,-0.000204,-0.000133,0.000044,0.000125,0.000143,0.000108,0.000090,0.000203,0.000296,0.000290,0.000222,0.000159,0.000082,-0.000010,-0.000112,-0.000134,-0.000062,-0.000036,-0.000017,0.000076,0.000169,0.000209,0.000214,0.000157,0.000029,-0.000046,0.000110,0.000197,0.000175,0.000049,-0.000069,-0.000043,0.000074,0.000130,0.000033,0.000030,0.021053,0.011668,0.009804,0.010486,0.010454,0.008196,0.003968,0.000944,0.001247,0.002902,0.003481,0.003414,0.003115,0.001883,0.000701,0.000440,0.000667,0.000950,0.001058,0.001002,0.000842,0.000334,-0.000565,-0.000930,-0.000497,0.000136,0.000702,0.000827,0.000267,-0.000505,-0.000792,-0.000578,-0.000345,-0.000203,0.000006,0.000154,0.000082,-0.000372,-0.001289,-0.002207,-0.002275,-0.001551,-0.001013,-0.000771,-0.000360,0.000069,0.000132,-0.000113,-0.000209,-0.000225,-0.000313,-0.000189,0.000008,0.000090,-0.000052,-0.000185,0.000086,0.000580,0.000912,0.000753,0.000684,0.001550,0.002388,0.001885,0.000663,-0.000059,-0.000057,0.000191,0.000121,-0.000096,-0.000138,-0.000173,-0.000203,-0.000358,-0.000594,-0.000551,-0.000200,0.000190,0.000401,0.000419,0.000153,-0.000071,-0.000033,0.000136,0.000161,-0.000355,-0.001205,-0.001814,-0.001683,-0.001258,-0.000944,-0.000443,-0.000080,-0.000019,0.000068,0.000232,0.000250,0.000059,-0.000266,-0.000390,-0.000319,-0.000318,-0.000263,-0.000039,0.000042,0.000090,0.000149,0.000144,0.000156,0.000181,0.000181,0.000085,0.000090,0.000202,0.000188,0.000066,0.000059,0.000195,0.000210,0.000084,0.000025,-0.000004,-0.000030,0.000026,0.000026,0.000040,0.000065,0.000060,0.000025,-0.000113,-0.000234,-0.000272,-0.000285,-0.000231,-0.000051,0.000105,0.000151,0.000175,
-0.003911,-0.007116,-0.011131,-0.009236,-0.005142,-0.003389,-0.005118,-0.007321,-0.007036,-0.004651,-0.002932,-0.002191,-0.000926,-0.000109,-0.000633,-0.001317,-0.001378,-0.000877,-0.000128,-0.000037,-0.000611,-0.000929,-0.001138,-0.001353,-0.001502,-0.001613,-0.001724,-0.001572,-0.000976,-0.000437,-0.000258,-0.000234,-0.000075,0.000073,0.000285,0.000546,0.000515,0.000371,0.000372,0.000195,-0.000226,-0.000424,-0.000300,-0.000226,-0.000208,-0.000093,0.000018,0.000033,-0.000004,-0.000041,-0.000141,-0.000309,-0.000302,-0.000076,0.000096,-0.000097,-0.000623,-0.000833,-0.000334,0.000523,0.000814,0.000219,-0.000128,0.000427,0.001031,0.000885,0.000470,0.000479,0.000521,0.000216,-0.000150,-0.000073,0.000019,0.000027,0.000016,-0.000028,-0.000012,-0.000216,-0.000407,-0.000366,-0.000121,0.000165,0.000386,0.000834,0.001529,0.002027,0.001554,-0.000210,-0.001808,-0.001967,-0.001369,-0.000668,-0.000072,-0.000040,-0.000306,-0.000306,-0.000072,0.000065,0.000033,0.000091,0.000162,0.000145,0.000125,0.000105,-0.000002,-0.000016,0.000080,0.000107,0.000076,0.000091,0.000170,0.000229,0.000198,0.000179,0.000198,0.000079,-0.000123,-0.000144,-0.000051,-0.000017,0.000098,0.000071,0.000005,0.000134,0.000172,0.000106,0.000056,-0.000004,-0.000053,-0.000063,-0.000121,-0.000131,-0.000187,-0.000150,0.000049,0.000207,0.000185,0.000104,0.021112,0.011573,0.009679,0.010421,0.010443,0.008170,0.004111,0.001254,0.001435,0.002874,0.003445,0.003474,0.003135,0.001929,0.000788,0.000445,0.000630,0.000981,0.001115,0.001046,0.000853,0.000236,-0.000694,-0.001126,-0.000685,0.000113,0.000700,0.000831,0.000368,-0.000331,-0.000585,-0.000412,-0.000323,-0.000305,-0.000144,0.000108,0.000179,-0.000263,-0.001255,-0.002155,-0.002179,-0.001455,-0.000843,-0.000598,-0.000254,0.000140,0.000095,-0.000171,-0.000297,-0.000414,-0.000379,-0.000189,-0.000082,-0.000080,-0.000119,-0.000113,0.000147,0.000762,0.001097,0.000727,0.000414,0.000891,0.001554,0.001275,0.000274,-0.000425,-0.000493,-0.000205,-0.000033,-0.000116,-0.000205,-0.000223,-0.000224,-0.000402,-0.000547,-0.000431,-0.000107,0.000206,0.000416,0.000353,0.000098,-0.000059,0.000009,0.000225,0.000214,-0.000342,-0.001225,-0.001759,-0.001598,-0.001143,-0.000804,-0.000333,-0.000053,-0.000120,0.000031,0.000277,0.000214,0.000042,-0.000126,-0.000257,-0.000287,-0.000309,-0.000192,-0.000097,-0.000154,-0.000112,0.000026,0.000159,0.000198,0.000200,0.000179,0.000138,0.000139,0.000125,0.000127,0.000143,0.000180,0.000228,0.000193,0.000055,-0.000008,0.000046,0.000039,0.000040,0.000154,0.000231,0.000051,-0.000098,-0.000106,-0.000168,-0.000274,-0.000334,-0.000340,-0.000272,-0.000076,0.000088,0.000122,0.000130,
-0.003535,-0.006777,-0.010764,-0.008906,-0.004881,-0.003218,-0.005104,-0.007315,-0.006847,-0.004442,-0.002802,-0.002022,-0.000736,0.000008,-0.000446,-0.001093,-0.001284,-0.000841,-0.000083,0.000025,-0.000425,-0.000788,-0.001063,-0.001358,-0.001490,-0.001535,-0.001684,-0.001601,-0.001070,-0.000615,-0.000537,-0.000442,-0.000215,-0.000007,0.000274,0.000523,0.000459,0.000276,0.000197,-0.000029,-0.000349,-0.000418,-0.000260,-0.000110,-0.000192,-0.000182,-0.000083,-0.000120,-0.000209,-0.000397,-0.000475,-0.000372,-0.000110,0.000054,-0.000043,-0.000310,-0.000724,-0.000837,-0.000235,0.000731,0.000945,0.000403,0.000328,0.000576,0.000348,-0.000098,-0.000024,0.000444,0.000731,0.000466,0.000003,-0.000124,-0.000030,-0.000023,-0.000023,-0.000101,-0.000155,-0.000289,-0.000504,-0.000451,-0.000281,0.000009,0.000336,0.000738,0.001394,0.001991,0.001473,-0.000363,-0.001888,-0.002031,-0.001501,-0.000893,-0.000311,-0.000250,-0.000496,-0.000409,-0.000103,0.000088,0.000113,-0.000022,-0.000190,-0.000191,-0.000139,-0.000040,0.000115,0.000168,0.000176,0.000206,0.000158,0.000143,0.000287,0.000385,0.000253,0.000081,0.000052,0.000082,0.000044,-0.000117,-0.000092,-0.000029,-0.000048,0.000025,0.000057,0.000106,0.000187,0.000137,0.000053,-0.000008,0.000054,0.000127,0.000141,0.000116,-0.000001,-0.000087,-0.000018,0.000142,0.000227,0.000181,0.021221,0.011857,0.010128,0.010793,0.010609,0.008276,0.004231,0.001351,0.001399,0.002865,0.003473,0.003484,0.003203,0.001883,0.000664,0.000355,0.000604,0.001018,0.001184,0.001104,0.000943,0.000389,-0.000464,-0.000839,-0.000457,0.000292,0.000905,0.000968,0.000346,-0.000500,-0.000685,-0.000346,-0.000263,-0.000245,-0.000065,0.000107,0.000131,-0.000367,-0.001361,-0.002294,-0.002379,-0.001557,-0.000880,-0.000712,-0.000438,-0.000106,-0.000079,-0.000255,-0.000320,-0.000321,-0.000264,-0.000146,-0.000045,0.000109,0.000020,-0.000111,0.000131,0.000624,0.000973,0.000805,0.000741,0.001558,0.002182,0.001578,0.000592,0.000143,-0.000019,-0.000099,-0.000235,-0.000331,-0.000221,-0.000065,-0.000121,-0.000421,-0.000599,-0.000376,-0.000121,0.000240,0.000496,0.000420,0.000164,-0.000030,0.000094,0.000325,0.000332,-0.000289,-0.001231,-0.001899,-0.001843,-0.001418,-0.001117,-0.000515,-0.000045,-0.000106,0.000038,0.000320,0.000254,0.000059,-0.000151,-0.000315,-0.000359,-0.000288,-0.000215,-0.000135,-0.000031,0.000021,0.000049,0.000050,0.000108,0.000121,0.000111,0.000060,0.000068,0.000225,0.000264,0.000188,0.000192,0.000186,0.000159,0.000151,0.000130,-0.000010,-0.000030,-0.000068,0.000032,0.000175,0.000108,0.000051,0.000005,-0.000142,-0.000266,-0.000294,-0.000221,-0.000122,0.000004,0.000146,0.000235,0.000158,
-0.003037,-0.006538,-0.010650,-0.008735,-0.004700,-0.003042,-0.004926,-0.007331,-0.007078,-0.004601,-0.002768,-0.001954,-0.000754,-0.000068,-0.000539,-0.001202,-0.001378,-0.000834,-0.000086,-0.000010,-0.000526,-0.000824,-0.000907,-0.001156,-0.001476,-0.001678,-0.001906,-0.001859,-0.001437,-0.000902,-0.000518,-0.000230,0.000022,0.000118,0.000321,0.000555,0.000516,0.000303,0.000125,-0.000078,-0.000370,-0.000425,-0.000277,-0.000172,-0.000185,-0.000257,-0.000173,-0.000092,-0.000215,-0.000291,-0.000331,-0.000402,-0.000281,-0.000129,-0.000040,-0.000203,-0.000645,-0.000888,-0.000407,0.000442,0.000599,0.000052,-0.000029,0.000624,0.001026,0.000760,0.000503,0.000652,0.000704,0.000428,-0.000021,-0.000269,-0.000225,-0.000046,0.000098,0.000085,0.000012,-0.000186,-0.000354,-0.000396,-0.000223,0.000104,0.000370,0.000810,0.001555,0.002104,0.001540,-0.000242,-0.001710,-0.001854,-0.001394,-0.000819,-0.000270,-0.000171,-0.000295,-0.000247,-0.000198,-0.000098,0.000017,-0.000041,-0.000026,-0.000029,-0.000090,-0.000053,-0.000054,-0.000038,0.000160,0.000201,0.000110,0.000159,0.000179,0.000187,0.000176,0.000142,0.000187,0.000130,-0.000047,-0.000107,-0.000056,-0.000027,0.000058,0.000152,0.000169,0.000138,0.000191,0.000201,0.000087,-0.000000,-0.000021,-0.000004,-0.000001,-0.000010,-0.000104,-0.000046,0.000084,0.000115,0.000046,0.000091,0.021240,0.011840,0.010025,0.010721,0.010597,0.008297,0.004342,0.001577,0.001670,0.002991,0.003497,0.003513,0.003159,0.001832,0.000661,0.000392,0.000668,0.001078,0.001209,0.001066,0.000852,0.000340,-0.000491,-0.000904,-0.000591,0.000163,0.000798,0.000952,0.000416,-0.000346,-0.000594,-0.000223,0.000014,-0.000116,-0.000025,0.000172,0.000130,-0.000240,-0.001194,-0.002254,-0.002345,-0.001537,-0.000912,-0.000632,-0.000247,0.000111,-0.000004,-0.000265,-0.000359,-0.000422,-0.000302,-0.000107,0.000022,0.000057,-0.000056,-0.000097,0.000017,0.000507,0.000946,0.000693,0.000540,0.001257,0.001966,0.001433,0.000279,-0.000117,0.000009,0.000050,-0.000133,-0.000399,-0.000428,-0.000161,-0.000033,-0.000238,-0.000372,-0.000315,-0.000058,0.000358,0.000571,0.000387,0.000118,-0.000002,-0.000039,0.000086,0.000181,-0.000419,-0.001394,-0.001863,-0.001645,-0.001123,-0.000752,-0.000361,-0.000046,-0.000042,0.000123,0.000408,0.000337,0.000024,-0.000181,-0.000293,-0.000330,-0.000364,-0.000302,-0.000173,-0.000050,0.000067,0.000118,0.000094,0.000098,0.000128,0.000089,-0.000044,-0.000021,0.000129,0.000136,0.000174,0.000242,0.000221,0.000244,0.000145,0.000061,0.000026,-0.000013,-0.000012,0.000027,0.000085,0.000013,-0.000008,-0.000019,-0.000141,-0.000192,-0.000156,-0.000148,-0.000157,-0.000136,-0.000020,0.000205,0.000300,
-0.003335,-0.006625,-0.011000,-0.009269,-0.005091,-0.003165,-0.004901,-0.007284,-0.007110,-0.004736,-0.002833,-0.001933,-0.000680,0.000027,-0.000600,-0.001368,-0.001506,-0.000917,-0.000114,0.000011,-0.000542,-0.001037,-0.001182,-0.001263,-0.001423,-0.001573,-0.001711,-0.001645,-0.001238,-0.000725,-0.000394,-0.000260,-0.000096,0.000095,0.000281,0.000460,0.000455,0.000236,0.000095,-0.000013,-0.000324,-0.000449,-0.000343,-0.000282,-0.000284,-0.000228,-0.000116,-0.000114,-0.000151,-0.000250,-0.000420,-0.000384,-0.000237,-0.000108,-0.000069,-0.000218,-0.000666,-0.000844,-0.000224,0.000620,0.000835,0.000220,-0.000048,0.000652,0.001154,0.000831,0.000536,0.000682,0.000674,0.000295,0.000010,0.000010,0.000101,0.000157,0.000078,0.000044,-0.000005,-0.000309,-0.000632,-0.000519,-0.000136,0.000139,0.000457,0.000918,0.001616,0.002214,0.001668,-0.000157,-0.001669,-0.001920,-0.001484,-0.000869,-0.000290,-0.000202,-0.000360,-0.000225,0.000042,0.000063,-0.000080,-0.000053,0.000049,0.000030,-0.000060,-0.000150,-0.000055,0.000106,0.000114,0.000190,0.000184,0.000094,0.000160,0.000339,0.000242,0.000116,0.000177,0.000087,-0.000089,-0.000051,0.000041,0.000003,0.000010,0.000086,0.000043,0.000093,0.000190,0.000201,-0.000001,-0.000055,0.000120,0.000135,0.000095,0.000075,-0.000007,-0.000073,-0.000040,0.000070,0.000185,0.000246,0.021175,0.011634,0.009710,0.010434,0.010481,0.008272,0.004235,0.001390,0.001568,0.002980,0.003546,0.003656,0.003373,0.002002,0.000687,0.000327,0.000562,0.001025,0.001176,0.000978,0.000821,0.000190,-0.000671,-0.000891,-0.000482,0.000207,0.000802,0.000836,0.000265,-0.000424,-0.000480,0.000013,0.000152,-0.000107,-0.000167,0.000019,0.000142,-0.000151,-0.001067,-0.002050,-0.002123,-0.001350,-0.000760,-0.000619,-0.000274,0.000034,-0.000095,-0.000318,-0.000248,-0.000190,-0.000211,-0.000083,0.000032,0.000063,0.000000,-0.000100,0.000098,0.000628,0.000963,0.000708,0.000583,0.001432,0.002404,0.002156,0.001025,0.000323,0.000307,0.000311,0.000009,-0.000271,-0.000281,-0.000093,0.000021,-0.000193,-0.000443,-0.000394,-0.000122,0.000136,0.000247,0.000253,0.000138,-0.000040,0.000020,0.000291,0.000330,-0.000222,-0.001201,-0.001857,-0.001663,-0.001205,-0.000907,-0.000485,-0.000189,-0.000196,-0.000080,0.000167,0.000138,-0.000100,-0.000259,-0.000285,-0.000248,-0.000194,-0.000140,-0.000180,-0.000158,-0.000060,0.000037,0.000082,0.000156,0.000255,0.000265,0.000224,0.000210,0.000266,0.000344,0.000344,0.000220,0.000187,0.000172,0.000032,-0.000045,0.000042,0.000055,0.000070,0.000146,0.000172,0.000125,0.000091,-0.000012,-0.000241,-0.000313,-0.000249,-0.000243,-0.000265,-0.000127,0.000105,0.000197,0.000109,
-0.003047,-0.006276,-0.010829,-0.009231,-0.005108,-0.003286,-0.005107,-0.007404,-0.007070,-0.004717,-0.002909,-0.001872,-0.000629,-0.000008,-0.000595,-0.001460,-0.001572,-0.000894,-0.000023,0.000044,-0.000498,-0.000911,-0.001082,-0.001336,-0.001537,-0.001575,-0.001561,-0.001511,-0.001133,-0.000677,-0.000524,-0.000589,-0.000536,-0.000300,0.000052,0.000457,0.000652,0.000608,0.000468,0.000248,-0.000110,-0.000413,-0.000379,-0.000274,-0.000362,-0.000373,-0.000026,0.000109,-0.000101,-0.000223,-0.000278,-0.000332,-0.000371,-0.000305,-0.000066,-0.000095,-0.000484,-0.000688,-0.000240,0.000586,0.000826,0.000183,-0.000213,0.000190,0.000510,0.000277,0.000111,0.000413,0.000566,0.000311,-0.000005,-0.000087,-0.000038,-0.000060,-0.000033,-0.000083,-0.000195,-0.000317,-0.000476,-0.000455,-0.000271,-0.000023,0.000283,0.000794,0.001594,0.002284,0.001731,-0.000217,-0.001759,-0.001974,-0.001493,-0.000850,-0.000351,-0.000299,-0.000483,-0.000369,-0.000134,0.000049,0.000020,-0.000084,-0.000031,0.000023,-0.000024,-0.000092,0.000001,0.000168,0.000204,0.000184,0.000147,0.000180,0.000232,0.000276,0.000203,0.000053,0.000072,0.000103,0.000007,-0.000099,-0.000114,-0.000113,-0.000155,-0.000150,-0.000044,0.000072,0.000167,0.000196,0.000111,-0.000080,-0.000143,0.000011,0.000068,-0.000054,-0.000095,-0.000016,0.000029,0.000128,0.000233,0.000218,0.021178,0.011630,0.009680,0.010500,0.010659,0.008461,0.004397,0.001401,0.001450,0.002942,0.003536,0.003597,0.003309,0.001892,0.000671,0.000395,0.000649,0.001063,0.001190,0.001090,0.000931,0.000378,-0.000517,-0.000869,-0.000484,0.000234,0.000908,0.000996,0.000424,-0.000349,-0.000646,-0.000442,-0.000286,-0.000256,-0.000131,0.000089,0.000201,-0.000215,-0.001208,-0.002199,-0.002220,-0.001462,-0.000950,-0.000730,-0.000302,0.000007,-0.000073,-0.000286,-0.000336,-0.000337,-0.000327,-0.000132,0.000035,0.000067,0.000036,-0.000057,0.000087,0.000590,0.000946,0.000726,0.000458,0.001114,0.001929,0.001639,0.000671,0.000121,0.000091,0.000167,0.000073,-0.000254,-0.000243,-0.000026,-0.000132,-0.000366,-0.000431,-0.000294,-0.000067,0.000231,0.000425,0.000367,0.000068,-0.000081,0.000074,0.000325,0.000315,-0.000276,-0.001190,-0.001853,-0.001724,-0.001291,-0.000919,-0.000373,-0.000018,0.000037,0.000157,0.000361,0.000394,0.000169,-0.000078,-0.000197,-0.000199,-0.000081,-0.000067,-0.000086,-0.000104,-0.000131,-0.000004,0.000118,0.000127,0.000094,0.000061,0.000043,0.000089,0.000218,0.000234,0.000287,0.000347,0.000335,0.000206,0.000105,0.000155,0.000143,0.000087,0.000048,0.000085,0.000145,0.000113,0.000101,0.000102,-0.000070,-0.000301,-0.000361,-0.000326,-0.000179,0.000010,0.000127,0.000164,0.000184,
-0.002558,-0.005831,-0.010471,-0.009051,-0.004935,-0.003170,-0.005062,-0.007348,-0.007097,-0.004586,-0.002665,-0.001841,-0.000593,-0.000014,-0.000640,-0.001333,-0.001447,-0.000820,0.000054,0.000078,-0.000530,-0.000904,-0.001068,-0.001350,-0.001610,-0.001710,-0.001754,-0.001553,-0.000984,-0.000601,-0.000495,-0.000415,-0.000311,-0.000093,0.000276,0.000632,0.000704,0.000521,0.000269,-0.000028,-0.000404,-0.000481,-0.000341,-0.000296,-0.000361,-0.000340,-0.000111,-0.000061,-0.000167,-0.000265,-0.000323,-0.000350,-0.000272,-0.000124,-0.000055,-0.000164,-0.000471,-0.000629,-0.000172,0.000615,0.000744,0.000150,0.000076,0.000702,0.000959,0.000620,0.000228,0.000254,0.000430,0.000225,-0.000083,-0.000047,0.000038,0.000049,0.000072,-0.000003,-0.000122,-0.000316,-0.000492,-0.000430,-0.000177,0.000063,0.000332,0.000858,0.001681,0.002267,0.001564,-0.000297,-0.001720,-0.001868,-0.001375,-0.000815,-0.000337,-0.000300,-0.000451,-0.000330,-0.000066,0.000023,0.000028,-0.000011,-0.000036,-0.000145,-0.000254,-0.000196,-0.000133,-0.000029,0.000049,0.000112,0.000097,0.000065,0.000220,0.000339,0.000218,0.000097,0.000091,0.000063,-0.000008,-0.000078,-0.000138,-0.000098,0.000062,0.000170,0.000151,0.000169,0.000244,0.000263,0.000229,0.000058,-0.000018,0.000023,-0.000004,-0.000077,-0.000138,-0.000058,0.000069,0.000099,0.000166,0.000245,0.021578,0.011921,0.009867,0.010582,0.010683,0.008513,0.004408,0.001571,0.001685,0.003010,0.003561,0.003651,0.003233,0.001862,0.000767,0.000504,0.000727,0.001110,0.001190,0.001066,0.000970,0.000414,-0.000519,-0.000854,-0.000396,0.000330,0.000944,0.001152,0.000656,-0.000306,-0.000702,-0.000399,-0.000171,-0.000199,-0.000166,0.000042,0.000125,-0.000254,-0.001174,-0.002100,-0.002140,-0.001411,-0.000900,-0.000726,-0.000431,-0.000072,0.000010,-0.000194,-0.000299,-0.000248,-0.000100,-0.000015,0.000047,0.000043,-0.000112,-0.000095,0.000129,0.000630,0.000988,0.000752,0.000801,0.001637,0.002201,0.001490,0.000220,-0.000253,0.000019,0.000271,0.000245,0.000018,-0.000145,-0.000121,-0.000194,-0.000409,-0.000539,-0.000457,-0.000125,0.000339,0.000563,0.000473,0.000215,-0.000034,-0.000077,0.000056,0.000151,-0.000420,-0.001355,-0.001873,-0.001637,-0.001188,-0.000868,-0.000328,0.000037,0.000047,0.000198,0.000306,0.000221,0.000044,-0.000090,-0.000154,-0.000209,-0.000299,-0.000243,-0.000053,0.000014,0.000038,0.000101,0.000091,0.000022,0.000015,0.000064,0.000103,0.000107,0.000164,0.000159,0.000167,0.000256,0.000262,0.000171,0.000058,0.000035,-0.000055,-0.000142,-0.000122,-0.000041,0.000017,0.000066,0.000080,-0.000055,-0.000161,-0.000200,-0.000195,-0.000139,-0.000086,0.000065,0.000231,0.000243,0.000201,
-0.001899,-0.005397,-0.010187,-0.008793,-0.004858,-0.003202,-0.004966,-0.007250,-0.007019,-0.004528,-0.002690,-0.001813,-0.000522,0.000085,-0.000506,-0.001248,-0.001417,-0.000789,0.000026,0.000158,-0.000405,-0.000929,-0.001129,-0.001273,-0.001419,-0.001622,-0.001796,-0.001545,-0.000892,-0.000494,-0.000460,-0.000360,-0.000153,-0.000006,0.000235,0.000560,0.000648,0.000478,0.000286,0.000077,-0.000273,-0.000474,-0.000405,-0.000299,-0.000316,-0.000259,-0.000085,-0.000053,-0.000159,-0.000183,-0.000098,-0.000164,-0.000285,-0.000263,-0.000115,-0.000185,-0.000577,-0.000802,-0.000387,0.000454,0.000762,0.000099,-0.000277,0.000326,0.000750,0.000397,0.000029,0.000230,0.000414,0.000134,-0.000085,-0.000070,-0.000035,-0.000077,-0.000111,-0.000063,-0.000009,-0.000156,-0.000335,-0.000238,-0.000033,0.000120,0.000294,0.000710,0.001435,0.002002,0.001439,-0.000362,-0.001800,-0.001969,-0.001452,-0.000769,-0.000219,-0.000138,-0.000420,-0.000384,-0.000110,-0.000020,0.000024,0.000071,0.000021,-0.000036,-0.000012,0.000038,0.000045,-0.000029,-0.000025,0.000071,0.000090,0.000115,0.000238,0.000236,0.000122,0.000069,0.000023,-0.000030,-0.000043,-0.000027,-0.000021,0.000038,0.000141,0.000155,0.000125,0.000158,0.000188,0.000204,0.000149,0.000075,0.000095,0.000128,0.000049,0.000004,-0.000076,-0.000068,0.000099,0.000293,0.000228,0.000089,0.021670,0.012002,0.010002,0.010796,0.010846,0.008581,0.004571,0.001717,0.001778,0.003129,0.003729,0.003705,0.003195,0.001831,0.000776,0.000539,0.000710,0.001137,0.001277,0.001142,0.000955,0.000293,-0.000645,-0.000937,-0.000391,0.000387,0.000967,0.001132,0.000508,-0.000333,-0.000605,-0.000454,-0.000355,-0.000182,0.000035,0.000139,0.000056,-0.000307,-0.001133,-0.002141,-0.002284,-0.001555,-0.001007,-0.000703,-0.000240,0.000063,-0.000092,-0.000302,-0.000284,-0.000229,-0.000185,-0.000146,-0.000094,0.000048,0.000032,-0.000021,0.000159,0.000655,0.001102,0.000853,0.000451,0.001086,0.001983,0.001735,0.000602,-0.000216,-0.000282,-0.000060,-0.000160,-0.000365,-0.000318,-0.000161,-0.000194,-0.000332,-0.000428,-0.000420,-0.000097,0.000368,0.000494,0.000320,0.000034,-0.000168,-0.000069,0.000176,0.000247,-0.000362,-0.001389,-0.001944,-0.001577,-0.001077,-0.000823,-0.000303,0.000006,-0.000064,0.000119,0.000298,0.000183,-0.000040,-0.000200,-0.000241,-0.000182,-0.000191,-0.000241,-0.000189,-0.000193,-0.000156,0.000019,0.000088,0.000053,0.000033,0.000009,0.000029,0.000111,0.000147,0.000127,0.000139,0.000183,0.000094,0.000102,0.000162,0.000101,-0.000008,-0.000140,-0.000095,-0.000016,-0.000038,-0.000006,0.000090,0.000069,-0.000110,-0.000287,-0.000288,-0.000263,-0.000180,-0.000019,0.000222,0.000294,0.000109,
-0.000822,-0.004481,-0.009539,-0.008293,-0.004221,-0.002578,-0.004790,-0.007299,-0.006925,-0.004406,-0.002523,-0.001644,-0.000443,0.000061,-0.000656,-0.001435,-0.001447,-0.000784,-0.000051,-0.000022,-0.000482,-0.000838,-0.001033,-0.001311,-0.001643,-0.001775,-0.001737,-0.001441,-0.000919,-0.000513,-0.000313,-0.000349,-0.000376,-0.000217,0.000160,0.000577,0.000670,0.000463,0.000192,-0.000160,-0.000475,-0.000489,-0.000297,-0.000177,-0.000311,-0.000301,-0.000139,-0.000109,-0.000191,-0.000223,-0.000277,-0.000305,-0.000292,-0.000212,-0.000096,-0.000227,-0.000643,-0.000798,-0.000219,0.000663,0.000934,0.000510,0.000375,0.000733,0.000737,0.000381,0.000378,0.000548,0.000523,0.000225,-0.000097,-0.000163,-0.000087,-0.000004,0.000010,0.000027,-0.000091,-0.000310,-0.000420,-0.000405,-0.000251,0.000055,0.000348,0.000685,0.001429,0.002043,0.001422,-0.000421,-0.001807,-0.001905,-0.001489,-0.000826,-0.000171,-0.000077,-0.000257,-0.000219,-0.000111,-0.000074,-0.000012,0.000051,-0.000017,-0.000089,-0.000106,-0.000035,0.000102,0.000159,0.000231,0.000219,0.000151,0.000134,0.000189,0.000254,0.000230,0.000212,0.000226,0.000136,-0.000079,-0.000144,-0.000174,-0.000179,-0.000091,-0.000008,0.000023,0.000132,0.000246,0.000257,0.000144,0.000032,0.000072,0.000100,0.000077,0.000124,-0.000036,-0.000183,-0.000032,0.000129,0.000143,0.000133,0.021642,0.012220,0.010510,0.011229,0.011037,0.008750,0.004781,0.001863,0.001889,0.003275,0.003852,0.003871,0.003370,0.001935,0.000731,0.000464,0.000861,0.001365,0.001389,0.001125,0.000874,0.000298,-0.000544,-0.000898,-0.000488,0.000369,0.001139,0.001289,0.000763,-0.000094,-0.000515,-0.000356,-0.000143,-0.000051,0.000009,0.000142,0.000162,-0.000322,-0.001295,-0.002198,-0.002207,-0.001401,-0.000907,-0.000747,-0.000401,-0.000089,-0.000065,-0.000188,-0.000201,-0.000250,-0.000216,-0.000091,0.000007,0.000098,0.000062,0.000038,0.000267,0.000687,0.000962,0.000702,0.000541,0.001295,0.001832,0.001315,0.000562,0.000246,0.000153,0.000033,-0.000174,-0.000316,-0.000289,-0.000131,-0.000126,-0.000391,-0.000480,-0.000313,-0.000027,0.000335,0.000509,0.000353,0.000064,-0.000160,-0.000063,0.000205,0.000156,-0.000468,-0.001330,-0.001863,-0.001668,-0.001194,-0.000741,-0.000193,0.000042,-0.000015,0.000126,0.000331,0.000242,-0.000037,-0.000152,-0.000160,-0.000153,-0.000135,-0.000116,-0.000135,-0.000145,-0.000099,-0.000034,0.000096,0.000148,0.000051,0.000029,0.000085,0.000058,0.000112,0.000215,0.000214,0.000166,0.000259,0.000300,0.000202,0.000091,-0.000021,-0.000023,0.000038,0.000074,0.000064,0.000154,0.000152,0.000060,-0.000040,-0.000180,-0.000296,-0.000317,-0.000136,0.000015,0.000065,0.000155,0.000116,
-0.001340,-0.004770,-0.009933,-0.008859,-0.004868,-0.003047,-0.004985,-0.007404,-0.007088,-0.004671,-0.002722,-0.001669,-0.000480,-0.000003,-0.000532,-0.001269,-0.001479,-0.000860,-0.000003,0.000136,-0.000458,-0.001074,-0.001385,-0.001531,-0.001671,-0.001723,-0.001730,-0.001706,-0.001354,-0.000816,-0.000531,-0.000445,-0.000204,0.000125,0.000417,0.000567,0.000494,0.000303,0.000194,0.000092,-0.000217,-0.000443,-0.000353,-0.000218,-0.000299,-0.000331,-0.000142,-0.000029,-0.000169,-0.000248,-0.000291,-0.000305,-0.000247,-0.000139,-0.000042,-0.000119,-0.000447,-0.000599,-0.000082,0.000555,0.000487,-0.000130,-0.000154,0.000448,0.000653,0.000360,0.000230,0.000518,0.000648,0.000358,-0.000008,-0.000206,-0.000214,-0.000065,0.000078,0.000113,-0.000066,-0.000267,-0.000359,-0.000454,-0.000367,0.000021,0.000374,0.000788,0.001544,0.002136,0.001573,-0.000272,-0.001733,-0.001821,-0.001461,-0.001017,-0.000395,-0.000188,-0.000374,-0.000336,-0.000151,0.000080,0.000167,0.000012,-0.000048,-0.000155,-0.000261,-0.000182,-0.000043,0.000041,0.000127,0.000170,0.000130,0.000177,0.000185,0.000191,0.000161,0.000077,0.000076,0.000034,0.000000,-0.000093,-0.000144,-0.000084,-0.000031,0.000050,0.000101,0.000170,0.000100,-0.000040,-0.000056,-0.000057,0.000046,0.000145,0.000088,0.000030,0.000006,-0.000096,-0.000111,0.000005,0.000128,0.000173,0.021582,0.011906,0.009966,0.010898,0.010969,0.008761,0.004671,0.001609,0.001614,0.003101,0.003805,0.003841,0.003279,0.001836,0.000685,0.000468,0.000746,0.001196,0.001263,0.001067,0.000956,0.000436,-0.000530,-0.000835,-0.000330,0.000440,0.001059,0.001013,0.000418,-0.000359,-0.000628,-0.000277,-0.000102,-0.000189,-0.000109,0.000082,0.000135,-0.000318,-0.001320,-0.002228,-0.002233,-0.001474,-0.000872,-0.000604,-0.000301,-0.000011,-0.000033,-0.000256,-0.000381,-0.000338,-0.000203,-0.000010,0.000172,0.000185,0.000033,-0.000037,0.000184,0.000731,0.001287,0.001062,0.000747,0.001410,0.002070,0.001412,0.000075,-0.000449,-0.000206,0.000035,-0.000090,-0.000334,-0.000269,-0.000130,-0.000219,-0.000399,-0.000420,-0.000357,-0.000136,0.000226,0.000478,0.000401,0.000121,-0.000065,0.000033,0.000333,0.000397,-0.000199,-0.001201,-0.001833,-0.001704,-0.001238,-0.000866,-0.000428,-0.000118,-0.000141,0.000047,0.000302,0.000257,-0.000020,-0.000171,-0.000186,-0.000236,-0.000252,-0.000171,-0.000149,-0.000049,0.000056,0.000018,0.000066,0.000124,0.000047,-0.000043,0.000072,0.000197,0.000254,0.000198,0.000187,0.000279,0.000341,0.000291,0.000156,0.000044,-0.000020,0.000066,0.000111,0.000104,0.000110,0.000098,0.000016,-0.000072,-0.000107,-0.000174,-0.000226,-0.000239,-0.000214,-0.000005,0.000237,0.000256,0.000156,
-0.000807,-0.004241,-0.009441,-0.008516,-0.004752,-0.003105,-0.004920,-0.007330,-0.007098,-0.004536,-0.002551,-0.001655,-0.000515,0.000014,-0.000575,-0.001325,-0.001467,-0.000838,0.000022,0.000024,-0.000524,-0.000931,-0.001215,-0.001499,-0.001686,-0.001699,-0.001778,-0.001690,-0.001149,-0.000622,-0.000485,-0.000307,0.000119,0.000291,0.000233,0.000287,0.000292,0.000229,0.000141,-0.000102,-0.000395,-0.000488,-0.000325,-0.000114,-0.000103,-0.000134,-0.000124,-0.000221,-0.000305,-0.000330,-0.000267,-0.000248,-0.000281,-0.000173,0.000001,-0.000113,-0.000613,-0.000851,-0.000262,0.000669,0.000829,0.000077,-0.000098,0.000758,0.001250,0.000808,0.000464,0.000532,0.000584,0.000356,0.000010,-0.000153,-0.000216,-0.000134,0.000066,0.000187,0.000097,-0.000217,-0.000417,-0.000339,-0.000121,0.000089,0.000346,0.000819,0.001577,0.002150,0.001535,-0.000307,-0.001754,-0.001957,-0.001527,-0.000886,-0.000254,-0.000085,-0.000294,-0.000338,-0.000207,-0.000059,-0.000003,-0.000055,-0.000049,0.000000,-0.000169,-0.000124,-0.000022,-0.000062,0.000033,0.000102,0.000049,0.000022,0.000143,0.000259,0.000187,0.000124,0.000112,0.000071,0.000018,-0.000066,-0.000104,-0.000051,0.000039,0.000050,0.000093,0.000239,0.000290,0.000218,0.000163,0.000155,0.000187,0.000153,0.000045,0.000055,0.000061,0.000062,0.000159,0.000140,0.000121,0.000246,0.021783,0.012183,0.010195,0.010995,0.011043,0.008809,0.004693,0.001725,0.001772,0.003136,0.003749,0.003820,0.003271,0.001742,0.000536,0.000361,0.000714,0.001106,0.001214,0.001021,0.000857,0.000378,-0.000542,-0.000896,-0.000341,0.000494,0.001100,0.001204,0.000679,-0.000103,-0.000305,0.000106,0.000269,-0.000047,-0.000202,-0.000007,0.000177,-0.000218,-0.001270,-0.002194,-0.002162,-0.001334,-0.000668,-0.000395,-0.000144,0.000076,-0.000011,-0.000239,-0.000218,-0.000293,-0.000282,-0.000108,-0.000025,0.000041,-0.000031,-0.000141,0.000117,0.000613,0.001008,0.000839,0.000631,0.001364,0.002248,0.001829,0.000657,0.000069,-0.000017,-0.000080,-0.000197,-0.000448,-0.000504,-0.000284,-0.000246,-0.000372,-0.000420,-0.000352,-0.000252,0.000030,0.000277,0.000203,0.000058,-0.000005,0.000077,0.000267,0.000227,-0.000374,-0.001314,-0.001891,-0.001756,-0.001382,-0.001002,-0.000389,-0.000018,-0.000077,-0.000005,0.000173,0.000124,-0.000084,-0.000286,-0.000384,-0.000308,-0.000160,-0.000116,-0.000081,-0.000094,-0.000096,-0.000006,0.000179,0.000224,0.000116,0.000022,-0.000041,-0.000034,0.000044,0.000190,0.000228,0.000263,0.000308,0.000210,-0.000008,-0.000095,-0.000043,-0.000009,-0.000045,-0.000022,0.000076,0.000141,0.000131,0.000034,-0.000159,-0.000316,-0.000282,-0.000198,-0.000183,-0.000072,0.000149,0.000268,0.000195,
-0.000264,-0.003930,-0.009269,-0.008320,-0.004563,-0.003025,-0.004921,-0.007228,-0.006933,-0.004443,-0.002415,-0.001474,-0.000370,0.000098,-0.000579,-0.001377,-0.001498,-0.000860,0.000048,0.000103,-0.000533,-0.000958,-0.001076,-0.001270,-0.001518,-0.001590,-0.001656,-0.001508,-0.001125,-0.000682,-0.000403,-0.000480,-0.000418,-0.000169,0.000215,0.000561,0.000556,0.000412,0.000312,0.000006,-0.000390,-0.000454,-0.000353,-0.000376,-0.000364,-0.000235,-0.000167,-0.000216,-0.000309,-0.000403,-0.000374,-0.000273,-0.000163,-0.000144,-0.000123,-0.000291,-0.000713,-0.000779,-0.000209,0.000653,0.000848,0.000150,-0.000125,0.000385,0.000750,0.000512,0.000288,0.000495,0.000563,0.000297,-0.000036,-0.000172,-0.000117,-0.000080,0.000017,0.000194,0.000183,-0.000058,-0.000302,-0.000375,-0.000192,0.000172,0.000507,0.000977,0.001691,0.002181,0.001599,-0.000160,-0.001687,-0.001884,-0.001376,-0.000870,-0.000402,-0.000188,-0.000262,-0.000228,-0.000042,0.000072,0.000059,-0.000046,-0.000109,-0.000097,-0.000166,-0.000071,0.000200,0.000333,0.000284,0.000252,0.000233,0.000222,0.000243,0.000294,0.000214,0.000099,0.000078,0.000039,-0.000028,-0.000019,-0.000019,-0.000040,-0.000016,0.000002,0.000051,0.000150,0.000118,0.000045,-0.000030,-0.000061,0.000028,0.000097,0.000088,0.000027,-0.000045,-0.000121,-0.000008,0.000113,0.000083,0.000104,0.021777,0.012103,0.010234,0.011132,0.011175,0.008955,0.004888,0.001834,0.001703,0.003117,0.003781,0.003712,0.003209,0.001757,0.000593,0.000532,0.000831,0.001142,0.001250,0.001076,0.000884,0.000370,-0.000488,-0.000819,-0.000469,0.000346,0.001074,0.001134,0.000535,-0.000321,-0.000552,-0.000207,-0.000159,-0.000258,-0.000116,0.000072,0.000194,-0.000205,-0.001168,-0.002112,-0.002222,-0.001488,-0.000937,-0.000710,-0.000316,0.000100,-0.000019,-0.000329,-0.000291,-0.000269,-0.000227,-0.000028,0.000087,0.000085,0.000011,0.000066,0.000309,0.000824,0.001120,0.000788,0.000592,0.001360,0.002239,0.001961,0.000878,0.000165,0.000096,0.000178,-0.000048,-0.000305,-0.000142,0.000130,0.000060,-0.000188,-0.000432,-0.000413,-0.000142,0.000166,0.000345,0.000338,0.000197,-0.000073,-0.000069,0.000245,0.000245,-0.000383,-0.001336,-0.001894,-0.001608,-0.001116,-0.000809,-0.000232,0.000071,-0.000116,0.000015,0.000261,0.000127,-0.000076,-0.000134,-0.000165,-0.000257,-0.000274,-0.000194,-0.000111,-0.000088,-0.000099,-0.000093,0.000044,0.000145,0.000131,0.000079,-0.000003,0.000067,0.000175,0.000204,0.000184,0.000179,0.000167,0.000150,0.000136,0.000116,-0.000025,-0.000097,-0.000006,0.000027,-0.000007,-0.000009,0.000007,-0.000006,-0.000066,-0.000186,-0.000226,-0.000141,-0.000075,0.000027,0.000210,0.000191,-0.000022,
-0.000415,-0.004096,-0.009460,-0.008547,-0.004900,-0.003364,-0.005130,-0.007353,-0.007009,-0.004518,-0.002676,-0.001686,-0.000344,0.000236,-0.000458,-0.001257,-0.001405,-0.000792,0.000015,0.000085,-0.000516,-0.001009,-0.001127,-0.001318,-0.001578,-0.001696,-0.001698,-0.001518,-0.001072,-0.000531,-0.000342,-0.000409,-0.000324,-0.000089,0.000208,0.000535,0.000536,0.000404,0.000312,0.000162,-0.000133,-0.000423,-0.000394,-0.000366,-0.000375,-0.000267,-0.000172,-0.000220,-0.000330,-0.000273,-0.000234,-0.000235,-0.000217,-0.000192,-0.000091,-0.000262,-0.000697,-0.000885,-0.000351,0.000470,0.000770,0.000418,0.000330,0.000891,0.001090,0.000660,0.000381,0.000486,0.000503,0.000285,0.000018,-0.000081,-0.000082,-0.000063,-0.000096,-0.000083,-0.000136,-0.000340,-0.000468,-0.000358,-0.000122,0.000060,0.000349,0.000873,0.001658,0.002258,0.001631,-0.000237,-0.001718,-0.001854,-0.001395,-0.000839,-0.000285,-0.000135,-0.000321,-0.000341,-0.000104,0.000002,-0.000007,-0.000062,-0.000214,-0.000233,-0.000176,-0.000112,-0.000006,0.000107,0.000134,0.000172,0.000172,0.000134,0.000160,0.000165,0.000083,0.000046,0.000107,0.000116,0.000030,-0.000037,0.000021,0.000154,0.000093,0.000008,0.000077,0.000135,0.000155,0.000166,0.000056,-0.000052,-0.000025,0.000057,0.000141,0.000147,0.000098,-0.000045,-0.000103,0.000099,0.000227,0.000168,0.021775,0.012039,0.010054,0.010958,0.011082,0.008939,0.004855,0.001880,0.001863,0.003248,0.003879,0.003801,0.003209,0.001785,0.000626,0.000403,0.000715,0.001171,0.001363,0.001182,0.000923,0.000327,-0.000611,-0.000888,-0.000303,0.000524,0.001077,0.001058,0.000448,-0.000375,-0.000650,-0.000454,-0.000447,-0.000442,-0.000158,0.000111,0.000091,-0.000408,-0.001289,-0.002195,-0.002304,-0.001531,-0.000900,-0.000646,-0.000323,-0.000080,-0.000185,-0.000381,-0.000349,-0.000233,-0.000212,-0.000166,-0.000049,0.000012,-0.000030,-0.000048,0.000170,0.000662,0.001020,0.000753,0.000559,0.001302,0.001886,0.001278,0.000279,-0.000112,-0.000016,0.000136,0.000091,-0.000079,-0.000109,-0.000075,-0.000286,-0.000593,-0.000630,-0.000409,-0.000042,0.000359,0.000542,0.000495,0.000217,-0.000040,-0.000022,0.000267,0.000284,-0.000365,-0.001374,-0.001955,-0.001611,-0.001069,-0.000744,-0.000291,0.000010,0.000057,0.000139,0.000219,0.000138,-0.000144,-0.000260,-0.000275,-0.000309,-0.000244,-0.000132,-0.000015,0.000071,0.000022,0.000031,0.000084,0.000130,0.000206,0.000110,-0.000009,0.000017,0.000222,0.000281,0.000182,0.000204,0.000191,0.000031,-0.000085,-0.000148,-0.000152,-0.000082,-0.000053,-0.000009,0.000010,0.000004,0.000051,-0.000013,-0.000115,-0.000145,-0.000187,-0.000197,-0.000097,0.000019,0.000168,0.000243,0.000180,
-0.000871,-0.004404,-0.009492,-0.008585,-0.005118,-0.003461,-0.005108,-0.007331,-0.007007,-0.004553,-0.002644,-0.001612,-0.000340,0.000200,-0.000464,-0.001299,-0.001452,-0.000769,0.000090,0.000141,-0.000481,-0.000937,-0.001033,-0.001297,-0.001576,-0.001651,-0.001713,-0.001448,-0.000834,-0.000404,-0.000326,-0.000330,-0.000265,-0.000166,0.000112,0.000484,0.000587,0.000450,0.000301,0.000052,-0.000271,-0.000504,-0.000467,-0.000312,-0.000296,-0.000181,-0.000067,-0.000081,-0.000145,-0.000216,-0.000225,-0.000288,-0.000274,-0.000185,-0.000156,-0.000306,-0.000679,-0.000797,-0.000300,0.000565,0.000738,-0.000065,-0.000378,0.000295,0.000738,0.000249,-0.000212,0.000015,0.000335,0.000173,-0.000045,-0.000065,-0.000045,0.000007,0.000055,0.000022,-0.000117,-0.000256,-0.000331,-0.000336,-0.000103,0.000122,0.000357,0.000858,0.001617,0.002101,0.001434,-0.000415,-0.001841,-0.001915,-0.001317,-0.000697,-0.000195,-0.000147,-0.000376,-0.000249,0.000033,0.000151,0.000127,0.000151,0.000116,0.000043,-0.000043,-0.000041,0.000021,0.000031,0.000071,0.000137,0.000159,0.000054,0.000071,0.000273,0.000226,0.000031,-0.000013,0.000110,0.000060,-0.000081,-0.000112,-0.000094,0.000009,0.000031,-0.000004,0.000006,0.000131,0.000249,0.000237,0.000160,0.000071,0.000156,0.000146,-0.000038,-0.000106,-0.000102,-0.000034,0.000007,0.000057,0.000155,0.021758,0.011965,0.009862,0.010898,0.011090,0.008815,0.004792,0.001871,0.001789,0.003143,0.003829,0.003825,0.003211,0.001743,0.000619,0.000338,0.000587,0.001093,0.001264,0.001047,0.000848,0.000368,-0.000489,-0.000894,-0.000438,0.000440,0.001074,0.001053,0.000408,-0.000398,-0.000787,-0.000597,-0.000317,-0.000107,0.000051,0.000195,0.000199,-0.000237,-0.001229,-0.002236,-0.002365,-0.001615,-0.000950,-0.000626,-0.000279,0.000024,-0.000112,-0.000392,-0.000397,-0.000305,-0.000195,0.000038,0.000144,0.000064,-0.000059,-0.000030,0.000186,0.000567,0.000838,0.000629,0.000532,0.001282,0.002182,0.001902,0.000686,-0.000131,-0.000220,-0.000024,-0.000007,-0.000134,-0.000147,-0.000146,-0.000296,-0.000432,-0.000396,-0.000295,-0.000144,0.000177,0.000469,0.000402,0.000195,0.000097,0.000100,0.000208,0.000217,-0.000283,-0.001204,-0.001777,-0.001596,-0.001185,-0.000865,-0.000357,0.000009,-0.000013,0.000036,0.000252,0.000228,-0.000117,-0.000359,-0.000366,-0.000300,-0.000216,-0.000091,-0.000038,-0.000081,-0.000082,-0.000083,0.000004,0.000158,0.000192,0.000088,0.000022,0.000072,0.000176,0.000262,0.000259,0.000306,0.000312,0.000108,-0.000029,-0.000072,-0.000077,-0.000083,-0.000048,-0.000032,-0.000096,-0.000014,0.000097,-0.000067,-0.000249,-0.000259,-0.000270,-0.000284,-0.000137,0.000020,0.000122,0.000233,0.000252,
-0.000267,-0.003869,-0.009154,-0.008289,-0.004646,-0.003249,-0.005254,-0.007465,-0.007076,-0.004573,-0.002460,-0.001317,-0.000156,0.000309,-0.000464,-0.001319,-0.001423,-0.000813,0.000029,0.000183,-0.000358,-0.000840,-0.001088,-0.001402,-0.001614,-0.001650,-0.001682,-0.001499,-0.000947,-0.000518,-0.000427,-0.000381,-0.000256,-0.000092,0.000228,0.000580,0.000666,0.000583,0.000380,0.000073,-0.000263,-0.000507,-0.000427,-0.000308,-0.000345,-0.000261,-0.000084,-0.000107,-0.000264,-0.000335,-0.000376,-0.000394,-0.000302,-0.000213,-0.000201,-0.000318,-0.000703,-0.000831,-0.000292,0.000570,0.000872,0.000389,0.000115,0.000535,0.000861,0.000745,0.000569,0.000558,0.000504,0.000220,-0.000036,-0.000149,-0.000216,-0.000194,-0.000140,-0.000032,-0.000009,-0.000285,-0.000384,-0.000266,-0.000103,0.000108,0.000285,0.000749,0.001626,0.002240,0.001656,-0.000272,-0.001939,-0.002174,-0.001711,-0.000911,-0.000191,-0.000108,-0.000379,-0.000367,-0.000128,-0.000015,0.000001,-0.000004,-0.000059,-0.000147,-0.000232,-0.000147,0.000022,0.000010,-0.000053,-0.000100,-0.000064,-0.000002,-0.000000,0.000009,0.000010,0.000078,0.000198,0.000146,0.000092,0.000044,-0.000089,-0.000087,0.000045,0.000060,0.000075,0.000095,0.000044,0.000133,0.000071,-0.000007,0.000025,0.000038,0.000070,0.000026,-0.000115,-0.000110,-0.000008,0.000065,0.000128,0.000244,0.021610,0.012035,0.010225,0.011131,0.011171,0.009001,0.005022,0.001994,0.001952,0.003292,0.003792,0.003799,0.003241,0.001757,0.000569,0.000406,0.000774,0.001184,0.001262,0.001050,0.000803,0.000264,-0.000569,-0.000865,-0.000351,0.000536,0.001135,0.001204,0.000680,-0.000132,-0.000482,-0.000373,-0.000344,-0.000386,-0.000262,-0.000020,0.000094,-0.000356,-0.001383,-0.002329,-0.002329,-0.001524,-0.000903,-0.000574,-0.000193,0.000020,-0.000122,-0.000333,-0.000373,-0.000341,-0.000241,-0.000052,0.000147,0.000152,-0.000076,-0.000160,0.000027,0.000530,0.000942,0.000766,0.000623,0.001148,0.001690,0.001325,0.000473,-0.000019,-0.000063,-0.000069,-0.000218,-0.000338,-0.000351,-0.000246,-0.000112,-0.000291,-0.000451,-0.000352,-0.000087,0.000242,0.000357,0.000325,0.000227,0.000080,0.000055,0.000233,0.000164,-0.000420,-0.001328,-0.001900,-0.001667,-0.001177,-0.000770,-0.000221,0.000019,-0.000030,0.000069,0.000224,0.000142,-0.000073,-0.000151,-0.000237,-0.000262,-0.000202,-0.000212,-0.000278,-0.000137,0.000008,0.000064,0.000137,0.000218,0.000219,0.000116,0.000009,0.000109,0.000267,0.000293,0.000259,0.000249,0.000343,0.000341,0.000188,0.000012,-0.000163,-0.000153,-0.000033,0.000029,0.000007,0.000003,0.000058,0.000002,-0.000100,-0.000196,-0.000262,-0.000186,-0.000193,-0.000133,0.000078,0.000119,-0.000000,
-0.001270,-0.004472,-0.009708,-0.008941,-0.005270,-0.003623,-0.005375,-0.007557,-0.007188,-0.004654,-0.002586,-0.001536,-0.000253,0.000343,-0.000397,-0.001229,-0.001308,-0.000728,0.000014,0.000133,-0.000433,-0.001025,-0.001268,-0.001456,-0.001692,-0.001796,-0.001812,-0.001609,-0.001086,-0.000531,-0.000344,-0.000332,-0.000211,-0.000077,0.000260,0.000607,0.000527,0.000424,0.000376,0.000056,-0.000294,-0.000417,-0.000319,-0.000200,-0.000205,-0.000226,-0.000168,-0.000199,-0.000328,-0.000328,-0.000175,-0.000164,-0.000184,-0.000102,-0.000095,-0.000277,-0.000648,-0.000818,-0.000303,0.000546,0.000726,0.000204,0.000028,0.000413,0.000519,0.000224,0.000267,0.000687,0.000897,0.000539,0.000057,-0.000123,-0.000161,-0.000072,-0.000039,-0.000095,-0.000161,-0.000320,-0.000485,-0.000424,-0.000137,0.000069,0.000285,0.000634,0.001383,0.002122,0.001587,-0.000229,-0.001727,-0.001808,-0.001188,-0.000671,-0.000226,-0.000198,-0.000532,-0.000494,-0.000149,0.000082,0.000163,0.000157,0.000085,0.000015,-0.000075,-0.000114,-0.000039,0.000091,0.000099,0.000095,0.000115,0.000141,0.000208,0.000155,0.000148,0.000103,0.000066,0.000060,-0.000083,-0.000139,-0.000173,-0.000114,-0.000012,0.000055,0.000146,0.000176,0.000154,0.000138,-0.000062,-0.000143,0.000053,0.000091,-0.000008,-0.000023,-0.000061,-0.000024,0.000099,0.000250,0.000229,0.000131,0.021570,0.011744,0.009781,0.010746,0.011017,0.008968,0.004813,0.001673,0.001616,0.002971,0.003691,0.003669,0.003112,0.001720,0.000499,0.000323,0.000686,0.001144,0.001310,0.001102,0.000821,0.000245,-0.000599,-0.000866,-0.000320,0.000470,0.000969,0.001019,0.000533,-0.000223,-0.000562,-0.000398,-0.000259,-0.000211,-0.000018,0.000198,0.000135,-0.000393,-0.001324,-0.002216,-0.002340,-0.001574,-0.000880,-0.000577,-0.000230,0.000014,-0.000117,-0.000287,-0.000294,-0.000304,-0.000227,-0.000038,0.000091,0.000105,0.000079,0.000044,0.000126,0.000709,0.001222,0.000965,0.000737,0.001578,0.002341,0.001613,0.000237,-0.000318,-0.000038,0.000122,-0.000080,-0.000246,-0.000216,-0.000066,-0.000173,-0.000430,-0.000491,-0.000318,-0.000037,0.000280,0.000515,0.000438,0.000120,0.000017,0.000158,0.000306,0.000354,-0.000196,-0.001311,-0.002051,-0.001829,-0.001351,-0.000990,-0.000407,-0.000095,-0.000153,-0.000016,0.000172,0.000172,-0.000003,-0.000155,-0.000233,-0.000324,-0.000240,-0.000199,-0.000203,-0.000147,-0.000043,0.000097,0.000110,0.000202,0.000189,0.000095,0.000102,0.000131,0.000133,0.000213,0.000256,0.000178,0.000168,0.000169,0.000151,0.000136,-0.000028,-0.000095,-0.000059,0.000012,0.000049,0.000095,0.000017,-0.000098,-0.000160,-0.000215,-0.000279,-0.000322,-0.000232,-0.000054,0.000142,0.000244,0.000164,
-0.001898,-0.004999,-0.009982,-0.009129,-0.005554,-0.003895,-0.005497,-0.007565,-0.007175,-0.004670,-0.002612,-0.001585,-0.000324,0.000317,-0.000386,-0.001334,-0.001495,-0.000827,0.000094,0.000184,-0.000428,-0.000975,-0.001225,-0.001472,-0.001714,-0.001826,-0.001903,-0.001798,-0.001313,-0.000624,-0.000194,-0.000015,0.000101,0.000209,0.000355,0.000446,0.000396,0.000298,0.000220,0.000033,-0.000218,-0.000363,-0.000361,-0.000206,-0.000160,-0.000247,-0.000197,-0.000206,-0.000247,-0.000225,-0.000331,-0.000375,-0.000308,-0.000304,-0.000237,-0.000278,-0.000615,-0.000860,-0.000413,0.000461,0.000726,0.000142,-0.000059,0.000672,0.001123,0.000714,0.000338,0.000507,0.000634,0.000301,-0.000149,-0.000318,-0.000245,-0.000057,0.000067,0.000145,0.000041,-0.000255,-0.000411,-0.000488,-0.000304,0.000110,0.000406,0.000840,0.001558,0.002163,0.001628,-0.000246,-0.001743,-0.001946,-0.001480,-0.000848,-0.000254,-0.000127,-0.000290,-0.000229,-0.000016,0.000177,0.000181,0.000051,-0.000009,-0.000015,-0.000134,-0.000185,-0.000029,0.000074,0.000108,0.000133,0.000097,0.000112,0.000177,0.000163,0.000051,0.000018,-0.000040,-0.000095,-0.000066,-0.000115,-0.000145,-0.000030,0.000001,-0.000053,-0.000022,0.000069,0.000208,0.000248,0.000114,0.000007,0.000040,0.000067,0.000054,-0.000062,-0.000191,-0.000241,-0.000160,0.000001,0.000107,0.000160,0.021403,0.011658,0.009619,0.010675,0.011047,0.008956,0.004793,0.001590,0.001438,0.002950,0.003683,0.003752,0.003261,0.001781,0.000608,0.000371,0.000689,0.001150,0.001292,0.001154,0.000848,0.000187,-0.000628,-0.000908,-0.000467,0.000346,0.000981,0.001010,0.000492,-0.000137,-0.000278,0.000036,0.000064,-0.000217,-0.000267,-0.000016,0.000056,-0.000303,-0.001202,-0.002176,-0.002280,-0.001525,-0.000863,-0.000682,-0.000428,-0.000107,-0.000090,-0.000314,-0.000361,-0.000274,-0.000228,-0.000120,0.000081,0.000158,-0.000010,-0.000062,0.000223,0.000715,0.001033,0.000774,0.000510,0.001323,0.002248,0.001790,0.000547,-0.000156,-0.000137,0.000045,0.000020,-0.000138,-0.000242,-0.000166,-0.000066,-0.000265,-0.000522,-0.000415,-0.000114,0.000152,0.000376,0.000345,0.000091,0.000027,0.000081,0.000209,0.000250,-0.000293,-0.001251,-0.001849,-0.001653,-0.001230,-0.000950,-0.000496,-0.000162,-0.000126,0.000049,0.000278,0.000217,-0.000028,-0.000239,-0.000292,-0.000180,-0.000160,-0.000233,-0.000180,-0.000062,-0.000008,0.000013,0.000064,0.000122,0.000155,0.000092,0.000005,0.000040,0.000132,0.000134,0.000121,0.000155,0.000187,0.000178,0.000155,0.000021,-0.000196,-0.000187,-0.000038,0.000051,0.000071,0.000075,0.000045,-0.000004,-0.000165,-0.000283,-0.000257,-0.000169,-0.000146,-0.000063,0.000097,0.000165,0.000163,
-0.001098,-0.004572,-0.009384,-0.008304,-0.004886,-0.003495,-0.005338,-0.007519,-0.007007,-0.004384,-0.002460,-0.001487,-0.000196,0.000364,-0.000304,-0.001132,-0.001309,-0.000727,0.000117,0.000145,-0.000535,-0.000923,-0.001177,-0.001554,-0.001731,-0.001676,-0.001666,-0.001514,-0.001025,-0.000573,-0.000467,-0.000359,-0.000182,-0.000058,0.000126,0.000354,0.000463,0.000347,0.000217,0.000027,-0.000350,-0.000540,-0.000424,-0.000332,-0.000357,-0.000310,-0.000183,-0.000172,-0.000261,-0.000383,-0.000494,-0.000402,-0.000351,-0.000287,-0.000175,-0.000262,-0.000633,-0.000858,-0.000382,0.000556,0.000863,0.000148,-0.000171,0.000546,0.001006,0.000769,0.000482,0.000617,0.000780,0.000482,0.000047,-0.000108,-0.000004,0.000063,0.000051,0.000068,-0.000020,-0.000290,-0.000499,-0.000404,-0.000150,0.000058,0.000395,0.001000,0.001798,0.002303,0.001606,-0.000348,-0.001865,-0.001925,-0.001511,-0.000984,-0.000398,-0.000219,-0.000375,-0.000224,0.000071,0.000112,0.000055,0.000065,0.000107,0.000009,-0.000164,-0.000157,-0.000026,0.000050,0.000165,0.000179,0.000116,0.000175,0.000291,0.000251,0.000084,0.000074,0.000040,0.000013,-0.000011,-0.000104,-0.000068,-0.000042,-0.000071,-0.000022,0.000050,0.000133,0.000242,0.000233,0.000092,0.000024,0.000132,0.000193,0.000150,0.000038,-0.000081,-0.000003,0.000112,0.000136,0.000224,0.000286,0.021430,0.011866,0.010249,0.011195,0.011325,0.009268,0.005192,0.001991,0.001984,0.003397,0.003839,0.003714,0.003100,0.001549,0.000435,0.000344,0.000735,0.001115,0.001238,0.001126,0.000901,0.000389,-0.000455,-0.000778,-0.000409,0.000347,0.001077,0.001064,0.000450,-0.000115,-0.000334,-0.000197,-0.000145,-0.000217,-0.000127,0.000096,0.000280,-0.000009,-0.000964,-0.001968,-0.002056,-0.001324,-0.000769,-0.000631,-0.000336,-0.000059,-0.000132,-0.000445,-0.000465,-0.000271,-0.000228,-0.000161,-0.000060,0.000018,-0.000006,-0.000039,0.000050,0.000472,0.000980,0.000782,0.000555,0.001328,0.002328,0.002065,0.000918,0.000235,0.000168,0.000238,-0.000000,-0.000260,-0.000044,0.000150,-0.000045,-0.000300,-0.000494,-0.000557,-0.000320,0.000167,0.000496,0.000433,0.000202,0.000040,0.000095,0.000275,0.000153,-0.000413,-0.001342,-0.001996,-0.001791,-0.001312,-0.000977,-0.000362,0.000034,0.000030,0.000122,0.000192,0.000102,-0.000085,-0.000162,-0.000269,-0.000381,-0.000344,-0.000283,-0.000175,-0.000184,-0.000237,-0.000119,0.000062,0.000076,0.000096,0.000113,-0.000016,0.000019,0.000075,0.000060,0.000180,0.000351,0.000402,0.000232,0.000024,-0.000051,-0.000189,-0.000136,0.000029,-0.000026,-0.000020,0.000035,0.000031,-0.000015,-0.000124,-0.000271,-0.000336,-0.000241,-0.000062,0.000126,0.000163,0.000050,0.000033,
-0.001351,-0.004754,-0.009622,-0.008635,-0.005191,-0.003768,-0.005491,-0.007482,-0.007100,-0.004647,-0.002640,-0.001613,-0.000241,0.000314,-0.000503,-0.001298,-0.001429,-0.000849,0.000091,0.000264,-0.000331,-0.000918,-0.001290,-0.001575,-0.001733,-0.001741,-0.001701,-0.001536,-0.000971,-0.000440,-0.000292,-0.000219,-0.000027,0.000146,0.000364,0.000671,0.000703,0.000487,0.000327,0.000113,-0.000216,-0.000409,-0.000381,-0.000320,-0.000408,-0.000364,-0.000132,-0.000074,-0.000105,-0.000144,-0.000264,-0.000379,-0.000256,-0.000074,-0.000109,-0.000322,-0.000594,-0.000694,-0.000226,0.000655,0.000965,0.000423,0.000147,0.000616,0.000769,0.000360,0.000187,0.000441,0.000478,0.000186,-0.000091,-0.000192,-0.000123,-0.000095,-0.000210,-0.000189,-0.000140,-0.000236,-0.000388,-0.000325,-0.000002,0.000203,0.000359,0.000803,0.001479,0.002075,0.001524,-0.000259,-0.001622,-0.001812,-0.001449,-0.000926,-0.000331,-0.000162,-0.000353,-0.000305,-0.000005,0.000085,0.000025,-0.000082,-0.000091,-0.000082,-0.000183,-0.000223,-0.000129,-0.000005,-0.000013,-0.000026,0.000079,0.000119,0.000155,0.000140,0.000143,0.000155,0.000115,0.000051,-0.000082,-0.000064,-0.000065,-0.000069,0.000011,0.000089,0.000109,0.000149,0.000214,0.000165,0.000087,0.000046,-0.000025,0.000022,0.000049,0.000009,0.000007,0.000074,0.000150,0.000094,0.000080,0.000181,0.021330,0.011673,0.009897,0.010874,0.011063,0.008988,0.005043,0.002087,0.001976,0.003171,0.003707,0.003684,0.003105,0.001623,0.000373,0.000259,0.000712,0.001065,0.001177,0.001030,0.000760,0.000253,-0.000449,-0.000810,-0.000441,0.000395,0.001048,0.001107,0.000564,-0.000303,-0.000676,-0.000407,-0.000261,-0.000266,-0.000136,0.000064,0.000080,-0.000327,-0.001275,-0.002330,-0.002458,-0.001655,-0.001011,-0.000691,-0.000329,0.000078,0.000088,-0.000225,-0.000308,-0.000239,-0.000146,0.000021,0.000052,-0.000014,-0.000081,-0.000130,0.000123,0.000765,0.001110,0.000720,0.000487,0.001184,0.001838,0.001407,0.000457,-0.000020,-0.000024,0.000022,-0.000080,-0.000198,-0.000195,-0.000071,-0.000186,-0.000459,-0.000616,-0.000493,-0.000151,0.000292,0.000589,0.000417,0.000020,-0.000159,-0.000074,0.000196,0.000241,-0.000334,-0.001244,-0.001771,-0.001607,-0.001137,-0.000747,-0.000310,-0.000005,0.000019,0.000129,0.000266,0.000274,0.000122,-0.000070,-0.000221,-0.000291,-0.000191,-0.000009,0.000071,0.000047,-0.000015,-0.000003,0.000099,0.000133,0.000119,0.000095,0.000068,0.000048,0.000067,0.000152,0.000213,0.000205,0.000228,0.000197,0.000055,-0.000055,0.000019,0.000036,-0.000049,0.000005,0.000149,0.000130,0.000098,0.000057,-0.000096,-0.000242,-0.000309,-0.000251,-0.000018,0.000158,0.000204,0.000246,0.000186,
-0.001912,-0.005256,-0.009903,-0.008837,-0.005405,-0.003905,-0.005577,-0.007608,-0.007148,-0.004559,-0.002576,-0.001525,-0.000174,0.000427,-0.000335,-0.001260,-0.001375,-0.000695,0.000206,0.000237,-0.000496,-0.001050,-0.001218,-0.001368,-0.001588,-0.001681,-0.001640,-0.001397,-0.000883,-0.000368,-0.000239,-0.000322,-0.000269,-0.000038,0.000306,0.000522,0.000565,0.000489,0.000336,0.000154,-0.000163,-0.000372,-0.000279,-0.000235,-0.000342,-0.000221,-0.000030,-0.000073,-0.000211,-0.000280,-0.000328,-0.000319,-0.000192,-0.000102,-0.000125,-0.000294,-0.000607,-0.000837,-0.000357,0.000520,0.000608,0.000008,-0.000087,0.000563,0.000860,0.000423,0.000142,0.000304,0.000336,0.000076,-0.000111,0.000008,0.000069,0.000041,0.000072,0.000128,0.000051,-0.000246,-0.000397,-0.000298,-0.000050,0.000168,0.000314,0.000753,0.001590,0.002192,0.001587,-0.000222,-0.001693,-0.001825,-0.001317,-0.000682,-0.000270,-0.000360,-0.000474,-0.000364,-0.000082,0.000141,0.000083,-0.000045,-0.000012,-0.000006,-0.000173,-0.000261,-0.000111,0.000058,0.000132,0.000223,0.000192,0.000077,0.000106,0.000208,0.000241,0.000193,0.000117,0.000099,0.000029,-0.000077,-0.000128,-0.000072,0.000048,0.000040,-0.000054,0.000027,0.000183,0.000183,-0.000023,-0.000115,0.000033,0.000040,-0.000015,0.000030,0.000024,-0.000042,0.000016,0.000125,0.000151,0.000268,0.021366,0.011658,0.009756,0.010744,0.010985,0.008940,0.004905,0.001901,0.001872,0.003207,0.003764,0.003654,0.003070,0.001658,0.000487,0.000286,0.000682,0.001166,0.001361,0.001187,0.000886,0.000395,-0.000398,-0.000906,-0.000521,0.000375,0.001008,0.001055,0.000478,-0.000377,-0.000803,-0.000542,-0.000307,-0.000270,-0.000098,0.000118,0.000188,-0.000304,-0.001338,-0.002231,-0.002172,-0.001380,-0.000949,-0.000795,-0.000333,0.000081,0.000006,-0.000289,-0.000342,-0.000242,-0.000135,-0.000115,-0.000053,0.000098,0.000031,0.000021,0.000202,0.000613,0.000987,0.000817,0.000791,0.001630,0.002436,0.001891,0.000506,-0.000203,-0.000100,0.000128,0.000115,-0.000066,-0.000079,-0.000089,-0.000297,-0.000494,-0.000656,-0.000619,-0.000237,0.000198,0.000465,0.000453,0.000235,0.000006,0.000002,0.000170,0.000161,-0.000279,-0.001221,-0.001903,-0.001623,-0.001200,-0.000956,-0.000440,-0.000125,-0.000065,0.000109,0.000331,0.000318,-0.000022,-0.000278,-0.000424,-0.000451,-0.000315,-0.000217,-0.000128,-0.000079,-0.000062,-0.000030,0.000031,0.000082,0.000090,0.000088,0.000067,0.000068,0.000138,0.000187,0.000194,0.000279,0.000400,0.000311,0.000164,0.000150,0.000086,0.000030,0.000071,0.000128,0.000154,0.000128,0.000102,-0.000003,-0.000193,-0.000315,-0.000284,-0.000201,-0.000135,-0.000014,0.000171,0.000266,0.000245,
-0.001728,-0.005156,-0.009778,-0.008722,-0.005391,-0.004050,-0.005617,-0.007576,-0.007118,-0.004491,-0.002356,-0.001376,-0.000296,0.000257,-0.000379,-0.001159,-0.001280,-0.000642,0.000199,0.000206,-0.000503,-0.000953,-0.001202,-0.001522,-0.001709,-0.001791,-0.001795,-0.001472,-0.000878,-0.000418,-0.000333,-0.000412,-0.000270,-0.000063,0.000238,0.000561,0.000654,0.000477,0.000197,-0.000100,-0.000476,-0.000622,-0.000399,-0.000235,-0.000251,-0.000188,-0.000099,-0.000073,-0.000062,-0.000134,-0.000313,-0.000412,-0.000284,-0.000064,-0.000024,-0.000249,-0.000671,-0.000732,-0.000156,0.000599,0.000864,0.000166,-0.000239,0.000417,0.001041,0.000974,0.000547,0.000400,0.000434,0.000221,-0.000094,-0.000090,0.000095,0.000106,0.000013,-0.000036,-0.000122,-0.000312,-0.000432,-0.000311,-0.000047,0.000118,0.000352,0.000783,0.001478,0.002151,0.001639,-0.000330,-0.001909,-0.001965,-0.001387,-0.000863,-0.000286,-0.000101,-0.000327,-0.000288,0.000002,0.000146,0.000094,0.000022,0.000013,0.000119,0.000100,0.000003,0.000032,0.000121,0.000154,0.000181,0.000213,0.000079,0.000063,0.000182,0.000249,0.000253,0.000170,-0.000015,-0.000045,0.000040,0.000056,0.000045,0.000087,0.000094,0.000143,0.000227,0.000255,0.000195,0.000075,0.000045,0.000142,0.000225,0.000222,0.000124,-0.000110,-0.000147,0.000037,0.000129,0.000071,0.000108,0.021062,0.011506,0.009854,0.010891,0.010955,0.008962,0.005100,0.002023,0.001981,0.003346,0.003752,0.003571,0.003053,0.001579,0.000343,0.000122,0.000552,0.001130,0.001257,0.001056,0.000774,0.000205,-0.000575,-0.000877,-0.000367,0.000442,0.001030,0.001158,0.000626,-0.000283,-0.000660,-0.000440,-0.000302,-0.000282,-0.000122,0.000146,0.000168,-0.000274,-0.001183,-0.002029,-0.002038,-0.001346,-0.000875,-0.000655,-0.000330,-0.000055,-0.000052,-0.000282,-0.000299,-0.000209,-0.000194,-0.000073,0.000081,0.000122,-0.000023,-0.000211,0.000036,0.000664,0.001012,0.000769,0.000538,0.001019,0.001793,0.001479,0.000281,-0.000489,-0.000510,-0.000206,-0.000133,-0.000351,-0.000380,-0.000216,-0.000200,-0.000400,-0.000476,-0.000349,-0.000130,0.000158,0.000276,0.000174,0.000066,-0.000016,0.000002,0.000203,0.000275,-0.000309,-0.001286,-0.001907,-0.001641,-0.001054,-0.000712,-0.000236,0.000050,-0.000005,0.000031,0.000131,0.000125,0.000034,-0.000165,-0.000381,-0.000499,-0.000438,-0.000296,-0.000211,-0.000167,-0.000149,-0.000002,0.000172,0.000253,0.000177,0.000085,0.000027,0.000124,0.000185,0.000112,0.000278,0.000354,0.000221,0.000181,0.000102,-0.000063,-0.000207,-0.000188,-0.000036,0.000020,0.000099,0.000219,0.000222,0.000021,-0.000222,-0.000339,-0.000378,-0.000352,-0.000218,-0.000008,0.000173,0.000211,0.000216,
-0.002225,-0.005412,-0.010011,-0.008890,-0.005521,-0.004136,-0.005762,-0.007610,-0.007077,-0.004500,-0.002515,-0.001504,-0.000147,0.000380,-0.000403,-0.001255,-0.001350,-0.000725,0.000160,0.000318,-0.000373,-0.001068,-0.001231,-0.001385,-0.001684,-0.001845,-0.001899,-0.001569,-0.000984,-0.000457,-0.000283,-0.000322,-0.000090,0.000190,0.000404,0.000600,0.000651,0.000558,0.000390,0.000044,-0.000398,-0.000522,-0.000299,-0.000133,-0.000106,-0.000108,-0.000118,-0.000171,-0.000250,-0.000273,-0.000279,-0.000272,-0.000155,-0.000105,-0.000117,-0.000242,-0.000636,-0.000747,-0.000113,0.000747,0.001023,0.000556,0.000385,0.000706,0.000489,-0.000030,0.000043,0.000581,0.000745,0.000453,0.000122,-0.000091,-0.000173,-0.000092,0.000046,0.000013,-0.000151,-0.000302,-0.000422,-0.000371,-0.000033,0.000300,0.000475,0.000754,0.001464,0.002092,0.001422,-0.000463,-0.001947,-0.002007,-0.001497,-0.000881,-0.000329,-0.000256,-0.000460,-0.000437,-0.000157,-0.000015,0.000080,0.000088,-0.000018,-0.000110,-0.000184,-0.000052,0.000156,0.000138,0.000085,0.000132,0.000077,0.000063,0.000221,0.000363,0.000236,0.000027,0.000043,0.000054,-0.000031,-0.000150,-0.000207,-0.000160,-0.000077,0.000012,0.000057,0.000102,0.000159,0.000147,-0.000029,0.000006,0.000149,0.000167,0.000121,0.000044,-0.000070,-0.000084,0.000056,0.000224,0.000268,0.000256,0.021082,0.011459,0.009770,0.010828,0.010969,0.008832,0.004775,0.001744,0.001702,0.003112,0.003758,0.003728,0.003109,0.001516,0.000290,0.000189,0.000655,0.001131,0.001218,0.001060,0.000915,0.000401,-0.000475,-0.000908,-0.000485,0.000316,0.000877,0.000940,0.000466,-0.000260,-0.000545,-0.000294,-0.000108,-0.000160,-0.000055,0.000198,0.000304,-0.000177,-0.001231,-0.002243,-0.002374,-0.001620,-0.000945,-0.000592,-0.000267,0.000004,-0.000072,-0.000251,-0.000255,-0.000254,-0.000221,-0.000115,0.000025,0.000116,-0.000045,-0.000174,0.000046,0.000571,0.001055,0.000908,0.000760,0.001588,0.002291,0.001689,0.000656,0.000177,0.000015,-0.000100,-0.000255,-0.000431,-0.000392,-0.000177,-0.000185,-0.000453,-0.000550,-0.000373,-0.000142,0.000189,0.000435,0.000377,0.000203,0.000069,0.000082,0.000331,0.000331,-0.000259,-0.001227,-0.001839,-0.001688,-0.001301,-0.000894,-0.000469,-0.000206,-0.000094,0.000096,0.000307,0.000259,-0.000062,-0.000333,-0.000386,-0.000346,-0.000223,-0.000182,-0.000163,-0.000042,0.000022,0.000027,0.000131,0.000325,0.000191,-0.000045,-0.000007,0.000128,0.000195,0.000160,0.000114,0.000083,0.000088,0.000111,0.000099,-0.000003,-0.000111,-0.000109,-0.000043,0.000036,0.000102,0.000038,-0.000044,-0.000034,-0.000054,-0.000087,-0.000082,-0.000104,-0.000085,-0.000046,0.000057,0.000173,0.000076,
-0.002636,-0.005647,-0.010239,-0.009146,-0.005804,-0.004506,-0.006035,-0.007677,-0.007044,-0.004471,-0.002541,-0.001678,-0.000409,0.000214,-0.000413,-0.001225,-0.001463,-0.000799,0.000255,0.000400,-0.000295,-0.000847,-0.001155,-0.001455,-0.001742,-0.001883,-0.001843,-0.001749,-0.001440,-0.000863,-0.000474,-0.000336,-0.000156,-0.000021,0.000242,0.000525,0.000525,0.000438,0.000331,0.000067,-0.000324,-0.000484,-0.000226,0.000006,-0.000043,-0.000056,0.000003,-0.000053,-0.000157,-0.000234,-0.000316,-0.000372,-0.000200,-0.000003,-0.000036,-0.000279,-0.000699,-0.000943,-0.000438,0.000441,0.000737,0.000202,0.000026,0.000782,0.001208,0.000754,0.000487,0.000700,0.000712,0.000316,-0.000194,-0.000348,-0.000228,-0.000019,0.000205,0.000264,0.000149,-0.000202,-0.000527,-0.000506,-0.000228,0.000069,0.000340,0.000822,0.001575,0.002177,0.001646,-0.000161,-0.001639,-0.001883,-0.001469,-0.000896,-0.000351,-0.000232,-0.000271,-0.000156,0.000030,0.000143,0.000113,0.000078,0.000053,-0.000089,-0.000187,-0.000158,-0.000087,0.000048,0.000159,0.000164,0.000182,0.000200,0.000230,0.000273,0.000225,0.000114,0.000118,0.000120,-0.000018,-0.000241,-0.000197,-0.000043,-0.000058,-0.000053,0.000051,0.000117,0.000128,0.000139,0.000131,0.000102,0.000092,0.000112,0.000029,-0.000129,-0.000173,-0.000089,0.000038,0.000106,0.000170,0.000258,0.020967,0.011385,0.009564,0.010488,0.010655,0.008541,0.004698,0.001770,0.001694,0.003144,0.003712,0.003572,0.002999,0.001559,0.000358,0.000191,0.000642,0.001124,0.001220,0.001045,0.000808,0.000295,-0.000504,-0.000900,-0.000499,0.000332,0.000959,0.000985,0.000432,-0.000270,-0.000421,-0.000126,-0.000062,-0.000176,-0.000163,0.000044,0.000206,-0.000257,-0.001222,-0.002093,-0.002081,-0.001401,-0.000927,-0.000535,-0.000128,0.000038,-0.000119,-0.000278,-0.000310,-0.000265,-0.000117,-0.000032,0.000044,0.000069,-0.000012,-0.000072,0.000075,0.000570,0.000984,0.000774,0.000535,0.001206,0.001949,0.001446,0.000242,-0.000287,-0.000072,0.000039,-0.000153,-0.000357,-0.000328,-0.000102,-0.000016,-0.000204,-0.000313,-0.000307,-0.000105,0.000228,0.000461,0.000376,0.000133,-0.000001,0.000142,0.000417,0.000366,-0.000307,-0.001287,-0.001911,-0.001715,-0.001386,-0.001103,-0.000496,-0.000145,-0.000158,0.000002,0.000241,0.000214,-0.000034,-0.000131,-0.000200,-0.000279,-0.000218,-0.000165,-0.000191,-0.000110,-0.000064,-0.000074,0.000047,0.000139,0.000083,-0.000008,-0.000054,0.000021,0.000149,0.000220,0.000199,0.000218,0.000226,0.000117,-0.000045,-0.000074,-0.000080,-0.000023,0.000022,0.000079,0.000095,0.000053,0.000065,-0.000038,-0.000161,-0.000215,-0.000257,-0.000201,-0.000040,0.000093,0.000261,0.000300,0.000205,
-0.002732,-0.005739,-0.010354,-0.009354,-0.006050,-0.004632,-0.006100,-0.007742,-0.007081,-0.004656,-0.002644,-0.001566,-0.000312,0.000232,-0.000525,-0.001336,-0.001397,-0.000725,0.000130,0.000225,-0.000509,-0.001083,-0.001143,-0.001323,-0.001627,-0.001769,-0.001908,-0.001891,-0.001364,-0.000695,-0.000402,-0.000239,0.000029,0.000153,0.000252,0.000419,0.000425,0.000324,0.000301,0.000167,-0.000146,-0.000364,-0.000293,-0.000162,-0.000182,-0.000141,-0.000049,-0.000092,-0.000103,-0.000165,-0.000263,-0.000294,-0.000221,-0.000091,-0.000089,-0.000248,-0.000718,-0.000866,-0.000361,0.000460,0.000767,0.000212,-0.000014,0.000731,0.001247,0.000915,0.000629,0.000786,0.000684,0.000269,-0.000014,-0.000026,0.000096,0.000054,0.000094,0.000296,0.000150,-0.000349,-0.000536,-0.000341,-0.000045,0.000131,0.000263,0.000672,0.001469,0.002176,0.001614,-0.000185,-0.001744,-0.001982,-0.001535,-0.000939,-0.000236,-0.000049,-0.000273,-0.000265,-0.000031,0.000057,-0.000035,-0.000068,-0.000057,-0.000102,-0.000116,-0.000132,-0.000103,-0.000017,0.000037,0.000064,0.000063,0.000069,0.000150,0.000316,0.000277,0.000030,0.000065,0.000234,0.000092,-0.000165,-0.000335,-0.000189,0.000071,0.000134,0.000156,0.000215,0.000198,0.000170,0.000133,0.000022,0.000054,0.000102,-0.000023,-0.000120,-0.000045,0.000042,0.000137,0.000198,0.000145,0.000162,0.021032,0.011187,0.009258,0.010247,0.010506,0.008464,0.004411,0.001337,0.001355,0.003033,0.003740,0.003596,0.003011,0.001570,0.000385,0.000177,0.000638,0.001120,0.001198,0.001045,0.000856,0.000257,-0.000603,-0.000918,-0.000430,0.000374,0.000890,0.000990,0.000531,-0.000171,-0.000312,0.000012,0.000109,-0.000013,-0.000028,0.000121,0.000215,-0.000176,-0.001163,-0.002142,-0.002200,-0.001387,-0.000756,-0.000527,-0.000225,0.000007,-0.000140,-0.000409,-0.000414,-0.000361,-0.000295,-0.000170,-0.000030,0.000060,0.000002,-0.000017,0.000186,0.000655,0.001081,0.000916,0.000733,0.001508,0.002351,0.002095,0.001098,0.000406,0.000238,0.000194,0.000015,-0.000231,-0.000242,-0.000115,-0.000085,-0.000252,-0.000411,-0.000374,-0.000171,0.000286,0.000535,0.000293,0.000011,-0.000045,0.000071,0.000306,0.000320,-0.000213,-0.001123,-0.001858,-0.001798,-0.001424,-0.001041,-0.000419,-0.000047,-0.000126,-0.000080,0.000096,0.000080,-0.000108,-0.000250,-0.000296,-0.000309,-0.000251,-0.000166,-0.000140,-0.000102,-0.000013,0.000082,0.000171,0.000167,0.000117,0.000079,0.000106,0.000119,0.000131,0.000137,0.000265,0.000324,0.000215,0.000164,0.000095,0.000059,-0.000021,-0.000106,0.000009,0.000157,0.000101,0.000116,0.000151,0.000036,-0.000109,-0.000145,-0.000172,-0.000270,-0.000167,0.000093,0.000279,0.000270,0.000216,
-0.002720,-0.005834,-0.010300,-0.009146,-0.005844,-0.004516,-0.006071,-0.007682,-0.006913,-0.004396,-0.002532,-0.001604,-0.000333,0.000342,-0.000228,-0.001136,-0.001474,-0.000822,0.000180,0.000330,-0.000305,-0.000920,-0.001207,-0.001561,-0.001866,-0.001873,-0.001777,-0.001663,-0.001275,-0.000672,-0.000334,-0.000294,-0.000219,-0.000030,0.000276,0.000622,0.000730,0.000574,0.000358,0.000127,-0.000193,-0.000363,-0.000273,-0.000241,-0.000371,-0.000304,-0.000090,-0.000066,-0.000142,-0.000203,-0.000207,-0.000188,-0.000191,-0.000161,-0.000032,-0.000271,-0.000731,-0.000867,-0.000373,0.000614,0.000929,0.000167,-0.000222,0.000276,0.000691,0.000500,0.000222,0.000444,0.000647,0.000318,-0.000139,-0.000195,-0.000049,0.000020,-0.000014,0.000048,0.000096,-0.000062,-0.000292,-0.000355,-0.000166,0.000120,0.000360,0.000759,0.001513,0.002195,0.001719,-0.000073,-0.001628,-0.001967,-0.001447,-0.000783,-0.000344,-0.000201,-0.000320,-0.000326,-0.000097,0.000058,0.000076,0.000016,-0.000090,-0.000102,-0.000097,-0.000084,-0.000057,0.000053,0.000201,0.000203,0.000125,0.000110,0.000165,0.000263,0.000225,0.000194,0.000202,0.000050,-0.000090,-0.000171,-0.000151,-0.000082,-0.000019,0.000048,0.000108,0.000224,0.000332,0.000224,0.000037,0.000040,0.000078,0.000096,0.000031,-0.000081,-0.000141,-0.000185,-0.000093,0.000099,0.000183,0.000227,0.021134,0.011422,0.009441,0.010357,0.010500,0.008399,0.004438,0.001395,0.001391,0.003024,0.003726,0.003602,0.003108,0.001655,0.000397,0.000246,0.000694,0.001170,0.001293,0.001072,0.000767,0.000263,-0.000649,-0.001065,-0.000603,0.000206,0.000845,0.000962,0.000416,-0.000255,-0.000455,-0.000282,-0.000146,-0.000149,-0.000053,0.000031,-0.000024,-0.000462,-0.001281,-0.002143,-0.002181,-0.001359,-0.000705,-0.000495,-0.000239,0.000078,-0.000015,-0.000249,-0.000276,-0.000298,-0.000309,-0.000172,-0.000046,0.000005,0.000059,0.000027,0.000036,0.000485,0.000958,0.000805,0.000555,0.001112,0.001960,0.001851,0.000803,0.000107,0.000132,0.000212,0.000046,-0.000190,-0.000212,-0.000030,-0.000054,-0.000308,-0.000460,-0.000441,-0.000205,0.000196,0.000437,0.000432,0.000278,0.000109,0.000041,0.000198,0.000267,-0.000285,-0.001230,-0.001818,-0.001597,-0.001180,-0.000899,-0.000352,0.000006,-0.000028,0.000141,0.000327,0.000094,-0.000189,-0.000308,-0.000269,-0.000213,-0.000245,-0.000227,-0.000188,-0.000111,0.000011,0.000081,0.000129,0.000155,0.000095,0.000035,0.000063,0.000073,0.000134,0.000219,0.000200,0.000191,0.000244,0.000192,0.000157,0.000046,-0.000055,-0.000038,0.000052,0.000110,0.000118,0.000050,0.000025,0.000063,-0.000012,-0.000146,-0.000244,-0.000286,-0.000239,-0.000039,0.000212,0.000259,0.000223,
-0.001896,-0.005147,-0.009725,-0.008752,-0.005614,-0.004414,-0.005950,-0.007507,-0.006758,-0.004174,-0.002272,-0.001379,-0.000125,0.000432,-0.000361,-0.001280,-0.001447,-0.000729,0.000277,0.000338,-0.000420,-0.001041,-0.001332,-0.001599,-0.001775,-0.001815,-0.001863,-0.001738,-0.001256,-0.000793,-0.000591,-0.000419,-0.000294,-0.000127,0.000338,0.000802,0.000805,0.000527,0.000236,-0.000077,-0.000370,-0.000445,-0.000374,-0.000292,-0.000285,-0.000171,-0.000044,-0.000119,-0.000140,-0.000186,-0.000403,-0.000462,-0.000316,-0.000243,-0.000154,-0.000222,-0.000565,-0.000692,-0.000314,0.000522,0.000870,0.000320,0.000215,0.000820,0.001017,0.000553,0.000263,0.000376,0.000384,0.000138,-0.000125,-0.000175,-0.000041,0.000069,-0.000006,-0.000108,-0.000200,-0.000390,-0.000427,-0.000397,-0.000246,0.000082,0.000339,0.000730,0.001427,0.002089,0.001673,-0.000163,-0.001765,-0.002041,-0.001586,-0.000910,-0.000304,-0.000215,-0.000441,-0.000407,-0.000130,0.000071,0.000046,-0.000035,-0.000095,-0.000136,-0.000102,0.000033,0.000127,0.000056,-0.000011,0.000085,0.000087,0.000039,0.000128,0.000232,0.000214,0.000117,0.000083,0.000063,0.000032,-0.000018,-0.000100,-0.000140,-0.000013,0.000110,0.000148,0.000162,0.000195,0.000156,0.000063,0.000081,0.000090,0.000153,0.000161,0.000053,-0.000063,-0.000103,0.000046,0.000243,0.000205,0.000115,0.020838,0.011310,0.009678,0.010537,0.010601,0.008476,0.004541,0.001707,0.001770,0.003181,0.003705,0.003638,0.003106,0.001606,0.000465,0.000381,0.000749,0.001196,0.001328,0.001126,0.000839,0.000318,-0.000416,-0.000726,-0.000349,0.000392,0.001011,0.001022,0.000589,-0.000108,-0.000582,-0.000543,-0.000504,-0.000443,-0.000175,0.000030,0.000039,-0.000344,-0.001289,-0.002268,-0.002388,-0.001603,-0.000872,-0.000572,-0.000269,0.000090,0.000045,-0.000265,-0.000357,-0.000346,-0.000280,-0.000149,-0.000040,0.000048,-0.000010,-0.000015,0.000184,0.000611,0.000970,0.000673,0.000641,0.001543,0.002250,0.001642,0.000405,-0.000234,-0.000158,0.000133,0.000200,0.000074,0.000009,-0.000014,-0.000144,-0.000366,-0.000504,-0.000451,-0.000161,0.000234,0.000458,0.000403,0.000094,-0.000189,-0.000151,0.000071,0.000180,-0.000285,-0.001190,-0.001768,-0.001612,-0.001117,-0.000728,-0.000332,-0.000059,0.000011,0.000194,0.000335,0.000254,0.000091,-0.000107,-0.000212,-0.000299,-0.000308,-0.000159,-0.000112,-0.000081,-0.000048,0.000006,0.000023,0.000058,0.000081,0.000134,0.000188,0.000164,0.000322,0.000379,0.000207,0.000132,0.000153,0.000237,0.000163,-0.000018,-0.000074,-0.000021,0.000080,0.000095,-0.000043,-0.000026,0.000079,-0.000011,-0.000192,-0.000218,-0.000049,-0.000051,-0.000112,-0.000024,0.000064,0.000136,0.000171,
-0.001935,-0.005220,-0.009910,-0.008854,-0.005562,-0.004394,-0.005914,-0.007468,-0.006678,-0.004090,-0.002270,-0.001450,-0.000227,0.000395,-0.000330,-0.001297,-0.001418,-0.000635,0.000267,0.000331,-0.000278,-0.000891,-0.001271,-0.001600,-0.001806,-0.001822,-0.001784,-0.001549,-0.001040,-0.000545,-0.000327,-0.000210,-0.000139,-0.000013,0.000250,0.000400,0.000415,0.000302,0.000147,0.000027,-0.000246,-0.000406,-0.000330,-0.000166,-0.000187,-0.000171,-0.000052,-0.000049,-0.000084,-0.000093,-0.000231,-0.000271,-0.000171,-0.000199,-0.000166,-0.000302,-0.000717,-0.000871,-0.000344,0.000450,0.000606,-0.000059,-0.000317,0.000429,0.000944,0.000519,0.000156,0.000362,0.000408,0.000020,-0.000159,-0.000036,0.000031,0.000044,-0.000052,-0.000031,0.000053,-0.000125,-0.000303,-0.000233,-0.000053,0.000123,0.000423,0.000879,0.001496,0.002064,0.001466,-0.000328,-0.001765,-0.001841,-0.001331,-0.000784,-0.000182,-0.000084,-0.000214,-0.000215,-0.000128,0.000039,0.000143,0.000090,0.000057,0.000014,-0.000120,-0.000093,0.000131,0.000139,0.000156,0.000211,0.000169,0.000185,0.000255,0.000195,0.000120,0.000193,0.000137,-0.000019,0.000001,-0.000034,-0.000037,0.000056,0.000109,0.000174,0.000157,0.000063,0.000127,0.000121,0.000028,0.000027,0.000038,0.000037,0.000100,0.000097,-0.000030,-0.000034,0.000081,0.000108,0.000108,0.000210,0.020840,0.011278,0.009649,0.010606,0.010605,0.008349,0.004399,0.001531,0.001501,0.003013,0.003712,0.003673,0.003102,0.001562,0.000342,0.000241,0.000681,0.001165,0.001245,0.001041,0.000894,0.000424,-0.000466,-0.000909,-0.000479,0.000345,0.000980,0.001039,0.000453,-0.000294,-0.000599,-0.000359,-0.000202,-0.000260,-0.000076,0.000217,0.000202,-0.000235,-0.001067,-0.001973,-0.002076,-0.001486,-0.000956,-0.000611,-0.000234,0.000072,-0.000044,-0.000335,-0.000442,-0.000341,-0.000221,-0.000077,0.000070,0.000124,-0.000033,-0.000147,0.000168,0.000651,0.000941,0.000708,0.000406,0.001108,0.002043,0.001685,0.000452,-0.000362,-0.000325,-0.000013,-0.000007,-0.000314,-0.000412,-0.000210,-0.000175,-0.000434,-0.000597,-0.000427,-0.000107,0.000194,0.000452,0.000412,0.000145,-0.000092,0.000005,0.000344,0.000322,-0.000230,-0.001060,-0.001650,-0.001538,-0.001066,-0.000742,-0.000396,-0.000149,-0.000135,0.000065,0.000343,0.000391,0.000180,-0.000085,-0.000264,-0.000334,-0.000263,-0.000145,-0.000079,0.000011,0.000071,0.000135,0.000245,0.000232,0.000122,0.000186,0.000167,0.000029,0.000041,0.000058,-0.000007,0.000129,0.000177,0.000076,0.000058,0.000041,0.000007,0.000042,0.000045,0.000068,0.000075,0.000035,0.000009,-0.000034,-0.000139,-0.000262,-0.000319,-0.000219,-0.000075,0.000070,0.000134,0.000136,0.000103,
-0.002135,-0.005212,-0.009955,-0.009062,-0.006005,-0.004725,-0.006185,-0.007721,-0.006828,-0.004240,-0.002298,-0.001365,-0.000211,0.000295,-0.000570,-0.001497,-0.001530,-0.000836,0.000116,0.000313,-0.000327,-0.000891,-0.001265,-0.001612,-0.001857,-0.002002,-0.001973,-0.001693,-0.001086,-0.000502,-0.000449,-0.000609,-0.000404,-0.000025,0.000343,0.000714,0.000737,0.000458,0.000320,0.000131,-0.000256,-0.000457,-0.000352,-0.000208,-0.000232,-0.000187,-0.000018,-0.000027,-0.000206,-0.000337,-0.000382,-0.000415,-0.000319,-0.000130,-0.000090,-0.000293,-0.000662,-0.000846,-0.000374,0.000554,0.000897,0.000480,0.000221,0.000487,0.000682,0.000551,0.000538,0.000775,0.000735,0.000323,-0.000015,-0.000082,0.000006,-0.000006,-0.000067,-0.000067,-0.000088,-0.000196,-0.000381,-0.000460,-0.000226,0.000129,0.000441,0.000889,0.001629,0.002167,0.001529,-0.000356,-0.001886,-0.002013,-0.001419,-0.000745,-0.000235,-0.000226,-0.000427,-0.000394,-0.000181,-0.000059,-0.000093,-0.000048,0.000054,-0.000011,-0.000164,-0.000143,-0.000017,0.000075,0.000135,0.000146,0.000185,0.000190,0.000214,0.000259,0.000205,0.000180,0.000166,0.000053,-0.000055,-0.000125,-0.000067,0.000012,0.000038,0.000048,0.000005,-0.000038,0.000038,0.000166,0.000159,0.000116,0.000117,0.000208,0.000182,0.000132,0.000087,0.000016,0.000043,0.000109,0.000189,0.000294,0.021045,0.011166,0.009361,0.010433,0.010445,0.008223,0.004226,0.001291,0.001425,0.003061,0.003704,0.003564,0.003077,0.001632,0.000369,0.000273,0.000838,0.001301,0.001342,0.001088,0.000826,0.000308,-0.000534,-0.000849,-0.000387,0.000413,0.001019,0.001010,0.000428,-0.000283,-0.000469,-0.000206,-0.000186,-0.000245,-0.000053,0.000188,0.000211,-0.000224,-0.001175,-0.002168,-0.002313,-0.001542,-0.000904,-0.000607,-0.000279,-0.000045,-0.000075,-0.000257,-0.000324,-0.000379,-0.000382,-0.000218,-0.000074,0.000077,-0.000046,-0.000102,0.000120,0.000635,0.001045,0.000793,0.000612,0.001175,0.001671,0.001378,0.000718,0.000357,0.000172,-0.000005,-0.000164,-0.000427,-0.000522,-0.000211,-0.000070,-0.000303,-0.000471,-0.000356,-0.000118,0.000159,0.000403,0.000319,0.000050,0.000023,0.000122,0.000184,0.000162,-0.000276,-0.001211,-0.001995,-0.001863,-0.001289,-0.000804,-0.000292,-0.000048,-0.000084,0.000041,0.000205,0.000159,-0.000025,-0.000211,-0.000397,-0.000400,-0.000282,-0.000284,-0.000216,-0.000164,-0.000144,-0.000048,0.000025,0.000173,0.000168,0.000064,0.000066,0.000101,0.000128,0.000179,0.000240,0.000243,0.000248,0.000229,0.000133,0.000025,-0.000070,-0.000107,-0.000075,0.000033,0.000093,0.000054,0.000067,0.000037,-0.000129,-0.000287,-0.000337,-0.000315,-0.000139,0.000093,0.000197,0.000279,0.000247,
-0.001487,-0.004844,-0.009615,-0.008786,-0.005652,-0.004464,-0.006030,-0.007523,-0.006729,-0.004197,-0.002313,-0.001314,-0.000039,0.000413,-0.000432,-0.001313,-0.001439,-0.000721,0.000216,0.000373,-0.000238,-0.000856,-0.001223,-0.001491,-0.001665,-0.001747,-0.001808,-0.001828,-0.001541,-0.000933,-0.000533,-0.000464,-0.000296,0.000024,0.000324,0.000613,0.000687,0.000497,0.000352,0.000112,-0.000303,-0.000512,-0.000369,-0.000155,-0.000174,-0.000266,-0.000241,-0.000189,-0.000223,-0.000292,-0.000288,-0.000289,-0.000281,-0.000191,-0.000151,-0.000353,-0.000686,-0.000714,-0.000254,0.000507,0.000671,-0.000006,-0.000172,0.000449,0.000646,0.000241,0.000188,0.000576,0.000727,0.000411,-0.000045,-0.000250,-0.000161,-0.000037,0.000031,0.000161,0.000124,-0.000176,-0.000464,-0.000465,-0.000163,0.000144,0.000400,0.000789,0.001501,0.002071,0.001520,-0.000259,-0.001795,-0.001936,-0.001405,-0.000858,-0.000300,-0.000145,-0.000381,-0.000332,-0.000025,0.000230,0.000213,0.000011,-0.000022,-0.000039,-0.000106,-0.000152,-0.000162,-0.000032,0.000093,0.000067,0.000086,0.000216,0.000280,0.000321,0.000297,0.000175,0.000146,0.000029,-0.000168,-0.000194,-0.000135,-0.000037,0.000099,0.000140,0.000045,0.000028,0.000046,0.000038,0.000081,0.000100,0.000115,0.000119,0.000028,-0.000086,-0.000061,0.000040,0.000059,0.000199,0.000332,0.000242,0.020969,0.011262,0.009611,0.010612,0.010442,0.008150,0.004303,0.001487,0.001595,0.003148,0.003749,0.003638,0.003130,0.001613,0.000402,0.000415,0.000942,0.001362,0.001397,0.001214,0.000930,0.000319,-0.000442,-0.000818,-0.000369,0.000475,0.001089,0.001151,0.000577,-0.000207,-0.000377,-0.000088,0.000016,-0.000021,0.000013,0.000111,0.000172,-0.000291,-0.001291,-0.002078,-0.002065,-0.001379,-0.000756,-0.000493,-0.000319,-0.000155,-0.000161,-0.000261,-0.000219,-0.000128,-0.000097,-0.000076,-0.000025,0.000024,0.000003,-0.000062,0.000075,0.000645,0.001051,0.000748,0.000578,0.001470,0.002184,0.001475,0.000191,-0.000373,-0.000178,-0.000063,-0.000239,-0.000418,-0.000398,-0.000265,-0.000149,-0.000298,-0.000521,-0.000415,-0.000053,0.000263,0.000456,0.000447,0.000172,-0.000104,-0.000044,0.000194,0.000243,-0.000234,-0.001210,-0.001928,-0.001733,-0.001201,-0.000902,-0.000490,-0.000146,-0.000098,0.000128,0.000378,0.000239,-0.000028,-0.000186,-0.000325,-0.000401,-0.000313,-0.000186,-0.000091,-0.000044,-0.000038,-0.000003,0.000046,0.000098,0.000099,-0.000026,-0.000128,-0.000051,0.000078,0.000158,0.000214,0.000240,0.000183,0.000058,-0.000005,-0.000053,-0.000041,-0.000034,-0.000070,0.000021,0.000062,-0.000026,-0.000021,0.000063,-0.000038,-0.000229,-0.000310,-0.000215,-0.000030,0.000124,0.000199,0.000277,0.000210,
-0.001795,-0.004960,-0.009718,-0.008813,-0.005777,-0.004701,-0.006224,-0.007574,-0.006686,-0.004177,-0.002313,-0.001462,-0.000274,0.000374,-0.000412,-0.001388,-0.001439,-0.000718,0.000207,0.000375,-0.000286,-0.000914,-0.001263,-0.001613,-0.001834,-0.001843,-0.001891,-0.001814,-0.001324,-0.000744,-0.000476,-0.000254,0.000122,0.000257,0.000221,0.000365,0.000462,0.000244,0.000067,-0.000057,-0.000335,-0.000447,-0.000416,-0.000358,-0.000233,-0.000118,-0.000145,-0.000211,-0.000293,-0.000355,-0.000359,-0.000343,-0.000230,-0.000091,-0.000104,-0.000359,-0.000752,-0.000784,-0.000240,0.000535,0.000748,0.000279,0.000136,0.000647,0.001044,0.000835,0.000481,0.000546,0.000595,0.000253,-0.000085,-0.000151,-0.000108,-0.000076,0.000036,0.000194,0.000066,-0.000279,-0.000529,-0.000431,-0.000123,0.000105,0.000346,0.000818,0.001624,0.002239,0.001627,-0.000237,-0.001745,-0.001952,-0.001605,-0.001037,-0.000338,-0.000126,-0.000303,-0.000245,0.000087,0.000219,0.000095,0.000025,0.000017,-0.000058,-0.000080,-0.000021,0.000069,0.000141,0.000096,0.000102,0.000060,-0.000022,0.000075,0.000267,0.000271,0.000144,0.000050,-0.000006,-0.000073,-0.000245,-0.000276,-0.000100,0.000067,0.000088,0.000032,0.000179,0.000291,0.000214,0.000110,0.000094,0.000114,0.000105,0.000117,0.000130,0.000016,-0.000001,0.000071,0.000098,0.000083,0.000197,0.020971,0.011201,0.009539,0.010568,0.010403,0.008064,0.004011,0.001170,0.001380,0.002960,0.003641,0.003471,0.002844,0.001483,0.000403,0.000279,0.000724,0.001214,0.001330,0.001014,0.000701,0.000252,-0.000568,-0.000897,-0.000402,0.000370,0.000912,0.000941,0.000473,-0.000107,-0.000170,0.000286,0.000443,0.000105,-0.000149,0.000029,0.000278,-0.000121,-0.001222,-0.002196,-0.002211,-0.001341,-0.000640,-0.000387,-0.000148,0.000004,-0.000050,-0.000267,-0.000362,-0.000298,-0.000177,-0.000001,0.000130,0.000130,0.000054,-0.000018,0.000144,0.000643,0.001000,0.000726,0.000486,0.001223,0.002181,0.001789,0.000577,0.000033,0.000148,0.000196,-0.000005,-0.000236,-0.000388,-0.000300,-0.000206,-0.000425,-0.000584,-0.000493,-0.000189,0.000317,0.000543,0.000447,0.000170,-0.000096,-0.000113,0.000064,0.000265,-0.000209,-0.001242,-0.001978,-0.001856,-0.001366,-0.000985,-0.000450,-0.000117,-0.000161,0.000042,0.000214,0.000119,-0.000120,-0.000355,-0.000337,-0.000311,-0.000408,-0.000355,-0.000122,0.000026,0.000049,0.000063,0.000081,0.000102,0.000096,0.000005,-0.000045,-0.000021,0.000124,0.000203,0.000147,0.000154,0.000167,0.000114,0.000042,-0.000075,-0.000085,-0.000049,0.000013,0.000073,0.000053,0.000056,0.000125,0.000113,-0.000104,-0.000286,-0.000310,-0.000216,-0.000047,0.000066,0.000204,0.000281,0.000190,
-0.001916,-0.004947,-0.009719,-0.009106,-0.006067,-0.004968,-0.006394,-0.007441,-0.006506,-0.004109,-0.002210,-0.001274,-0.000142,0.000250,-0.000570,-0.001406,-0.001479,-0.000760,0.000226,0.000366,-0.000415,-0.001028,-0.001274,-0.001609,-0.001963,-0.002005,-0.001950,-0.001778,-0.001234,-0.000721,-0.000552,-0.000554,-0.000454,-0.000265,0.000047,0.000413,0.000583,0.000522,0.000373,0.000281,0.000019,-0.000294,-0.000413,-0.000454,-0.000460,-0.000333,-0.000179,-0.000130,-0.000191,-0.000243,-0.000252,-0.000271,-0.000185,-0.000115,-0.000134,-0.000274,-0.000618,-0.000813,-0.000426,0.000437,0.000853,0.000272,-0.000098,0.000431,0.000807,0.000597,0.000337,0.000439,0.000532,0.000246,-0.000042,-0.000083,0.000025,0.000110,0.000077,0.000057,-0.000025,-0.000255,-0.000463,-0.000459,-0.000189,0.000180,0.000445,0.000743,0.001551,0.002282,0.001695,-0.000170,-0.001622,-0.001775,-0.001339,-0.000762,-0.000272,-0.000139,-0.000228,-0.000197,-0.000016,0.000043,0.000034,0.000108,0.000099,-0.000073,-0.000103,-0.000080,-0.000105,-0.000046,0.000075,0.000122,0.000071,0.000134,0.000350,0.000365,0.000366,0.000324,0.000104,-0.000032,-0.000112,-0.000162,-0.000097,-0.000049,0.000004,0.000085,0.000116,0.000166,0.000225,0.000214,0.000106,0.000015,0.000054,0.000056,0.000012,-0.000070,-0.000103,0.000031,0.000185,0.000221,0.000223,0.000197,0.021101,0.011356,0.009538,0.010243,0.010019,0.007747,0.003849,0.001029,0.001181,0.002899,0.003646,0.003498,0.002867,0.001485,0.000421,0.000241,0.000709,0.001227,0.001305,0.001137,0.000880,0.000328,-0.000566,-0.001015,-0.000540,0.000322,0.000921,0.000908,0.000416,-0.000233,-0.000403,-0.000152,-0.000150,-0.000386,-0.000296,0.000094,0.000239,-0.000258,-0.001351,-0.002271,-0.002295,-0.001597,-0.001015,-0.000742,-0.000391,-0.000150,-0.000170,-0.000308,-0.000375,-0.000452,-0.000453,-0.000239,-0.000084,-0.000100,-0.000197,-0.000193,0.000061,0.000554,0.000985,0.000800,0.000592,0.001373,0.002337,0.002044,0.000938,0.000243,0.000133,0.000215,0.000083,-0.000168,-0.000182,-0.000027,-0.000168,-0.000450,-0.000602,-0.000505,-0.000165,0.000123,0.000224,0.000152,-0.000098,-0.000234,-0.000044,0.000224,0.000263,-0.000318,-0.001314,-0.001914,-0.001763,-0.001340,-0.000948,-0.000363,-0.000004,-0.000075,-0.000025,0.000202,0.000285,0.000041,-0.000317,-0.000496,-0.000450,-0.000294,-0.000197,-0.000166,-0.000147,-0.000048,0.000124,0.000214,0.000210,0.000089,-0.000035,0.000054,0.000164,0.000169,0.000064,0.000065,0.000187,0.000154,0.000064,-0.000021,-0.000083,-0.000081,-0.000074,-0.000049,0.000041,0.000088,0.000168,0.000122,-0.000016,-0.000105,-0.000204,-0.000360,-0.000326,-0.000190,-0.000075,0.000048,0.000173,0.000193,
-0.001228,-0.004454,-0.009271,-0.008583,-0.005702,-0.004674,-0.006084,-0.007302,-0.006410,-0.003911,-0.001936,-0.001028,-0.000070,0.000297,-0.000319,-0.001195,-0.001433,-0.000672,0.000374,0.000505,-0.000166,-0.000808,-0.001325,-0.001690,-0.001927,-0.001960,-0.001763,-0.001589,-0.001117,-0.000586,-0.000363,-0.000265,-0.000237,-0.000147,0.000275,0.000630,0.000620,0.000457,0.000242,0.000085,-0.000115,-0.000424,-0.000448,-0.000351,-0.000401,-0.000297,-0.000161,-0.000073,-0.000134,-0.000291,-0.000383,-0.000417,-0.000347,-0.000153,-0.000038,-0.000249,-0.000641,-0.000674,-0.000185,0.000570,0.000877,0.000456,0.000275,0.000748,0.000984,0.000597,0.000344,0.000505,0.000580,0.000293,-0.000124,-0.000157,-0.000082,-0.000091,-0.000183,-0.000190,-0.000145,-0.000222,-0.000315,-0.000303,-0.000187,-0.000070,0.000271,0.000801,0.001480,0.002113,0.001669,-0.000132,-0.001662,-0.001914,-0.001401,-0.000720,-0.000273,-0.000138,-0.000243,-0.000180,0.000015,0.000021,0.000028,-0.000007,0.000002,0.000014,-0.000132,-0.000185,0.000022,0.000115,0.000098,0.000150,0.000108,0.000092,0.000157,0.000288,0.000401,0.000375,0.000272,0.000118,-0.000040,-0.000172,-0.000220,-0.000089,0.000008,0.000018,0.000031,0.000069,0.000105,0.000115,0.000057,-0.000073,-0.000074,0.000082,0.000189,0.000173,-0.000020,-0.000143,0.000008,0.000099,0.000161,0.000189,0.021061,0.011439,0.009842,0.010742,0.010386,0.007935,0.004072,0.001254,0.001442,0.003122,0.003675,0.003437,0.002856,0.001454,0.000329,0.000270,0.000780,0.001298,0.001349,0.001055,0.000841,0.000384,-0.000383,-0.000662,-0.000207,0.000518,0.001065,0.000990,0.000312,-0.000412,-0.000591,-0.000327,-0.000252,-0.000325,-0.000086,0.000173,0.000160,-0.000259,-0.001276,-0.002249,-0.002323,-0.001543,-0.000896,-0.000621,-0.000268,-0.000033,-0.000180,-0.000364,-0.000302,-0.000204,-0.000221,-0.000210,0.000005,0.000090,-0.000078,-0.000155,0.000065,0.000619,0.001020,0.000791,0.000656,0.001425,0.002017,0.001406,0.000320,-0.000123,-0.000022,0.000080,0.000045,-0.000074,-0.000062,0.000006,-0.000159,-0.000521,-0.000768,-0.000629,-0.000248,0.000210,0.000446,0.000351,0.000128,-0.000111,-0.000142,0.000113,0.000168,-0.000458,-0.001286,-0.001867,-0.001667,-0.001148,-0.000857,-0.000364,0.000065,0.000123,0.000200,0.000324,0.000165,-0.000108,-0.000138,-0.000182,-0.000333,-0.000305,-0.000223,-0.000219,-0.000162,-0.000059,0.000057,0.000219,0.000283,0.000183,0.000058,-0.000010,0.000024,0.000117,0.000153,0.000165,0.000227,0.000229,0.000182,0.000066,0.000037,-0.000030,-0.000164,-0.000119,0.000048,0.000150,0.000161,0.000167,0.000118,-0.000055,-0.000217,-0.000220,-0.000149,-0.000115,0.000001,0.000114,0.000182,0.000175,
-0.001123,-0.004351,-0.009319,-0.008679,-0.005904,-0.004991,-0.006314,-0.007345,-0.006367,-0.003851,-0.001919,-0.001016,0.000103,0.000536,-0.000344,-0.001400,-0.001509,-0.000643,0.000366,0.000439,-0.000335,-0.000973,-0.001341,-0.001658,-0.001919,-0.001943,-0.001805,-0.001627,-0.001087,-0.000489,-0.000351,-0.000296,-0.000228,-0.000128,0.000155,0.000505,0.000592,0.000401,0.000224,0.000059,-0.000242,-0.000479,-0.000394,-0.000333,-0.000425,-0.000295,-0.000079,-0.000151,-0.000322,-0.000264,-0.000219,-0.000377,-0.000327,-0.000172,-0.000157,-0.000287,-0.000676,-0.000889,-0.000429,0.000440,0.000672,-0.000027,-0.000307,0.000417,0.000939,0.000547,0.000045,0.000235,0.000385,0.000112,-0.000129,-0.000194,-0.000033,0.000137,0.000001,-0.000098,-0.000081,-0.000329,-0.000568,-0.000475,-0.000188,0.000173,0.000403,0.000726,0.001562,0.002161,0.001495,-0.000310,-0.001729,-0.001912,-0.001465,-0.000877,-0.000338,-0.000241,-0.000418,-0.000427,-0.000187,0.000086,0.000185,0.000131,0.000080,0.000017,-0.000067,-0.000025,0.000080,0.000138,0.000168,0.000167,0.000119,0.000113,0.000205,0.000241,0.000186,0.000124,0.000135,0.000097,-0.000053,-0.000118,-0.000117,-0.000043,0.000040,0.000125,0.000144,0.000109,0.000134,0.000049,-0.000031,0.000006,-0.000003,-0.000005,0.000087,0.000183,0.000088,-0.000009,0.000029,0.000161,0.000200,0.000196,0.021221,0.011539,0.009676,0.010536,0.010231,0.007752,0.003922,0.001285,0.001463,0.003050,0.003643,0.003484,0.002934,0.001532,0.000452,0.000363,0.000792,0.001184,0.001234,0.001069,0.000834,0.000290,-0.000588,-0.000911,-0.000427,0.000406,0.001065,0.001087,0.000438,-0.000335,-0.000607,-0.000441,-0.000199,-0.000158,-0.000046,0.000147,0.000146,-0.000294,-0.001197,-0.002190,-0.002287,-0.001495,-0.000984,-0.000810,-0.000419,-0.000036,-0.000103,-0.000332,-0.000297,-0.000230,-0.000171,-0.000107,0.000033,0.000061,-0.000117,-0.000195,-0.000015,0.000540,0.000970,0.000725,0.000511,0.001379,0.002341,0.001942,0.000734,0.000040,-0.000057,-0.000021,-0.000103,-0.000271,-0.000205,-0.000161,-0.000264,-0.000427,-0.000478,-0.000417,-0.000234,0.000228,0.000533,0.000414,0.000018,-0.000153,0.000003,0.000186,0.000180,-0.000337,-0.001235,-0.001866,-0.001732,-0.001285,-0.000909,-0.000397,-0.000052,-0.000117,-0.000086,0.000280,0.000416,0.000122,-0.000156,-0.000304,-0.000378,-0.000325,-0.000195,-0.000069,-0.000003,0.000020,-0.000070,-0.000021,0.000093,0.000084,0.000007,-0.000045,0.000069,0.000191,0.000162,0.000149,0.000195,0.000183,0.000049,-0.000028,-0.000050,-0.000160,-0.000107,-0.000007,0.000013,0.000053,0.000129,0.000155,0.000036,-0.000154,-0.000243,-0.000213,-0.000195,-0.000141,0.000011,0.000222,0.000268,0.000227,
-0.001726,-0.004720,-0.009596,-0.009018,-0.006195,-0.005181,-0.006446,-0.007395,-0.006326,-0.003895,-0.002069,-0.001084,0.000075,0.000457,-0.000396,-0.001272,-0.001395,-0.000704,0.000342,0.000515,-0.000184,-0.000835,-0.001245,-0.001603,-0.001792,-0.001827,-0.001759,-0.001520,-0.001138,-0.000631,-0.000418,-0.000477,-0.000360,-0.000114,0.000166,0.000603,0.000730,0.000553,0.000377,0.000138,-0.000188,-0.000375,-0.000264,-0.000126,-0.000188,-0.000166,-0.000043,-0.000102,-0.000126,-0.000123,-0.000348,-0.000442,-0.000232,-0.000089,-0.000061,-0.000230,-0.000700,-0.000884,-0.000488,0.000398,0.000933,0.000332,-0.000204,0.000220,0.000820,0.000866,0.000589,0.000425,0.000448,0.000309,-0.000042,-0.000178,-0.000006,-0.000011,-0.000190,-0.000117,-0.000081,-0.000213,-0.000335,-0.000284,-0.000143,0.000040,0.000351,0.000830,0.001581,0.002207,0.001598,-0.000305,-0.001866,-0.002034,-0.001479,-0.000826,-0.000163,-0.000059,-0.000389,-0.000316,0.000031,0.000189,0.000061,-0.000047,-0.000006,-0.000027,-0.000151,-0.000201,-0.000121,0.000043,0.000124,0.000152,0.000179,0.000168,0.000251,0.000191,0.000090,0.000139,0.000174,0.000134,0.000068,0.000030,-0.000057,-0.000023,0.000156,0.000195,0.000176,0.000247,0.000256,0.000162,0.000109,0.000027,0.000012,0.000102,0.000202,0.000086,-0.000125,-0.000167,-0.000041,0.000124,0.000276,0.000341,0.021157,0.011297,0.009378,0.010225,0.009947,0.007347,0.003387,0.000873,0.001188,0.002935,0.003656,0.003425,0.002874,0.001492,0.000292,0.000208,0.000768,0.001326,0.001459,0.001150,0.000759,0.000098,-0.000701,-0.000883,-0.000454,0.000296,0.000933,0.000994,0.000518,-0.000159,-0.000488,-0.000355,-0.000257,-0.000214,-0.000044,0.000062,0.000042,-0.000443,-0.001450,-0.002325,-0.002314,-0.001521,-0.000838,-0.000515,-0.000276,-0.000083,-0.000111,-0.000279,-0.000353,-0.000238,-0.000126,-0.000089,-0.000022,0.000084,0.000024,-0.000048,0.000110,0.000616,0.000972,0.000606,0.000441,0.001136,0.001727,0.001397,0.000526,-0.000119,-0.000235,-0.000097,-0.000064,-0.000197,-0.000254,-0.000186,-0.000117,-0.000273,-0.000527,-0.000446,-0.000090,0.000241,0.000444,0.000385,0.000154,0.000012,0.000048,0.000234,0.000262,-0.000293,-0.001245,-0.001917,-0.001748,-0.001263,-0.000861,-0.000321,-0.000018,0.000005,0.000109,0.000242,0.000255,0.000000,-0.000282,-0.000366,-0.000395,-0.000342,-0.000240,-0.000122,-0.000021,-0.000045,-0.000012,0.000021,0.000078,0.000027,0.000054,0.000110,0.000123,0.000242,0.000388,0.000340,0.000217,0.000202,0.000169,0.000050,-0.000095,-0.000106,-0.000084,-0.000067,-0.000036,-0.000079,-0.000114,-0.000014,0.000058,-0.000043,-0.000179,-0.000227,-0.000148,-0.000063,0.000065,0.000193,0.000150,0.000160,
-0.001207,-0.004227,-0.009179,-0.008604,-0.005864,-0.005053,-0.006481,-0.007436,-0.006380,-0.003933,-0.001923,-0.000959,0.000102,0.000481,-0.000375,-0.001222,-0.001321,-0.000652,0.000291,0.000429,-0.000252,-0.000949,-0.001306,-0.001643,-0.001914,-0.002017,-0.002000,-0.001796,-0.001326,-0.000712,-0.000431,-0.000446,-0.000329,-0.000047,0.000203,0.000459,0.000628,0.000442,0.000225,0.000085,-0.000223,-0.000437,-0.000357,-0.000233,-0.000272,-0.000293,-0.000243,-0.000314,-0.000418,-0.000379,-0.000288,-0.000290,-0.000281,-0.000230,-0.000112,-0.000224,-0.000705,-0.000835,-0.000266,0.000563,0.000821,0.000328,0.000105,0.000491,0.000537,0.000127,0.000005,0.000523,0.000860,0.000508,0.000045,-0.000156,-0.000194,-0.000055,0.000098,0.000054,-0.000141,-0.000438,-0.000489,-0.000356,-0.000143,0.000054,0.000286,0.000860,0.001544,0.002072,0.001518,-0.000315,-0.001794,-0.001889,-0.001281,-0.000718,-0.000206,-0.000095,-0.000374,-0.000379,-0.000057,0.000060,-0.000015,-0.000045,-0.000007,-0.000062,-0.000103,-0.000017,0.000089,0.000214,0.000289,0.000305,0.000336,0.000279,0.000254,0.000257,0.000166,0.000202,0.000239,0.000064,-0.000105,-0.000078,-0.000114,-0.000090,0.000024,-0.000016,0.000070,0.000196,0.000225,0.000198,0.000092,0.000043,0.000050,0.000081,0.000113,0.000062,-0.000044,-0.000089,0.000043,0.000140,0.000118,0.000123,0.021409,0.011489,0.009596,0.010440,0.009958,0.007355,0.003519,0.000924,0.001329,0.003088,0.003709,0.003510,0.002950,0.001484,0.000349,0.000276,0.000708,0.001276,0.001466,0.001208,0.000863,0.000270,-0.000545,-0.000931,-0.000462,0.000426,0.001111,0.001165,0.000561,-0.000135,-0.000492,-0.000433,-0.000304,-0.000146,0.000078,0.000161,0.000049,-0.000465,-0.001353,-0.002189,-0.002192,-0.001294,-0.000617,-0.000543,-0.000293,0.000031,-0.000051,-0.000272,-0.000291,-0.000229,-0.000140,-0.000028,0.000083,0.000054,-0.000020,0.000032,0.000211,0.000687,0.001161,0.000953,0.000714,0.001481,0.002159,0.001564,0.000315,-0.000236,-0.000036,0.000104,-0.000095,-0.000372,-0.000334,-0.000176,-0.000164,-0.000286,-0.000415,-0.000414,-0.000108,0.000296,0.000384,0.000259,0.000075,-0.000063,0.000056,0.000298,0.000331,-0.000093,-0.000985,-0.001765,-0.001684,-0.001181,-0.000908,-0.000489,-0.000116,-0.000107,0.000165,0.000429,0.000237,-0.000048,-0.000194,-0.000314,-0.000390,-0.000360,-0.000283,-0.000143,-0.000115,-0.000123,0.000053,0.000191,0.000113,0.000069,0.000037,-0.000017,0.000044,0.000126,0.000137,0.000114,0.000105,0.000108,0.000182,0.000102,-0.000028,-0.000080,-0.000138,-0.000134,-0.000017,0.000071,0.000074,0.000029,-0.000037,-0.000117,-0.000187,-0.000210,-0.000227,-0.000149,-0.000018,0.000151,0.000245,0.000179,
-0.001249,-0.004140,-0.009060,-0.008613,-0.005963,-0.005130,-0.006565,-0.007541,-0.006476,-0.004010,-0.001995,-0.001051,-0.000013,0.000396,-0.000405,-0.001315,-0.001469,-0.000721,0.000247,0.000475,-0.000168,-0.000863,-0.001236,-0.001591,-0.001878,-0.001886,-0.001807,-0.001739,-0.001400,-0.000797,-0.000351,-0.000117,0.000137,0.000237,0.000354,0.000495,0.000398,0.000288,0.000285,0.000055,-0.000253,-0.000409,-0.000357,-0.000195,-0.000133,-0.000142,-0.000122,-0.000135,-0.000183,-0.000208,-0.000325,-0.000381,-0.000289,-0.000201,-0.000264,-0.000481,-0.000824,-0.000903,-0.000242,0.000574,0.000769,0.000217,-0.000017,0.000668,0.001106,0.000783,0.000513,0.000672,0.000702,0.000346,-0.000097,-0.000293,-0.000235,-0.000109,-0.000042,-0.000009,-0.000119,-0.000377,-0.000448,-0.000369,-0.000171,0.000129,0.000373,0.000839,0.001635,0.002193,0.001554,-0.000371,-0.001877,-0.001940,-0.001422,-0.000881,-0.000378,-0.000184,-0.000295,-0.000259,-0.000053,0.000107,0.000158,0.000116,0.000048,-0.000040,-0.000094,-0.000086,-0.000059,0.000000,0.000148,0.000223,0.000174,0.000163,0.000285,0.000294,0.000136,0.000164,0.000287,0.000165,0.000001,-0.000049,-0.000100,-0.000079,0.000051,0.000127,0.000111,0.000134,0.000176,0.000082,0.000046,0.000097,0.000124,0.000136,0.000074,-0.000072,-0.000076,0.000042,0.000062,0.000079,0.000076,0.000174,0.021210,0.011418,0.009454,0.010198,0.009836,0.007152,0.003285,0.000830,0.001238,0.003046,0.003789,0.003599,0.002945,0.001480,0.000352,0.000306,0.000841,0.001377,0.001395,0.001023,0.000830,0.000415,-0.000448,-0.000887,-0.000446,0.000324,0.001000,0.001057,0.000460,-0.000134,-0.000201,0.000062,0.000127,-0.000047,-0.000126,0.000029,0.000070,-0.000261,-0.001191,-0.002143,-0.002106,-0.001384,-0.000763,-0.000474,-0.000265,-0.000075,-0.000142,-0.000289,-0.000332,-0.000274,-0.000140,-0.000013,0.000137,0.000195,-0.000016,-0.000179,-0.000007,0.000565,0.000994,0.000660,0.000409,0.001168,0.002010,0.001637,0.000467,-0.000220,-0.000057,0.000141,-0.000122,-0.000364,-0.000309,-0.000159,-0.000092,-0.000191,-0.000258,-0.000283,-0.000145,0.000224,0.000527,0.000485,0.000166,-0.000007,-0.000016,0.000235,0.000341,-0.000329,-0.001302,-0.001832,-0.001676,-0.001341,-0.001007,-0.000480,-0.000199,-0.000135,0.000061,0.000294,0.000164,-0.000230,-0.000375,-0.000340,-0.000381,-0.000350,-0.000220,-0.000137,-0.000085,-0.000037,0.000107,0.000174,0.000162,0.000089,-0.000037,-0.000059,-0.000065,0.000003,0.000128,0.000167,0.000172,0.000222,0.000136,-0.000024,-0.000022,-0.000012,-0.000110,-0.000128,-0.000005,0.000043,0.000135,0.000223,0.000122,-0.000066,-0.000261,-0.000341,-0.000334,-0.000146,0.000175,0.000274,0.000207,0.000174,
-0.000725,-0.003775,-0.008910,-0.008553,-0.005947,-0.005241,-0.006529,-0.007308,-0.006245,-0.003764,-0.001836,-0.000927,0.000136,0.000512,-0.000329,-0.001286,-0.001443,-0.000632,0.000356,0.000508,-0.000197,-0.000905,-0.001291,-0.001673,-0.001964,-0.001960,-0.001844,-0.001736,-0.001230,-0.000578,-0.000371,-0.000319,-0.000105,0.000112,0.000266,0.000415,0.000475,0.000330,0.000230,0.000101,-0.000232,-0.000523,-0.000388,-0.000145,-0.000083,-0.000144,-0.000183,-0.000124,-0.000113,-0.000203,-0.000220,-0.000187,-0.000119,-0.000068,-0.000082,-0.000196,-0.000577,-0.000776,-0.000336,0.000583,0.000824,0.000111,-0.000101,0.000640,0.001100,0.000776,0.000582,0.000755,0.000803,0.000516,0.000118,-0.000084,0.000062,0.000179,0.000086,0.000068,0.000005,-0.000217,-0.000417,-0.000360,-0.000073,0.000222,0.000366,0.000753,0.001549,0.002166,0.001690,-0.000083,-0.001582,-0.001867,-0.001509,-0.000872,-0.000310,-0.000185,-0.000369,-0.000310,-0.000034,0.000083,0.000134,0.000090,0.000032,-0.000117,-0.000284,-0.000243,-0.000024,0.000087,0.000122,0.000144,0.000114,0.000154,0.000232,0.000275,0.000254,0.000129,0.000055,0.000124,-0.000002,-0.000110,-0.000089,-0.000069,-0.000070,-0.000022,0.000120,0.000108,0.000050,0.000092,0.000131,0.000110,0.000075,0.000050,0.000053,0.000016,-0.000081,-0.000087,0.000074,0.000111,0.000032,0.000107,0.021145,0.011540,0.009760,0.010484,0.009879,0.007191,0.003359,0.000906,0.001303,0.003124,0.003762,0.003489,0.002953,0.001582,0.000476,0.000439,0.000927,0.001330,0.001344,0.001083,0.000829,0.000357,-0.000479,-0.000820,-0.000297,0.000564,0.001149,0.001019,0.000332,-0.000257,-0.000313,-0.000085,-0.000074,-0.000212,-0.000082,0.000153,0.000270,-0.000069,-0.001018,-0.002045,-0.002098,-0.001249,-0.000708,-0.000494,-0.000260,-0.000068,-0.000111,-0.000384,-0.000537,-0.000550,-0.000393,-0.000065,0.000009,-0.000020,-0.000103,-0.000150,0.000136,0.000676,0.001031,0.000809,0.000685,0.001486,0.002337,0.002158,0.001111,0.000366,0.000200,0.000101,-0.000051,-0.000103,-0.000055,0.000134,0.000117,-0.000270,-0.000567,-0.000563,-0.000267,0.000216,0.000463,0.000413,0.000176,-0.000077,0.000025,0.000354,0.000404,-0.000205,-0.001173,-0.001872,-0.001774,-0.001240,-0.000982,-0.000494,-0.000006,0.000028,0.000095,0.000276,0.000199,-0.000098,-0.000296,-0.000393,-0.000469,-0.000389,-0.000289,-0.000161,-0.000068,-0.000090,-0.000034,0.000099,0.000180,0.000146,0.000115,0.000016,-0.000007,0.000078,0.000199,0.000265,0.000234,0.000196,0.000101,0.000038,-0.000005,-0.000112,-0.000076,0.000034,0.000091,0.000146,0.000183,0.000203,0.000064,-0.000155,-0.000199,-0.000138,-0.000132,-0.000118,0.000049,0.000209,0.000224,0.000185,
-0.000853,-0.003809,-0.008889,-0.008601,-0.005982,-0.005247,-0.006615,-0.007450,-0.006353,-0.003869,-0.001928,-0.000992,0.000076,0.000506,-0.000381,-0.001358,-0.001464,-0.000694,0.000287,0.000422,-0.000309,-0.000938,-0.001269,-0.001652,-0.001919,-0.001832,-0.001753,-0.001632,-0.001131,-0.000572,-0.000344,-0.000267,-0.000099,0.000065,0.000337,0.000604,0.000642,0.000558,0.000464,0.000159,-0.000248,-0.000363,-0.000285,-0.000235,-0.000185,-0.000109,-0.000066,-0.000051,-0.000035,-0.000114,-0.000261,-0.000304,-0.000193,-0.000057,-0.000057,-0.000213,-0.000494,-0.000625,-0.000168,0.000571,0.000845,0.000334,-0.000029,0.000335,0.000607,0.000361,0.000159,0.000318,0.000404,0.000173,-0.000172,-0.000198,-0.000057,0.000013,-0.000016,-0.000005,0.000025,-0.000167,-0.000390,-0.000389,-0.000162,0.000195,0.000560,0.000888,0.001525,0.002136,0.001657,-0.000196,-0.001738,-0.001922,-0.001466,-0.000845,-0.000261,-0.000161,-0.000325,-0.000250,-0.000103,-0.000036,0.000078,0.000078,-0.000049,-0.000143,-0.000086,-0.000002,0.000025,0.000074,0.000139,0.000216,0.000125,0.000032,0.000216,0.000273,0.000179,0.000141,0.000162,0.000061,-0.000111,-0.000199,-0.000212,-0.000144,-0.000087,-0.000045,0.000077,0.000238,0.000289,0.000160,0.000021,0.000018,0.000092,0.000095,0.000118,0.000024,-0.000022,0.000021,0.000152,0.000211,0.000171,0.000268,0.021024,0.011391,0.009717,0.010472,0.009849,0.007179,0.003391,0.000883,0.001249,0.003077,0.003759,0.003573,0.002992,0.001441,0.000262,0.000323,0.000965,0.001540,0.001572,0.001295,0.000982,0.000438,-0.000421,-0.000828,-0.000392,0.000403,0.000997,0.000998,0.000435,-0.000259,-0.000499,-0.000354,-0.000366,-0.000416,-0.000182,0.000059,0.000082,-0.000308,-0.001237,-0.002148,-0.002187,-0.001444,-0.000822,-0.000650,-0.000365,-0.000024,-0.000042,-0.000182,-0.000192,-0.000197,-0.000236,-0.000136,-0.000018,-0.000014,-0.000060,-0.000044,0.000188,0.000699,0.000977,0.000648,0.000459,0.001144,0.001919,0.001564,0.000518,-0.000052,-0.000056,0.000077,-0.000039,-0.000250,-0.000166,-0.000073,-0.000238,-0.000473,-0.000576,-0.000407,-0.000046,0.000285,0.000429,0.000402,0.000213,-0.000066,-0.000040,0.000227,0.000284,-0.000306,-0.001226,-0.001761,-0.001672,-0.001253,-0.000866,-0.000398,-0.000013,0.000095,0.000166,0.000330,0.000321,-0.000016,-0.000280,-0.000309,-0.000252,-0.000179,-0.000088,0.000030,0.000087,0.000027,0.000034,0.000125,0.000087,-0.000022,-0.000125,-0.000162,-0.000005,0.000170,0.000248,0.000243,0.000258,0.000372,0.000313,0.000112,0.000033,0.000013,-0.000017,0.000008,0.000099,0.000259,0.000338,0.000197,0.000042,-0.000107,-0.000240,-0.000282,-0.000242,-0.000100,0.000052,0.000162,0.000252,0.000199,
-0.000744,-0.003538,-0.008706,-0.008624,-0.006118,-0.005440,-0.006927,-0.007775,-0.006616,-0.004040,-0.002044,-0.001097,0.000016,0.000460,-0.000251,-0.001164,-0.001419,-0.000764,0.000212,0.000378,-0.000354,-0.001056,-0.001426,-0.001749,-0.001985,-0.002061,-0.001956,-0.001563,-0.000969,-0.000517,-0.000384,-0.000286,-0.000168,0.000029,0.000317,0.000504,0.000504,0.000393,0.000224,-0.000077,-0.000350,-0.000432,-0.000303,-0.000248,-0.000291,-0.000151,-0.000052,-0.000148,-0.000271,-0.000341,-0.000365,-0.000425,-0.000378,-0.000297,-0.000255,-0.000327,-0.000692,-0.000857,-0.000357,0.000454,0.000761,0.000176,-0.000098,0.000631,0.000955,0.000465,0.000042,0.000171,0.000404,0.000273,-0.000064,-0.000104,0.000024,0.000047,-0.000046,-0.000071,-0.000081,-0.000307,-0.000528,-0.000444,-0.000128,0.000216,0.000496,0.000850,0.001510,0.002080,0.001457,-0.000389,-0.001828,-0.001918,-0.001362,-0.000742,-0.000236,-0.000181,-0.000424,-0.000339,-0.000083,0.000018,0.000193,0.000307,0.000177,-0.000046,-0.000186,-0.000180,-0.000096,-0.000004,0.000031,0.000108,0.000229,0.000200,0.000175,0.000187,0.000225,0.000237,0.000140,0.000070,0.000091,-0.000037,-0.000106,-0.000005,0.000079,0.000080,0.000128,0.000191,0.000226,0.000265,0.000152,-0.000006,-0.000011,0.000070,0.000046,-0.000073,-0.000134,-0.000023,0.000129,0.000284,0.000296,0.000251,0.021091,0.011390,0.009725,0.010392,0.009800,0.007139,0.003321,0.000851,0.001298,0.003132,0.003833,0.003566,0.002853,0.001412,0.000341,0.000319,0.000914,0.001444,0.001445,0.001235,0.000981,0.000372,-0.000583,-0.000945,-0.000462,0.000438,0.001051,0.001053,0.000609,-0.000057,-0.000376,-0.000311,-0.000343,-0.000368,-0.000163,0.000115,0.000091,-0.000351,-0.001195,-0.002048,-0.002130,-0.001418,-0.000849,-0.000653,-0.000281,0.000093,0.000007,-0.000236,-0.000230,-0.000220,-0.000226,-0.000164,-0.000100,-0.000001,-0.000079,-0.000107,0.000153,0.000575,0.000968,0.000857,0.000779,0.001604,0.002300,0.001651,0.000433,-0.000087,-0.000098,0.000061,0.000097,0.000008,0.000031,0.000000,-0.000118,-0.000384,-0.000563,-0.000509,-0.000177,0.000269,0.000512,0.000401,0.000097,-0.000103,0.000026,0.000296,0.000346,-0.000273,-0.001368,-0.001907,-0.001627,-0.001223,-0.000909,-0.000378,-0.000076,-0.000103,0.000086,0.000281,0.000160,-0.000120,-0.000248,-0.000395,-0.000550,-0.000375,-0.000159,-0.000105,-0.000128,-0.000057,0.000087,0.000140,0.000161,0.000170,0.000095,0.000059,0.000163,0.000232,0.000164,0.000033,0.000066,0.000233,0.000167,-0.000013,-0.000075,-0.000140,-0.000159,-0.000051,0.000090,0.000078,0.000115,0.000147,0.000023,-0.000118,-0.000188,-0.000190,-0.000203,-0.000169,-0.000009,0.000135,0.000208,0.000217,
-0.000467,-0.003461,-0.008839,-0.008658,-0.005985,-0.005247,-0.006756,-0.007690,-0.006485,-0.003776,-0.001742,-0.000912,0.000048,0.000469,-0.000368,-0.001355,-0.001510,-0.000677,0.000318,0.000373,-0.000180,-0.000757,-0.001283,-0.001748,-0.001977,-0.001908,-0.001773,-0.001568,-0.001090,-0.000515,-0.000334,-0.000358,-0.000249,-0.000059,0.000317,0.000666,0.000606,0.000351,0.000156,-0.000054,-0.000324,-0.000444,-0.000346,-0.000234,-0.000242,-0.000228,-0.000180,-0.000095,-0.000073,-0.000251,-0.000456,-0.000428,-0.000264,-0.000126,-0.000039,-0.000264,-0.000729,-0.000863,-0.000312,0.000611,0.000855,0.000072,-0.000405,0.000364,0.001149,0.000921,0.000388,0.000440,0.000582,0.000263,-0.000031,-0.000115,-0.000021,0.000123,0.000073,-0.000008,-0.000002,-0.000088,-0.000293,-0.000326,-0.000127,0.000159,0.000434,0.000872,0.001562,0.002096,0.001521,-0.000342,-0.001927,-0.002062,-0.001486,-0.000806,-0.000197,-0.000061,-0.000225,-0.000247,-0.000089,-0.000018,0.000041,0.000123,0.000055,-0.000049,-0.000086,-0.000129,-0.000085,0.000017,0.000126,0.000094,0.000073,0.000139,0.000140,0.000139,0.000193,0.000199,0.000149,0.000040,-0.000092,-0.000119,-0.000143,-0.000115,-0.000054,0.000013,0.000044,0.000061,0.000155,0.000142,0.000082,-0.000002,-0.000115,-0.000085,0.000069,0.000041,-0.000153,-0.000166,0.000030,0.000198,0.000301,0.000293,0.020974,0.011214,0.009456,0.010277,0.009671,0.007091,0.003434,0.001022,0.001367,0.003163,0.003944,0.003594,0.002884,0.001456,0.000310,0.000337,0.000925,0.001390,0.001385,0.001089,0.000895,0.000415,-0.000505,-0.000842,-0.000332,0.000456,0.001064,0.001136,0.000647,-0.000103,-0.000506,-0.000462,-0.000369,-0.000306,-0.000032,0.000299,0.000329,-0.000206,-0.001209,-0.002158,-0.002285,-0.001507,-0.000856,-0.000579,-0.000251,0.000012,-0.000099,-0.000315,-0.000313,-0.000331,-0.000337,-0.000169,0.000025,0.000160,0.000086,-0.000063,0.000082,0.000613,0.001031,0.000743,0.000341,0.000993,0.001822,0.001389,0.000242,-0.000490,-0.000558,-0.000245,-0.000045,-0.000183,-0.000271,-0.000148,-0.000097,-0.000275,-0.000415,-0.000312,-0.000028,0.000308,0.000492,0.000468,0.000205,-0.000086,0.000011,0.000289,0.000282,-0.000265,-0.001198,-0.001784,-0.001490,-0.001093,-0.000905,-0.000375,-0.000002,-0.000094,0.000141,0.000415,0.000299,0.000032,-0.000157,-0.000240,-0.000257,-0.000239,-0.000129,-0.000013,-0.000010,-0.000045,-0.000022,0.000002,0.000108,0.000212,0.000123,0.000015,0.000033,0.000052,0.000089,0.000218,0.000295,0.000267,0.000232,0.000101,0.000000,-0.000073,-0.000083,0.000020,0.000079,0.000041,0.000035,0.000031,-0.000066,-0.000205,-0.000344,-0.000346,-0.000105,0.000069,0.000067,0.000101,0.000225,0.000319,
-0.000412,-0.003395,-0.008787,-0.008668,-0.006139,-0.005464,-0.006838,-0.007677,-0.006536,-0.003942,-0.001960,-0.000940,0.000247,0.000562,-0.000344,-0.001256,-0.001473,-0.000773,0.000295,0.000508,-0.000119,-0.000750,-0.001200,-0.001620,-0.002010,-0.002018,-0.001886,-0.001659,-0.001180,-0.000631,-0.000274,-0.000125,0.000062,0.000198,0.000328,0.000585,0.000623,0.000535,0.000361,0.000029,-0.000318,-0.000487,-0.000322,-0.000148,-0.000166,-0.000100,-0.000036,-0.000199,-0.000262,-0.000223,-0.000280,-0.000322,-0.000206,-0.000025,0.000042,-0.000252,-0.000694,-0.000865,-0.000352,0.000567,0.000924,0.000516,0.000260,0.000534,0.000499,0.000122,0.000145,0.000610,0.000814,0.000374,-0.000204,-0.000361,-0.000177,-0.000041,-0.000053,0.000008,-0.000001,-0.000215,-0.000390,-0.000316,-0.000152,0.000031,0.000349,0.000852,0.001577,0.002110,0.001470,-0.000406,-0.001899,-0.002051,-0.001544,-0.000949,-0.000396,-0.000297,-0.000411,-0.000186,0.000089,0.000098,0.000074,0.000059,0.000010,-0.000035,0.000013,0.000076,0.000116,0.000113,0.000137,0.000278,0.000304,0.000212,0.000152,0.000160,0.000241,0.000187,0.000169,0.000110,-0.000065,-0.000166,-0.000106,-0.000009,0.000064,0.000077,0.000004,-0.000017,0.000069,0.000154,0.000128,0.000158,0.000182,0.000134,0.000119,0.000072,-0.000060,-0.000012,0.000116,0.000163,0.000216,0.000197,0.020740,0.010995,0.009336,0.010230,0.009706,0.007082,0.003318,0.001011,0.001485,0.003277,0.004015,0.003653,0.002844,0.001454,0.000387,0.000312,0.000944,0.001499,0.001488,0.001134,0.000807,0.000311,-0.000556,-0.000876,-0.000374,0.000575,0.001329,0.001303,0.000650,-0.000007,-0.000234,-0.000160,-0.000153,-0.000195,-0.000061,0.000211,0.000262,-0.000217,-0.001199,-0.002123,-0.002132,-0.001401,-0.000817,-0.000428,-0.000087,0.000069,0.000007,-0.000175,-0.000294,-0.000287,-0.000131,0.000057,0.000050,-0.000090,-0.000213,-0.000137,0.000169,0.000626,0.000953,0.000829,0.000749,0.001472,0.002085,0.001512,0.000445,-0.000028,0.000026,0.000057,-0.000158,-0.000404,-0.000375,-0.000165,-0.000105,-0.000315,-0.000513,-0.000464,-0.000207,0.000214,0.000476,0.000394,0.000202,0.000107,0.000127,0.000280,0.000324,-0.000166,-0.001136,-0.001914,-0.001740,-0.001226,-0.000905,-0.000401,-0.000041,-0.000046,0.000075,0.000311,0.000270,-0.000086,-0.000312,-0.000378,-0.000372,-0.000363,-0.000308,-0.000129,-0.000101,-0.000091,-0.000066,-0.000039,0.000044,0.000065,0.000031,0.000030,0.000126,0.000240,0.000197,0.000100,0.000126,0.000200,0.000162,0.000102,0.000037,-0.000044,-0.000045,0.000060,0.000084,-0.000020,-0.000092,-0.000102,-0.000101,-0.000120,-0.000155,-0.000159,-0.000125,-0.000111,-0.000005,0.000191,0.000278,0.000243,
-0.000385,-0.003251,-0.008446,-0.008378,-0.006046,-0.005463,-0.006912,-0.007778,-0.006511,-0.003818,-0.001810,-0.000878,0.000140,0.000454,-0.000326,-0.001208,-0.001382,-0.000617,0.000373,0.000474,-0.000227,-0.000879,-0.001233,-0.001679,-0.002040,-0.001975,-0.001886,-0.001895,-0.001485,-0.000902,-0.000521,-0.000392,-0.000237,0.000055,0.000319,0.000530,0.000449,0.000212,0.000030,-0.000137,-0.000307,-0.000343,-0.000226,-0.000066,-0.000085,-0.000139,-0.000123,-0.000234,-0.000185,-0.000153,-0.000279,-0.000345,-0.000316,-0.000133,-0.000082,-0.000278,-0.000613,-0.000794,-0.000381,0.000448,0.000687,0.000150,-0.000040,0.000547,0.000992,0.000667,0.000395,0.000612,0.000680,0.000348,-0.000060,-0.000188,-0.000048,0.000058,0.000052,0.000086,0.000023,-0.000222,-0.000434,-0.000457,-0.000228,0.000070,0.000332,0.000799,0.001537,0.002124,0.001597,-0.000204,-0.001715,-0.001914,-0.001440,-0.000879,-0.000422,-0.000237,-0.000333,-0.000331,-0.000084,0.000119,0.000217,0.000222,0.000114,0.000005,-0.000088,-0.000063,0.000141,0.000250,0.000187,0.000138,0.000136,0.000133,0.000171,0.000236,0.000233,0.000187,0.000186,0.000123,0.000004,-0.000123,-0.000214,-0.000158,-0.000022,0.000071,0.000105,0.000162,0.000268,0.000241,0.000079,0.000094,0.000195,0.000096,0.000043,0.000070,0.000041,0.000036,0.000037,0.000118,0.000235,0.000271,0.020642,0.010963,0.009555,0.010398,0.009707,0.006952,0.003283,0.001053,0.001479,0.003192,0.003792,0.003473,0.002831,0.001374,0.000279,0.000366,0.001063,0.001572,0.001608,0.001266,0.000853,0.000270,-0.000480,-0.000753,-0.000358,0.000474,0.001093,0.001011,0.000399,-0.000133,-0.000203,-0.000013,0.000022,-0.000078,-0.000123,0.000139,0.000336,-0.000129,-0.001195,-0.002177,-0.002170,-0.001351,-0.000775,-0.000545,-0.000174,0.000034,-0.000148,-0.000406,-0.000364,-0.000228,-0.000116,-0.000005,-0.000021,-0.000000,0.000043,0.000031,0.000197,0.000674,0.001098,0.000818,0.000546,0.001265,0.001995,0.001493,0.000320,-0.000276,-0.000026,0.000222,-0.000017,-0.000288,-0.000263,-0.000115,-0.000038,-0.000173,-0.000360,-0.000308,-0.000025,0.000368,0.000534,0.000344,0.000068,-0.000140,-0.000129,0.000158,0.000283,-0.000250,-0.001168,-0.001753,-0.001635,-0.001250,-0.000924,-0.000445,-0.000050,0.000112,0.000275,0.000359,0.000208,-0.000059,-0.000201,-0.000321,-0.000384,-0.000351,-0.000309,-0.000183,-0.000080,-0.000035,0.000021,0.000042,0.000069,0.000064,0.000111,0.000010,-0.000131,0.000018,0.000153,0.000075,0.000027,0.000134,0.000085,-0.000105,-0.000101,0.000026,0.000069,0.000053,0.000093,0.000065,-0.000000,-0.000053,-0.000180,-0.000273,-0.000202,-0.000240,-0.000316,-0.000216,-0.000062,0.000101,0.000231,0.000251,
-0.000113,-0.003031,-0.008336,-0.008408,-0.006085,-0.005480,-0.006940,-0.007767,-0.006554,-0.003913,-0.001877,-0.000887,0.000141,0.000391,-0.000408,-0.001280,-0.001379,-0.000594,0.000415,0.000633,-0.000103,-0.000850,-0.001307,-0.001801,-0.002037,-0.001919,-0.001796,-0.001632,-0.001198,-0.000667,-0.000314,0.000011,0.000223,0.000241,0.000366,0.000543,0.000440,0.000256,0.000135,-0.000007,-0.000291,-0.000448,-0.000382,-0.000223,-0.000195,-0.000227,-0.000161,-0.000150,-0.000183,-0.000174,-0.000203,-0.000233,-0.000261,-0.000253,-0.000194,-0.000269,-0.000618,-0.000842,-0.000364,0.000590,0.000957,0.000377,0.000118,0.000799,0.001230,0.000922,0.000667,0.000726,0.000709,0.000362,-0.000009,-0.000096,-0.000064,0.000111,0.000188,0.000215,0.000177,-0.000204,-0.000507,-0.000422,-0.000185,-0.000029,0.000240,0.000785,0.001581,0.002294,0.001780,-0.000140,-0.001719,-0.001965,-0.001595,-0.001078,-0.000426,-0.000131,-0.000269,-0.000308,-0.000125,0.000100,0.000137,0.000104,0.000118,0.000081,-0.000061,-0.000200,-0.000117,0.000054,0.000172,0.000196,0.000147,0.000065,0.000111,0.000205,0.000133,0.000069,0.000024,0.000046,0.000095,0.000038,0.000036,0.000094,0.000121,0.000108,0.000065,0.000139,0.000268,0.000207,0.000024,-0.000037,0.000085,0.000185,0.000064,-0.000021,0.000013,0.000044,0.000157,0.000220,0.000204,0.000222,0.020600,0.010896,0.009500,0.010468,0.009758,0.007064,0.003269,0.000874,0.001386,0.003144,0.003771,0.003476,0.002867,0.001479,0.000335,0.000348,0.001029,0.001583,0.001561,0.001176,0.000884,0.000344,-0.000492,-0.000830,-0.000410,0.000455,0.001148,0.001018,0.000438,-0.000106,-0.000219,0.000153,0.000311,0.000052,-0.000092,0.000075,0.000260,-0.000097,-0.001038,-0.002130,-0.002265,-0.001440,-0.000755,-0.000453,-0.000243,-0.000092,-0.000109,-0.000269,-0.000363,-0.000315,-0.000254,-0.000129,-0.000039,0.000055,0.000040,-0.000049,0.000055,0.000458,0.000935,0.000809,0.000605,0.001394,0.002414,0.002247,0.001043,0.000323,0.000235,0.000063,-0.000143,-0.000226,-0.000230,-0.000177,-0.000184,-0.000391,-0.000595,-0.000405,-0.000021,0.000324,0.000441,0.000366,0.000247,-0.000003,-0.000057,0.000245,0.000320,-0.000310,-0.001316,-0.001879,-0.001722,-0.001344,-0.000969,-0.000437,-0.000108,-0.000165,-0.000040,0.000132,-0.000009,-0.000227,-0.000269,-0.000266,-0.000272,-0.000311,-0.000279,-0.000120,-0.000046,-0.000100,-0.000030,0.000179,0.000255,0.000102,-0.000021,-0.000036,-0.000030,0.000185,0.000266,0.000153,0.000249,0.000299,0.000239,0.000184,0.000159,0.000064,-0.000035,-0.000068,-0.000027,-0.000033,-0.000068,-0.000001,-0.000054,-0.000217,-0.000219,-0.000138,-0.000139,-0.000114,-0.000024,0.000170,0.000343,0.000268,
-0.000204,-0.003035,-0.008374,-0.008445,-0.006075,-0.005519,-0.006975,-0.007827,-0.006681,-0.003978,-0.001815,-0.000819,0.000260,0.000650,-0.000312,-0.001390,-0.001586,-0.000823,0.000259,0.000419,-0.000216,-0.000865,-0.001357,-0.001828,-0.001984,-0.001907,-0.001828,-0.001538,-0.001052,-0.000584,-0.000366,-0.000318,-0.000236,-0.000103,0.000208,0.000593,0.000706,0.000461,0.000152,-0.000051,-0.000308,-0.000397,-0.000266,-0.000304,-0.000426,-0.000315,-0.000097,0.000080,0.000032,-0.000158,-0.000283,-0.000280,-0.000144,-0.000030,-0.000042,-0.000215,-0.000581,-0.000733,-0.000285,0.000581,0.000906,0.000315,-0.000076,0.000310,0.000510,0.000279,0.000215,0.000387,0.000532,0.000248,-0.000180,-0.000295,-0.000215,-0.000083,-0.000061,-0.000087,-0.000042,-0.000211,-0.000494,-0.000428,-0.000099,0.000205,0.000500,0.000910,0.001561,0.002162,0.001677,-0.000140,-0.001694,-0.001931,-0.001539,-0.001102,-0.000558,-0.000206,-0.000362,-0.000421,-0.000195,-0.000018,0.000134,0.000137,0.000126,-0.000022,-0.000192,-0.000166,-0.000057,0.000017,0.000109,0.000231,0.000193,0.000121,0.000179,0.000226,0.000256,0.000250,0.000196,0.000129,-0.000039,-0.000159,-0.000105,-0.000038,-0.000051,-0.000045,-0.000081,0.000033,0.000200,0.000224,0.000048,-0.000052,0.000048,0.000042,0.000060,0.000057,-0.000165,-0.000246,-0.000070,0.000163,0.000281,0.000240,0.020552,0.010723,0.009297,0.010335,0.009691,0.006977,0.003292,0.000960,0.001346,0.003122,0.003867,0.003556,0.002811,0.001373,0.000283,0.000373,0.001102,0.001653,0.001645,0.001251,0.000976,0.000402,-0.000471,-0.000799,-0.000398,0.000457,0.001098,0.001098,0.000534,-0.000052,-0.000221,0.000014,0.000089,-0.000082,0.000018,0.000233,0.000154,-0.000312,-0.001182,-0.002065,-0.002106,-0.001261,-0.000568,-0.000366,-0.000139,0.000117,0.000121,-0.000134,-0.000281,-0.000291,-0.000199,0.000019,0.000119,0.000024,-0.000098,-0.000117,0.000071,0.000545,0.001028,0.000784,0.000489,0.001223,0.002057,0.001970,0.001115,0.000399,0.000169,0.000141,-0.000013,-0.000257,-0.000176,0.000034,0.000048,-0.000207,-0.000429,-0.000366,-0.000092,0.000283,0.000427,0.000259,0.000013,-0.000193,-0.000125,0.000131,0.000200,-0.000365,-0.001337,-0.001854,-0.001549,-0.001063,-0.000742,-0.000269,0.000007,-0.000042,0.000040,0.000194,0.000140,-0.000027,-0.000106,-0.000160,-0.000201,-0.000164,-0.000128,-0.000055,0.000053,0.000087,0.000101,0.000116,0.000159,0.000244,0.000197,0.000061,0.000087,0.000259,0.000381,0.000376,0.000331,0.000266,0.000171,0.000175,0.000092,-0.000060,-0.000120,-0.000082,0.000046,0.000102,0.000121,0.000079,0.000083,0.000081,-0.000101,-0.000191,-0.000203,-0.000184,-0.000014,0.000135,0.000138,0.000136,
-0.000455,-0.003034,-0.008413,-0.008492,-0.006098,-0.005499,-0.007024,-0.007830,-0.006558,-0.003911,-0.001834,-0.000901,0.000138,0.000651,-0.000182,-0.001202,-0.001460,-0.000674,0.000417,0.000570,-0.000108,-0.000879,-0.001434,-0.001809,-0.001978,-0.001943,-0.001798,-0.001481,-0.000995,-0.000628,-0.000501,-0.000371,-0.000198,-0.000161,0.000092,0.000491,0.000578,0.000441,0.000282,0.000016,-0.000306,-0.000366,-0.000310,-0.000328,-0.000417,-0.000359,-0.000167,-0.000140,-0.000175,-0.000189,-0.000223,-0.000324,-0.000322,-0.000196,-0.000237,-0.000440,-0.000780,-0.000876,-0.000454,0.000441,0.000844,0.000260,0.000057,0.000673,0.000898,0.000447,0.000268,0.000469,0.000501,0.000282,-0.000042,-0.000198,-0.000075,0.000083,0.000028,-0.000107,-0.000147,-0.000236,-0.000366,-0.000298,-0.000123,0.000113,0.000242,0.000628,0.001566,0.002179,0.001562,-0.000285,-0.001859,-0.001965,-0.001471,-0.000924,-0.000348,-0.000199,-0.000399,-0.000309,-0.000069,0.000084,0.000179,0.000081,-0.000072,-0.000133,-0.000165,-0.000190,-0.000028,0.000172,0.000288,0.000321,0.000252,0.000133,0.000187,0.000315,0.000280,0.000218,0.000140,0.000113,0.000033,-0.000008,-0.000029,-0.000069,-0.000086,-0.000036,0.000078,0.000153,0.000201,0.000189,0.000123,0.000076,0.000108,0.000113,0.000050,0.000024,-0.000037,-0.000064,0.000076,0.000198,0.000265,0.000282,0.020693,0.010797,0.009238,0.010151,0.009559,0.006911,0.003110,0.000665,0.001223,0.003101,0.003839,0.003643,0.002934,0.001458,0.000353,0.000383,0.001035,0.001609,0.001571,0.001229,0.000923,0.000330,-0.000548,-0.000955,-0.000596,0.000280,0.001030,0.001092,0.000606,-0.000018,-0.000349,-0.000306,-0.000230,-0.000199,-0.000112,0.000015,0.000047,-0.000433,-0.001304,-0.002064,-0.002190,-0.001486,-0.000904,-0.000631,-0.000230,0.000076,0.000002,-0.000312,-0.000403,-0.000293,-0.000174,-0.000002,0.000067,0.000072,-0.000064,-0.000187,-0.000074,0.000414,0.000896,0.000678,0.000515,0.001472,0.002294,0.001601,0.000395,-0.000160,-0.000067,0.000111,0.000112,0.000047,0.000004,-0.000022,-0.000161,-0.000464,-0.000620,-0.000440,-0.000079,0.000220,0.000392,0.000404,0.000180,-0.000075,-0.000002,0.000272,0.000297,-0.000247,-0.001227,-0.001886,-0.001648,-0.001132,-0.000777,-0.000329,-0.000010,0.000011,0.000180,0.000385,0.000249,-0.000078,-0.000376,-0.000474,-0.000383,-0.000293,-0.000258,-0.000146,0.000031,0.000105,0.000065,0.000036,0.000083,0.000108,0.000084,0.000008,-0.000010,0.000022,0.000110,0.000188,0.000279,0.000255,0.000083,-0.000033,-0.000049,-0.000053,-0.000026,0.000056,0.000226,0.000195,0.000085,0.000026,0.000003,-0.000003,-0.000101,-0.000161,-0.000173,-0.000131,-0.000025,0.000160,0.000289,0.000279,
0.000063,-0.002751,-0.008197,-0.008300,-0.006015,-0.005481,-0.007031,-0.007869,-0.006553,-0.003894,-0.001867,-0.000818,0.000273,0.000554,-0.000386,-0.001385,-0.001487,-0.000627,0.000408,0.000590,-0.000105,-0.000906,-0.001333,-0.001804,-0.002134,-0.002133,-0.001980,-0.001511,-0.000881,-0.000364,-0.000212,-0.000227,-0.000184,-0.000034,0.000339,0.000655,0.000544,0.000298,0.000222,0.000053,-0.000167,-0.000305,-0.000303,-0.000277,-0.000311,-0.000155,-0.000010,-0.000080,-0.000187,-0.000243,-0.000283,-0.000293,-0.000270,-0.000108,-0.000090,-0.000406,-0.000801,-0.000987,-0.000450,0.000542,0.000803,0.000066,-0.000319,0.000420,0.000984,0.000493,-0.000015,0.000151,0.000476,0.000312,-0.000047,-0.000151,-0.000040,-0.000070,-0.000169,-0.000053,-0.000103,-0.000279,-0.000374,-0.000326,-0.000178,0.000045,0.000379,0.000776,0.001436,0.002120,0.001626,-0.000176,-0.001628,-0.001807,-0.001293,-0.000761,-0.000225,-0.000125,-0.000349,-0.000273,-0.000058,0.000049,0.000095,0.000134,0.000151,0.000033,-0.000121,-0.000089,0.000039,0.000107,0.000127,0.000197,0.000191,0.000141,0.000223,0.000219,0.000237,0.000291,0.000280,0.000154,-0.000010,-0.000081,-0.000085,-0.000034,-0.000022,0.000000,-0.000018,0.000014,0.000098,0.000164,0.000144,0.000126,0.000142,0.000098,0.000087,0.000069,-0.000053,-0.000145,0.000025,0.000329,0.000319,0.000264,0.020726,0.010898,0.009423,0.010410,0.009626,0.006830,0.003164,0.000858,0.001349,0.003185,0.003906,0.003590,0.002983,0.001611,0.000395,0.000347,0.001045,0.001666,0.001708,0.001330,0.001002,0.000374,-0.000502,-0.000800,-0.000438,0.000364,0.000998,0.000993,0.000503,-0.000172,-0.000422,-0.000137,0.000041,-0.000050,0.000026,0.000203,0.000156,-0.000287,-0.001204,-0.002080,-0.002117,-0.001398,-0.000832,-0.000657,-0.000460,-0.000198,-0.000132,-0.000241,-0.000286,-0.000336,-0.000279,-0.000116,0.000016,-0.000005,-0.000094,-0.000109,0.000055,0.000516,0.000987,0.000770,0.000529,0.001245,0.002105,0.001796,0.000587,-0.000219,-0.000243,0.000031,0.000125,-0.000007,-0.000181,-0.000210,-0.000203,-0.000316,-0.000347,-0.000199,0.000078,0.000452,0.000643,0.000474,0.000081,-0.000146,-0.000085,0.000103,0.000173,-0.000281,-0.001201,-0.001915,-0.001767,-0.001205,-0.000828,-0.000399,-0.000067,0.000026,0.000222,0.000350,0.000171,-0.000117,-0.000335,-0.000402,-0.000387,-0.000306,-0.000309,-0.000228,-0.000075,0.000013,0.000068,0.000145,0.000214,0.000198,0.000175,0.000147,0.000094,0.000078,0.000078,0.000125,0.000222,0.000264,0.000174,0.000093,0.000123,0.000038,-0.000092,-0.000066,-0.000026,-0.000007,0.000070,0.000023,-0.000135,-0.000204,-0.000228,-0.000237,-0.000156,-0.000055,0.000034,0.000151,0.000236,0.000197,
-0.000021,-0.002770,-0.008173,-0.008383,-0.006275,-0.005685,-0.007053,-0.007873,-0.006596,-0.003959,-0.001846,-0.000729,0.000326,0.000629,-0.000177,-0.001148,-0.001365,-0.000599,0.000410,0.000587,-0.000100,-0.000795,-0.001263,-0.001703,-0.001983,-0.002102,-0.001966,-0.001627,-0.001187,-0.000677,-0.000474,-0.000445,-0.000220,0.000098,0.000440,0.000756,0.000737,0.000502,0.000329,0.000097,-0.000282,-0.000557,-0.000466,-0.000312,-0.000266,-0.000129,0.000006,-0.000054,-0.000134,-0.000158,-0.000246,-0.000319,-0.000197,-0.000104,-0.000167,-0.000361,-0.000734,-0.000876,-0.000400,0.000577,0.001079,0.000478,0.000107,0.000547,0.000835,0.000589,0.000354,0.000525,0.000572,0.000274,-0.000013,-0.000064,-0.000012,-0.000008,-0.000051,-0.000088,-0.000109,-0.000244,-0.000341,-0.000245,-0.000054,0.000176,0.000413,0.000787,0.001513,0.002155,0.001601,-0.000358,-0.001922,-0.002060,-0.001512,-0.000813,-0.000210,-0.000219,-0.000376,-0.000219,-0.000080,-0.000010,0.000066,0.000077,0.000037,-0.000116,-0.000198,-0.000158,-0.000060,-0.000036,0.000064,0.000095,0.000081,0.000181,0.000191,0.000242,0.000283,0.000203,0.000192,0.000174,-0.000033,-0.000166,-0.000145,0.000026,0.000104,0.000001,-0.000036,0.000043,0.000172,0.000128,0.000054,0.000088,0.000102,-0.000021,0.000016,0.000088,-0.000026,-0.000060,0.000076,0.000110,0.000111,0.000165,0.020641,0.010791,0.009230,0.010274,0.009655,0.006883,0.003222,0.000917,0.001364,0.003144,0.003848,0.003553,0.002835,0.001357,0.000280,0.000336,0.000975,0.001557,0.001643,0.001354,0.000990,0.000426,-0.000433,-0.000841,-0.000369,0.000433,0.000966,0.000990,0.000569,-0.000052,-0.000282,-0.000122,-0.000121,-0.000206,-0.000078,0.000074,0.000117,-0.000298,-0.001334,-0.002267,-0.002259,-0.001477,-0.000786,-0.000460,-0.000120,0.000050,-0.000065,-0.000214,-0.000342,-0.000336,-0.000354,-0.000338,-0.000170,-0.000051,-0.000077,-0.000094,0.000060,0.000501,0.000894,0.000737,0.000585,0.001203,0.001890,0.001490,0.000632,0.000290,0.000206,0.000067,-0.000062,-0.000221,-0.000250,-0.000042,-0.000031,-0.000323,-0.000415,-0.000314,-0.000133,0.000201,0.000484,0.000524,0.000323,0.000060,0.000030,0.000239,0.000313,-0.000310,-0.001256,-0.001886,-0.001845,-0.001418,-0.001023,-0.000563,-0.000201,-0.000123,0.000037,0.000165,0.000048,-0.000128,-0.000290,-0.000371,-0.000322,-0.000265,-0.000270,-0.000190,-0.000101,-0.000094,-0.000062,0.000037,0.000052,0.000022,-0.000054,-0.000205,-0.000080,0.000268,0.000298,0.000120,0.000176,0.000283,0.000144,0.000038,0.000100,0.000018,-0.000011,-0.000042,-0.000169,-0.000167,-0.000065,0.000012,-0.000001,-0.000159,-0.000309,-0.000365,-0.000318,-0.000123,0.000105,0.000234,0.000294,0.000245,
0.000047,-0.002611,-0.008139,-0.008480,-0.006227,-0.005636,-0.007131,-0.007914,-0.006658,-0.003957,-0.001793,-0.000819,0.000159,0.000507,-0.000387,-0.001352,-0.001483,-0.000637,0.000394,0.000457,-0.000251,-0.000954,-0.001476,-0.001995,-0.002197,-0.002019,-0.001909,-0.001844,-0.001403,-0.000791,-0.000413,-0.000278,-0.000116,0.000148,0.000393,0.000621,0.000612,0.000392,0.000274,-0.000001,-0.000383,-0.000433,-0.000223,-0.000092,-0.000182,-0.000197,-0.000164,-0.000218,-0.000310,-0.000407,-0.000366,-0.000244,-0.000139,-0.000069,-0.000161,-0.000361,-0.000703,-0.000956,-0.000488,0.000470,0.000666,0.000028,-0.000124,0.000436,0.000653,0.000280,0.000145,0.000580,0.000740,0.000271,-0.000166,-0.000305,-0.000250,-0.000106,-0.000042,-0.000051,-0.000100,-0.000283,-0.000370,-0.000337,-0.000172,0.000171,0.000370,0.000625,0.001390,0.002089,0.001621,-0.000163,-0.001625,-0.001744,-0.001281,-0.000789,-0.000244,-0.000154,-0.000387,-0.000338,-0.000007,0.000174,0.000074,-0.000064,-0.000123,-0.000177,-0.000264,-0.000254,-0.000124,-0.000015,0.000041,0.000123,0.000183,0.000218,0.000305,0.000331,0.000182,0.000094,0.000130,0.000133,0.000078,0.000010,-0.000064,-0.000098,-0.000086,-0.000086,0.000062,0.000269,0.000324,0.000242,0.000202,0.000204,0.000162,0.000115,0.000032,-0.000064,-0.000056,0.000063,0.000167,0.000195,0.000170,0.000213,0.020618,0.010727,0.009162,0.010192,0.009522,0.006785,0.003135,0.000752,0.001185,0.003141,0.003955,0.003643,0.002905,0.001365,0.000219,0.000393,0.001152,0.001721,0.001764,0.001434,0.001005,0.000410,-0.000364,-0.000779,-0.000382,0.000432,0.001028,0.001041,0.000586,-0.000073,-0.000304,-0.000065,-0.000049,-0.000093,-0.000022,0.000084,0.000019,-0.000396,-0.001232,-0.002099,-0.002167,-0.001371,-0.000743,-0.000511,-0.000251,-0.000053,-0.000052,-0.000224,-0.000311,-0.000281,-0.000174,-0.000066,-0.000080,-0.000090,-0.000139,-0.000127,0.000104,0.000543,0.000944,0.000785,0.000632,0.001448,0.002223,0.001570,0.000214,-0.000397,-0.000209,0.000025,-0.000129,-0.000403,-0.000382,-0.000252,-0.000213,-0.000250,-0.000352,-0.000367,-0.000133,0.000270,0.000513,0.000393,0.000062,-0.000096,0.000010,0.000232,0.000343,-0.000149,-0.001129,-0.001838,-0.001750,-0.001312,-0.000943,-0.000452,-0.000160,-0.000069,0.000146,0.000282,0.000206,0.000042,-0.000106,-0.000253,-0.000341,-0.000337,-0.000260,-0.000091,0.000012,-0.000027,0.000013,0.000129,0.000219,0.000232,0.000169,0.000082,0.000014,0.000110,0.000243,0.000289,0.000346,0.000253,0.000055,0.000028,0.000075,0.000040,-0.000110,-0.000181,-0.000019,0.000117,0.000176,0.000128,0.000027,-0.000157,-0.000363,-0.000364,-0.000280,-0.000219,-0.000096,0.000183,0.000306,0.000223,
0.000448,-0.002224,-0.007900,-0.008293,-0.005986,-0.005522,-0.007026,-0.007685,-0.006375,-0.003799,-0.001687,-0.000709,0.000300,0.000739,-0.000106,-0.001212,-0.001430,-0.000656,0.000440,0.000585,-0.000133,-0.000864,-0.001488,-0.001985,-0.002178,-0.002094,-0.002052,-0.001886,-0.001346,-0.000814,-0.000389,-0.000094,0.000236,0.000441,0.000414,0.000495,0.000451,0.000254,0.000075,-0.000060,-0.000292,-0.000454,-0.000234,-0.000069,-0.000104,-0.000085,-0.000131,-0.000288,-0.000366,-0.000294,-0.000335,-0.000373,-0.000197,0.000004,0.000057,-0.000199,-0.000677,-0.001025,-0.000573,0.000554,0.001008,0.000296,-0.000082,0.000630,0.001178,0.000929,0.000672,0.000757,0.000734,0.000410,-0.000091,-0.000335,-0.000222,-0.000055,-0.000001,0.000038,-0.000027,-0.000291,-0.000506,-0.000495,-0.000294,0.000032,0.000354,0.000796,0.001627,0.002294,0.001713,-0.000146,-0.001669,-0.001871,-0.001325,-0.000664,-0.000154,-0.000084,-0.000272,-0.000259,-0.000052,0.000054,0.000056,0.000039,0.000044,-0.000029,-0.000200,-0.000193,-0.000030,0.000177,0.000251,0.000122,0.000059,0.000074,0.000141,0.000227,0.000249,0.000166,0.000179,0.000241,0.000151,0.000023,-0.000018,0.000004,0.000019,-0.000011,-0.000071,0.000006,0.000171,0.000163,-0.000001,-0.000012,0.000011,-0.000019,-0.000026,-0.000046,-0.000179,-0.000195,0.000029,0.000177,0.000210,0.000222,0.020613,0.010904,0.009330,0.010182,0.009579,0.006820,0.003169,0.000881,0.001377,0.003287,0.003914,0.003511,0.002804,0.001402,0.000381,0.000542,0.001254,0.001725,0.001606,0.001251,0.001022,0.000598,-0.000341,-0.000915,-0.000497,0.000473,0.001123,0.001023,0.000469,-0.000058,-0.000055,0.000395,0.000504,0.000107,-0.000095,0.000107,0.000214,-0.000331,-0.001314,-0.002184,-0.002215,-0.001438,-0.000715,-0.000407,-0.000116,0.000060,-0.000089,-0.000235,-0.000256,-0.000213,-0.000197,-0.000247,-0.000205,-0.000120,-0.000156,-0.000137,0.000021,0.000369,0.000784,0.000724,0.000646,0.001367,0.002243,0.001898,0.000671,0.000010,0.000097,0.000226,-0.000002,-0.000270,-0.000266,-0.000198,-0.000297,-0.000509,-0.000545,-0.000395,-0.000060,0.000305,0.000475,0.000400,0.000073,-0.000158,-0.000050,0.000232,0.000273,-0.000183,-0.001157,-0.001947,-0.001930,-0.001526,-0.001177,-0.000544,-0.000109,-0.000033,0.000178,0.000290,0.000148,-0.000039,-0.000156,-0.000228,-0.000236,-0.000236,-0.000169,0.000005,-0.000048,-0.000130,0.000029,0.000173,0.000155,0.000107,0.000082,0.000020,0.000086,0.000159,0.000205,0.000318,0.000274,0.000207,0.000229,0.000192,0.000072,-0.000059,-0.000043,0.000037,0.000123,0.000180,0.000136,0.000114,0.000005,-0.000088,-0.000126,-0.000107,-0.000151,-0.000219,-0.000042,0.000154,0.000249,0.000173,
0.000697,-0.002081,-0.007786,-0.008255,-0.006060,-0.005494,-0.006892,-0.007694,-0.006566,-0.003905,-0.001778,-0.000755,0.000307,0.000596,-0.000363,-0.001348,-0.001524,-0.000705,0.000416,0.000596,-0.000074,-0.000827,-0.001367,-0.001751,-0.001973,-0.002046,-0.001995,-0.001740,-0.001281,-0.000634,-0.000325,-0.000358,-0.000307,-0.000218,0.000124,0.000583,0.000727,0.000565,0.000331,0.000085,-0.000259,-0.000420,-0.000284,-0.000214,-0.000229,-0.000125,-0.000077,-0.000239,-0.000299,-0.000203,-0.000255,-0.000321,-0.000219,-0.000059,-0.000097,-0.000333,-0.000732,-0.000934,-0.000456,0.000459,0.000775,0.000279,-0.000042,0.000424,0.000882,0.000520,0.000269,0.000507,0.000580,0.000299,0.000017,-0.000007,0.000015,-0.000047,-0.000106,-0.000012,-0.000019,-0.000276,-0.000532,-0.000448,-0.000148,0.000092,0.000396,0.000848,0.001513,0.002139,0.001624,-0.000180,-0.001655,-0.001834,-0.001334,-0.000771,-0.000341,-0.000298,-0.000446,-0.000284,-0.000048,0.000083,0.000140,0.000153,0.000093,-0.000049,-0.000086,-0.000117,-0.000146,-0.000028,0.000105,0.000218,0.000235,0.000173,0.000223,0.000264,0.000198,0.000198,0.000250,0.000207,0.000061,-0.000043,-0.000044,-0.000017,-0.000028,0.000020,0.000041,0.000040,0.000108,0.000128,0.000071,0.000056,0.000075,0.000138,0.000186,0.000133,0.000048,-0.000016,0.000037,0.000178,0.000268,0.000258,0.020543,0.010751,0.009328,0.010394,0.009706,0.006787,0.003201,0.001050,0.001533,0.003381,0.004073,0.003645,0.002687,0.001113,0.000179,0.000357,0.001161,0.001830,0.001786,0.001421,0.001065,0.000459,-0.000401,-0.000831,-0.000456,0.000396,0.001008,0.000990,0.000456,-0.000164,-0.000313,0.000010,0.000093,-0.000040,0.000035,0.000177,0.000123,-0.000306,-0.001148,-0.001972,-0.002003,-0.001246,-0.000757,-0.000631,-0.000273,0.000036,-0.000078,-0.000278,-0.000331,-0.000306,-0.000244,-0.000176,-0.000028,0.000112,0.000021,-0.000121,0.000047,0.000508,0.000891,0.000675,0.000518,0.001240,0.002238,0.002128,0.000991,0.000241,0.000163,0.000218,0.000093,-0.000122,-0.000068,0.000129,0.000077,-0.000307,-0.000609,-0.000508,-0.000184,0.000180,0.000392,0.000312,0.000139,0.000063,0.000046,0.000274,0.000402,-0.000180,-0.001161,-0.001839,-0.001677,-0.001103,-0.000726,-0.000284,-0.000051,-0.000037,0.000184,0.000448,0.000339,-0.000025,-0.000252,-0.000360,-0.000491,-0.000479,-0.000336,-0.000153,-0.000015,0.000017,0.000117,0.000185,0.000157,0.000064,0.000075,0.000045,0.000073,0.000139,0.000211,0.000313,0.000283,0.000259,0.000214,0.000149,0.000048,-0.000070,-0.000026,0.000159,0.000160,0.000122,0.000072,0.000110,0.000130,-0.000089,-0.000237,-0.000276,-0.000265,-0.000143,0.000069,0.000197,0.000236,0.000121,
0.000615,-0.001854,-0.007734,-0.008348,-0.006117,-0.005587,-0.007057,-0.007728,-0.006402,-0.003782,-0.001697,-0.000706,0.000420,0.000781,-0.000210,-0.001228,-0.001449,-0.000750,0.000276,0.000436,-0.000226,-0.000914,-0.001497,-0.001970,-0.002130,-0.002063,-0.001923,-0.001722,-0.001236,-0.000635,-0.000351,-0.000238,-0.000113,0.000004,0.000285,0.000589,0.000679,0.000583,0.000341,0.000131,-0.000112,-0.000382,-0.000422,-0.000384,-0.000331,-0.000206,-0.000120,-0.000145,-0.000219,-0.000206,-0.000236,-0.000326,-0.000277,-0.000139,-0.000081,-0.000275,-0.000751,-0.000923,-0.000378,0.000587,0.000950,0.000384,0.000222,0.000738,0.000985,0.000717,0.000364,0.000349,0.000451,0.000257,-0.000083,-0.000210,-0.000140,-0.000117,-0.000179,-0.000226,-0.000147,-0.000278,-0.000476,-0.000325,-0.000116,0.000001,0.000208,0.000663,0.001468,0.002127,0.001652,-0.000142,-0.001687,-0.001914,-0.001449,-0.000833,-0.000329,-0.000167,-0.000171,-0.000211,-0.000117,0.000032,0.000109,0.000161,0.000064,-0.000080,-0.000160,-0.000150,0.000002,0.000113,0.000157,0.000217,0.000148,0.000112,0.000181,0.000237,0.000255,0.000247,0.000227,0.000154,0.000022,-0.000068,-0.000098,-0.000053,0.000042,0.000102,0.000065,0.000112,0.000237,0.000216,0.000147,0.000047,-0.000054,0.000024,0.000099,0.000032,-0.000077,-0.000169,-0.000136,0.000056,0.000184,0.000307,0.020626,0.010642,0.009082,0.010143,0.009494,0.006634,0.003060,0.000904,0.001426,0.003288,0.004013,0.003666,0.002864,0.001409,0.000330,0.000374,0.001101,0.001704,0.001676,0.001311,0.001036,0.000584,-0.000257,-0.000744,-0.000446,0.000392,0.000988,0.000883,0.000278,-0.000269,-0.000328,-0.000175,-0.000175,-0.000194,-0.000009,0.000109,0.000083,-0.000228,-0.001165,-0.002096,-0.002187,-0.001481,-0.000888,-0.000568,-0.000231,0.000039,-0.000011,-0.000350,-0.000384,-0.000242,-0.000250,-0.000155,-0.000015,0.000014,-0.000110,-0.000054,0.000189,0.000607,0.000987,0.000756,0.000715,0.001512,0.002042,0.001382,0.000349,-0.000023,0.000109,0.000203,0.000089,-0.000077,-0.000124,-0.000177,-0.000409,-0.000759,-0.000816,-0.000630,-0.000197,0.000328,0.000536,0.000419,0.000241,0.000141,0.000116,0.000186,0.000282,-0.000220,-0.001292,-0.001962,-0.001813,-0.001341,-0.000873,-0.000302,0.000011,-0.000079,0.000085,0.000305,0.000164,-0.000121,-0.000296,-0.000301,-0.000245,-0.000205,-0.000195,-0.000202,-0.000164,-0.000053,0.000003,-0.000014,-0.000029,-0.000069,0.000005,0.000068,0.000050,0.000101,0.000250,0.000238,0.000132,0.000094,0.000065,0.000026,-0.000011,-0.000025,-0.000088,-0.000017,0.000126,0.000111,0.000038,0.000095,0.000017,-0.000112,-0.000123,-0.000177,-0.000287,-0.000204,0.000037,0.000207,0.000235,0.000153,
0.000809,-0.001670,-0.007727,-0.008507,-0.006364,-0.005675,-0.006995,-0.007664,-0.006406,-0.003840,-0.001812,-0.000811,0.000290,0.000638,-0.000326,-0.001373,-0.001523,-0.000753,0.000327,0.000465,-0.000241,-0.000907,-0.001363,-0.001790,-0.002123,-0.002129,-0.001835,-0.001419,-0.000947,-0.000443,-0.000279,-0.000299,-0.000251,-0.000142,0.000134,0.000554,0.000656,0.000386,0.000219,0.000038,-0.000366,-0.000465,-0.000333,-0.000321,-0.000404,-0.000318,-0.000211,-0.000183,-0.000183,-0.000230,-0.000219,-0.000292,-0.000420,-0.000380,-0.000231,-0.000263,-0.000687,-0.000925,-0.000477,0.000328,0.000563,-0.000101,-0.000432,0.000205,0.000661,0.000401,0.000037,0.000128,0.000243,0.000093,-0.000068,-0.000107,-0.000096,-0.000050,0.000050,0.000067,-0.000090,-0.000355,-0.000538,-0.000481,-0.000150,0.000044,0.000224,0.000664,0.001397,0.002013,0.001479,-0.000239,-0.001627,-0.001821,-0.001340,-0.000755,-0.000254,-0.000223,-0.000367,-0.000246,-0.000117,0.000068,0.000261,0.000253,0.000146,0.000001,-0.000146,-0.000138,-0.000026,0.000029,0.000095,0.000108,0.000081,0.000082,0.000242,0.000415,0.000248,0.000099,0.000045,0.000042,0.000078,-0.000032,-0.000047,0.000038,0.000021,0.000056,0.000140,0.000223,0.000243,0.000160,0.000033,0.000043,0.000096,0.000098,0.000117,0.000062,-0.000014,0.000026,0.000131,0.000192,0.000216,0.000203,0.020590,0.010585,0.008908,0.010021,0.009521,0.006656,0.002923,0.000752,0.001388,0.003330,0.004043,0.003585,0.002798,0.001436,0.000370,0.000443,0.001183,0.001769,0.001660,0.001216,0.000929,0.000463,-0.000348,-0.000848,-0.000464,0.000440,0.001089,0.000991,0.000470,-0.000138,-0.000408,-0.000144,-0.000006,-0.000094,0.000036,0.000203,0.000190,-0.000163,-0.001050,-0.001976,-0.002059,-0.001318,-0.000793,-0.000588,-0.000255,-0.000018,0.000001,-0.000138,-0.000175,-0.000278,-0.000385,-0.000162,0.000051,0.000027,-0.000045,-0.000105,-0.000048,0.000382,0.000809,0.000710,0.000599,0.001386,0.002293,0.001897,0.000712,-0.000069,-0.000211,-0.000058,-0.000049,-0.000165,-0.000219,-0.000198,-0.000221,-0.000418,-0.000521,-0.000418,-0.000151,0.000258,0.000563,0.000447,0.000092,-0.000116,-0.000044,0.000168,0.000270,-0.000109,-0.001018,-0.001721,-0.001572,-0.001185,-0.000883,-0.000356,-0.000046,-0.000098,0.000016,0.000247,0.000232,0.000050,-0.000163,-0.000306,-0.000336,-0.000339,-0.000294,-0.000234,-0.000268,-0.000170,0.000040,0.000071,0.000054,0.000059,-0.000043,-0.000010,0.000102,0.000159,0.000147,0.000064,0.000045,0.000129,0.000146,0.000010,-0.000081,-0.000154,-0.000313,-0.000221,-0.000059,-0.000060,0.000016,-0.000016,-0.000141,-0.000172,-0.000233,-0.000314,-0.000275,-0.000163,-0.000053,0.000007,0.000032,0.000046,
0.000972,-0.001488,-0.007463,-0.008322,-0.006184,-0.005546,-0.007011,-0.007728,-0.006406,-0.003806,-0.001702,-0.000675,0.000393,0.000691,-0.000283,-0.001307,-0.001563,-0.000738,0.000502,0.000594,-0.000264,-0.000966,-0.001412,-0.001842,-0.002059,-0.001998,-0.001863,-0.001543,-0.000997,-0.000506,-0.000331,-0.000307,-0.000159,0.000016,0.000310,0.000641,0.000657,0.000487,0.000321,0.000050,-0.000339,-0.000484,-0.000384,-0.000316,-0.000269,-0.000151,-0.000108,-0.000122,-0.000180,-0.000260,-0.000284,-0.000310,-0.000258,-0.000146,-0.000094,-0.000387,-0.000802,-0.000887,-0.000485,0.000381,0.000879,0.000409,-0.000080,0.000290,0.000835,0.000815,0.000663,0.000626,0.000504,0.000169,-0.000247,-0.000343,-0.000184,-0.000108,-0.000208,-0.000166,-0.000154,-0.000273,-0.000396,-0.000365,-0.000157,0.000124,0.000349,0.000738,0.001520,0.002105,0.001554,-0.000325,-0.002001,-0.002105,-0.001438,-0.000797,-0.000236,-0.000088,-0.000180,-0.000230,-0.000211,-0.000030,0.000236,0.000269,0.000168,0.000050,-0.000100,-0.000225,-0.000224,0.000018,0.000167,0.000175,0.000157,0.000153,0.000215,0.000215,0.000155,0.000046,-0.000014,0.000069,0.000078,0.000019,-0.000037,-0.000098,-0.000075,-0.000078,0.000086,0.000271,0.000269,0.000244,0.000064,-0.000045,0.000020,0.000114,0.000145,0.000151,0.000051,-0.000045,0.000031,0.000196,0.000213,0.000211,0.020619,0.010619,0.009051,0.010169,0.009486,0.006627,0.003039,0.000810,0.001311,0.003303,0.004089,0.003736,0.002880,0.001320,0.000279,0.000396,0.001131,0.001844,0.001830,0.001354,0.000981,0.000540,-0.000217,-0.000798,-0.000476,0.000401,0.000922,0.000919,0.000497,-0.000149,-0.000257,0.000016,-0.000054,-0.000160,-0.000005,0.000197,0.000136,-0.000398,-0.001341,-0.002122,-0.002112,-0.001348,-0.000766,-0.000482,-0.000093,0.000093,-0.000091,-0.000371,-0.000412,-0.000255,-0.000164,-0.000070,0.000048,0.000089,0.000043,-0.000032,0.000178,0.000568,0.000865,0.000694,0.000442,0.000982,0.001613,0.001270,0.000489,-0.000105,-0.000300,-0.000117,-0.000058,-0.000256,-0.000356,-0.000152,-0.000071,-0.000314,-0.000441,-0.000380,-0.000168,0.000219,0.000444,0.000405,0.000221,0.000081,0.000230,0.000397,0.000348,-0.000082,-0.001073,-0.001920,-0.001822,-0.001371,-0.000936,-0.000395,-0.000065,-0.000040,0.000149,0.000289,0.000146,-0.000038,-0.000196,-0.000280,-0.000276,-0.000327,-0.000257,-0.000081,-0.000143,-0.000147,-0.000026,0.000027,0.000052,-0.000008,0.000013,0.000035,0.000072,0.000204,0.000238,0.000122,0.000147,0.000137,0.000013,-0.000070,-0.000096,-0.000030,-0.000086,-0.000075,0.000068,0.000123,0.000123,0.000101,0.000014,-0.000137,-0.000207,-0.000202,-0.000149,-0.000015,0.000121,0.000206,0.000190,0.000095,
0.001246,-0.001260,-0.007297,-0.008259,-0.006298,-0.005695,-0.007085,-0.007844,-0.006522,-0.003888,-0.001809,-0.000640,0.000440,0.000647,-0.000357,-0.001403,-0.001671,-0.000788,0.000363,0.000434,-0.000214,-0.000785,-0.001280,-0.001764,-0.002046,-0.002070,-0.001962,-0.001723,-0.001248,-0.000711,-0.000393,-0.000274,-0.000264,-0.000092,0.000279,0.000562,0.000483,0.000329,0.000213,0.000023,-0.000245,-0.000401,-0.000283,-0.000191,-0.000119,0.000014,0.000000,-0.000074,-0.000106,-0.000216,-0.000285,-0.000267,-0.000199,-0.000083,-0.000087,-0.000308,-0.000751,-0.000979,-0.000431,0.000585,0.000953,0.000404,0.000086,0.000420,0.000508,0.000138,0.000165,0.000657,0.000865,0.000503,0.000058,-0.000113,-0.000149,-0.000156,-0.000145,-0.000090,-0.000025,-0.000222,-0.000466,-0.000420,-0.000230,-0.000037,0.000213,0.000695,0.001468,0.002097,0.001562,-0.000251,-0.001693,-0.001856,-0.001269,-0.000604,-0.000174,-0.000148,-0.000404,-0.000350,-0.000016,0.000145,0.000158,0.000109,0.000015,-0.000044,-0.000077,-0.000109,-0.000048,0.000014,-0.000022,0.000099,0.000219,0.000144,0.000160,0.000283,0.000255,0.000214,0.000200,0.000098,-0.000080,-0.000170,-0.000177,-0.000169,-0.000034,0.000042,0.000015,0.000084,0.000217,0.000189,0.000133,0.000071,-0.000016,-0.000018,0.000007,-0.000071,-0.000131,-0.000091,-0.000061,0.000055,0.000267,0.000376,0.020537,0.010601,0.009046,0.010129,0.009486,0.006731,0.003166,0.000951,0.001524,0.003450,0.004076,0.003619,0.002853,0.001426,0.000277,0.000410,0.001221,0.001831,0.001815,0.001354,0.000953,0.000444,-0.000400,-0.000819,-0.000464,0.000338,0.001034,0.001096,0.000504,-0.000147,-0.000235,-0.000023,-0.000022,-0.000072,0.000018,0.000206,0.000209,-0.000295,-0.001279,-0.002121,-0.002018,-0.001297,-0.000672,-0.000423,-0.000227,0.000038,-0.000104,-0.000473,-0.000455,-0.000385,-0.000356,-0.000206,-0.000114,-0.000040,-0.000099,-0.000208,-0.000044,0.000558,0.001023,0.000822,0.000779,0.001558,0.002243,0.001641,0.000377,-0.000152,-0.000037,0.000064,-0.000062,-0.000245,-0.000217,-0.000078,-0.000034,-0.000243,-0.000491,-0.000479,-0.000190,0.000277,0.000533,0.000422,0.000143,0.000056,0.000084,0.000233,0.000334,-0.000082,-0.000959,-0.001793,-0.001790,-0.001271,-0.000901,-0.000449,-0.000045,-0.000009,0.000105,0.000202,0.000079,-0.000128,-0.000305,-0.000344,-0.000338,-0.000315,-0.000303,-0.000146,-0.000017,0.000040,0.000183,0.000171,0.000094,0.000095,0.000111,0.000061,0.000014,0.000071,0.000249,0.000309,0.000261,0.000186,0.000046,0.000037,0.000069,-0.000014,0.000004,0.000070,0.000053,0.000023,0.000037,0.000080,0.000072,-0.000090,-0.000346,-0.000447,-0.000360,-0.000172,-0.000016,0.000093,0.000147,0.000152,
0.002378,-0.000426,-0.006663,-0.007674,-0.005749,-0.005357,-0.006934,-0.007702,-0.006335,-0.003564,-0.001365,-0.000334,0.000582,0.000705,-0.000277,-0.001287,-0.001462,-0.000653,0.000338,0.000450,-0.000166,-0.000834,-0.001403,-0.001895,-0.002114,-0.002026,-0.001947,-0.001869,-0.001449,-0.000829,-0.000384,-0.000089,0.000103,0.000189,0.000263,0.000340,0.000396,0.000340,0.000024,-0.000338,-0.000558,-0.000605,-0.000414,-0.000254,-0.000189,-0.000146,-0.000136,-0.000130,-0.000222,-0.000330,-0.000403,-0.000367,-0.000300,-0.000180,-0.000070,-0.000250,-0.000780,-0.001011,-0.000548,0.000458,0.000916,0.000361,0.000091,0.000769,0.001228,0.000841,0.000564,0.000803,0.000732,0.000199,-0.000235,-0.000337,-0.000361,-0.000264,-0.000055,0.000003,0.000036,-0.000114,-0.000326,-0.000381,-0.000245,0.000126,0.000461,0.000860,0.001504,0.002088,0.001578,-0.000199,-0.001706,-0.001927,-0.001475,-0.000877,-0.000252,-0.000128,-0.000303,-0.000264,0.000007,0.000151,0.000147,0.000023,-0.000134,-0.000144,-0.000078,-0.000092,-0.000023,0.000094,0.000048,0.000110,0.000209,0.000162,0.000211,0.000254,0.000262,0.000261,0.000134,-0.000008,-0.000066,-0.000078,-0.000058,0.000093,0.000097,0.000062,0.000167,0.000221,0.000199,0.000162,0.000058,0.000002,0.000011,-0.000022,0.000011,0.000040,-0.000002,-0.000055,0.000000,0.000113,0.000152,0.000211,0.020682,0.010761,0.009278,0.010473,0.009766,0.006848,0.003446,0.001356,0.001765,0.003619,0.004216,0.003708,0.002812,0.001228,0.000239,0.000448,0.001161,0.001688,0.001652,0.001290,0.001008,0.000593,-0.000198,-0.000592,-0.000209,0.000535,0.001080,0.000989,0.000475,0.000061,-0.000032,0.000175,0.000235,-0.000006,-0.000055,0.000200,0.000190,-0.000303,-0.001238,-0.002099,-0.002135,-0.001436,-0.000822,-0.000523,-0.000290,-0.000076,-0.000126,-0.000270,-0.000211,-0.000089,-0.000014,0.000024,-0.000031,0.000058,0.000077,0.000031,0.000168,0.000634,0.001051,0.000837,0.000566,0.001291,0.002161,0.001761,0.000555,-0.000084,-0.000026,0.000012,-0.000151,-0.000416,-0.000515,-0.000346,-0.000247,-0.000377,-0.000412,-0.000322,-0.000104,0.000259,0.000531,0.000475,0.000170,-0.000008,0.000030,0.000143,0.000081,-0.000455,-0.001350,-0.001917,-0.001706,-0.001260,-0.000892,-0.000423,-0.000039,0.000080,0.000246,0.000353,0.000160,-0.000052,-0.000141,-0.000194,-0.000297,-0.000421,-0.000357,-0.000221,-0.000042,0.000121,0.000118,0.000128,0.000117,0.000058,-0.000077,-0.000119,-0.000014,0.000125,0.000236,0.000195,0.000099,0.000205,0.000314,0.000257,0.000158,0.000013,-0.000112,-0.000111,-0.000058,-0.000106,-0.000090,0.000057,0.000030,-0.000121,-0.000223,-0.000256,-0.000219,-0.000214,-0.000094,0.000071,0.000141,0.000161,
0.001802,-0.000659,-0.006944,-0.008057,-0.006074,-0.005550,-0.007081,-0.007863,-0.006519,-0.003777,-0.001680,-0.000584,0.000433,0.000641,-0.000308,-0.001404,-0.001526,-0.000627,0.000432,0.000505,-0.000215,-0.000946,-0.001461,-0.001837,-0.002092,-0.002092,-0.001971,-0.001771,-0.001266,-0.000589,-0.000212,-0.000056,0.000057,0.000036,0.000135,0.000534,0.000698,0.000461,0.000217,0.000035,-0.000149,-0.000352,-0.000366,-0.000214,-0.000276,-0.000252,-0.000024,-0.000017,-0.000178,-0.000265,-0.000315,-0.000327,-0.000305,-0.000207,-0.000203,-0.000353,-0.000624,-0.000779,-0.000396,0.000446,0.000758,0.000177,-0.000095,0.000601,0.001083,0.000820,0.000543,0.000740,0.000808,0.000400,-0.000004,-0.000098,-0.000052,0.000010,0.000001,0.000055,-0.000021,-0.000420,-0.000598,-0.000444,-0.000191,0.000049,0.000257,0.000709,0.001475,0.002163,0.001793,-0.000026,-0.001603,-0.001889,-0.001437,-0.000803,-0.000227,-0.000108,-0.000310,-0.000275,-0.000002,0.000151,0.000190,0.000178,0.000099,0.000066,-0.000053,-0.000206,-0.000099,0.000096,0.000116,0.000190,0.000209,0.000080,0.000102,0.000212,0.000314,0.000310,0.000175,0.000046,-0.000015,0.000021,0.000088,0.000041,0.000025,0.000108,0.000085,0.000057,0.000133,0.000160,0.000132,0.000106,0.000116,0.000108,0.000099,0.000031,-0.000067,-0.000108,-0.000081,0.000077,0.000217,0.000298,0.020720,0.010809,0.009127,0.010069,0.009388,0.006594,0.003107,0.001030,0.001603,0.003532,0.004132,0.003707,0.002994,0.001421,0.000272,0.000435,0.001287,0.001903,0.001837,0.001428,0.001136,0.000619,-0.000404,-0.000940,-0.000427,0.000461,0.000966,0.000841,0.000249,-0.000320,-0.000299,-0.000005,0.000050,-0.000073,-0.000027,0.000245,0.000351,-0.000064,-0.001029,-0.001967,-0.002069,-0.001380,-0.000819,-0.000516,-0.000205,-0.000032,-0.000134,-0.000317,-0.000293,-0.000267,-0.000265,-0.000095,-0.000039,-0.000016,0.000010,0.000024,0.000169,0.000595,0.000953,0.000768,0.000626,0.001443,0.002473,0.002268,0.001095,0.000352,0.000308,0.000253,-0.000138,-0.000316,-0.000139,-0.000007,-0.000042,-0.000299,-0.000558,-0.000529,-0.000201,0.000229,0.000498,0.000407,0.000092,-0.000094,-0.000084,0.000099,0.000205,-0.000210,-0.001108,-0.001783,-0.001747,-0.001363,-0.000926,-0.000377,-0.000060,-0.000109,0.000086,0.000324,0.000274,0.000070,-0.000157,-0.000280,-0.000377,-0.000340,-0.000199,-0.000133,-0.000119,-0.000043,0.000058,0.000138,0.000187,0.000204,0.000216,0.000104,-0.000000,0.000062,0.000153,0.000225,0.000344,0.000320,0.000177,0.000030,-0.000124,-0.000075,-0.000003,-0.000038,-0.000017,0.000022,0.000073,0.000115,-0.000011,-0.000136,-0.000305,-0.000391,-0.000313,-0.000189,-0.000008,0.000095,0.000143,0.000160,
0.001674,-0.000590,-0.006822,-0.008134,-0.006387,-0.005741,-0.007159,-0.007931,-0.006558,-0.003863,-0.001790,-0.000679,0.000481,0.000678,-0.000423,-0.001472,-0.001670,-0.000809,0.000422,0.000559,-0.000191,-0.000878,-0.001445,-0.001893,-0.002115,-0.002078,-0.001921,-0.001667,-0.001116,-0.000540,-0.000401,-0.000298,-0.000066,-0.000004,0.000150,0.000496,0.000585,0.000374,0.000195,0.000054,-0.000228,-0.000400,-0.000365,-0.000354,-0.000395,-0.000294,-0.000106,-0.000113,-0.000285,-0.000236,-0.000238,-0.000399,-0.000290,-0.000101,-0.000107,-0.000291,-0.000609,-0.000803,-0.000418,0.000522,0.000941,0.000341,-0.000087,0.000326,0.000669,0.000440,0.000233,0.000411,0.000608,0.000370,0.000014,-0.000066,-0.000062,-0.000063,-0.000036,-0.000062,-0.000114,-0.000180,-0.000335,-0.000325,-0.000019,0.000213,0.000392,0.000849,0.001627,0.002244,0.001720,-0.000060,-0.001596,-0.001920,-0.001492,-0.000905,-0.000321,-0.000108,-0.000302,-0.000291,-0.000008,0.000110,0.000099,0.000092,0.000064,-0.000031,-0.000087,-0.000151,-0.000146,-0.000041,0.000079,0.000137,0.000081,0.000106,0.000264,0.000340,0.000325,0.000232,0.000049,-0.000025,-0.000066,-0.000092,-0.000116,-0.000104,-0.000042,-0.000037,0.000000,0.000119,0.000162,0.000088,0.000071,0.000070,0.000047,-0.000010,-0.000074,-0.000126,-0.000121,-0.000085,-0.000010,0.000171,0.000245,0.000165,0.021022,0.010907,0.009084,0.010041,0.009349,0.006531,0.003025,0.000996,0.001602,0.003555,0.004267,0.003792,0.002969,0.001370,0.000204,0.000325,0.001125,0.001776,0.001685,0.001300,0.000968,0.000421,-0.000439,-0.000821,-0.000431,0.000314,0.001033,0.000970,0.000345,-0.000133,-0.000183,0.000102,0.000106,-0.000208,-0.000165,0.000179,0.000174,-0.000261,-0.001142,-0.002068,-0.002121,-0.001394,-0.000810,-0.000586,-0.000238,0.000039,-0.000110,-0.000287,-0.000351,-0.000326,-0.000192,-0.000108,-0.000095,-0.000026,-0.000016,-0.000082,0.000108,0.000552,0.000879,0.000638,0.000556,0.001312,0.001931,0.001520,0.000540,-0.000076,-0.000054,0.000121,-0.000063,-0.000279,-0.000270,-0.000175,-0.000284,-0.000543,-0.000600,-0.000492,-0.000248,0.000140,0.000425,0.000479,0.000292,0.000142,0.000134,0.000319,0.000394,-0.000191,-0.001172,-0.001756,-0.001610,-0.001149,-0.000865,-0.000357,0.000023,0.000024,0.000131,0.000261,0.000111,-0.000028,-0.000102,-0.000288,-0.000366,-0.000241,-0.000132,-0.000093,0.000028,0.000044,0.000013,0.000050,0.000099,0.000056,-0.000055,-0.000052,-0.000039,0.000029,0.000146,0.000138,0.000199,0.000233,0.000138,0.000071,0.000114,0.000112,-0.000001,0.000020,0.000173,0.000174,0.000103,0.000045,-0.000021,-0.000156,-0.000182,-0.000189,-0.000159,-0.000067,0.000036,0.000162,0.000280,0.000266,
0.002056,-0.000036,-0.006534,-0.008175,-0.006406,-0.005944,-0.007419,-0.008016,-0.006554,-0.003847,-0.001675,-0.000578,0.000446,0.000671,-0.000224,-0.001240,-0.001615,-0.000900,0.000263,0.000478,-0.000173,-0.000844,-0.001300,-0.001751,-0.002003,-0.001998,-0.001991,-0.001641,-0.000876,-0.000320,-0.000206,-0.000175,-0.000058,0.000047,0.000203,0.000477,0.000482,0.000213,-0.000037,-0.000198,-0.000302,-0.000360,-0.000265,-0.000100,-0.000183,-0.000193,-0.000113,-0.000219,-0.000183,-0.000123,-0.000226,-0.000215,-0.000191,-0.000123,-0.000066,-0.000297,-0.000736,-0.000950,-0.000503,0.000484,0.000880,0.000185,-0.000113,0.000586,0.000985,0.000572,0.000202,0.000314,0.000371,0.000158,-0.000130,-0.000099,0.000039,-0.000018,-0.000118,-0.000133,-0.000109,-0.000292,-0.000501,-0.000441,-0.000240,-0.000088,0.000262,0.000860,0.001525,0.002081,0.001652,-0.000160,-0.001669,-0.001885,-0.001436,-0.000803,-0.000269,-0.000098,-0.000335,-0.000371,-0.000089,0.000061,0.000141,0.000212,0.000215,0.000015,-0.000156,-0.000109,-0.000025,0.000109,0.000164,0.000197,0.000281,0.000225,0.000242,0.000343,0.000237,0.000123,0.000072,-0.000014,-0.000119,-0.000088,-0.000002,-0.000034,-0.000056,-0.000025,0.000076,0.000252,0.000302,0.000220,0.000142,0.000090,0.000142,0.000311,0.000258,0.000058,-0.000043,-0.000065,0.000036,0.000157,0.000162,0.000178,0.020788,0.010897,0.009143,0.010032,0.009336,0.006481,0.002985,0.000940,0.001598,0.003602,0.004319,0.003927,0.002981,0.001278,0.000208,0.000423,0.001135,0.001633,0.001621,0.001164,0.000878,0.000476,-0.000388,-0.000812,-0.000436,0.000386,0.000948,0.000966,0.000474,-0.000043,-0.000160,-0.000095,-0.000173,-0.000262,-0.000114,0.000168,0.000195,-0.000256,-0.001208,-0.002107,-0.002140,-0.001487,-0.000911,-0.000584,-0.000268,-0.000053,-0.000144,-0.000329,-0.000188,-0.000059,-0.000239,-0.000364,-0.000147,0.000030,-0.000009,-0.000133,-0.000096,0.000416,0.000944,0.000806,0.000745,0.001533,0.002222,0.001745,0.000564,-0.000096,-0.000099,0.000106,0.000119,-0.000041,-0.000080,-0.000041,-0.000177,-0.000468,-0.000561,-0.000482,-0.000158,0.000385,0.000715,0.000609,0.000209,-0.000147,-0.000127,0.000203,0.000221,-0.000330,-0.001204,-0.001866,-0.001820,-0.001377,-0.001015,-0.000526,-0.000115,-0.000062,0.000123,0.000336,0.000347,0.000116,-0.000164,-0.000358,-0.000458,-0.000312,-0.000175,-0.000046,0.000074,0.000070,0.000070,0.000126,0.000204,0.000253,0.000199,-0.000027,-0.000089,0.000030,0.000101,0.000126,0.000120,0.000154,0.000139,0.000042,-0.000054,-0.000113,-0.000097,-0.000029,0.000052,0.000082,0.000165,0.000053,-0.000186,-0.000327,-0.000238,-0.000226,-0.000267,-0.000088,0.000041,0.000090,0.000243,0.000271,
0.002382,0.000157,-0.006441,-0.008112,-0.006301,-0.005682,-0.007216,-0.007932,-0.006523,-0.003828,-0.001624,-0.000443,0.000596,0.000737,-0.000309,-0.001391,-0.001586,-0.000756,0.000307,0.000395,-0.000303,-0.000934,-0.001345,-0.001700,-0.001991,-0.002059,-0.002012,-0.001665,-0.000964,-0.000435,-0.000243,-0.000191,-0.000091,0.000109,0.000329,0.000570,0.000613,0.000403,0.000185,-0.000003,-0.000350,-0.000510,-0.000336,-0.000135,-0.000198,-0.000194,-0.000003,-0.000064,-0.000217,-0.000233,-0.000256,-0.000284,-0.000267,-0.000135,-0.000016,-0.000163,-0.000569,-0.000745,-0.000309,0.000424,0.000636,-0.000107,-0.000567,0.000265,0.001046,0.000874,0.000505,0.000468,0.000440,0.000149,-0.000203,-0.000214,-0.000067,-0.000010,0.000007,0.000009,-0.000047,-0.000291,-0.000449,-0.000225,0.000043,0.000178,0.000383,0.000732,0.001435,0.002076,0.001618,-0.000139,-0.001742,-0.001965,-0.001440,-0.000866,-0.000286,-0.000023,-0.000276,-0.000414,-0.000240,-0.000004,0.000153,0.000226,0.000192,-0.000018,-0.000140,-0.000117,0.000040,0.000119,0.000028,0.000034,0.000089,0.000073,0.000103,0.000184,0.000192,0.000034,-0.000118,-0.000056,-0.000076,-0.000153,-0.000169,-0.000109,-0.000085,-0.000136,-0.000060,0.000104,0.000228,0.000276,0.000199,0.000025,-0.000019,0.000050,0.000056,-0.000044,-0.000134,-0.000164,-0.000119,0.000016,0.000113,0.000171,0.020937,0.010937,0.009089,0.009893,0.009197,0.006386,0.002816,0.000811,0.001480,0.003460,0.004190,0.003717,0.002843,0.001317,0.000277,0.000461,0.001273,0.001911,0.001830,0.001361,0.000975,0.000425,-0.000333,-0.000739,-0.000413,0.000382,0.001020,0.001034,0.000511,-0.000143,-0.000386,-0.000226,-0.000183,-0.000081,0.000229,0.000335,0.000153,-0.000285,-0.001176,-0.002081,-0.002157,-0.001452,-0.000827,-0.000553,-0.000185,0.000137,0.000012,-0.000302,-0.000401,-0.000301,-0.000171,-0.000048,0.000081,0.000165,-0.000005,-0.000087,0.000086,0.000545,0.001013,0.000826,0.000462,0.001032,0.001895,0.001593,0.000494,-0.000281,-0.000349,-0.000102,-0.000060,-0.000230,-0.000361,-0.000315,-0.000247,-0.000418,-0.000604,-0.000489,-0.000210,0.000228,0.000488,0.000383,0.000114,-0.000117,-0.000043,0.000312,0.000425,-0.000124,-0.001145,-0.001834,-0.001651,-0.001161,-0.000808,-0.000424,-0.000144,-0.000044,0.000217,0.000374,0.000257,0.000062,-0.000096,-0.000144,-0.000198,-0.000196,-0.000157,-0.000166,-0.000160,-0.000100,0.000041,0.000106,0.000071,0.000009,0.000067,0.000089,0.000021,0.000087,0.000121,0.000095,0.000203,0.000289,0.000236,0.000119,0.000007,-0.000086,-0.000063,0.000060,0.000131,0.000099,0.000074,0.000020,-0.000077,-0.000063,-0.000137,-0.000246,-0.000230,-0.000160,0.000029,0.000233,0.000191,0.000130,
0.002976,0.000641,-0.006038,-0.007763,-0.006069,-0.005695,-0.007322,-0.007924,-0.006491,-0.003816,-0.001616,-0.000457,0.000463,0.000638,-0.000371,-0.001543,-0.001768,-0.000882,0.000294,0.000474,-0.000314,-0.001126,-0.001582,-0.001853,-0.002158,-0.002174,-0.001878,-0.001553,-0.001108,-0.000589,-0.000277,-0.000143,-0.000030,0.000198,0.000546,0.000722,0.000653,0.000403,0.000188,-0.000006,-0.000321,-0.000464,-0.000308,-0.000172,-0.000194,-0.000166,-0.000091,-0.000164,-0.000269,-0.000264,-0.000317,-0.000399,-0.000343,-0.000237,-0.000124,-0.000216,-0.000685,-0.001012,-0.000564,0.000543,0.001099,0.000716,0.000314,0.000442,0.000475,0.000134,0.000149,0.000637,0.000848,0.000414,-0.000053,-0.000328,-0.000416,-0.000231,-0.000102,-0.000062,-0.000119,-0.000288,-0.000410,-0.000431,-0.000268,0.000046,0.000295,0.000741,0.001593,0.002195,0.001650,-0.000208,-0.001722,-0.001922,-0.001504,-0.000895,-0.000370,-0.000269,-0.000347,-0.000297,-0.000161,0.000024,0.000098,0.000075,0.000092,-0.000004,-0.000109,-0.000103,-0.000054,-0.000066,-0.000053,0.000077,0.000182,0.000220,0.000275,0.000261,0.000187,0.000074,0.000025,-0.000015,-0.000121,-0.000104,-0.000056,-0.000045,0.000025,0.000069,0.000065,0.000198,0.000294,0.000246,0.000086,0.000015,0.000089,0.000059,0.000036,0.000115,0.000042,0.000009,0.000135,0.000215,0.000203,0.000242,0.020799,0.010897,0.009173,0.010171,0.009466,0.006556,0.002951,0.000883,0.001546,0.003546,0.004321,0.003852,0.002913,0.001322,0.000280,0.000487,0.001219,0.001796,0.001702,0.001339,0.001086,0.000630,-0.000281,-0.000777,-0.000388,0.000432,0.001038,0.001034,0.000572,-0.000006,-0.000272,-0.000061,0.000024,-0.000063,0.000146,0.000381,0.000239,-0.000398,-0.001401,-0.002288,-0.002305,-0.001448,-0.000698,-0.000378,-0.000136,0.000026,-0.000068,-0.000224,-0.000255,-0.000306,-0.000302,-0.000200,-0.000038,-0.000001,-0.000171,-0.000221,0.000020,0.000454,0.000841,0.000821,0.000780,0.001456,0.001966,0.001477,0.000672,0.000230,0.000140,0.000057,-0.000237,-0.000542,-0.000449,-0.000128,-0.000078,-0.000301,-0.000380,-0.000402,-0.000301,0.000088,0.000426,0.000527,0.000199,-0.000143,-0.000065,0.000221,0.000388,-0.000098,-0.001070,-0.001757,-0.001698,-0.001275,-0.000949,-0.000413,0.000041,0.000039,0.000129,0.000295,0.000125,-0.000174,-0.000306,-0.000281,-0.000340,-0.000336,-0.000185,-0.000092,-0.000057,-0.000033,-0.000009,0.000129,0.000229,0.000148,0.000075,0.000005,0.000030,0.000168,0.000259,0.000340,0.000322,0.000173,0.000099,0.000110,0.000041,-0.000062,-0.000142,-0.000096,0.000018,0.000091,0.000071,-0.000127,-0.000286,-0.000269,-0.000273,-0.000313,-0.000311,-0.000186,0.000120,0.000323,0.000348,0.000289,
0.003847,0.001309,-0.005470,-0.007334,-0.005806,-0.005366,-0.007002,-0.007870,-0.006527,-0.003645,-0.001342,-0.000333,0.000587,0.000733,-0.000331,-0.001359,-0.001480,-0.000649,0.000398,0.000610,-0.000026,-0.000848,-0.001451,-0.001886,-0.002072,-0.002012,-0.001912,-0.001742,-0.001326,-0.000776,-0.000389,-0.000254,-0.000139,0.000029,0.000252,0.000432,0.000448,0.000269,0.000017,-0.000191,-0.000414,-0.000551,-0.000436,-0.000156,-0.000016,-0.000051,-0.000121,-0.000255,-0.000293,-0.000274,-0.000385,-0.000398,-0.000256,-0.000161,-0.000124,-0.000374,-0.000844,-0.000935,-0.000334,0.000473,0.000613,-0.000016,-0.000174,0.000628,0.001080,0.000664,0.000385,0.000680,0.000817,0.000400,-0.000158,-0.000343,-0.000278,-0.000121,0.000102,0.000208,0.000111,-0.000115,-0.000318,-0.000368,-0.000269,-0.000004,0.000325,0.000786,0.001525,0.002044,0.001497,-0.000121,-0.001573,-0.001941,-0.001497,-0.000804,-0.000136,0.000006,-0.000264,-0.000275,-0.000069,0.000082,0.000065,0.000006,-0.000013,-0.000032,-0.000018,-0.000049,-0.000016,0.000017,0.000024,0.000085,0.000115,0.000153,0.000246,0.000228,0.000170,0.000246,0.000263,0.000037,-0.000065,-0.000055,-0.000123,-0.000055,0.000080,0.000111,0.000025,-0.000025,0.000096,0.000158,0.000085,0.000084,0.000105,0.000030,0.000008,-0.000047,-0.000222,-0.000180,0.000037,0.000179,0.000247,0.000266,0.020674,0.010729,0.009259,0.010398,0.009538,0.006549,0.003189,0.001404,0.002035,0.003704,0.004306,0.003895,0.002941,0.001268,0.000226,0.000546,0.001384,0.001868,0.001628,0.001089,0.000816,0.000421,-0.000381,-0.000730,-0.000244,0.000527,0.001008,0.000943,0.000449,0.000024,-0.000070,0.000194,0.000228,-0.000013,-0.000053,0.000093,0.000161,-0.000315,-0.001268,-0.002164,-0.002097,-0.001302,-0.000736,-0.000476,-0.000237,-0.000058,-0.000039,-0.000171,-0.000216,-0.000112,-0.000042,0.000025,0.000044,0.000039,-0.000061,-0.000108,0.000094,0.000559,0.001020,0.000810,0.000524,0.001358,0.002258,0.001594,0.000236,-0.000272,-0.000052,0.000100,-0.000200,-0.000471,-0.000357,-0.000156,-0.000164,-0.000266,-0.000323,-0.000315,-0.000135,0.000266,0.000556,0.000480,0.000205,0.000036,0.000068,0.000283,0.000275,-0.000377,-0.001298,-0.001873,-0.001687,-0.001168,-0.000836,-0.000400,-0.000065,-0.000042,0.000038,0.000259,0.000274,0.000005,-0.000239,-0.000373,-0.000402,-0.000346,-0.000302,-0.000285,-0.000162,-0.000044,0.000047,0.000090,0.000048,0.000119,0.000038,-0.000188,-0.000174,0.000013,0.000160,0.000193,0.000224,0.000254,0.000167,0.000014,-0.000107,-0.000149,-0.000009,0.000034,0.000032,0.000121,0.000073,0.000025,0.000044,-0.000111,-0.000316,-0.000374,-0.000283,-0.000055,0.000150,0.000182,0.000239,0.000139,
0.003752,0.001421,-0.005389,-0.007317,-0.005945,-0.005591,-0.007168,-0.007887,-0.006460,-0.003700,-0.001402,-0.000259,0.000637,0.000779,-0.000269,-0.001446,-0.001710,-0.000811,0.000290,0.000499,-0.000126,-0.000880,-0.001469,-0.001903,-0.002125,-0.002140,-0.001993,-0.001656,-0.001134,-0.000607,-0.000280,-0.000024,0.000139,0.000178,0.000314,0.000497,0.000458,0.000220,0.000016,-0.000066,-0.000290,-0.000412,-0.000229,-0.000116,-0.000114,-0.000103,-0.000079,-0.000051,-0.000063,-0.000206,-0.000322,-0.000312,-0.000177,-0.000010,-0.000009,-0.000358,-0.000807,-0.000900,-0.000367,0.000607,0.000925,0.000184,-0.000100,0.000684,0.001232,0.000998,0.000676,0.000755,0.000777,0.000293,-0.000121,-0.000154,-0.000056,0.000122,0.000268,0.000230,0.000092,-0.000196,-0.000523,-0.000448,-0.000090,0.000150,0.000367,0.000835,0.001571,0.002174,0.001702,-0.000007,-0.001461,-0.001697,-0.001295,-0.000742,-0.000329,-0.000222,-0.000334,-0.000323,-0.000184,-0.000007,0.000095,0.000078,0.000101,0.000036,-0.000070,-0.000046,-0.000042,-0.000038,0.000011,0.000102,0.000044,0.000059,0.000274,0.000315,0.000209,0.000213,0.000234,0.000096,-0.000049,-0.000047,-0.000064,-0.000073,-0.000037,0.000027,0.000102,0.000162,0.000190,0.000171,0.000051,-0.000052,-0.000036,0.000093,0.000147,0.000021,-0.000050,0.000001,0.000019,0.000043,0.000123,0.000169,0.021069,0.011134,0.009246,0.010176,0.009414,0.006393,0.002920,0.001056,0.001744,0.003741,0.004510,0.003952,0.002913,0.001266,0.000253,0.000539,0.001364,0.001923,0.001719,0.001292,0.001069,0.000562,-0.000391,-0.000903,-0.000390,0.000524,0.001062,0.001015,0.000411,-0.000093,0.000026,0.000348,0.000345,0.000064,-0.000109,0.000034,0.000140,-0.000248,-0.001146,-0.002034,-0.002071,-0.001311,-0.000727,-0.000546,-0.000225,0.000019,-0.000085,-0.000271,-0.000320,-0.000338,-0.000306,-0.000138,0.000063,0.000150,0.000082,-0.000032,0.000065,0.000615,0.001073,0.000827,0.000711,0.001511,0.002360,0.001989,0.000916,0.000336,0.000316,0.000292,0.000023,-0.000205,-0.000237,-0.000166,-0.000117,-0.000315,-0.000555,-0.000505,-0.000214,0.000217,0.000520,0.000388,0.000058,-0.000155,-0.000093,0.000196,0.000303,-0.000218,-0.001128,-0.001781,-0.001736,-0.001377,-0.001080,-0.000513,-0.000113,-0.000038,0.000196,0.000308,0.000073,-0.000182,-0.000306,-0.000307,-0.000265,-0.000266,-0.000290,-0.000255,-0.000094,0.000011,0.000064,0.000199,0.000260,0.000170,0.000066,0.000063,0.000104,0.000161,0.000201,0.000108,0.000041,0.000050,-0.000046,-0.000075,0.000009,0.000028,-0.000044,-0.000004,0.000104,0.000096,0.000065,0.000016,-0.000083,-0.000127,-0.000253,-0.000276,-0.000116,-0.000123,-0.000055,0.000143,0.000194,0.000199,
0.003982,0.001599,-0.005261,-0.007303,-0.005907,-0.005579,-0.007277,-0.007989,-0.006515,-0.003748,-0.001431,-0.000233,0.000780,0.000849,-0.000323,-0.001475,-0.001619,-0.000702,0.000409,0.000564,-0.000162,-0.000950,-0.001453,-0.001892,-0.002182,-0.002083,-0.001918,-0.001625,-0.001067,-0.000574,-0.000509,-0.000568,-0.000277,0.000137,0.000367,0.000523,0.000532,0.000343,0.000189,-0.000090,-0.000364,-0.000364,-0.000206,-0.000151,-0.000348,-0.000332,-0.000058,0.000017,-0.000093,-0.000239,-0.000304,-0.000326,-0.000241,-0.000014,0.000018,-0.000212,-0.000593,-0.000813,-0.000375,0.000487,0.000896,0.000341,-0.000143,0.000270,0.000611,0.000369,0.000211,0.000509,0.000677,0.000305,-0.000090,-0.000187,-0.000170,-0.000047,0.000033,0.000007,-0.000086,-0.000176,-0.000435,-0.000509,-0.000176,0.000144,0.000361,0.000777,0.001538,0.002222,0.001767,-0.000073,-0.001606,-0.001864,-0.001458,-0.000829,-0.000164,-0.000019,-0.000311,-0.000281,0.000062,0.000054,-0.000108,-0.000107,-0.000018,0.000017,-0.000098,-0.000194,-0.000119,-0.000005,0.000081,0.000153,0.000173,0.000058,0.000091,0.000223,0.000174,0.000057,0.000023,0.000042,0.000029,0.000041,-0.000001,-0.000035,0.000021,0.000041,0.000088,0.000020,-0.000066,0.000024,0.000066,-0.000020,-0.000085,0.000018,0.000112,0.000107,0.000036,-0.000013,0.000109,0.000139,0.000182,0.000247,0.021237,0.011209,0.009322,0.010141,0.009371,0.006506,0.002981,0.001057,0.001865,0.003823,0.004468,0.003942,0.002991,0.001413,0.000432,0.000684,0.001420,0.001887,0.001688,0.001278,0.001009,0.000460,-0.000381,-0.000801,-0.000478,0.000294,0.000950,0.001009,0.000536,-0.000012,-0.000135,-0.000008,-0.000078,-0.000182,-0.000029,0.000098,0.000067,-0.000319,-0.001222,-0.002159,-0.002228,-0.001389,-0.000666,-0.000349,-0.000049,0.000223,0.000015,-0.000393,-0.000389,-0.000279,-0.000238,-0.000221,-0.000098,-0.000018,-0.000107,-0.000072,0.000188,0.000586,0.000892,0.000621,0.000436,0.001204,0.002130,0.001954,0.000925,0.000144,0.000002,0.000020,-0.000176,-0.000350,-0.000264,-0.000106,-0.000041,-0.000235,-0.000506,-0.000465,-0.000187,0.000176,0.000472,0.000379,0.000079,-0.000016,0.000114,0.000266,0.000232,-0.000300,-0.001278,-0.001910,-0.001661,-0.001119,-0.000823,-0.000364,-0.000059,-0.000056,0.000139,0.000258,0.000182,-0.000015,-0.000198,-0.000339,-0.000415,-0.000412,-0.000341,-0.000179,-0.000085,-0.000055,0.000073,0.000129,0.000065,0.000032,0.000025,0.000055,0.000106,0.000153,0.000187,0.000210,0.000180,0.000133,0.000142,0.000067,0.000011,-0.000087,-0.000117,-0.000031,0.000044,0.000116,0.000206,0.000079,-0.000126,-0.000188,-0.000207,-0.000178,-0.000120,-0.000130,-0.000166,0.000054,0.000313,0.000314,
0.004482,0.002295,-0.004794,-0.007206,-0.006005,-0.005726,-0.007324,-0.007969,-0.006477,-0.003709,-0.001471,-0.000305,0.000680,0.000743,-0.000375,-0.001553,-0.001689,-0.000657,0.000456,0.000565,-0.000244,-0.001055,-0.001534,-0.001867,-0.001975,-0.001981,-0.001868,-0.001592,-0.001123,-0.000704,-0.000511,-0.000300,-0.000173,-0.000038,0.000292,0.000630,0.000574,0.000292,0.000080,-0.000145,-0.000393,-0.000502,-0.000417,-0.000204,-0.000163,-0.000212,-0.000104,-0.000087,-0.000250,-0.000303,-0.000317,-0.000313,-0.000228,-0.000103,-0.000041,-0.000229,-0.000702,-0.000932,-0.000408,0.000628,0.001122,0.000609,0.000254,0.000753,0.001043,0.000623,0.000356,0.000500,0.000504,0.000259,-0.000113,-0.000303,-0.000257,-0.000152,-0.000089,-0.000151,-0.000095,-0.000170,-0.000408,-0.000384,-0.000083,0.000116,0.000270,0.000769,0.001513,0.002128,0.001694,-0.000142,-0.001705,-0.001945,-0.001365,-0.000741,-0.000266,-0.000127,-0.000259,-0.000276,-0.000045,0.000077,0.000086,0.000099,0.000013,-0.000127,-0.000258,-0.000139,0.000057,0.000130,0.000213,0.000204,0.000198,0.000198,0.000229,0.000282,0.000208,0.000140,0.000158,0.000039,-0.000162,-0.000118,-0.000055,-0.000108,-0.000084,-0.000067,-0.000060,0.000027,0.000145,0.000168,0.000039,-0.000057,-0.000098,-0.000064,0.000040,0.000059,-0.000052,-0.000035,0.000103,0.000110,0.000073,0.000216,0.021308,0.011433,0.009476,0.010077,0.009233,0.006374,0.002949,0.001196,0.001931,0.003822,0.004533,0.003946,0.002830,0.001231,0.000325,0.000517,0.001220,0.001901,0.001765,0.001238,0.001026,0.000516,-0.000224,-0.000583,-0.000379,0.000312,0.000892,0.000973,0.000508,-0.000149,-0.000370,-0.000169,-0.000190,-0.000257,-0.000084,0.000074,-0.000029,-0.000484,-0.001274,-0.002047,-0.002109,-0.001437,-0.000803,-0.000460,-0.000223,-0.000076,-0.000135,-0.000237,-0.000250,-0.000253,-0.000220,-0.000143,-0.000128,-0.000145,-0.000113,-0.000075,0.000021,0.000477,0.000895,0.000720,0.000634,0.001427,0.002201,0.001694,0.000456,-0.000178,-0.000117,0.000053,0.000061,-0.000041,-0.000011,0.000007,-0.000162,-0.000510,-0.000710,-0.000535,-0.000175,0.000275,0.000660,0.000569,0.000207,0.000050,0.000002,0.000151,0.000278,-0.000269,-0.001199,-0.001825,-0.001646,-0.001134,-0.000745,-0.000237,0.000091,0.000073,0.000136,0.000332,0.000162,-0.000134,-0.000212,-0.000386,-0.000527,-0.000350,-0.000135,-0.000059,-0.000086,-0.000161,-0.000028,0.000156,0.000087,0.000050,0.000037,0.000060,0.000166,0.000213,0.000259,0.000286,0.000274,0.000307,0.000247,0.000049,-0.000031,-0.000059,-0.000164,-0.000201,-0.000026,0.000115,0.000012,-0.000057,-0.000111,-0.000227,-0.000229,-0.000130,-0.000133,-0.000143,-0.000022,0.000161,0.000275,0.000281,
0.004480,0.002330,-0.004648,-0.006961,-0.005751,-0.005480,-0.007209,-0.007970,-0.006451,-0.003693,-0.001486,-0.000298,0.000695,0.000775,-0.000292,-0.001380,-0.001709,-0.000940,0.000269,0.000487,-0.000267,-0.000993,-0.001450,-0.001807,-0.002012,-0.001969,-0.001808,-0.001445,-0.000852,-0.000412,-0.000300,-0.000249,-0.000148,-0.000010,0.000348,0.000684,0.000544,0.000210,0.000073,-0.000078,-0.000407,-0.000567,-0.000351,-0.000223,-0.000244,-0.000170,-0.000064,-0.000137,-0.000271,-0.000286,-0.000332,-0.000335,-0.000192,-0.000046,0.000013,-0.000206,-0.000631,-0.000858,-0.000381,0.000596,0.000879,0.000072,-0.000349,0.000305,0.000919,0.000663,0.000243,0.000348,0.000494,0.000251,-0.000048,-0.000128,-0.000050,-0.000001,-0.000004,0.000016,-0.000001,-0.000169,-0.000276,-0.000277,-0.000175,-0.000050,0.000171,0.000693,0.001418,0.001998,0.001518,-0.000295,-0.001811,-0.001945,-0.001410,-0.000772,-0.000221,-0.000163,-0.000332,-0.000367,-0.000167,-0.000015,0.000082,0.000101,0.000069,-0.000081,-0.000180,-0.000077,0.000012,0.000147,0.000257,0.000269,0.000266,0.000221,0.000230,0.000224,0.000083,0.000019,0.000053,0.000003,-0.000118,-0.000207,-0.000095,0.000080,0.000100,0.000107,0.000135,0.000101,0.000089,0.000122,0.000151,0.000120,0.000104,0.000119,0.000039,-0.000057,-0.000157,-0.000083,0.000040,0.000095,0.000130,0.000176,0.021468,0.011695,0.009594,0.010115,0.009243,0.006372,0.002924,0.001068,0.001797,0.003763,0.004532,0.004022,0.002918,0.001201,0.000150,0.000457,0.001300,0.001866,0.001722,0.001259,0.000886,0.000384,-0.000428,-0.000827,-0.000393,0.000445,0.000997,0.000864,0.000349,-0.000142,-0.000214,0.000020,0.000057,-0.000096,-0.000006,0.000174,0.000135,-0.000279,-0.001233,-0.002210,-0.002190,-0.001335,-0.000665,-0.000434,-0.000222,-0.000092,-0.000134,-0.000244,-0.000278,-0.000189,-0.000114,-0.000058,0.000011,-0.000004,-0.000097,-0.000126,0.000064,0.000513,0.000916,0.000707,0.000476,0.001165,0.002087,0.001828,0.000649,-0.000222,-0.000279,-0.000018,-0.000021,-0.000225,-0.000369,-0.000433,-0.000438,-0.000460,-0.000417,-0.000343,-0.000162,0.000167,0.000420,0.000390,0.000109,-0.000055,0.000043,0.000254,0.000395,-0.000093,-0.001156,-0.001841,-0.001643,-0.001146,-0.000862,-0.000428,-0.000046,-0.000013,0.000190,0.000442,0.000341,0.000094,-0.000139,-0.000346,-0.000361,-0.000312,-0.000278,-0.000279,-0.000223,-0.000089,0.000005,-0.000023,-0.000025,0.000085,0.000014,0.000012,0.000129,0.000182,0.000185,0.000166,0.000238,0.000287,0.000150,-0.000031,-0.000076,-0.000075,-0.000103,-0.000057,0.000005,0.000026,-0.000002,0.000004,0.000001,-0.000069,-0.000130,-0.000184,-0.000214,-0.000146,0.000035,0.000200,0.000280,0.000270,
0.004357,0.002489,-0.004477,-0.007094,-0.005919,-0.005521,-0.007093,-0.007731,-0.006274,-0.003589,-0.001408,-0.000290,0.000651,0.000731,-0.000369,-0.001496,-0.001705,-0.000870,0.000327,0.000468,-0.000278,-0.000940,-0.001381,-0.001726,-0.001904,-0.001862,-0.001832,-0.001565,-0.001029,-0.000577,-0.000357,-0.000283,-0.000256,-0.000108,0.000299,0.000645,0.000573,0.000440,0.000255,-0.000034,-0.000255,-0.000373,-0.000365,-0.000291,-0.000225,-0.000131,-0.000050,-0.000161,-0.000338,-0.000222,-0.000211,-0.000377,-0.000309,-0.000070,0.000058,-0.000164,-0.000691,-0.001027,-0.000409,0.000787,0.001208,0.000617,0.000252,0.000611,0.000889,0.000741,0.000594,0.000661,0.000678,0.000277,-0.000126,-0.000221,-0.000187,-0.000038,-0.000025,-0.000042,-0.000058,-0.000258,-0.000416,-0.000314,-0.000079,0.000177,0.000424,0.000812,0.001599,0.002264,0.001715,-0.000169,-0.001781,-0.002068,-0.001590,-0.000759,-0.000101,-0.000027,-0.000222,-0.000268,-0.000093,0.000037,0.000029,0.000057,0.000099,-0.000001,-0.000059,0.000024,0.000117,0.000156,0.000176,0.000276,0.000307,0.000251,0.000257,0.000280,0.000321,0.000230,0.000099,0.000030,0.000034,0.000004,-0.000086,-0.000108,0.000013,0.000060,-0.000012,0.000046,0.000244,0.000337,0.000148,-0.000021,-0.000034,-0.000013,-0.000030,-0.000024,-0.000007,-0.000100,-0.000007,0.000133,0.000208,0.000249,0.021747,0.011994,0.009744,0.010121,0.009235,0.006286,0.002701,0.000938,0.001862,0.003878,0.004557,0.004014,0.002996,0.001266,0.000299,0.000532,0.001260,0.001778,0.001654,0.001195,0.000798,0.000271,-0.000446,-0.000830,-0.000573,0.000227,0.000928,0.000940,0.000385,-0.000154,-0.000196,-0.000030,-0.000027,-0.000103,-0.000034,0.000074,-0.000044,-0.000501,-0.001383,-0.002148,-0.002154,-0.001443,-0.000810,-0.000539,-0.000151,0.000153,0.000059,-0.000204,-0.000225,-0.000151,-0.000117,-0.000091,-0.000009,0.000009,-0.000044,-0.000062,0.000073,0.000535,0.000878,0.000743,0.000722,0.001414,0.002024,0.001574,0.000680,0.000185,0.000134,0.000075,-0.000200,-0.000423,-0.000460,-0.000309,-0.000293,-0.000448,-0.000489,-0.000453,-0.000241,0.000166,0.000402,0.000361,0.000170,-0.000015,0.000026,0.000254,0.000349,-0.000199,-0.001159,-0.001758,-0.001692,-0.001285,-0.000863,-0.000317,0.000002,-0.000027,0.000035,0.000165,0.000117,-0.000041,-0.000199,-0.000240,-0.000192,-0.000250,-0.000290,-0.000155,-0.000021,0.000074,0.000211,0.000229,0.000159,0.000016,-0.000028,0.000032,0.000122,0.000141,0.000082,0.000221,0.000375,0.000335,0.000206,0.000072,0.000036,-0.000032,-0.000117,-0.000051,0.000027,0.000074,0.000075,0.000064,-0.000020,-0.000072,-0.000165,-0.000241,-0.000154,-0.000037,0.000084,0.000213,0.000283,0.000279,
0.004798,0.002731,-0.004103,-0.006666,-0.005782,-0.005551,-0.007139,-0.007857,-0.006449,-0.003705,-0.001424,-0.000308,0.000558,0.000705,-0.000282,-0.001270,-0.001525,-0.000808,0.000329,0.000518,-0.000140,-0.000888,-0.001478,-0.001844,-0.001971,-0.001944,-0.001900,-0.001716,-0.001212,-0.000727,-0.000560,-0.000451,-0.000234,0.000100,0.000369,0.000540,0.000547,0.000372,0.000166,-0.000130,-0.000424,-0.000508,-0.000356,-0.000205,-0.000231,-0.000166,-0.000046,-0.000058,-0.000246,-0.000363,-0.000399,-0.000403,-0.000175,-0.000030,-0.000017,-0.000202,-0.000753,-0.000999,-0.000425,0.000557,0.000787,0.000070,-0.000197,0.000422,0.000728,0.000375,0.000315,0.000702,0.000754,0.000357,-0.000083,-0.000325,-0.000337,-0.000188,0.000053,0.000155,0.000028,-0.000232,-0.000548,-0.000606,-0.000295,0.000101,0.000366,0.000797,0.001472,0.001993,0.001529,-0.000116,-0.001480,-0.001693,-0.001345,-0.000769,-0.000223,-0.000197,-0.000369,-0.000259,0.000014,0.000169,0.000111,0.000033,0.000029,-0.000126,-0.000266,-0.000253,-0.000165,-0.000084,-0.000021,0.000082,0.000103,0.000106,0.000213,0.000253,0.000149,0.000074,0.000140,0.000149,0.000059,0.000012,-0.000045,-0.000048,-0.000067,-0.000075,0.000002,0.000109,0.000234,0.000233,0.000202,0.000145,0.000070,0.000054,0.000046,-0.000039,-0.000094,-0.000035,0.000007,0.000052,0.000177,0.000240,0.021743,0.012224,0.010075,0.010251,0.009308,0.006402,0.002833,0.001117,0.002000,0.003923,0.004547,0.003920,0.002919,0.001400,0.000344,0.000446,0.001243,0.001820,0.001657,0.001175,0.000930,0.000465,-0.000379,-0.000731,-0.000366,0.000447,0.001123,0.001003,0.000322,-0.000236,-0.000221,0.000063,0.000126,0.000004,0.000084,0.000257,0.000155,-0.000409,-0.001312,-0.002094,-0.002035,-0.001241,-0.000659,-0.000454,-0.000110,0.000117,-0.000026,-0.000352,-0.000429,-0.000286,-0.000134,-0.000057,-0.000139,-0.000145,-0.000093,-0.000046,0.000114,0.000478,0.000941,0.000776,0.000663,0.001536,0.002290,0.001626,0.000265,-0.000372,-0.000175,0.000067,-0.000065,-0.000327,-0.000275,-0.000089,-0.000181,-0.000374,-0.000502,-0.000392,-0.000135,0.000195,0.000476,0.000347,0.000108,-0.000025,0.000027,0.000231,0.000208,-0.000342,-0.001228,-0.001818,-0.001700,-0.001272,-0.000880,-0.000425,-0.000170,-0.000109,0.000144,0.000462,0.000377,0.000087,-0.000114,-0.000271,-0.000380,-0.000296,-0.000248,-0.000219,-0.000180,-0.000165,0.000030,0.000111,0.000087,0.000109,0.000092,0.000045,0.000012,0.000066,0.000159,0.000221,0.000255,0.000275,0.000229,0.000100,-0.000030,-0.000119,-0.000062,-0.000024,0.000018,0.000091,0.000120,0.000077,-0.000051,-0.000157,-0.000196,-0.000248,-0.000347,-0.000261,0.000015,0.000264,0.000253,0.000145,
0.004982,0.002915,-0.003938,-0.006489,-0.005711,-0.005583,-0.007177,-0.007862,-0.006321,-0.003463,-0.001269,-0.000197,0.000689,0.000784,-0.000247,-0.001387,-0.001729,-0.000950,0.000301,0.000506,-0.000327,-0.001056,-0.001368,-0.001730,-0.002005,-0.001997,-0.001896,-0.001762,-0.001244,-0.000651,-0.000300,-0.000003,0.000202,0.000325,0.000410,0.000455,0.000387,0.000163,-0.000039,-0.000179,-0.000382,-0.000501,-0.000429,-0.000290,-0.000201,-0.000157,-0.000148,-0.000243,-0.000314,-0.000282,-0.000269,-0.000200,-0.000104,-0.000061,-0.000065,-0.000298,-0.000700,-0.000874,-0.000390,0.000620,0.000986,0.000327,0.000133,0.000890,0.001310,0.000918,0.000564,0.000726,0.000771,0.000355,-0.000077,-0.000216,-0.000136,-0.000005,0.000130,0.000257,0.000179,-0.000179,-0.000581,-0.000579,-0.000225,0.000054,0.000344,0.000851,0.001586,0.002202,0.001711,-0.000066,-0.001658,-0.001926,-0.001470,-0.000985,-0.000407,-0.000162,-0.000353,-0.000370,-0.000087,0.000064,0.000076,0.000003,-0.000042,0.000059,-0.000084,-0.000150,0.000042,0.000191,0.000220,0.000171,0.000148,0.000197,0.000357,0.000366,0.000149,0.000060,0.000104,0.000037,-0.000004,-0.000075,-0.000116,-0.000029,0.000001,-0.000008,0.000022,0.000062,0.000160,0.000236,0.000029,-0.000089,0.000029,0.000074,0.000034,-0.000029,-0.000076,-0.000068,0.000038,0.000145,0.000148,0.000208,0.022001,0.012564,0.010404,0.010529,0.009407,0.006484,0.002930,0.001051,0.001775,0.003693,0.004467,0.003938,0.002897,0.001290,0.000318,0.000519,0.001253,0.001862,0.001754,0.001250,0.000978,0.000431,-0.000479,-0.000828,-0.000449,0.000298,0.000899,0.000863,0.000304,-0.000106,-0.000055,0.000348,0.000548,0.000284,0.000051,0.000053,0.000129,-0.000150,-0.001160,-0.002204,-0.002169,-0.001319,-0.000644,-0.000376,-0.000031,0.000166,-0.000021,-0.000279,-0.000333,-0.000230,-0.000225,-0.000138,0.000024,0.000037,-0.000085,-0.000091,0.000184,0.000609,0.000909,0.000719,0.000613,0.001461,0.002380,0.001968,0.000738,0.000100,0.000128,0.000016,-0.000261,-0.000424,-0.000487,-0.000498,-0.000608,-0.000677,-0.000693,-0.000600,-0.000307,0.000125,0.000440,0.000365,0.000067,-0.000083,0.000094,0.000350,0.000261,-0.000370,-0.001232,-0.001787,-0.001678,-0.001336,-0.000980,-0.000324,0.000113,0.000094,0.000187,0.000305,0.000154,-0.000071,-0.000167,-0.000179,-0.000206,-0.000288,-0.000315,-0.000159,-0.000002,0.000018,0.000133,0.000212,0.000170,0.000067,-0.000047,0.000016,0.000071,0.000097,0.000227,0.000236,0.000182,0.000215,0.000140,0.000136,0.000153,0.000082,0.000022,0.000021,0.000080,0.000039,0.000101,0.000160,0.000042,-0.000064,-0.000160,-0.000234,-0.000251,-0.000135,0.000054,0.000147,0.000135,0.000111,
0.004868,0.002785,-0.004077,-0.006504,-0.005543,-0.005380,-0.006966,-0.007635,-0.006199,-0.003503,-0.001338,-0.000276,0.000627,0.000827,-0.000251,-0.001530,-0.001796,-0.000814,0.000470,0.000622,-0.000153,-0.000874,-0.001425,-0.001826,-0.002001,-0.001960,-0.001890,-0.001709,-0.001254,-0.000738,-0.000434,-0.000348,-0.000333,-0.000167,0.000235,0.000558,0.000615,0.000376,0.000069,-0.000123,-0.000286,-0.000299,-0.000137,-0.000112,-0.000202,-0.000118,-0.000030,-0.000139,-0.000222,-0.000195,-0.000235,-0.000231,-0.000084,0.000014,-0.000005,-0.000248,-0.000722,-0.000923,-0.000418,0.000654,0.001105,0.000406,-0.000079,0.000469,0.000904,0.000625,0.000320,0.000493,0.000673,0.000402,0.000012,-0.000009,0.000185,0.000249,0.000217,0.000135,0.000003,-0.000162,-0.000364,-0.000505,-0.000368,-0.000054,0.000223,0.000688,0.001542,0.002177,0.001659,-0.000052,-0.001620,-0.001911,-0.001366,-0.000836,-0.000406,-0.000246,-0.000337,-0.000387,-0.000171,0.000008,0.000076,0.000156,0.000136,-0.000052,-0.000170,-0.000117,-0.000055,0.000052,0.000134,0.000092,0.000145,0.000214,0.000245,0.000253,0.000161,0.000102,0.000137,0.000113,-0.000026,-0.000055,-0.000073,-0.000056,0.000019,0.000014,-0.000044,0.000004,0.000083,0.000080,0.000069,-0.000048,-0.000104,-0.000041,0.000076,0.000060,0.000069,0.000118,0.000148,0.000178,0.000243,0.000274,0.022272,0.012897,0.010711,0.010596,0.009332,0.006364,0.002832,0.001046,0.001940,0.003904,0.004558,0.003981,0.002853,0.001234,0.000315,0.000459,0.001198,0.001823,0.001707,0.001228,0.000813,0.000344,-0.000330,-0.000677,-0.000282,0.000515,0.000962,0.000876,0.000396,-0.000155,-0.000154,0.000097,-0.000032,-0.000289,-0.000111,0.000217,0.000248,-0.000224,-0.001221,-0.002138,-0.002126,-0.001304,-0.000708,-0.000492,-0.000247,-0.000067,-0.000130,-0.000218,-0.000171,-0.000198,-0.000221,-0.000156,-0.000048,0.000107,0.000062,-0.000053,0.000108,0.000615,0.000961,0.000716,0.000599,0.001334,0.002300,0.002234,0.001113,0.000305,0.000253,0.000287,-0.000031,-0.000356,-0.000208,0.000003,-0.000044,-0.000249,-0.000475,-0.000515,-0.000259,0.000171,0.000402,0.000292,0.000096,-0.000015,0.000032,0.000254,0.000265,-0.000328,-0.001323,-0.001942,-0.001667,-0.001236,-0.000922,-0.000296,0.000056,-0.000053,0.000082,0.000366,0.000289,0.000062,-0.000096,-0.000235,-0.000366,-0.000366,-0.000293,-0.000189,-0.000156,-0.000047,0.000124,0.000201,0.000296,0.000292,0.000135,-0.000004,0.000062,0.000295,0.000273,0.000223,0.000350,0.000315,0.000246,0.000248,0.000104,-0.000047,0.000042,0.000177,0.000135,-0.000007,0.000002,0.000041,0.000056,0.000013,-0.000043,-0.000109,-0.000136,-0.000109,-0.000010,0.000086,0.000206,0.000273,
0.004300,0.002439,-0.004287,-0.006762,-0.005823,-0.005413,-0.006866,-0.007635,-0.006269,-0.003547,-0.001399,-0.000380,0.000592,0.000856,-0.000207,-0.001377,-0.001663,-0.000814,0.000394,0.000559,-0.000235,-0.001062,-0.001533,-0.001875,-0.002084,-0.002034,-0.001784,-0.001417,-0.001001,-0.000620,-0.000459,-0.000421,-0.000253,-0.000084,0.000181,0.000525,0.000636,0.000443,0.000174,-0.000076,-0.000322,-0.000532,-0.000565,-0.000448,-0.000351,-0.000229,-0.000138,-0.000072,-0.000117,-0.000180,-0.000280,-0.000381,-0.000315,-0.000176,-0.000160,-0.000335,-0.000710,-0.000891,-0.000308,0.000728,0.001137,0.000515,0.000230,0.000768,0.001033,0.000688,0.000432,0.000534,0.000494,0.000108,-0.000225,-0.000240,-0.000111,-0.000107,-0.000121,-0.000037,-0.000049,-0.000288,-0.000554,-0.000530,-0.000202,0.000105,0.000264,0.000768,0.001582,0.002218,0.001774,0.000010,-0.001605,-0.001888,-0.001478,-0.000962,-0.000416,-0.000189,-0.000301,-0.000282,-0.000132,-0.000017,0.000077,0.000113,0.000064,0.000025,-0.000096,-0.000209,-0.000080,0.000066,0.000189,0.000233,0.000116,0.000081,0.000226,0.000213,0.000089,0.000037,0.000047,0.000069,0.000045,0.000033,-0.000093,-0.000097,0.000021,-0.000020,-0.000076,0.000027,0.000202,0.000181,0.000031,-0.000029,-0.000049,-0.000062,-0.000030,0.000036,0.000048,0.000069,0.000149,0.000146,0.000143,0.000257,0.022627,0.013333,0.010883,0.010641,0.009411,0.006410,0.002649,0.000781,0.001752,0.003911,0.004594,0.003933,0.002816,0.001153,0.000131,0.000379,0.001210,0.001874,0.001788,0.001268,0.000882,0.000350,-0.000469,-0.000821,-0.000454,0.000310,0.000872,0.000792,0.000268,-0.000315,-0.000467,-0.000249,-0.000176,-0.000195,-0.000028,0.000154,0.000186,-0.000235,-0.001292,-0.002265,-0.002179,-0.001462,-0.000950,-0.000560,-0.000135,0.000149,-0.000017,-0.000351,-0.000391,-0.000335,-0.000369,-0.000259,-0.000060,-0.000012,-0.000109,-0.000154,0.000062,0.000491,0.000903,0.000840,0.000716,0.001381,0.001995,0.001532,0.000506,-0.000051,0.000043,0.000196,0.000082,-0.000171,-0.000253,-0.000220,-0.000317,-0.000540,-0.000644,-0.000458,-0.000134,0.000229,0.000556,0.000546,0.000205,0.000026,0.000095,0.000218,0.000211,-0.000333,-0.001280,-0.001856,-0.001640,-0.001166,-0.000802,-0.000337,-0.000092,-0.000077,0.000128,0.000314,0.000224,0.000026,-0.000131,-0.000235,-0.000303,-0.000248,-0.000194,-0.000207,-0.000172,-0.000040,0.000055,0.000045,0.000065,0.000045,0.000031,0.000053,0.000060,0.000071,0.000142,0.000235,0.000233,0.000155,0.000207,0.000166,0.000013,-0.000065,-0.000102,-0.000169,-0.000086,0.000110,0.000228,0.000183,0.000019,-0.000131,-0.000133,-0.000098,-0.000128,-0.000069,0.000079,0.000286,0.000289,0.000183,
0.004301,0.002433,-0.004129,-0.006567,-0.005710,-0.005422,-0.006899,-0.007571,-0.006232,-0.003593,-0.001424,-0.000311,0.000682,0.000802,-0.000251,-0.001379,-0.001744,-0.000911,0.000416,0.000583,-0.000195,-0.000920,-0.001385,-0.001730,-0.001971,-0.001928,-0.001756,-0.001490,-0.000874,-0.000334,-0.000313,-0.000401,-0.000330,-0.000081,0.000337,0.000655,0.000614,0.000322,0.000130,-0.000113,-0.000347,-0.000390,-0.000255,-0.000173,-0.000276,-0.000276,-0.000179,-0.000247,-0.000298,-0.000186,-0.000126,-0.000230,-0.000193,-0.000018,-0.000045,-0.000259,-0.000562,-0.000662,-0.000238,0.000530,0.000762,0.000067,-0.000281,0.000352,0.000836,0.000468,0.000018,0.000124,0.000359,0.000108,-0.000185,-0.000177,-0.000065,-0.000051,-0.000007,0.000056,-0.000066,-0.000398,-0.000571,-0.000390,-0.000183,-0.000015,0.000102,0.000535,0.001380,0.002009,0.001542,-0.000156,-0.001649,-0.001840,-0.001322,-0.000639,-0.000085,-0.000030,-0.000305,-0.000313,-0.000113,0.000042,0.000221,0.000201,0.000146,0.000073,-0.000115,-0.000159,-0.000027,0.000115,0.000198,0.000265,0.000279,0.000236,0.000154,0.000089,0.000071,0.000054,0.000142,0.000169,-0.000006,-0.000138,-0.000214,-0.000097,0.000051,0.000096,0.000062,0.000095,0.000197,0.000238,0.000159,0.000043,0.000019,0.000113,0.000124,0.000052,-0.000044,-0.000082,0.000002,0.000004,-0.000023,0.000088,0.022856,0.013891,0.011397,0.010752,0.009269,0.006255,0.002684,0.000902,0.001713,0.003670,0.004504,0.003933,0.002831,0.001185,0.000146,0.000302,0.001152,0.001812,0.001748,0.001330,0.000844,0.000265,-0.000435,-0.000731,-0.000376,0.000322,0.000984,0.000951,0.000322,-0.000247,-0.000387,-0.000172,-0.000098,-0.000160,-0.000074,0.000046,0.000070,-0.000427,-0.001358,-0.002213,-0.002247,-0.001451,-0.000886,-0.000560,-0.000185,0.000114,-0.000073,-0.000451,-0.000481,-0.000419,-0.000382,-0.000302,-0.000184,-0.000070,-0.000099,-0.000153,-0.000001,0.000497,0.000849,0.000682,0.000665,0.001492,0.002372,0.002003,0.000700,-0.000142,-0.000153,0.000039,0.000039,-0.000116,-0.000142,-0.000047,-0.000107,-0.000371,-0.000579,-0.000520,-0.000204,0.000219,0.000448,0.000388,0.000220,0.000077,0.000125,0.000302,0.000309,-0.000200,-0.001060,-0.001706,-0.001654,-0.001220,-0.000863,-0.000411,-0.000044,0.000050,0.000174,0.000310,0.000221,0.000013,-0.000161,-0.000295,-0.000292,-0.000219,-0.000257,-0.000280,-0.000202,-0.000129,-0.000014,0.000114,0.000122,0.000050,0.000116,0.000133,0.000062,0.000158,0.000158,0.000149,0.000242,0.000223,0.000083,-0.000030,-0.000071,-0.000109,-0.000103,-0.000122,-0.000124,-0.000003,0.000063,0.000026,-0.000014,-0.000080,-0.000205,-0.000326,-0.000219,0.000011,0.000092,0.000001,0.000053,0.000208,
0.003352,0.001555,-0.004563,-0.006648,-0.005855,-0.005522,-0.006829,-0.007459,-0.006067,-0.003529,-0.001527,-0.000477,0.000473,0.000708,-0.000218,-0.001328,-0.001688,-0.000847,0.000416,0.000647,-0.000159,-0.000981,-0.001367,-0.001707,-0.001927,-0.001963,-0.001817,-0.001459,-0.000902,-0.000420,-0.000370,-0.000422,-0.000326,-0.000102,0.000254,0.000593,0.000715,0.000475,0.000169,-0.000026,-0.000263,-0.000354,-0.000290,-0.000279,-0.000222,-0.000187,-0.000175,-0.000201,-0.000282,-0.000310,-0.000371,-0.000375,-0.000207,-0.000040,-0.000052,-0.000235,-0.000614,-0.000820,-0.000358,0.000540,0.000950,0.000366,-0.000102,0.000330,0.000921,0.000898,0.000543,0.000480,0.000466,0.000126,-0.000220,-0.000231,-0.000052,-0.000033,-0.000074,0.000016,0.000064,-0.000126,-0.000374,-0.000408,-0.000175,0.000133,0.000365,0.000747,0.001437,0.002058,0.001559,-0.000276,-0.001806,-0.001980,-0.001444,-0.000778,-0.000278,-0.000280,-0.000439,-0.000395,-0.000158,0.000081,0.000152,0.000107,0.000009,-0.000055,-0.000097,-0.000143,-0.000066,0.000066,0.000147,0.000308,0.000329,0.000210,0.000177,0.000192,0.000202,0.000158,0.000089,0.000013,-0.000148,-0.000231,-0.000079,0.000020,-0.000035,-0.000090,-0.000066,0.000083,0.000192,0.000221,0.000130,0.000036,0.000040,0.000058,0.000069,-0.000000,-0.000157,-0.000130,0.000013,0.000188,0.000204,0.000163,0.023385,0.014388,0.011666,0.010882,0.009196,0.005946,0.002221,0.000423,0.001523,0.003682,0.004441,0.003850,0.002799,0.001181,0.000029,0.000115,0.000982,0.001777,0.001738,0.001220,0.000882,0.000388,-0.000444,-0.000771,-0.000477,0.000120,0.000764,0.000972,0.000558,-0.000006,-0.000221,-0.000108,-0.000159,-0.000280,-0.000079,0.000163,0.000103,-0.000372,-0.001300,-0.002163,-0.002090,-0.001247,-0.000616,-0.000322,-0.000004,0.000131,-0.000083,-0.000327,-0.000328,-0.000240,-0.000240,-0.000280,-0.000165,-0.000022,-0.000088,-0.000136,0.000069,0.000491,0.000875,0.000738,0.000509,0.001061,0.001692,0.001345,0.000459,-0.000133,-0.000287,-0.000166,-0.000203,-0.000464,-0.000484,-0.000236,-0.000098,-0.000218,-0.000382,-0.000412,-0.000173,0.000180,0.000397,0.000395,0.000100,-0.000140,-0.000041,0.000184,0.000239,-0.000292,-0.001213,-0.001978,-0.001852,-0.001207,-0.000867,-0.000461,-0.000131,-0.000011,0.000213,0.000473,0.000465,0.000108,-0.000220,-0.000302,-0.000276,-0.000207,-0.000150,-0.000076,0.000053,0.000076,0.000071,0.000207,0.000250,0.000103,-0.000028,0.000000,0.000213,0.000332,0.000291,0.000223,0.000205,0.000245,0.000231,0.000179,0.000053,0.000007,0.000059,0.000039,-0.000042,0.000004,0.000155,0.000117,-0.000043,-0.000130,-0.000285,-0.000395,-0.000311,-0.000161,0.000038,0.000269,0.000359,0.000275,
0.004100,0.002084,-0.004266,-0.006429,-0.005516,-0.005262,-0.006727,-0.007267,-0.005882,-0.003400,-0.001406,-0.000366,0.000589,0.000844,-0.000123,-0.001361,-0.001723,-0.000817,0.000423,0.000514,-0.000284,-0.001084,-0.001518,-0.001801,-0.001911,-0.001835,-0.001807,-0.001576,-0.001120,-0.000710,-0.000458,-0.000329,-0.000223,-0.000083,0.000322,0.000664,0.000618,0.000418,0.000204,-0.000120,-0.000359,-0.000354,-0.000249,-0.000166,-0.000162,-0.000137,0.000003,-0.000057,-0.000328,-0.000392,-0.000421,-0.000443,-0.000347,-0.000257,-0.000193,-0.000282,-0.000585,-0.000789,-0.000357,0.000586,0.000993,0.000502,0.000213,0.000568,0.000585,0.000193,0.000190,0.000644,0.000933,0.000482,-0.000117,-0.000213,-0.000053,-0.000019,-0.000058,-0.000053,-0.000179,-0.000363,-0.000460,-0.000371,-0.000121,0.000130,0.000287,0.000751,0.001565,0.002163,0.001587,-0.000188,-0.001695,-0.001927,-0.001310,-0.000658,-0.000258,-0.000296,-0.000475,-0.000326,-0.000066,0.000053,0.000134,0.000150,0.000077,-0.000042,-0.000075,0.000006,0.000073,0.000013,0.000032,0.000161,0.000167,0.000190,0.000323,0.000282,0.000162,0.000136,0.000176,0.000191,-0.000031,-0.000199,-0.000155,0.000007,0.000199,0.000108,0.000019,0.000008,-0.000035,0.000093,0.000108,0.000008,0.000024,0.000110,0.000177,0.000139,-0.000040,-0.000114,-0.000016,0.000113,0.000252,0.000288,0.023297,0.014615,0.012182,0.011120,0.009340,0.006185,0.002460,0.000677,0.001778,0.003869,0.004479,0.003841,0.002729,0.001102,0.000082,0.000159,0.000968,0.001741,0.001704,0.001133,0.000805,0.000422,-0.000358,-0.000762,-0.000428,0.000242,0.000780,0.000801,0.000321,-0.000303,-0.000445,-0.000135,-0.000020,-0.000109,-0.000039,0.000178,0.000165,-0.000385,-0.001322,-0.002179,-0.002160,-0.001340,-0.000717,-0.000433,-0.000203,-0.000089,-0.000243,-0.000361,-0.000325,-0.000225,-0.000117,-0.000154,-0.000123,-0.000045,-0.000086,-0.000165,0.000002,0.000566,0.001002,0.000815,0.000734,0.001532,0.002301,0.001752,0.000500,-0.000089,-0.000098,-0.000037,-0.000142,-0.000317,-0.000342,-0.000257,-0.000210,-0.000336,-0.000527,-0.000483,-0.000173,0.000318,0.000526,0.000335,0.000050,-0.000092,0.000083,0.000297,0.000322,-0.000218,-0.001187,-0.001755,-0.001630,-0.001276,-0.001005,-0.000516,-0.000002,0.000164,0.000240,0.000419,0.000321,-0.000010,-0.000211,-0.000282,-0.000360,-0.000309,-0.000090,-0.000024,0.000003,0.000014,0.000034,0.000085,0.000034,0.000002,0.000033,0.000012,0.000083,0.000233,0.000328,0.000308,0.000283,0.000302,0.000162,-0.000042,-0.000170,-0.000132,-0.000062,-0.000063,-0.000051,-0.000042,0.000023,-0.000015,-0.000151,-0.000249,-0.000319,-0.000370,-0.000388,-0.000257,0.000034,0.000231,0.000289,0.000253,
0.003211,0.001163,-0.004914,-0.006837,-0.005840,-0.005430,-0.006686,-0.007149,-0.005812,-0.003346,-0.001394,-0.000541,0.000424,0.000717,-0.000269,-0.001409,-0.001746,-0.000991,0.000231,0.000463,-0.000264,-0.000980,-0.001483,-0.001841,-0.001989,-0.001988,-0.001885,-0.001660,-0.001297,-0.000927,-0.000557,-0.000192,0.000136,0.000321,0.000385,0.000498,0.000485,0.000251,0.000045,-0.000105,-0.000261,-0.000366,-0.000279,-0.000040,-0.000075,-0.000214,-0.000203,-0.000285,-0.000362,-0.000383,-0.000377,-0.000321,-0.000213,-0.000080,-0.000108,-0.000320,-0.000680,-0.000973,-0.000501,0.000572,0.000950,0.000200,-0.000160,0.000578,0.001111,0.000880,0.000558,0.000700,0.000741,0.000290,-0.000206,-0.000384,-0.000246,-0.000054,0.000102,0.000193,0.000102,-0.000086,-0.000294,-0.000283,-0.000106,0.000026,0.000222,0.000694,0.001511,0.002142,0.001580,-0.000152,-0.001561,-0.001773,-0.001406,-0.000876,-0.000351,-0.000272,-0.000465,-0.000359,-0.000160,-0.000054,0.000063,0.000023,-0.000095,-0.000175,-0.000264,-0.000242,-0.000048,0.000077,0.000169,0.000260,0.000183,0.000128,0.000165,0.000163,0.000075,0.000057,0.000084,0.000052,-0.000007,-0.000063,-0.000077,-0.000043,0.000015,-0.000000,0.000055,0.000286,0.000424,0.000298,0.000115,0.000089,0.000100,0.000101,0.000037,-0.000078,-0.000164,-0.000149,-0.000007,0.000181,0.000209,0.000191,0.023578,0.014659,0.011872,0.010954,0.009224,0.005999,0.002068,0.000225,0.001434,0.003645,0.004365,0.003734,0.002777,0.001225,0.000027,0.000109,0.000980,0.001751,0.001778,0.001317,0.000854,0.000201,-0.000551,-0.000798,-0.000498,0.000224,0.000833,0.000929,0.000495,-0.000007,-0.000066,0.000184,0.000207,-0.000098,-0.000210,0.000012,0.000073,-0.000427,-0.001396,-0.002161,-0.002031,-0.001250,-0.000715,-0.000554,-0.000216,0.000095,-0.000004,-0.000287,-0.000387,-0.000313,-0.000217,0.000023,0.000107,0.000072,0.000062,0.000018,0.000206,0.000636,0.000980,0.000737,0.000471,0.001173,0.002025,0.001723,0.000629,-0.000020,-0.000027,0.000066,-0.000214,-0.000580,-0.000477,-0.000264,-0.000273,-0.000360,-0.000442,-0.000406,-0.000152,0.000243,0.000514,0.000474,0.000239,0.000035,0.000017,0.000228,0.000360,-0.000083,-0.001000,-0.001818,-0.001795,-0.001338,-0.000980,-0.000464,-0.000161,-0.000066,0.000189,0.000371,0.000200,-0.000132,-0.000240,-0.000276,-0.000252,-0.000173,-0.000203,-0.000216,-0.000166,-0.000053,0.000059,0.000202,0.000262,0.000076,-0.000105,-0.000195,-0.000107,0.000132,0.000215,0.000194,0.000228,0.000319,0.000238,0.000053,0.000074,-0.000027,-0.000105,-0.000001,0.000026,0.000038,-0.000019,-0.000010,0.000030,-0.000118,-0.000203,-0.000215,-0.000177,-0.000049,-0.000020,0.000058,0.000131,0.000170,
0.002279,0.000613,-0.005377,-0.007188,-0.006026,-0.005503,-0.006608,-0.007030,-0.005760,-0.003397,-0.001488,-0.000525,0.000523,0.000814,-0.000177,-0.001245,-0.001627,-0.000992,0.000195,0.000458,-0.000188,-0.000879,-0.001425,-0.001858,-0.002078,-0.002051,-0.001894,-0.001522,-0.001026,-0.000708,-0.000519,-0.000229,-0.000009,0.000070,0.000225,0.000411,0.000448,0.000360,0.000183,-0.000105,-0.000345,-0.000393,-0.000255,-0.000236,-0.000298,-0.000242,-0.000133,-0.000259,-0.000325,-0.000284,-0.000347,-0.000344,-0.000199,-0.000056,-0.000060,-0.000336,-0.000672,-0.000835,-0.000373,0.000628,0.001014,0.000377,-0.000073,0.000495,0.001102,0.000899,0.000600,0.000712,0.000723,0.000444,-0.000010,-0.000164,0.000038,0.000182,0.000216,0.000239,0.000098,-0.000276,-0.000579,-0.000531,-0.000270,-0.000023,0.000146,0.000629,0.001448,0.002088,0.001690,-0.000002,-0.001468,-0.001722,-0.001382,-0.000890,-0.000227,-0.000075,-0.000342,-0.000311,-0.000081,0.000039,0.000094,0.000058,-0.000028,-0.000038,-0.000130,-0.000233,-0.000121,0.000016,0.000079,0.000107,0.000120,0.000145,0.000182,0.000249,0.000206,0.000153,0.000123,0.000022,-0.000074,-0.000095,-0.000114,-0.000012,0.000040,0.000089,0.000137,0.000163,0.000140,0.000119,0.000106,0.000016,0.000004,0.000019,-0.000016,-0.000042,0.000040,0.000045,0.000032,0.000142,0.000188,0.000207,0.023447,0.014733,0.011982,0.010819,0.008913,0.005717,0.002051,0.000307,0.001415,0.003676,0.004431,0.003758,0.002737,0.001141,-0.000016,0.000026,0.000894,0.001664,0.001724,0.001288,0.000899,0.000359,-0.000428,-0.000798,-0.000437,0.000225,0.000712,0.000611,0.000102,-0.000277,-0.000176,0.000075,0.000018,-0.000207,-0.000133,0.000104,0.000070,-0.000312,-0.001255,-0.002114,-0.002077,-0.001385,-0.000888,-0.000644,-0.000249,0.000001,-0.000164,-0.000389,-0.000338,-0.000300,-0.000230,-0.000051,0.000035,-0.000014,-0.000080,-0.000049,0.000038,0.000372,0.000864,0.000817,0.000678,0.001454,0.002428,0.002302,0.001222,0.000426,0.000347,0.000322,0.000064,-0.000158,-0.000162,-0.000111,-0.000253,-0.000464,-0.000602,-0.000489,-0.000221,0.000152,0.000507,0.000451,0.000067,-0.000173,-0.000050,0.000164,0.000187,-0.000213,-0.000987,-0.001717,-0.001726,-0.001323,-0.001004,-0.000408,0.000048,0.000046,0.000112,0.000299,0.000295,0.000035,-0.000204,-0.000313,-0.000361,-0.000377,-0.000348,-0.000266,-0.000077,0.000095,0.000135,0.000117,0.000089,0.000026,0.000024,0.000002,0.000082,0.000220,0.000110,0.000037,0.000177,0.000252,0.000045,-0.000102,-0.000035,-0.000008,-0.000027,-0.000006,0.000021,0.000061,0.000130,0.000074,-0.000012,-0.000130,-0.000262,-0.000286,-0.000239,-0.000108,0.000151,0.000329,0.000371,0.000285,
0.002219,0.000423,-0.005482,-0.007201,-0.006054,-0.005513,-0.006607,-0.006990,-0.005561,-0.003192,-0.001489,-0.000738,0.000216,0.000631,-0.000248,-0.001382,-0.001791,-0.001015,0.000208,0.000511,-0.000137,-0.000950,-0.001422,-0.001699,-0.001889,-0.001920,-0.001817,-0.001462,-0.000946,-0.000520,-0.000283,-0.000217,-0.000154,0.000054,0.000281,0.000540,0.000623,0.000399,0.000167,-0.000004,-0.000260,-0.000343,-0.000339,-0.000271,-0.000283,-0.000258,-0.000126,-0.000213,-0.000389,-0.000340,-0.000305,-0.000345,-0.000182,-0.000051,-0.000008,-0.000124,-0.000586,-0.000800,-0.000318,0.000636,0.001086,0.000534,0.000014,0.000327,0.000714,0.000533,0.000292,0.000492,0.000613,0.000277,-0.000166,-0.000225,-0.000071,0.000022,-0.000091,-0.000181,-0.000120,-0.000284,-0.000471,-0.000466,-0.000281,-0.000002,0.000311,0.000749,0.001416,0.002123,0.001787,0.000037,-0.001508,-0.001803,-0.001393,-0.000760,-0.000213,-0.000072,-0.000254,-0.000294,-0.000167,-0.000135,-0.000077,0.000028,0.000043,-0.000018,-0.000080,-0.000162,-0.000124,-0.000076,-0.000077,-0.000011,0.000064,0.000155,0.000236,0.000184,0.000107,0.000079,-0.000000,-0.000074,-0.000204,-0.000253,-0.000196,-0.000083,0.000071,0.000090,0.000080,0.000153,0.000259,0.000281,0.000227,0.000025,-0.000000,0.000078,0.000084,0.000092,0.000117,0.000103,0.000062,0.000068,0.000143,0.000242,0.023714,0.014993,0.012207,0.010977,0.009066,0.005747,0.001824,0.000035,0.001220,0.003475,0.004331,0.003811,0.002822,0.001189,0.000006,0.000032,0.000808,0.001548,0.001611,0.001191,0.000886,0.000403,-0.000354,-0.000756,-0.000465,0.000228,0.000702,0.000598,0.000153,-0.000274,-0.000280,0.000043,-0.000046,-0.000254,-0.000009,0.000161,0.000027,-0.000499,-0.001333,-0.002089,-0.002113,-0.001357,-0.000754,-0.000573,-0.000252,0.000057,-0.000039,-0.000302,-0.000418,-0.000441,-0.000290,-0.000132,-0.000111,-0.000109,-0.000109,-0.000040,0.000100,0.000491,0.000955,0.000843,0.000604,0.001320,0.002052,0.001688,0.000697,0.000138,0.000107,0.000183,0.000063,-0.000213,-0.000344,-0.000293,-0.000201,-0.000357,-0.000533,-0.000506,-0.000215,0.000161,0.000411,0.000429,0.000132,-0.000058,0.000067,0.000316,0.000285,-0.000280,-0.001245,-0.001881,-0.001646,-0.001088,-0.000785,-0.000377,-0.000079,-0.000049,0.000112,0.000333,0.000333,0.000071,-0.000145,-0.000233,-0.000247,-0.000216,-0.000213,-0.000152,-0.000036,-0.000005,0.000009,0.000093,0.000145,0.000164,0.000134,0.000036,0.000039,0.000141,0.000244,0.000249,0.000270,0.000244,0.000101,0.000027,0.000051,-0.000065,-0.000172,-0.000047,0.000073,0.000020,0.000117,0.000104,-0.000043,-0.000114,-0.000120,-0.000068,-0.000065,-0.000018,0.000078,0.000248,0.000303,0.000083,
0.002028,0.000179,-0.005481,-0.007070,-0.005993,-0.005556,-0.006648,-0.006988,-0.005644,-0.003315,-0.001534,-0.000603,0.000341,0.000639,-0.000231,-0.001294,-0.001598,-0.000859,0.000312,0.000487,-0.000308,-0.001048,-0.001469,-0.001805,-0.002002,-0.001975,-0.001926,-0.001625,-0.000969,-0.000519,-0.000289,-0.000105,-0.000098,-0.000086,0.000201,0.000517,0.000481,0.000212,-0.000001,-0.000192,-0.000280,-0.000306,-0.000226,-0.000157,-0.000271,-0.000233,-0.000090,-0.000156,-0.000275,-0.000321,-0.000368,-0.000403,-0.000279,-0.000101,-0.000091,-0.000225,-0.000622,-0.000828,-0.000285,0.000635,0.000797,0.000118,-0.000176,0.000454,0.000872,0.000516,0.000209,0.000337,0.000333,0.000160,-0.000050,-0.000158,-0.000095,0.000069,0.000124,0.000092,-0.000062,-0.000395,-0.000586,-0.000465,-0.000153,0.000143,0.000354,0.000815,0.001542,0.002074,0.001642,-0.000042,-0.001546,-0.001837,-0.001381,-0.000748,-0.000326,-0.000267,-0.000268,-0.000186,-0.000025,0.000084,0.000026,0.000031,0.000035,-0.000128,-0.000212,-0.000116,0.000018,0.000061,0.000034,0.000101,0.000202,0.000184,0.000210,0.000262,0.000278,0.000178,0.000133,0.000086,-0.000013,-0.000112,-0.000134,-0.000067,-0.000038,0.000058,0.000172,0.000232,0.000210,0.000149,0.000124,0.000085,0.000094,0.000100,0.000014,-0.000028,-0.000035,-0.000089,-0.000097,0.000047,0.000154,0.000212,0.023863,0.015283,0.012456,0.011007,0.008870,0.005563,0.001779,-0.000023,0.001154,0.003540,0.004269,0.003655,0.002740,0.001185,0.000063,0.000107,0.000785,0.001479,0.001628,0.001274,0.000838,0.000339,-0.000313,-0.000696,-0.000453,0.000195,0.000695,0.000730,0.000357,-0.000156,-0.000404,-0.000243,-0.000194,-0.000340,-0.000181,0.000067,0.000017,-0.000396,-0.001243,-0.002144,-0.002028,-0.001261,-0.000832,-0.000614,-0.000291,-0.000006,-0.000071,-0.000382,-0.000381,-0.000244,-0.000247,-0.000179,-0.000129,-0.000126,-0.000127,-0.000111,0.000022,0.000433,0.000804,0.000751,0.000701,0.001520,0.002379,0.001926,0.000625,-0.000016,0.000037,0.000171,0.000203,0.000076,-0.000113,-0.000246,-0.000324,-0.000480,-0.000678,-0.000568,-0.000194,0.000168,0.000413,0.000457,0.000202,-0.000039,-0.000002,0.000174,0.000221,-0.000246,-0.001085,-0.001740,-0.001654,-0.001155,-0.000867,-0.000425,-0.000127,-0.000101,0.000100,0.000373,0.000343,0.000041,-0.000179,-0.000249,-0.000256,-0.000212,-0.000140,-0.000098,-0.000122,-0.000144,0.000005,0.000166,0.000184,0.000166,0.000146,0.000152,0.000194,0.000222,0.000252,0.000265,0.000336,0.000443,0.000364,0.000222,0.000024,-0.000207,-0.000182,-0.000046,-0.000055,0.000006,0.000083,0.000074,-0.000043,-0.000243,-0.000275,-0.000176,-0.000161,-0.000054,0.000125,0.000219,0.000311,0.000277,
0.001758,-0.000345,-0.005851,-0.007086,-0.005788,-0.005259,-0.006281,-0.006689,-0.005433,-0.003205,-0.001510,-0.000655,0.000334,0.000576,-0.000285,-0.001304,-0.001674,-0.000900,0.000363,0.000692,-0.000052,-0.000970,-0.001507,-0.001812,-0.001906,-0.001778,-0.001623,-0.001316,-0.000755,-0.000368,-0.000362,-0.000330,-0.000033,0.000176,0.000383,0.000580,0.000516,0.000260,0.000111,-0.000037,-0.000306,-0.000466,-0.000356,-0.000246,-0.000301,-0.000241,-0.000103,-0.000167,-0.000360,-0.000393,-0.000319,-0.000321,-0.000181,0.000024,0.000027,-0.000276,-0.000751,-0.000875,-0.000376,0.000534,0.000974,0.000264,-0.000290,0.000416,0.001100,0.000936,0.000582,0.000526,0.000546,0.000333,0.000012,-0.000105,-0.000067,-0.000035,-0.000025,-0.000019,-0.000062,-0.000285,-0.000491,-0.000411,-0.000176,-0.000035,0.000148,0.000546,0.001320,0.002014,0.001528,-0.000116,-0.001588,-0.001904,-0.001452,-0.000800,-0.000215,-0.000106,-0.000391,-0.000465,-0.000241,-0.000020,0.000113,0.000073,0.000014,-0.000081,-0.000271,-0.000229,0.000022,0.000082,0.000021,0.000084,0.000095,0.000100,0.000218,0.000270,0.000192,0.000143,0.000173,0.000126,0.000002,-0.000154,-0.000237,-0.000083,0.000073,0.000066,-0.000025,0.000025,0.000212,0.000251,0.000149,-0.000031,-0.000057,0.000064,0.000126,0.000097,0.000026,-0.000058,-0.000133,-0.000012,0.000205,0.000320,0.023914,0.015659,0.012891,0.011274,0.008959,0.005556,0.001705,-0.000062,0.001189,0.003459,0.004242,0.003627,0.002768,0.001323,0.000075,-0.000126,0.000496,0.001320,0.001571,0.001082,0.000701,0.000271,-0.000461,-0.000803,-0.000427,0.000230,0.000716,0.000760,0.000331,-0.000231,-0.000432,-0.000319,-0.000195,-0.000169,-0.000046,0.000167,0.000160,-0.000320,-0.001297,-0.002127,-0.002058,-0.001360,-0.000845,-0.000574,-0.000271,-0.000051,-0.000190,-0.000297,-0.000224,-0.000261,-0.000342,-0.000288,-0.000128,0.000014,0.000093,0.000044,0.000096,0.000464,0.000847,0.000730,0.000518,0.001177,0.002063,0.001742,0.000475,-0.000358,-0.000392,-0.000136,-0.000086,-0.000246,-0.000228,-0.000237,-0.000285,-0.000423,-0.000502,-0.000355,-0.000102,0.000259,0.000438,0.000398,0.000155,-0.000073,-0.000048,0.000131,0.000196,-0.000310,-0.001237,-0.001774,-0.001534,-0.001096,-0.000899,-0.000564,-0.000215,-0.000087,0.000147,0.000395,0.000364,0.000167,-0.000014,-0.000171,-0.000246,-0.000209,-0.000149,-0.000057,0.000018,0.000039,0.000100,0.000216,0.000276,0.000170,-0.000035,-0.000069,0.000084,0.000124,0.000017,0.000029,0.000203,0.000260,0.000184,0.000137,0.000059,-0.000086,-0.000114,-0.000064,0.000054,0.000110,0.000137,0.000174,0.000054,-0.000119,-0.000250,-0.000313,-0.000257,-0.000087,0.000132,0.000243,0.000185,0.000095,
0.001745,-0.000616,-0.006126,-0.007183,-0.005782,-0.005294,-0.006290,-0.006477,-0.005265,-0.003222,-0.001529,-0.000688,0.000250,0.000589,-0.000298,-0.001364,-0.001704,-0.000945,0.000291,0.000537,-0.000151,-0.000907,-0.001450,-0.001817,-0.001994,-0.002006,-0.001892,-0.001647,-0.001142,-0.000605,-0.000297,-0.000180,-0.000059,0.000081,0.000338,0.000616,0.000627,0.000441,0.000178,-0.000148,-0.000357,-0.000449,-0.000345,-0.000189,-0.000272,-0.000267,-0.000091,-0.000113,-0.000245,-0.000222,-0.000256,-0.000349,-0.000341,-0.000184,-0.000097,-0.000297,-0.000682,-0.000867,-0.000372,0.000641,0.001151,0.000664,0.000366,0.000638,0.000566,0.000197,0.000247,0.000650,0.000770,0.000381,-0.000013,-0.000156,-0.000127,0.000026,0.000024,-0.000008,-0.000025,-0.000271,-0.000430,-0.000393,-0.000273,-0.000043,0.000310,0.000766,0.001394,0.002032,0.001617,-0.000130,-0.001547,-0.001708,-0.001277,-0.000740,-0.000317,-0.000256,-0.000414,-0.000431,-0.000351,-0.000253,-0.000098,0.000018,-0.000046,-0.000237,-0.000266,-0.000058,0.000102,0.000157,0.000241,0.000282,0.000252,0.000208,0.000208,0.000250,0.000183,0.000138,0.000189,0.000100,-0.000098,-0.000203,-0.000157,-0.000091,-0.000066,-0.000034,0.000027,0.000104,0.000128,0.000089,-0.000016,-0.000069,-0.000065,0.000012,0.000136,0.000168,0.000067,0.000025,0.000177,0.000201,0.000205,0.000230,0.024189,0.016200,0.013409,0.011441,0.008917,0.005407,0.001420,-0.000286,0.001076,0.003438,0.004264,0.003661,0.002721,0.001188,0.000015,-0.000016,0.000672,0.001433,0.001632,0.001232,0.000795,0.000320,-0.000344,-0.000651,-0.000461,0.000245,0.000827,0.000764,0.000372,-0.000100,-0.000243,-0.000002,-0.000028,-0.000144,-0.000000,0.000234,0.000212,-0.000304,-0.001284,-0.002113,-0.002075,-0.001393,-0.000813,-0.000473,-0.000102,0.000129,-0.000006,-0.000277,-0.000306,-0.000222,-0.000102,-0.000026,-0.000055,-0.000041,-0.000066,-0.000123,0.000020,0.000424,0.000834,0.000763,0.000765,0.001421,0.001971,0.001570,0.000771,0.000340,0.000153,0.000092,-0.000131,-0.000481,-0.000509,-0.000348,-0.000261,-0.000351,-0.000361,-0.000305,-0.000181,0.000147,0.000391,0.000396,0.000173,-0.000062,-0.000058,0.000218,0.000218,-0.000324,-0.001185,-0.001725,-0.001621,-0.001262,-0.001032,-0.000577,-0.000148,-0.000027,0.000169,0.000279,0.000073,-0.000088,-0.000174,-0.000328,-0.000391,-0.000347,-0.000360,-0.000256,-0.000090,0.000026,0.000123,0.000174,0.000187,0.000175,0.000003,-0.000098,0.000085,0.000203,0.000249,0.000238,0.000191,0.000236,0.000114,0.000088,0.000092,-0.000011,-0.000109,-0.000108,-0.000038,0.000014,0.000023,0.000026,-0.000097,-0.000238,-0.000257,-0.000215,-0.000193,-0.000152,0.000004,0.000149,0.000170,0.000044,
0.000720,-0.001558,-0.006757,-0.007449,-0.005972,-0.005351,-0.006187,-0.006475,-0.005297,-0.003138,-0.001457,-0.000676,0.000278,0.000680,-0.000166,-0.001257,-0.001688,-0.001035,0.000265,0.000618,-0.000173,-0.001090,-0.001564,-0.001727,-0.001831,-0.001825,-0.001781,-0.001649,-0.001169,-0.000677,-0.000542,-0.000465,-0.000260,-0.000013,0.000246,0.000498,0.000543,0.000334,0.000130,-0.000144,-0.000407,-0.000513,-0.000403,-0.000187,-0.000097,-0.000000,0.000049,-0.000062,-0.000190,-0.000190,-0.000212,-0.000237,-0.000234,-0.000112,-0.000037,-0.000303,-0.000751,-0.000960,-0.000473,0.000529,0.000854,0.000181,-0.000090,0.000532,0.000966,0.000711,0.000487,0.000594,0.000616,0.000308,-0.000095,-0.000228,-0.000096,0.000076,0.000159,0.000190,0.000119,-0.000216,-0.000465,-0.000395,-0.000205,0.000105,0.000413,0.000758,0.001517,0.002140,0.001602,-0.000089,-0.001561,-0.001868,-0.001448,-0.000811,-0.000287,-0.000224,-0.000474,-0.000429,-0.000013,0.000230,0.000196,0.000109,-0.000002,-0.000203,-0.000240,-0.000077,0.000031,0.000038,0.000014,0.000040,0.000085,0.000131,0.000157,0.000184,0.000149,0.000059,0.000066,0.000037,-0.000025,-0.000055,-0.000079,-0.000043,0.000048,0.000083,0.000009,0.000027,0.000143,0.000180,0.000139,0.000084,0.000092,0.000168,0.000119,-0.000050,-0.000114,-0.000018,0.000139,0.000207,0.000258,0.000390,0.024406,0.016549,0.013899,0.011746,0.008885,0.005187,0.001259,-0.000364,0.001123,0.003499,0.004204,0.003524,0.002665,0.001322,0.000130,-0.000056,0.000553,0.001395,0.001653,0.001268,0.000880,0.000408,-0.000297,-0.000674,-0.000418,0.000253,0.000752,0.000688,0.000239,-0.000200,-0.000282,0.000042,0.000170,-0.000036,-0.000002,0.000151,0.000123,-0.000329,-0.001205,-0.002078,-0.002095,-0.001363,-0.000811,-0.000468,-0.000102,0.000097,-0.000064,-0.000326,-0.000376,-0.000289,-0.000224,-0.000077,0.000065,-0.000006,-0.000105,0.000008,0.000175,0.000465,0.000819,0.000698,0.000586,0.001320,0.002065,0.001540,0.000376,-0.000118,0.000047,0.000075,-0.000173,-0.000482,-0.000484,-0.000285,-0.000147,-0.000221,-0.000307,-0.000221,-0.000083,0.000264,0.000485,0.000283,0.000017,-0.000103,-0.000059,0.000171,0.000249,-0.000279,-0.001106,-0.001717,-0.001624,-0.001237,-0.000977,-0.000449,-0.000000,0.000069,0.000142,0.000284,0.000237,0.000023,-0.000159,-0.000260,-0.000324,-0.000360,-0.000265,-0.000123,-0.000099,-0.000029,0.000068,0.000132,0.000193,0.000110,0.000062,0.000079,0.000124,0.000167,0.000237,0.000286,0.000258,0.000257,0.000262,0.000253,0.000152,0.000045,-0.000074,-0.000076,0.000100,0.000136,0.000019,-0.000029,-0.000072,-0.000195,-0.000226,-0.000140,-0.000099,-0.000075,-0.000098,0.000005,0.000153,0.000153,
-0.000331,-0.002783,-0.007729,-0.008029,-0.006237,-0.005608,-0.006322,-0.006306,-0.005137,-0.003203,-0.001653,-0.000910,0.000099,0.000558,-0.000288,-0.001339,-0.001631,-0.000882,0.000333,0.000589,-0.000133,-0.000909,-0.001441,-0.001789,-0.001919,-0.001920,-0.001825,-0.001684,-0.001328,-0.000731,-0.000266,0.000002,0.000213,0.000479,0.000562,0.000509,0.000418,0.000250,0.000126,-0.000046,-0.000294,-0.000282,-0.000225,-0.000245,-0.000228,-0.000078,-0.000062,-0.000273,-0.000341,-0.000284,-0.000244,-0.000269,-0.000339,-0.000207,-0.000064,-0.000309,-0.000790,-0.000958,-0.000374,0.000636,0.000918,0.000289,0.000005,0.000656,0.001154,0.000871,0.000610,0.000830,0.000853,0.000374,-0.000129,-0.000266,-0.000126,0.000087,0.000201,0.000238,0.000130,-0.000213,-0.000508,-0.000525,-0.000284,-0.000072,0.000141,0.000676,0.001585,0.002283,0.001780,-0.000038,-0.001640,-0.001812,-0.001301,-0.000805,-0.000317,-0.000193,-0.000390,-0.000420,-0.000198,0.000015,0.000035,0.000006,0.000036,-0.000028,-0.000136,-0.000133,-0.000028,0.000022,0.000012,0.000049,0.000111,0.000172,0.000319,0.000361,0.000229,0.000160,0.000114,0.000087,-0.000001,-0.000072,-0.000015,-0.000027,0.000013,0.000069,0.000097,0.000152,0.000215,0.000214,0.000172,0.000128,0.000107,0.000120,0.000094,-0.000007,-0.000075,0.000016,0.000116,0.000130,0.000201,0.000206,0.024519,0.016868,0.014074,0.011697,0.008653,0.004891,0.000936,-0.000692,0.000873,0.003316,0.004053,0.003513,0.002706,0.001311,0.000134,-0.000108,0.000436,0.001320,0.001669,0.001267,0.000790,0.000262,-0.000467,-0.000737,-0.000365,0.000252,0.000747,0.000790,0.000300,-0.000088,-0.000020,0.000380,0.000511,0.000090,-0.000171,-0.000103,-0.000049,-0.000358,-0.001222,-0.002023,-0.001979,-0.001285,-0.000728,-0.000369,-0.000071,0.000085,-0.000099,-0.000461,-0.000550,-0.000396,-0.000225,-0.000034,0.000088,0.000005,-0.000094,-0.000017,0.000114,0.000559,0.000987,0.000737,0.000544,0.001391,0.002343,0.001962,0.000846,0.000250,0.000180,0.000220,0.000050,-0.000196,-0.000279,-0.000223,-0.000212,-0.000330,-0.000496,-0.000556,-0.000298,0.000166,0.000493,0.000428,0.000020,-0.000213,-0.000042,0.000184,0.000050,-0.000357,-0.001086,-0.001735,-0.001675,-0.001346,-0.001025,-0.000473,-0.000118,-0.000044,0.000120,0.000233,0.000101,-0.000086,-0.000277,-0.000392,-0.000343,-0.000284,-0.000341,-0.000299,-0.000232,-0.000070,0.000133,0.000158,0.000155,0.000207,0.000245,0.000072,-0.000112,0.000098,0.000248,0.000166,0.000180,0.000183,0.000164,0.000119,0.000067,0.000001,-0.000026,0.000022,0.000057,0.000148,0.000189,0.000091,-0.000075,-0.000162,-0.000212,-0.000238,-0.000194,-0.000130,-0.000042,0.000142,0.000245,0.000185,
-0.000722,-0.003559,-0.008329,-0.008208,-0.006180,-0.005447,-0.006124,-0.006160,-0.005008,-0.003153,-0.001709,-0.000964,-0.000100,0.000348,-0.000292,-0.001274,-0.001613,-0.000906,0.000291,0.000662,0.000031,-0.000903,-0.001508,-0.001822,-0.001829,-0.001649,-0.001641,-0.001525,-0.001069,-0.000535,-0.000307,-0.000274,-0.000161,0.000142,0.000470,0.000653,0.000617,0.000368,0.000065,-0.000127,-0.000344,-0.000438,-0.000320,-0.000257,-0.000271,-0.000178,0.000038,0.000101,-0.000080,-0.000210,-0.000241,-0.000278,-0.000202,-0.000057,-0.000013,-0.000121,-0.000566,-0.000768,-0.000259,0.000766,0.001201,0.000390,-0.000271,0.000202,0.000719,0.000502,0.000362,0.000619,0.000662,0.000402,0.000030,-0.000132,-0.000064,0.000007,-0.000016,0.000004,0.000044,-0.000153,-0.000445,-0.000422,-0.000182,0.000040,0.000330,0.000786,0.001513,0.002134,0.001687,-0.000008,-0.001554,-0.001863,-0.001426,-0.000836,-0.000335,-0.000248,-0.000374,-0.000368,-0.000261,-0.000133,-0.000074,0.000026,0.000089,0.000055,0.000064,0.000093,0.000057,0.000009,0.000045,0.000099,0.000259,0.000299,0.000283,0.000333,0.000262,0.000152,0.000158,0.000091,-0.000098,-0.000269,-0.000295,-0.000182,-0.000045,0.000018,0.000039,0.000188,0.000305,0.000181,0.000028,0.000000,0.000016,-0.000017,0.000033,0.000115,0.000013,-0.000039,0.000068,0.000115,0.000150,0.000173,0.024628,0.016919,0.014164,0.011682,0.008506,0.004664,0.000829,-0.000712,0.000811,0.003361,0.004177,0.003539,0.002639,0.001241,0.000116,-0.000066,0.000440,0.001177,0.001545,0.001289,0.000813,0.000123,-0.000682,-0.000905,-0.000469,0.000294,0.000711,0.000596,0.000181,-0.000180,-0.000238,-0.000091,-0.000070,-0.000225,-0.000124,0.000048,-0.000053,-0.000499,-0.001309,-0.002122,-0.002119,-0.001292,-0.000696,-0.000491,-0.000132,0.000124,-0.000071,-0.000344,-0.000402,-0.000374,-0.000179,0.000061,0.000066,-0.000002,-0.000129,-0.000156,0.000091,0.000555,0.000932,0.000736,0.000576,0.001282,0.002164,0.002047,0.001205,0.000523,0.000223,0.000150,-0.000063,-0.000362,-0.000335,-0.000163,-0.000120,-0.000264,-0.000408,-0.000305,-0.000046,0.000248,0.000321,0.000197,0.000075,0.000011,0.000105,0.000277,0.000169,-0.000387,-0.001150,-0.001753,-0.001658,-0.001203,-0.000831,-0.000377,-0.000030,-0.000017,0.000035,0.000190,0.000106,-0.000034,-0.000052,-0.000128,-0.000270,-0.000358,-0.000276,-0.000111,-0.000096,-0.000024,0.000187,0.000233,0.000199,0.000126,-0.000038,-0.000052,0.000075,0.000136,0.000104,0.000065,0.000179,0.000260,0.000227,0.000135,0.000072,-0.000060,-0.000129,-0.000067,0.000053,0.000130,0.000137,0.000075,0.000013,-0.000036,-0.000172,-0.000219,-0.000208,-0.000105,0.000049,0.000207,0.000335,0.000330,
-0.001306,-0.004081,-0.008697,-0.008504,-0.006401,-0.005636,-0.006155,-0.005999,-0.004852,-0.003045,-0.001564,-0.000867,0.000003,0.000377,-0.000239,-0.001062,-0.001444,-0.000822,0.000302,0.000589,-0.000038,-0.000874,-0.001468,-0.001783,-0.001829,-0.001730,-0.001700,-0.001526,-0.001015,-0.000546,-0.000453,-0.000308,-0.000040,0.000077,0.000271,0.000482,0.000486,0.000307,0.000134,-0.000032,-0.000329,-0.000539,-0.000381,-0.000236,-0.000253,-0.000165,-0.000032,-0.000039,-0.000216,-0.000336,-0.000337,-0.000335,-0.000260,-0.000124,-0.000119,-0.000308,-0.000636,-0.000784,-0.000249,0.000782,0.001161,0.000463,0.000190,0.000774,0.001081,0.000777,0.000357,0.000440,0.000601,0.000320,-0.000122,-0.000264,-0.000037,0.000193,0.000131,-0.000062,-0.000141,-0.000301,-0.000518,-0.000421,-0.000211,0.000019,0.000274,0.000709,0.001523,0.002191,0.001726,-0.000097,-0.001650,-0.001798,-0.001353,-0.000803,-0.000197,-0.000195,-0.000483,-0.000454,-0.000209,-0.000010,0.000042,-0.000073,-0.000065,0.000015,-0.000014,0.000065,0.000101,0.000084,0.000077,0.000089,0.000108,0.000148,0.000251,0.000380,0.000333,0.000117,0.000113,0.000152,-0.000066,-0.000139,-0.000071,-0.000072,-0.000066,0.000002,0.000190,0.000247,0.000186,0.000138,-0.000034,-0.000053,0.000041,0.000050,0.000046,-0.000007,-0.000090,-0.000063,0.000009,0.000141,0.000220,0.000309,0.024547,0.016960,0.014231,0.011732,0.008403,0.004473,0.000516,-0.000935,0.000787,0.003257,0.004024,0.003366,0.002607,0.001281,0.000018,-0.000234,0.000242,0.000917,0.001302,0.001202,0.000856,0.000300,-0.000525,-0.000831,-0.000439,0.000201,0.000652,0.000608,0.000243,-0.000133,-0.000271,-0.000129,-0.000110,-0.000295,-0.000219,-0.000068,-0.000140,-0.000599,-0.001436,-0.002136,-0.002080,-0.001359,-0.000716,-0.000453,-0.000204,0.000112,0.000057,-0.000331,-0.000497,-0.000427,-0.000321,-0.000164,-0.000089,-0.000014,0.000049,0.000010,0.000101,0.000461,0.000841,0.000756,0.000786,0.001608,0.002247,0.001645,0.000481,-0.000024,0.000074,0.000230,0.000139,-0.000118,-0.000195,-0.000134,-0.000244,-0.000488,-0.000568,-0.000498,-0.000286,0.000116,0.000402,0.000482,0.000253,-0.000006,-0.000008,0.000100,0.000088,-0.000366,-0.001220,-0.001829,-0.001697,-0.001235,-0.000811,-0.000330,-0.000030,0.000014,0.000087,0.000244,0.000219,0.000067,-0.000091,-0.000140,-0.000190,-0.000139,-0.000140,-0.000098,0.000039,0.000080,0.000184,0.000224,0.000111,0.000122,0.000108,0.000006,0.000046,0.000087,0.000097,0.000242,0.000308,0.000217,0.000143,0.000047,0.000012,0.000002,-0.000127,-0.000079,-0.000002,-0.000028,0.000107,0.000121,-0.000019,-0.000182,-0.000218,-0.000077,-0.000136,-0.000157,-0.000019,0.000139,0.000142,0.000045,
-0.001201,-0.004266,-0.008876,-0.008463,-0.006279,-0.005442,-0.005996,-0.005858,-0.004610,-0.002815,-0.001568,-0.001024,-0.000178,0.000276,-0.000371,-0.001267,-0.001447,-0.000736,0.000402,0.000714,0.000076,-0.000823,-0.001437,-0.001735,-0.001841,-0.001686,-0.001487,-0.001247,-0.000843,-0.000454,-0.000351,-0.000250,-0.000042,0.000072,0.000346,0.000643,0.000524,0.000169,-0.000002,-0.000058,-0.000242,-0.000456,-0.000477,-0.000321,-0.000324,-0.000301,-0.000049,0.000066,-0.000132,-0.000381,-0.000478,-0.000471,-0.000299,-0.000164,-0.000148,-0.000254,-0.000638,-0.000832,-0.000323,0.000576,0.000761,0.000045,-0.000364,0.000278,0.000864,0.000555,0.000036,0.000106,0.000441,0.000336,-0.000029,-0.000136,-0.000090,-0.000025,0.000007,0.000101,0.000023,-0.000352,-0.000465,-0.000287,-0.000129,-0.000006,0.000218,0.000638,0.001479,0.002166,0.001649,-0.000087,-0.001561,-0.001763,-0.001305,-0.000648,-0.000074,-0.000131,-0.000466,-0.000384,-0.000080,0.000065,0.000094,0.000144,0.000100,-0.000054,-0.000093,-0.000054,-0.000073,-0.000025,-0.000004,-0.000056,-0.000009,0.000102,0.000277,0.000274,0.000227,0.000271,0.000270,0.000122,-0.000076,-0.000190,-0.000191,-0.000007,0.000246,0.000269,0.000079,0.000053,0.000183,0.000184,0.000050,-0.000025,-0.000010,0.000004,0.000034,-0.000009,-0.000144,-0.000153,0.000017,0.000217,0.000291,0.000259,0.024368,0.016901,0.014323,0.011705,0.008286,0.004319,0.000499,-0.000877,0.000798,0.003262,0.003902,0.003279,0.002586,0.001242,-0.000017,-0.000184,0.000395,0.001116,0.001353,0.001139,0.000872,0.000294,-0.000489,-0.000817,-0.000529,0.000135,0.000625,0.000502,0.000057,-0.000267,-0.000217,0.000032,0.000067,0.000037,0.000123,0.000194,0.000066,-0.000405,-0.001163,-0.001935,-0.001998,-0.001380,-0.000861,-0.000535,-0.000049,0.000210,-0.000060,-0.000364,-0.000461,-0.000412,-0.000307,-0.000186,-0.000013,0.000077,-0.000044,-0.000090,-0.000023,0.000399,0.000919,0.000764,0.000513,0.001228,0.002155,0.001872,0.000667,-0.000183,-0.000263,-0.000051,-0.000133,-0.000285,-0.000326,-0.000352,-0.000342,-0.000386,-0.000405,-0.000298,-0.000057,0.000259,0.000420,0.000274,0.000040,-0.000045,0.000063,0.000271,0.000248,-0.000340,-0.001250,-0.001735,-0.001527,-0.001073,-0.000726,-0.000281,0.000021,0.000048,0.000148,0.000416,0.000440,0.000149,-0.000011,-0.000158,-0.000292,-0.000254,-0.000111,-0.000010,-0.000070,-0.000122,-0.000012,0.000188,0.000166,0.000070,0.000108,0.000086,0.000021,0.000077,0.000111,0.000154,0.000272,0.000182,0.000053,0.000037,0.000050,-0.000010,-0.000121,-0.000076,-0.000037,-0.000050,0.000061,0.000167,0.000107,-0.000088,-0.000274,-0.000256,-0.000154,-0.000063,0.000061,0.000106,0.000057,0.000004,
-0.001723,-0.004906,-0.009203,-0.008400,-0.006094,-0.005280,-0.005763,-0.005685,-0.004687,-0.002913,-0.001384,-0.000843,-0.000218,0.000115,-0.000466,-0.001132,-0.001363,-0.000869,0.000161,0.000530,-0.000052,-0.000913,-0.001482,-0.001768,-0.001768,-0.001509,-0.001404,-0.001327,-0.000952,-0.000588,-0.000494,-0.000380,-0.000253,-0.000003,0.000447,0.000740,0.000638,0.000394,0.000187,-0.000104,-0.000358,-0.000449,-0.000324,-0.000151,-0.000108,-0.000056,0.000061,0.000063,-0.000120,-0.000248,-0.000264,-0.000361,-0.000261,-0.000113,-0.000160,-0.000361,-0.000765,-0.000970,-0.000431,0.000594,0.000974,0.000362,0.000081,0.000544,0.000905,0.000797,0.000528,0.000511,0.000550,0.000268,-0.000112,-0.000266,-0.000216,-0.000099,-0.000067,-0.000030,-0.000085,-0.000315,-0.000413,-0.000334,0.000009,0.000345,0.000551,0.000854,0.001475,0.002118,0.001684,-0.000068,-0.001637,-0.001964,-0.001432,-0.000792,-0.000306,-0.000164,-0.000325,-0.000313,-0.000240,-0.000094,0.000065,0.000077,0.000118,0.000051,-0.000112,-0.000137,-0.000002,0.000034,0.000005,0.000119,0.000183,0.000137,0.000239,0.000291,0.000271,0.000185,0.000151,0.000148,-0.000036,-0.000109,0.000011,0.000015,-0.000052,0.000053,0.000121,0.000183,0.000314,0.000284,0.000088,-0.000012,0.000033,0.000036,0.000132,0.000133,-0.000051,-0.000187,-0.000037,0.000132,0.000123,0.000140,0.024363,0.016933,0.014265,0.011560,0.008067,0.004057,0.000238,-0.001186,0.000555,0.003125,0.003874,0.003226,0.002357,0.001169,0.000112,-0.000217,0.000193,0.000873,0.001185,0.001051,0.000805,0.000280,-0.000431,-0.000643,-0.000412,0.000160,0.000641,0.000610,0.000285,-0.000129,-0.000274,-0.000061,0.000005,-0.000088,-0.000060,-0.000008,-0.000025,-0.000413,-0.001332,-0.002148,-0.002090,-0.001332,-0.000734,-0.000431,-0.000078,0.000205,0.000061,-0.000224,-0.000369,-0.000428,-0.000355,-0.000218,-0.000036,0.000070,-0.000060,-0.000222,-0.000099,0.000464,0.000905,0.000683,0.000598,0.001299,0.001900,0.001542,0.000785,0.000352,0.000177,-0.000007,-0.000214,-0.000378,-0.000385,-0.000288,-0.000269,-0.000318,-0.000348,-0.000280,-0.000091,0.000166,0.000407,0.000423,0.000154,-0.000053,0.000006,0.000150,0.000161,-0.000330,-0.001221,-0.001814,-0.001616,-0.001192,-0.000909,-0.000479,-0.000070,-0.000011,0.000044,0.000251,0.000209,-0.000023,-0.000115,-0.000172,-0.000263,-0.000258,-0.000187,-0.000095,-0.000024,-0.000013,0.000117,0.000208,0.000097,0.000048,0.000099,0.000120,0.000092,0.000077,0.000081,0.000138,0.000174,0.000141,0.000075,0.000026,0.000055,-0.000007,-0.000106,-0.000123,-0.000059,0.000011,0.000046,0.000009,-0.000152,-0.000281,-0.000327,-0.000296,-0.000165,-0.000074,0.000030,0.000198,0.000296,0.000266,
-0.002660,-0.005806,-0.010043,-0.008892,-0.006385,-0.005483,-0.005802,-0.005570,-0.004513,-0.002903,-0.001655,-0.001009,-0.000264,0.000118,-0.000358,-0.001065,-0.001336,-0.000826,0.000178,0.000601,0.000084,-0.000762,-0.001379,-0.001730,-0.001723,-0.001621,-0.001641,-0.001587,-0.001232,-0.000705,-0.000428,-0.000299,-0.000088,0.000147,0.000478,0.000706,0.000661,0.000384,0.000075,-0.000084,-0.000243,-0.000384,-0.000255,-0.000065,-0.000130,-0.000195,-0.000081,-0.000063,-0.000158,-0.000204,-0.000266,-0.000222,-0.000049,-0.000102,-0.000193,-0.000304,-0.000724,-0.000867,-0.000281,0.000627,0.000868,0.000166,-0.000166,0.000304,0.000581,0.000319,0.000219,0.000607,0.000663,0.000220,-0.000180,-0.000381,-0.000244,0.000002,0.000115,0.000145,0.000111,-0.000194,-0.000506,-0.000484,-0.000199,0.000021,0.000139,0.000492,0.001306,0.002078,0.001668,-0.000098,-0.001609,-0.001835,-0.001310,-0.000704,-0.000219,-0.000183,-0.000444,-0.000334,-0.000048,0.000033,0.000084,0.000120,0.000076,-0.000011,-0.000100,-0.000082,-0.000038,0.000054,0.000131,0.000064,-0.000010,0.000039,0.000197,0.000305,0.000272,0.000208,0.000102,0.000031,-0.000100,-0.000214,-0.000161,-0.000075,-0.000015,-0.000010,0.000056,0.000192,0.000265,0.000236,0.000145,0.000053,-0.000026,0.000020,0.000113,0.000074,0.000013,-0.000073,-0.000035,0.000143,0.000212,0.000261,0.024470,0.016770,0.013806,0.011090,0.007556,0.003554,-0.000249,-0.001410,0.000546,0.003129,0.003866,0.003185,0.002496,0.001296,0.000109,-0.000182,0.000244,0.000958,0.001424,0.001331,0.000935,0.000240,-0.000606,-0.000996,-0.000682,0.000084,0.000612,0.000559,0.000149,-0.000195,-0.000205,0.000015,0.000147,0.000018,-0.000040,0.000045,0.000009,-0.000433,-0.001401,-0.002124,-0.002009,-0.001308,-0.000840,-0.000567,-0.000093,0.000185,0.000107,-0.000201,-0.000476,-0.000516,-0.000327,-0.000142,-0.000063,-0.000015,-0.000063,-0.000118,0.000032,0.000394,0.000851,0.000755,0.000654,0.001535,0.002315,0.001693,0.000318,-0.000268,-0.000091,0.000107,-0.000036,-0.000396,-0.000440,-0.000204,-0.000139,-0.000289,-0.000320,-0.000213,-0.000130,0.000082,0.000317,0.000245,0.000078,0.000101,0.000117,0.000226,0.000336,-0.000083,-0.000908,-0.001637,-0.001662,-0.001222,-0.000911,-0.000524,-0.000186,-0.000087,0.000071,0.000323,0.000275,0.000008,-0.000160,-0.000069,-0.000042,-0.000219,-0.000256,-0.000200,-0.000146,-0.000110,0.000041,0.000154,0.000098,0.000028,0.000057,0.000041,-0.000010,0.000115,0.000216,0.000225,0.000247,0.000249,0.000209,0.000169,0.000095,-0.000014,-0.000115,-0.000104,-0.000030,0.000045,0.000138,0.000188,0.000091,-0.000158,-0.000351,-0.000327,-0.000237,-0.000268,-0.000182,0.000074,0.000185,0.000214,
-0.002647,-0.005758,-0.009957,-0.008865,-0.006295,-0.005279,-0.005540,-0.005242,-0.004239,-0.002739,-0.001472,-0.000955,-0.000357,0.000027,-0.000398,-0.001048,-0.001298,-0.000860,0.000080,0.000474,-0.000012,-0.000748,-0.001368,-0.001749,-0.001869,-0.001709,-0.001592,-0.001533,-0.001198,-0.000661,-0.000242,-0.000012,0.000237,0.000427,0.000563,0.000651,0.000445,0.000164,0.000013,-0.000056,-0.000226,-0.000420,-0.000324,-0.000224,-0.000257,-0.000182,0.000017,0.000000,-0.000282,-0.000404,-0.000428,-0.000404,-0.000254,-0.000120,-0.000081,-0.000242,-0.000687,-0.000951,-0.000419,0.000676,0.001080,0.000263,-0.000160,0.000588,0.001247,0.001003,0.000547,0.000592,0.000579,0.000218,-0.000088,-0.000224,-0.000242,-0.000094,0.000175,0.000183,0.000018,-0.000222,-0.000386,-0.000318,-0.000233,-0.000046,0.000333,0.000841,0.001589,0.002256,0.001737,-0.000069,-0.001571,-0.001800,-0.001407,-0.000834,-0.000290,-0.000189,-0.000340,-0.000355,-0.000197,0.000010,0.000079,0.000111,0.000097,-0.000001,-0.000107,-0.000095,0.000039,0.000102,0.000102,0.000126,0.000093,0.000110,0.000249,0.000289,0.000277,0.000218,0.000064,-0.000032,-0.000087,-0.000156,-0.000194,-0.000063,0.000087,-0.000040,-0.000064,0.000143,0.000212,0.000106,0.000013,-0.000062,-0.000059,0.000022,0.000054,0.000024,-0.000060,-0.000071,0.000131,0.000216,0.000209,0.000159,0.024451,0.016913,0.014237,0.011449,0.007634,0.003402,-0.000440,-0.001505,0.000565,0.003196,0.003966,0.003210,0.002272,0.001079,0.000065,-0.000226,0.000211,0.001012,0.001319,0.001073,0.000719,0.000173,-0.000576,-0.000821,-0.000450,0.000120,0.000578,0.000527,0.000140,-0.000058,0.000050,0.000433,0.000525,0.000308,0.000031,-0.000082,-0.000004,-0.000364,-0.001247,-0.002080,-0.002074,-0.001212,-0.000539,-0.000175,0.000210,0.000188,-0.000214,-0.000442,-0.000409,-0.000396,-0.000305,-0.000166,0.000005,0.000105,0.000000,-0.000166,-0.000013,0.000494,0.000937,0.000877,0.000828,0.001613,0.002437,0.002032,0.000907,0.000260,0.000180,0.000109,-0.000149,-0.000440,-0.000457,-0.000237,-0.000198,-0.000351,-0.000520,-0.000508,-0.000247,0.000073,0.000279,0.000302,0.000137,-0.000013,0.000083,0.000259,0.000265,-0.000302,-0.001278,-0.001849,-0.001714,-0.001302,-0.001027,-0.000526,-0.000047,0.000006,0.000046,0.000214,0.000208,0.000105,0.000036,0.000013,-0.000055,-0.000100,-0.000170,-0.000237,-0.000218,-0.000184,0.000054,0.000233,0.000175,0.000138,0.000088,-0.000035,-0.000003,0.000205,0.000252,0.000239,0.000267,0.000210,0.000133,0.000094,0.000041,-0.000028,-0.000028,-0.000048,0.000032,0.000065,0.000034,0.000026,-0.000110,-0.000234,-0.000175,-0.000110,-0.000123,-0.000089,0.000057,0.000259,0.000203,0.000085,
-0.003413,-0.006613,-0.010498,-0.009100,-0.006356,-0.005229,-0.005469,-0.005168,-0.004154,-0.002808,-0.001571,-0.000949,-0.000364,-0.000013,-0.000441,-0.001064,-0.001185,-0.000573,0.000376,0.000648,-0.000014,-0.000796,-0.001346,-0.001715,-0.001819,-0.001735,-0.001719,-0.001597,-0.001238,-0.000817,-0.000500,-0.000254,-0.000084,0.000058,0.000294,0.000573,0.000633,0.000439,0.000272,0.000079,-0.000147,-0.000251,-0.000323,-0.000384,-0.000335,-0.000227,-0.000050,0.000001,-0.000190,-0.000259,-0.000229,-0.000294,-0.000279,-0.000091,-0.000034,-0.000168,-0.000533,-0.000737,-0.000261,0.000718,0.001125,0.000333,-0.000219,0.000348,0.000914,0.000716,0.000356,0.000504,0.000637,0.000292,-0.000063,-0.000093,-0.000013,-0.000004,-0.000004,0.000075,0.000095,-0.000217,-0.000503,-0.000492,-0.000241,0.000023,0.000239,0.000738,0.001501,0.002108,0.001662,-0.000020,-0.001437,-0.001721,-0.001342,-0.000820,-0.000367,-0.000269,-0.000454,-0.000431,-0.000173,-0.000056,-0.000040,0.000052,0.000039,-0.000054,-0.000136,-0.000094,-0.000002,-0.000023,0.000018,0.000065,0.000001,0.000015,0.000174,0.000317,0.000279,0.000184,0.000094,0.000004,-0.000133,-0.000249,-0.000297,-0.000227,-0.000157,-0.000046,0.000053,0.000096,0.000139,0.000097,0.000016,-0.000031,0.000012,0.000117,0.000140,0.000021,-0.000026,0.000031,0.000061,0.000108,0.000255,0.000292,0.024264,0.016534,0.013632,0.010844,0.007148,0.003014,-0.000665,-0.001630,0.000466,0.003180,0.003840,0.003067,0.002407,0.001287,0.000222,-0.000091,0.000178,0.000781,0.001130,0.001089,0.000814,0.000103,-0.000654,-0.000793,-0.000427,0.000169,0.000594,0.000500,0.000038,-0.000319,-0.000288,-0.000011,0.000127,0.000036,-0.000005,0.000133,0.000161,-0.000347,-0.001285,-0.002104,-0.002080,-0.001361,-0.000864,-0.000498,0.000017,0.000264,0.000023,-0.000341,-0.000485,-0.000445,-0.000290,-0.000107,-0.000013,0.000005,-0.000111,-0.000235,-0.000109,0.000329,0.000725,0.000613,0.000553,0.001383,0.002467,0.002423,0.001400,0.000536,0.000338,0.000339,0.000066,-0.000234,-0.000100,0.000108,-0.000002,-0.000368,-0.000644,-0.000628,-0.000337,0.000133,0.000400,0.000287,0.000036,-0.000147,-0.000120,0.000162,0.000211,-0.000280,-0.001071,-0.001724,-0.001715,-0.001282,-0.000906,-0.000405,-0.000062,-0.000082,0.000020,0.000224,0.000162,-0.000013,-0.000091,-0.000216,-0.000253,-0.000125,-0.000150,-0.000177,-0.000020,0.000077,0.000085,0.000119,0.000198,0.000182,0.000160,0.000147,0.000027,0.000007,0.000136,0.000261,0.000277,0.000291,0.000228,0.000077,0.000033,0.000040,0.000077,0.000082,0.000022,0.000054,0.000067,0.000063,0.000020,-0.000129,-0.000154,-0.000153,-0.000245,-0.000209,0.000027,0.000224,0.000221,0.000150,
-0.003008,-0.006424,-0.010286,-0.008767,-0.005933,-0.004860,-0.005216,-0.004949,-0.003958,-0.002478,-0.001241,-0.000871,-0.000468,-0.000097,-0.000374,-0.000926,-0.001083,-0.000585,0.000350,0.000597,-0.000059,-0.000871,-0.001517,-0.001851,-0.001879,-0.001764,-0.001646,-0.001462,-0.001028,-0.000553,-0.000395,-0.000290,-0.000120,0.000014,0.000246,0.000490,0.000628,0.000490,0.000158,-0.000015,-0.000117,-0.000202,-0.000322,-0.000289,-0.000210,-0.000150,-0.000011,-0.000024,-0.000129,-0.000159,-0.000235,-0.000276,-0.000286,-0.000213,-0.000159,-0.000208,-0.000588,-0.000873,-0.000255,0.000748,0.000984,0.000355,0.000133,0.000750,0.001058,0.000610,0.000265,0.000428,0.000521,0.000260,-0.000061,-0.000186,-0.000179,-0.000101,-0.000128,-0.000106,-0.000074,-0.000213,-0.000330,-0.000240,-0.000090,0.000091,0.000302,0.000685,0.001450,0.002087,0.001602,-0.000128,-0.001684,-0.001956,-0.001473,-0.000901,-0.000362,-0.000283,-0.000498,-0.000480,-0.000228,-0.000020,0.000023,-0.000015,-0.000089,-0.000068,-0.000045,-0.000046,0.000027,0.000081,0.000168,0.000161,0.000014,-0.000022,0.000133,0.000288,0.000200,0.000111,0.000082,0.000035,-0.000009,-0.000061,-0.000070,-0.000024,-0.000032,-0.000007,-0.000010,0.000040,0.000136,0.000085,-0.000051,-0.000095,-0.000085,-0.000049,0.000085,0.000159,0.000023,-0.000044,0.000124,0.000240,0.000232,0.000248,0.024144,0.016644,0.014032,0.011235,0.007319,0.002968,-0.000771,-0.001616,0.000539,0.003210,0.003808,0.002996,0.002174,0.001026,0.000076,-0.000196,0.000135,0.000813,0.001168,0.001004,0.000627,0.000120,-0.000430,-0.000649,-0.000366,0.000277,0.000691,0.000604,0.000203,-0.000306,-0.000350,-0.000064,0.000018,-0.000084,-0.000010,0.000127,-0.000007,-0.000508,-0.001460,-0.002245,-0.002120,-0.001319,-0.000687,-0.000347,0.000035,0.000317,0.000110,-0.000322,-0.000416,-0.000378,-0.000314,-0.000124,-0.000025,-0.000037,-0.000172,-0.000208,-0.000007,0.000340,0.000703,0.000556,0.000490,0.001307,0.001988,0.001592,0.000600,0.000015,0.000012,0.000146,0.000026,-0.000250,-0.000335,-0.000122,-0.000130,-0.000411,-0.000482,-0.000358,-0.000027,0.000364,0.000535,0.000431,0.000161,-0.000069,-0.000056,0.000054,0.000052,-0.000349,-0.001217,-0.001777,-0.001551,-0.001037,-0.000674,-0.000272,-0.000009,-0.000009,0.000105,0.000287,0.000226,0.000003,-0.000175,-0.000207,-0.000173,-0.000144,-0.000120,-0.000061,-0.000080,-0.000101,0.000012,0.000075,0.000056,0.000099,0.000101,0.000064,0.000136,0.000235,0.000299,0.000256,0.000190,0.000189,0.000106,0.000056,-0.000022,-0.000155,-0.000181,-0.000127,0.000046,0.000120,0.000103,0.000063,-0.000022,-0.000112,-0.000125,-0.000016,-0.000081,-0.000152,0.000013,0.000164,0.000243,0.000221,
-0.003851,-0.007325,-0.010887,-0.008922,-0.006053,-0.005005,-0.005092,-0.004740,-0.003861,-0.002598,-0.001409,-0.000802,-0.000230,0.000092,-0.000332,-0.000954,-0.001125,-0.000675,0.000233,0.000614,0.000156,-0.000624,-0.001344,-0.001704,-0.001724,-0.001653,-0.001576,-0.001270,-0.000813,-0.000407,-0.000194,-0.000214,-0.000138,0.000004,0.000292,0.000553,0.000550,0.000369,0.000221,0.000002,-0.000262,-0.000294,-0.000254,-0.000278,-0.000333,-0.000229,0.000057,0.000090,-0.000057,-0.000095,-0.000171,-0.000253,-0.000182,-0.000107,-0.000102,-0.000251,-0.000652,-0.000863,-0.000375,0.000553,0.000729,-0.000031,-0.000412,0.000252,0.000866,0.000534,0.000019,0.000092,0.000252,0.000117,-0.000165,-0.000228,-0.000006,0.000142,0.000108,0.000019,-0.000145,-0.000360,-0.000511,-0.000519,-0.000292,0.000022,0.000314,0.000768,0.001455,0.002047,0.001589,-0.000183,-0.001632,-0.001759,-0.001265,-0.000709,-0.000278,-0.000163,-0.000289,-0.000381,-0.000176,0.000082,0.000150,0.000127,0.000092,0.000027,-0.000058,-0.000052,0.000044,0.000038,-0.000030,-0.000008,0.000044,0.000138,0.000257,0.000326,0.000270,0.000187,0.000136,0.000079,-0.000024,-0.000069,-0.000049,0.000077,0.000163,0.000135,0.000110,0.000049,0.000015,0.000051,0.000049,0.000029,0.000076,0.000003,-0.000052,-0.000049,-0.000093,-0.000137,-0.000096,0.000174,0.000321,0.000228,0.023974,0.016317,0.013798,0.011010,0.006849,0.002427,-0.001162,-0.001900,0.000437,0.003151,0.003594,0.002766,0.002104,0.001016,0.000052,-0.000135,0.000194,0.000829,0.001232,0.001135,0.000813,0.000190,-0.000536,-0.000770,-0.000469,0.000089,0.000548,0.000491,0.000018,-0.000362,-0.000317,-0.000109,-0.000036,-0.000038,-0.000090,-0.000082,-0.000067,-0.000502,-0.001446,-0.002232,-0.002170,-0.001485,-0.000901,-0.000456,0.000057,0.000280,-0.000014,-0.000327,-0.000360,-0.000340,-0.000341,-0.000241,-0.000092,-0.000048,-0.000112,-0.000056,0.000139,0.000504,0.000862,0.000674,0.000493,0.001341,0.002439,0.002148,0.000799,-0.000094,-0.000150,0.000120,0.000055,-0.000303,-0.000386,-0.000325,-0.000296,-0.000304,-0.000424,-0.000370,-0.000091,0.000209,0.000352,0.000259,0.000020,-0.000069,0.000116,0.000264,0.000206,-0.000243,-0.001073,-0.001754,-0.001695,-0.001260,-0.000938,-0.000427,-0.000116,-0.000083,0.000205,0.000413,0.000325,0.000163,-0.000050,-0.000242,-0.000353,-0.000371,-0.000211,-0.000044,-0.000047,-0.000111,0.000002,0.000138,0.000095,0.000126,0.000128,0.000066,0.000089,0.000127,0.000144,0.000146,0.000262,0.000313,0.000197,0.000042,-0.000021,-0.000012,-0.000053,-0.000018,0.000010,0.000074,0.000155,0.000118,0.000033,-0.000035,-0.000124,-0.000163,-0.000148,-0.000125,0.000031,0.000189,0.000196,0.000150,
-0.004516,-0.008134,-0.011426,-0.009142,-0.005971,-0.004849,-0.004917,-0.004440,-0.003525,-0.002313,-0.001285,-0.000974,-0.000513,-0.000143,-0.000534,-0.001032,-0.001002,-0.000500,0.000297,0.000584,0.000132,-0.000652,-0.001408,-0.001774,-0.001837,-0.001798,-0.001643,-0.001324,-0.000834,-0.000434,-0.000283,-0.000284,-0.000344,-0.000133,0.000354,0.000706,0.000745,0.000604,0.000391,0.000095,-0.000123,-0.000127,-0.000086,-0.000174,-0.000271,-0.000145,-0.000049,-0.000021,0.000006,-0.000018,-0.000124,-0.000304,-0.000291,-0.000139,-0.000116,-0.000295,-0.000715,-0.000916,-0.000332,0.000745,0.001041,0.000281,-0.000246,0.000163,0.000864,0.000921,0.000580,0.000455,0.000438,0.000147,-0.000246,-0.000296,-0.000115,-0.000007,-0.000069,-0.000090,-0.000069,-0.000208,-0.000371,-0.000269,-0.000014,0.000112,0.000299,0.000731,0.001463,0.002158,0.001671,-0.000183,-0.001681,-0.001843,-0.001295,-0.000740,-0.000341,-0.000263,-0.000406,-0.000232,0.000035,0.000072,0.000109,0.000181,0.000228,0.000166,0.000078,0.000072,0.000097,0.000134,0.000158,0.000173,0.000075,-0.000029,0.000052,0.000119,0.000162,0.000177,0.000159,0.000133,-0.000020,-0.000136,-0.000155,-0.000074,0.000084,0.000161,0.000092,0.000087,0.000242,0.000226,0.000070,0.000020,0.000027,0.000087,0.000178,0.000135,0.000009,-0.000050,0.000033,0.000230,0.000326,0.000262,0.023699,0.016022,0.013610,0.010889,0.006703,0.002168,-0.001483,-0.001952,0.000534,0.003150,0.003651,0.002824,0.002066,0.001051,0.000165,-0.000156,0.000001,0.000559,0.000986,0.001083,0.000879,0.000230,-0.000518,-0.000723,-0.000319,0.000350,0.000684,0.000472,0.000001,-0.000357,-0.000252,-0.000038,-0.000150,-0.000210,-0.000069,-0.000022,-0.000124,-0.000557,-0.001493,-0.002221,-0.002074,-0.001497,-0.000927,-0.000482,-0.000098,0.000209,0.000052,-0.000376,-0.000509,-0.000539,-0.000410,-0.000106,0.000026,-0.000002,-0.000092,-0.000124,0.000042,0.000445,0.000784,0.000586,0.000457,0.001049,0.001743,0.001445,0.000428,-0.000218,-0.000265,-0.000191,-0.000261,-0.000374,-0.000298,-0.000141,-0.000124,-0.000321,-0.000438,-0.000365,-0.000225,0.000075,0.000332,0.000341,0.000162,-0.000040,-0.000050,0.000040,0.000016,-0.000396,-0.001179,-0.001804,-0.001655,-0.001240,-0.000870,-0.000307,0.000008,-0.000051,-0.000005,0.000284,0.000300,0.000077,-0.000081,-0.000111,-0.000210,-0.000316,-0.000259,-0.000129,-0.000123,-0.000077,0.000066,0.000134,0.000192,0.000216,0.000144,0.000028,-0.000016,0.000098,0.000133,0.000100,0.000125,0.000250,0.000240,0.000110,0.000086,0.000100,-0.000030,-0.000012,0.000116,0.000143,0.000180,0.000168,0.000041,-0.000099,-0.000228,-0.000309,-0.000233,-0.000139,-0.000010,0.000130,0.000227,0.000300,
-0.005486,-0.009048,-0.012214,-0.009632,-0.006237,-0.004893,-0.004790,-0.004324,-0.003534,-0.002382,-0.001386,-0.000953,-0.000416,-0.000095,-0.000394,-0.000887,-0.000896,-0.000323,0.000419,0.000613,0.000173,-0.000607,-0.001352,-0.001747,-0.001701,-0.001601,-0.001654,-0.001547,-0.001164,-0.000737,-0.000463,-0.000333,-0.000182,0.000105,0.000484,0.000756,0.000730,0.000491,0.000245,0.000057,-0.000186,-0.000387,-0.000230,0.000023,-0.000053,-0.000071,0.000142,0.000088,-0.000204,-0.000316,-0.000400,-0.000409,-0.000227,-0.000084,-0.000134,-0.000292,-0.000689,-0.000894,-0.000394,0.000649,0.001074,0.000452,0.000162,0.000480,0.000445,0.000079,0.000178,0.000665,0.000816,0.000518,0.000075,-0.000202,-0.000222,-0.000161,-0.000081,0.000019,0.000005,-0.000177,-0.000419,-0.000432,-0.000151,0.000086,0.000270,0.000601,0.001353,0.002111,0.001683,-0.000046,-0.001572,-0.001740,-0.001256,-0.000669,-0.000202,-0.000200,-0.000395,-0.000369,-0.000240,-0.000127,0.000050,0.000061,-0.000008,-0.000061,-0.000015,0.000055,0.000089,0.000134,0.000124,0.000080,0.000140,0.000227,0.000265,0.000325,0.000320,0.000184,0.000051,-0.000044,-0.000130,-0.000300,-0.000336,-0.000175,-0.000024,0.000101,0.000161,0.000165,0.000165,0.000137,0.000108,0.000032,0.000024,0.000128,0.000168,0.000108,-0.000007,-0.000012,0.000050,0.000059,0.000105,0.000273,0.023459,0.015712,0.013275,0.010765,0.006672,0.001976,-0.001629,-0.002001,0.000462,0.003123,0.003561,0.002657,0.001978,0.000959,0.000108,-0.000081,0.000020,0.000503,0.001077,0.001203,0.000907,0.000164,-0.000667,-0.000890,-0.000520,0.000049,0.000503,0.000513,0.000147,-0.000100,-0.000040,0.000136,0.000113,0.000078,0.000107,0.000079,-0.000110,-0.000670,-0.001563,-0.002376,-0.002302,-0.001401,-0.000699,-0.000344,0.000035,0.000141,-0.000077,-0.000365,-0.000472,-0.000397,-0.000325,-0.000178,-0.000124,-0.000109,-0.000102,-0.000118,-0.000034,0.000388,0.000830,0.000768,0.000924,0.001674,0.002254,0.001654,0.000381,-0.000121,0.000097,0.000198,-0.000113,-0.000380,-0.000437,-0.000300,-0.000247,-0.000311,-0.000227,-0.000151,-0.000029,0.000272,0.000428,0.000301,0.000086,-0.000082,0.000108,0.000375,0.000324,-0.000168,-0.001076,-0.001801,-0.001748,-0.001361,-0.000979,-0.000421,-0.000066,-0.000016,0.000091,0.000212,0.000152,0.000016,-0.000087,-0.000151,-0.000243,-0.000337,-0.000312,-0.000206,-0.000094,-0.000002,0.000153,0.000212,0.000167,0.000090,0.000027,0.000048,0.000082,0.000139,0.000257,0.000335,0.000319,0.000342,0.000286,0.000125,0.000062,0.000004,-0.000019,-0.000045,-0.000008,0.000126,0.000169,0.000031,-0.000088,-0.000093,-0.000197,-0.000290,-0.000255,-0.000234,-0.000051,0.000162,0.000260,0.000219,
-0.005777,-0.009580,-0.012473,-0.009574,-0.006021,-0.004702,-0.004602,-0.003953,-0.003199,-0.002141,-0.001019,-0.000748,-0.000416,-0.000104,-0.000443,-0.000787,-0.000740,-0.000380,0.000336,0.000588,0.000107,-0.000638,-0.001327,-0.001766,-0.001843,-0.001887,-0.001839,-0.001656,-0.001422,-0.000947,-0.000408,-0.000049,0.000164,0.000410,0.000485,0.000514,0.000493,0.000319,0.000121,-0.000114,-0.000293,-0.000394,-0.000362,-0.000278,-0.000270,-0.000242,-0.000176,-0.000184,-0.000195,-0.000254,-0.000345,-0.000305,-0.000286,-0.000255,-0.000188,-0.000383,-0.000903,-0.001151,-0.000508,0.000580,0.000822,0.000137,-0.000178,0.000511,0.001149,0.000783,0.000286,0.000485,0.000592,0.000189,-0.000271,-0.000397,-0.000193,0.000018,-0.000018,-0.000094,-0.000142,-0.000283,-0.000384,-0.000320,-0.000174,-0.000061,0.000179,0.000639,0.001306,0.001944,0.001457,-0.000300,-0.001725,-0.001909,-0.001372,-0.000739,-0.000268,-0.000239,-0.000388,-0.000310,-0.000152,-0.000143,-0.000170,-0.000141,-0.000075,-0.000068,-0.000165,-0.000086,-0.000047,-0.000091,0.000030,0.000144,0.000122,0.000094,0.000182,0.000134,0.000131,0.000322,0.000259,0.000089,0.000102,-0.000059,-0.000180,-0.000027,0.000032,0.000071,0.000152,0.000069,0.000032,0.000007,-0.000053,0.000028,0.000155,0.000133,0.000114,0.000082,-0.000006,0.000016,0.000101,0.000113,0.000195,0.000293,0.023204,0.015348,0.013042,0.010615,0.006581,0.001966,-0.001583,-0.001984,0.000406,0.003004,0.003519,0.002624,0.001890,0.000996,0.000112,-0.000160,0.000162,0.000637,0.001005,0.001121,0.000936,0.000223,-0.000588,-0.000752,-0.000346,0.000213,0.000588,0.000508,0.000018,-0.000199,0.000079,0.000433,0.000414,0.000150,0.000026,0.000107,0.000028,-0.000439,-0.001248,-0.002121,-0.002067,-0.001276,-0.000627,-0.000200,0.000161,0.000310,0.000083,-0.000306,-0.000468,-0.000389,-0.000275,-0.000158,-0.000002,0.000164,0.000064,-0.000039,0.000131,0.000509,0.000857,0.000671,0.000574,0.001357,0.002222,0.001920,0.000780,0.000113,0.000082,0.000068,-0.000139,-0.000395,-0.000391,-0.000263,-0.000327,-0.000440,-0.000434,-0.000336,-0.000106,0.000222,0.000392,0.000273,-0.000033,-0.000175,-0.000056,0.000105,0.000061,-0.000456,-0.001293,-0.001881,-0.001692,-0.001216,-0.000932,-0.000442,-0.000092,-0.000074,0.000042,0.000145,0.000009,-0.000128,-0.000188,-0.000321,-0.000371,-0.000352,-0.000302,-0.000156,-0.000034,-0.000053,0.000012,0.000149,0.000113,0.000048,0.000007,-0.000084,-0.000116,0.000009,0.000079,0.000038,0.000097,0.000128,-0.000019,-0.000102,-0.000033,-0.000058,-0.000149,-0.000176,-0.000125,-0.000028,0.000030,-0.000020,-0.000083,-0.000257,-0.000426,-0.000317,-0.000149,-0.000177,-0.000062,0.000174,0.000144,0.000003,
-0.006395,-0.010021,-0.012750,-0.009643,-0.005971,-0.004644,-0.004498,-0.003832,-0.003047,-0.002131,-0.001248,-0.000886,-0.000568,-0.000261,-0.000510,-0.000897,-0.000746,-0.000123,0.000556,0.000629,0.000105,-0.000574,-0.001294,-0.001637,-0.001686,-0.001791,-0.001841,-0.001604,-0.001128,-0.000700,-0.000487,-0.000325,0.000043,0.000300,0.000448,0.000595,0.000545,0.000434,0.000228,-0.000053,-0.000268,-0.000333,-0.000342,-0.000279,-0.000182,-0.000084,-0.000022,0.000048,-0.000034,-0.000179,-0.000237,-0.000201,-0.000065,0.000081,0.000056,-0.000267,-0.000732,-0.000905,-0.000385,0.000635,0.001018,0.000332,-0.000048,0.000610,0.001026,0.000753,0.000501,0.000641,0.000695,0.000307,-0.000159,-0.000373,-0.000263,-0.000140,-0.000071,0.000103,0.000067,-0.000236,-0.000534,-0.000559,-0.000442,-0.000144,0.000232,0.000680,0.001469,0.002242,0.001837,0.000106,-0.001483,-0.001861,-0.001398,-0.000860,-0.000381,-0.000096,-0.000246,-0.000284,-0.000130,-0.000039,0.000043,0.000035,-0.000065,-0.000168,-0.000225,-0.000193,-0.000077,0.000004,0.000035,0.000028,0.000007,0.000047,0.000209,0.000281,0.000128,0.000059,0.000086,0.000020,-0.000185,-0.000252,-0.000202,-0.000204,-0.000149,-0.000057,0.000018,-0.000018,-0.000041,-0.000002,0.000023,-0.000022,-0.000126,-0.000075,0.000000,-0.000122,-0.000213,-0.000064,0.000107,0.000101,0.000081,0.000162,0.022670,0.014859,0.012762,0.010466,0.006299,0.001610,-0.001895,-0.002218,0.000309,0.002980,0.003432,0.002613,0.001925,0.001019,0.000175,-0.000099,0.000120,0.000652,0.001141,0.001263,0.000922,0.000170,-0.000697,-0.000880,-0.000445,0.000208,0.000573,0.000263,-0.000170,-0.000282,-0.000192,0.000046,0.000121,0.000013,-0.000052,0.000058,0.000208,-0.000190,-0.001162,-0.002052,-0.002084,-0.001318,-0.000774,-0.000517,-0.000039,0.000284,0.000126,-0.000207,-0.000337,-0.000372,-0.000312,-0.000178,-0.000132,-0.000107,-0.000076,-0.000029,0.000049,0.000382,0.000783,0.000697,0.000670,0.001427,0.002339,0.002219,0.001229,0.000481,0.000396,0.000360,0.000091,-0.000077,-0.000026,0.000125,0.000136,-0.000223,-0.000577,-0.000569,-0.000260,0.000155,0.000383,0.000365,0.000159,-0.000030,-0.000050,0.000169,0.000200,-0.000292,-0.001117,-0.001715,-0.001621,-0.001220,-0.000819,-0.000244,0.000049,-0.000001,0.000071,0.000211,0.000179,-0.000017,-0.000195,-0.000320,-0.000384,-0.000396,-0.000344,-0.000215,-0.000167,-0.000163,0.000014,0.000110,0.000024,0.000062,0.000102,0.000028,0.000065,0.000113,0.000092,0.000100,0.000129,0.000063,0.000057,0.000082,-0.000026,-0.000106,-0.000057,0.000114,0.000179,0.000084,0.000085,0.000179,-0.000001,-0.000224,-0.000230,-0.000263,-0.000273,-0.000219,0.000014,0.000231,0.000166,0.000057,
-0.006985,-0.010767,-0.013352,-0.010018,-0.006041,-0.004538,-0.004301,-0.003633,-0.002951,-0.002145,-0.001232,-0.000905,-0.000617,-0.000305,-0.000521,-0.000747,-0.000605,-0.000115,0.000497,0.000686,0.000215,-0.000529,-0.001243,-0.001714,-0.001788,-0.001630,-0.001580,-0.001497,-0.001100,-0.000599,-0.000331,-0.000214,-0.000094,0.000121,0.000426,0.000771,0.000835,0.000581,0.000278,-0.000008,-0.000253,-0.000414,-0.000341,-0.000254,-0.000350,-0.000208,0.000116,0.000033,-0.000187,-0.000225,-0.000291,-0.000310,-0.000183,-0.000034,0.000022,-0.000194,-0.000699,-0.000927,-0.000263,0.000826,0.001142,0.000424,-0.000034,0.000369,0.000736,0.000475,0.000238,0.000354,0.000376,0.000164,-0.000217,-0.000382,-0.000251,-0.000237,-0.000287,-0.000210,-0.000141,-0.000297,-0.000534,-0.000423,-0.000178,0.000092,0.000392,0.000816,0.001460,0.002088,0.001724,0.000000,-0.001497,-0.001803,-0.001371,-0.000826,-0.000387,-0.000276,-0.000420,-0.000405,-0.000272,-0.000215,-0.000075,0.000140,0.000131,-0.000063,-0.000133,-0.000121,-0.000099,-0.000022,0.000037,0.000017,0.000034,0.000179,0.000336,0.000376,0.000289,0.000238,0.000165,0.000005,-0.000094,-0.000193,-0.000204,-0.000067,0.000018,-0.000036,-0.000083,0.000027,0.000133,0.000073,-0.000051,-0.000074,-0.000043,-0.000011,0.000078,0.000134,0.000012,-0.000162,-0.000063,0.000054,0.000089,0.000195,0.022297,0.014424,0.012425,0.010255,0.006096,0.001387,-0.002035,-0.002190,0.000359,0.003075,0.003602,0.002602,0.001737,0.000809,0.000043,-0.000164,0.000081,0.000662,0.001005,0.000956,0.000821,0.000247,-0.000653,-0.000998,-0.000569,0.000090,0.000484,0.000344,-0.000124,-0.000405,-0.000267,-0.000040,-0.000024,-0.000073,-0.000010,0.000064,-0.000002,-0.000479,-0.001458,-0.002191,-0.002121,-0.001426,-0.000813,-0.000361,0.000124,0.000270,0.000157,-0.000176,-0.000487,-0.000519,-0.000380,-0.000181,-0.000017,-0.000016,-0.000162,-0.000174,0.000050,0.000387,0.000764,0.000711,0.000546,0.001212,0.002097,0.001806,0.000695,0.000095,0.000144,0.000222,0.000000,-0.000230,-0.000203,-0.000126,-0.000229,-0.000449,-0.000594,-0.000529,-0.000199,0.000181,0.000433,0.000409,0.000151,-0.000053,0.000026,0.000311,0.000321,-0.000315,-0.001261,-0.001884,-0.001761,-0.001251,-0.000827,-0.000279,-0.000015,-0.000027,0.000107,0.000241,0.000247,0.000021,-0.000251,-0.000354,-0.000288,-0.000166,-0.000153,-0.000163,-0.000177,-0.000100,0.000067,0.000156,0.000170,0.000073,0.000089,0.000044,0.000015,0.000116,0.000209,0.000232,0.000163,0.000154,0.000099,0.000065,0.000079,-0.000030,-0.000154,-0.000088,0.000009,-0.000004,0.000019,0.000086,0.000085,-0.000040,-0.000192,-0.000244,-0.000197,-0.000044,0.000094,0.000156,0.000124,0.000030,
-0.007278,-0.011125,-0.013589,-0.010164,-0.006035,-0.004377,-0.004159,-0.003396,-0.002646,-0.001890,-0.001039,-0.000762,-0.000468,-0.000231,-0.000569,-0.000889,-0.000709,-0.000209,0.000470,0.000712,0.000243,-0.000515,-0.001244,-0.001712,-0.001772,-0.001587,-0.001501,-0.001379,-0.000973,-0.000518,-0.000356,-0.000347,-0.000145,0.000185,0.000455,0.000728,0.000692,0.000336,0.000161,0.000022,-0.000208,-0.000330,-0.000319,-0.000288,-0.000300,-0.000162,0.000108,0.000116,-0.000059,-0.000130,-0.000224,-0.000309,-0.000313,-0.000151,-0.000121,-0.000320,-0.000663,-0.000790,-0.000269,0.000615,0.000900,0.000208,-0.000083,0.000619,0.000958,0.000458,0.000136,0.000317,0.000409,0.000144,-0.000086,-0.000083,-0.000014,-0.000017,-0.000101,-0.000126,-0.000176,-0.000383,-0.000485,-0.000360,-0.000097,0.000018,0.000152,0.000704,0.001512,0.002166,0.001643,-0.000249,-0.001689,-0.001809,-0.001293,-0.000693,-0.000243,-0.000280,-0.000451,-0.000298,-0.000094,0.000091,0.000251,0.000217,0.000090,-0.000025,-0.000193,-0.000196,-0.000053,0.000037,0.000095,0.000138,0.000118,0.000060,0.000097,0.000246,0.000276,0.000161,0.000091,0.000016,-0.000094,-0.000207,-0.000149,-0.000007,-0.000003,0.000134,0.000210,0.000140,0.000170,0.000130,0.000024,-0.000013,-0.000028,0.000025,0.000116,0.000056,-0.000086,-0.000057,0.000097,0.000174,0.000163,0.000174,0.021925,0.013974,0.012000,0.009742,0.005704,0.001227,-0.002108,-0.002169,0.000501,0.003076,0.003286,0.002158,0.001450,0.000602,-0.000001,-0.000024,0.000150,0.000591,0.000936,0.001050,0.000906,0.000218,-0.000590,-0.000785,-0.000529,0.000046,0.000466,0.000276,-0.000121,-0.000377,-0.000344,-0.000045,0.000042,-0.000079,-0.000126,-0.000034,-0.000058,-0.000480,-0.001337,-0.002160,-0.002130,-0.001426,-0.000899,-0.000574,-0.000008,0.000377,0.000219,-0.000147,-0.000349,-0.000393,-0.000343,-0.000203,-0.000092,-0.000048,-0.000038,-0.000049,0.000017,0.000341,0.000777,0.000717,0.000780,0.001663,0.002416,0.001868,0.000703,0.000101,0.000156,0.000273,0.000058,-0.000139,-0.000179,-0.000137,-0.000142,-0.000297,-0.000453,-0.000451,-0.000230,0.000077,0.000314,0.000342,0.000087,-0.000106,-0.000053,0.000233,0.000292,-0.000269,-0.001125,-0.001721,-0.001578,-0.001169,-0.000848,-0.000324,0.000017,-0.000062,0.000035,0.000259,0.000182,0.000022,-0.000085,-0.000177,-0.000322,-0.000330,-0.000161,-0.000096,-0.000095,-0.000110,-0.000153,-0.000111,0.000024,0.000101,0.000023,-0.000071,0.000049,0.000229,0.000270,0.000343,0.000301,0.000190,0.000114,0.000046,-0.000047,-0.000079,-0.000035,-0.000002,0.000034,0.000104,0.000205,0.000141,0.000058,0.000035,-0.000099,-0.000215,-0.000188,-0.000070,0.000125,0.000219,0.000249,0.000285,
-0.007364,-0.011335,-0.013907,-0.010320,-0.005913,-0.004077,-0.003862,-0.003328,-0.002689,-0.001837,-0.000947,-0.000664,-0.000380,-0.000211,-0.000469,-0.000603,-0.000435,-0.000028,0.000508,0.000735,0.000320,-0.000394,-0.001155,-0.001724,-0.001766,-0.001660,-0.001511,-0.001281,-0.000974,-0.000606,-0.000373,-0.000220,-0.000050,0.000214,0.000604,0.000810,0.000592,0.000344,0.000131,-0.000143,-0.000286,-0.000391,-0.000369,-0.000292,-0.000301,-0.000142,0.000109,0.000103,-0.000132,-0.000267,-0.000369,-0.000381,-0.000321,-0.000212,-0.000065,-0.000192,-0.000665,-0.000899,-0.000329,0.000642,0.000838,-0.000042,-0.000513,0.000204,0.000942,0.000756,0.000361,0.000388,0.000317,0.000005,-0.000244,-0.000281,-0.000083,0.000029,-0.000066,-0.000126,-0.000053,-0.000288,-0.000533,-0.000426,-0.000182,0.000100,0.000410,0.000805,0.001479,0.002074,0.001605,-0.000119,-0.001644,-0.001904,-0.001443,-0.000744,-0.000156,-0.000099,-0.000329,-0.000378,-0.000237,-0.000055,0.000093,0.000147,0.000162,0.000000,-0.000153,-0.000041,0.000030,0.000102,0.000161,0.000073,-0.000022,0.000038,0.000168,0.000224,0.000162,0.000070,0.000028,-0.000020,-0.000048,-0.000038,-0.000152,-0.000218,-0.000192,-0.000128,0.000014,0.000143,0.000254,0.000120,-0.000162,-0.000076,0.000100,0.000069,0.000024,0.000066,-0.000027,-0.000101,-0.000000,0.000073,0.000167,0.000245,0.021493,0.013439,0.011713,0.009846,0.005914,0.001164,-0.002215,-0.002187,0.000473,0.003149,0.003360,0.002207,0.001538,0.000697,-0.000077,-0.000225,0.000007,0.000462,0.000885,0.001080,0.000890,0.000164,-0.000568,-0.000736,-0.000481,0.000068,0.000451,0.000319,0.000006,-0.000273,-0.000275,-0.000038,-0.000028,-0.000054,0.000083,0.000144,0.000014,-0.000494,-0.001384,-0.002164,-0.002211,-0.001551,-0.000903,-0.000548,-0.000120,0.000265,0.000114,-0.000315,-0.000459,-0.000414,-0.000321,-0.000228,-0.000083,0.000041,-0.000003,-0.000133,-0.000060,0.000371,0.000834,0.000758,0.000511,0.001113,0.001899,0.001681,0.000562,-0.000337,-0.000374,-0.000049,-0.000001,-0.000286,-0.000389,-0.000261,-0.000207,-0.000246,-0.000321,-0.000381,-0.000215,0.000178,0.000372,0.000271,0.000023,-0.000159,-0.000059,0.000279,0.000283,-0.000358,-0.001168,-0.001652,-0.001555,-0.001215,-0.000911,-0.000444,-0.000074,-0.000034,0.000055,0.000354,0.000402,0.000201,0.000103,0.000009,-0.000198,-0.000238,-0.000111,-0.000042,-0.000067,-0.000030,0.000137,0.000233,0.000256,0.000204,0.000101,0.000057,0.000174,0.000286,0.000257,0.000189,0.000092,0.000089,0.000104,0.000024,-0.000028,-0.000062,-0.000115,-0.000024,0.000149,0.000201,0.000099,0.000069,0.000020,-0.000233,-0.000318,-0.000119,-0.000055,-0.000090,0.000166,0.000320,0.000125,0.000054,
-0.008060,-0.012000,-0.014396,-0.010445,-0.005936,-0.004115,-0.003792,-0.003107,-0.002477,-0.001804,-0.001095,-0.000827,-0.000461,-0.000209,-0.000461,-0.000670,-0.000549,-0.000037,0.000661,0.000787,0.000267,-0.000467,-0.001245,-0.001760,-0.001995,-0.001904,-0.001543,-0.001285,-0.001000,-0.000618,-0.000373,-0.000262,-0.000107,0.000203,0.000463,0.000700,0.000724,0.000615,0.000402,0.000166,-0.000085,-0.000291,-0.000264,-0.000171,-0.000260,-0.000240,-0.000029,0.000083,0.000053,-0.000093,-0.000162,-0.000177,-0.000228,-0.000102,0.000021,-0.000141,-0.000572,-0.000828,-0.000284,0.000780,0.001120,0.000397,0.000136,0.000576,0.000530,0.000160,0.000141,0.000572,0.000746,0.000350,-0.000055,-0.000233,-0.000201,-0.000076,-0.000058,-0.000059,-0.000105,-0.000336,-0.000474,-0.000388,-0.000133,0.000071,0.000215,0.000683,0.001449,0.002061,0.001604,-0.000095,-0.001497,-0.001764,-0.001400,-0.000855,-0.000375,-0.000316,-0.000433,-0.000380,-0.000211,-0.000052,0.000069,0.000118,0.000082,0.000013,-0.000094,-0.000100,0.000063,0.000120,0.000048,0.000106,0.000125,0.000070,0.000104,0.000215,0.000198,0.000080,0.000037,0.000043,-0.000014,-0.000092,-0.000092,-0.000077,-0.000062,-0.000024,0.000008,0.000130,0.000222,0.000210,0.000064,-0.000038,-0.000001,0.000012,0.000101,0.000180,0.000065,0.000037,0.000145,0.000163,0.000162,0.000183,0.020903,0.012512,0.010856,0.009354,0.005540,0.000876,-0.002382,-0.002326,0.000445,0.003086,0.003306,0.002217,0.001462,0.000597,-0.000059,-0.000099,0.000087,0.000531,0.000982,0.001046,0.000764,0.000089,-0.000716,-0.000890,-0.000509,0.000065,0.000577,0.000484,-0.000007,-0.000276,-0.000246,0.000014,0.000113,0.000093,0.000111,0.000129,0.000001,-0.000441,-0.001282,-0.002114,-0.002163,-0.001416,-0.000679,-0.000309,0.000117,0.000420,0.000233,-0.000226,-0.000421,-0.000495,-0.000483,-0.000173,-0.000030,-0.000043,-0.000067,-0.000133,0.000046,0.000477,0.000882,0.000876,0.000879,0.001537,0.002104,0.001608,0.000783,0.000481,0.000295,0.000016,-0.000221,-0.000439,-0.000488,-0.000336,-0.000207,-0.000434,-0.000583,-0.000450,-0.000268,0.000053,0.000383,0.000391,0.000169,0.000043,0.000063,0.000166,0.000174,-0.000268,-0.001040,-0.001766,-0.001779,-0.001339,-0.000993,-0.000510,-0.000095,-0.000055,0.000023,0.000155,0.000129,0.000000,-0.000163,-0.000293,-0.000292,-0.000249,-0.000088,0.000065,0.000013,-0.000006,0.000143,0.000266,0.000199,0.000112,0.000047,0.000032,0.000089,0.000195,0.000219,0.000096,0.000102,0.000269,0.000172,-0.000014,-0.000080,-0.000099,-0.000092,-0.000124,-0.000047,0.000039,0.000131,0.000164,-0.000011,-0.000178,-0.000175,-0.000187,-0.000258,-0.000176,0.000028,0.000201,0.000329,0.000307,
-0.008199,-0.011974,-0.014387,-0.010475,-0.005892,-0.003896,-0.003429,-0.002805,-0.002361,-0.001814,-0.000947,-0.000605,-0.000461,-0.000315,-0.000561,-0.000756,-0.000585,-0.000071,0.000701,0.000787,0.000212,-0.000475,-0.001190,-0.001737,-0.001881,-0.001749,-0.001725,-0.001642,-0.001316,-0.000870,-0.000553,-0.000380,-0.000191,0.000123,0.000414,0.000667,0.000682,0.000466,0.000357,0.000223,-0.000068,-0.000236,-0.000187,-0.000093,-0.000116,0.000027,0.000192,0.000166,0.000073,-0.000119,-0.000368,-0.000439,-0.000295,-0.000207,-0.000044,-0.000099,-0.000578,-0.000823,-0.000305,0.000653,0.000858,0.000089,-0.000201,0.000518,0.000997,0.000686,0.000508,0.000674,0.000665,0.000244,-0.000221,-0.000417,-0.000259,-0.000017,0.000060,0.000126,0.000042,-0.000232,-0.000410,-0.000354,-0.000135,0.000067,0.000222,0.000647,0.001488,0.002146,0.001709,-0.000002,-0.001544,-0.001865,-0.001409,-0.000835,-0.000328,-0.000184,-0.000285,-0.000177,-0.000026,0.000040,0.000021,0.000043,0.000094,-0.000063,-0.000224,-0.000302,-0.000215,0.000035,0.000071,0.000014,0.000037,0.000134,0.000246,0.000317,0.000297,0.000274,0.000248,0.000100,-0.000059,-0.000104,-0.000138,-0.000114,-0.000017,0.000032,0.000078,0.000150,0.000157,0.000112,0.000022,0.000007,0.000129,0.000214,0.000235,0.000069,-0.000127,-0.000020,0.000170,0.000100,-0.000006,0.000133,0.020510,0.012084,0.010531,0.009192,0.005532,0.000797,-0.002544,-0.002449,0.000389,0.003141,0.003384,0.002191,0.001348,0.000555,-0.000134,-0.000289,-0.000040,0.000399,0.000795,0.001012,0.000892,0.000152,-0.000775,-0.001017,-0.000679,-0.000060,0.000426,0.000242,-0.000234,-0.000380,-0.000134,0.000148,0.000159,0.000075,0.000066,0.000180,0.000166,-0.000347,-0.001314,-0.002192,-0.002164,-0.001331,-0.000795,-0.000516,0.000026,0.000428,0.000260,-0.000158,-0.000344,-0.000327,-0.000160,-0.000027,0.000071,0.000087,-0.000044,-0.000156,-0.000035,0.000435,0.000930,0.000810,0.000673,0.001381,0.002147,0.001696,0.000499,0.000001,0.000261,0.000264,-0.000204,-0.000518,-0.000454,-0.000179,-0.000036,-0.000221,-0.000395,-0.000344,-0.000120,0.000110,0.000200,0.000213,0.000062,-0.000142,-0.000009,0.000255,0.000332,-0.000107,-0.001032,-0.001774,-0.001643,-0.001232,-0.000956,-0.000470,-0.000134,-0.000125,0.000098,0.000355,0.000265,0.000071,-0.000095,-0.000193,-0.000250,-0.000278,-0.000194,-0.000062,-0.000042,-0.000122,-0.000061,0.000072,0.000127,0.000147,0.000117,0.000113,0.000095,0.000143,0.000260,0.000295,0.000273,0.000301,0.000337,0.000266,0.000189,0.000036,-0.000028,0.000085,0.000186,0.000186,0.000216,0.000194,0.000071,-0.000095,-0.000305,-0.000285,-0.000187,-0.000111,0.000023,0.000197,0.000257,0.000237,
-0.008331,-0.012217,-0.014500,-0.010493,-0.005834,-0.003725,-0.003267,-0.002696,-0.002254,-0.001696,-0.000919,-0.000543,-0.000342,-0.000207,-0.000492,-0.000739,-0.000574,-0.000003,0.000701,0.000832,0.000339,-0.000409,-0.001168,-0.001661,-0.001835,-0.001780,-0.001671,-0.001493,-0.001142,-0.000738,-0.000379,0.000085,0.000411,0.000426,0.000472,0.000548,0.000475,0.000239,0.000068,-0.000011,-0.000210,-0.000396,-0.000338,-0.000211,-0.000161,-0.000105,0.000004,0.000062,-0.000097,-0.000196,-0.000233,-0.000327,-0.000293,-0.000235,-0.000154,-0.000147,-0.000524,-0.000788,-0.000235,0.000670,0.000906,0.000234,-0.000099,0.000723,0.001352,0.000993,0.000633,0.000709,0.000733,0.000378,0.000008,-0.000135,-0.000045,0.000086,0.000147,0.000243,0.000241,-0.000097,-0.000468,-0.000471,-0.000233,0.000048,0.000338,0.000874,0.001487,0.002018,0.001749,0.000191,-0.001298,-0.001668,-0.001397,-0.000992,-0.000479,-0.000277,-0.000422,-0.000343,-0.000045,0.000052,-0.000019,0.000063,0.000154,0.000047,-0.000195,-0.000265,-0.000131,0.000004,0.000085,0.000172,0.000165,0.000134,0.000239,0.000282,0.000232,0.000154,0.000114,0.000139,0.000068,-0.000128,-0.000254,-0.000153,-0.000008,0.000025,-0.000030,0.000002,0.000030,-0.000069,-0.000172,-0.000136,0.000024,0.000031,0.000055,0.000159,0.000099,-0.000021,0.000074,0.000124,0.000139,0.000224,0.020544,0.012138,0.010597,0.009141,0.005324,0.000615,-0.002649,-0.002467,0.000329,0.003064,0.003359,0.002130,0.001221,0.000348,-0.000224,-0.000199,0.000134,0.000557,0.000909,0.001044,0.000853,0.000136,-0.000776,-0.001067,-0.000708,-0.000052,0.000339,0.000192,-0.000179,-0.000312,-0.000046,0.000374,0.000460,0.000199,-0.000059,-0.000084,0.000015,-0.000341,-0.001267,-0.002146,-0.002134,-0.001337,-0.000750,-0.000414,-0.000012,0.000243,-0.000011,-0.000345,-0.000417,-0.000359,-0.000168,-0.000021,0.000028,0.000022,-0.000046,-0.000094,-0.000006,0.000399,0.000828,0.000761,0.000839,0.001675,0.002465,0.002132,0.000985,0.000287,0.000247,0.000262,0.000049,-0.000195,-0.000331,-0.000348,-0.000313,-0.000465,-0.000592,-0.000494,-0.000371,-0.000086,0.000325,0.000283,-0.000057,-0.000124,0.000008,0.000307,0.000407,-0.000126,-0.001027,-0.001777,-0.001801,-0.001295,-0.000877,-0.000405,-0.000120,-0.000092,0.000089,0.000241,0.000211,0.000057,-0.000115,-0.000144,-0.000251,-0.000394,-0.000301,-0.000117,-0.000033,-0.000001,0.000082,0.000180,0.000117,0.000085,0.000128,0.000063,-0.000019,-0.000031,0.000055,0.000171,0.000282,0.000368,0.000334,0.000144,0.000020,-0.000009,-0.000056,0.000013,0.000052,0.000050,0.000150,0.000094,0.000003,-0.000096,-0.000236,-0.000277,-0.000176,-0.000077,0.000064,0.000306,0.000314,0.000205,
-0.007211,-0.011343,-0.013874,-0.010145,-0.005566,-0.003666,-0.003285,-0.002571,-0.002081,-0.001531,-0.000795,-0.000523,-0.000336,-0.000205,-0.000481,-0.000741,-0.000597,0.000023,0.000824,0.000922,0.000376,-0.000360,-0.001188,-0.001763,-0.001897,-0.001790,-0.001596,-0.001392,-0.001103,-0.000803,-0.000544,-0.000259,-0.000012,0.000151,0.000437,0.000854,0.000924,0.000652,0.000457,0.000268,-0.000044,-0.000261,-0.000322,-0.000288,-0.000271,-0.000181,0.000070,0.000108,0.000034,0.000008,-0.000173,-0.000303,-0.000238,-0.000075,0.000077,-0.000029,-0.000540,-0.000827,-0.000316,0.000630,0.001022,0.000346,-0.000180,0.000246,0.000659,0.000478,0.000242,0.000455,0.000615,0.000345,-0.000055,-0.000183,-0.000049,0.000053,-0.000009,0.000055,0.000110,-0.000101,-0.000268,-0.000298,-0.000128,0.000076,0.000338,0.000814,0.001563,0.002239,0.001748,-0.000044,-0.001617,-0.001920,-0.001468,-0.000886,-0.000428,-0.000306,-0.000300,-0.000190,-0.000010,-0.000001,-0.000059,-0.000018,-0.000011,-0.000043,-0.000099,-0.000107,0.000022,0.000077,0.000011,0.000008,0.000087,0.000083,0.000167,0.000305,0.000293,0.000228,0.000139,0.000018,-0.000070,-0.000163,-0.000189,-0.000137,-0.000120,-0.000030,0.000092,0.000128,0.000085,0.000094,0.000063,0.000101,0.000089,-0.000023,0.000037,0.000138,0.000035,-0.000089,0.000037,0.000180,0.000179,0.000200,0.020819,0.012342,0.010779,0.009390,0.005570,0.000733,-0.002665,-0.002462,0.000435,0.003109,0.003372,0.002179,0.001314,0.000449,-0.000139,-0.000187,-0.000045,0.000380,0.000858,0.000961,0.000721,0.000110,-0.000695,-0.000980,-0.000659,0.000052,0.000580,0.000324,-0.000286,-0.000504,-0.000293,0.000033,0.000030,-0.000109,-0.000113,-0.000113,-0.000205,-0.000591,-0.001321,-0.002072,-0.002130,-0.001391,-0.000788,-0.000504,-0.000009,0.000385,0.000192,-0.000168,-0.000209,-0.000193,-0.000329,-0.000271,-0.000173,-0.000113,-0.000040,0.000012,0.000118,0.000457,0.000859,0.000711,0.000584,0.001270,0.002065,0.001927,0.001018,0.000322,0.000225,0.000258,0.000019,-0.000190,-0.000201,-0.000134,-0.000186,-0.000345,-0.000499,-0.000456,-0.000124,0.000262,0.000404,0.000240,-0.000080,-0.000181,-0.000014,0.000177,0.000142,-0.000303,-0.001146,-0.001752,-0.001630,-0.001167,-0.000821,-0.000380,0.000034,0.000034,0.000017,0.000224,0.000250,0.000139,-0.000026,-0.000225,-0.000323,-0.000319,-0.000280,-0.000180,0.000008,0.000116,0.000172,0.000217,0.000228,0.000257,0.000237,0.000143,0.000067,0.000112,0.000197,0.000228,0.000171,0.000110,0.000058,-0.000003,-0.000032,0.000032,0.000084,0.000097,0.000007,0.000025,0.000211,0.000322,0.000232,-0.000075,-0.000258,-0.000216,-0.000156,-0.000091,0.000017,0.000043,-0.000023,-0.000084,
-0.007114,-0.011238,-0.013857,-0.010153,-0.005592,-0.003419,-0.002798,-0.002316,-0.002018,-0.001466,-0.000651,-0.000359,-0.000154,-0.000111,-0.000536,-0.000789,-0.000468,0.000166,0.000846,0.000968,0.000457,-0.000313,-0.001057,-0.001577,-0.001791,-0.001767,-0.001544,-0.001234,-0.000899,-0.000653,-0.000384,-0.000198,-0.000116,0.000034,0.000322,0.000607,0.000669,0.000520,0.000224,0.000018,-0.000151,-0.000357,-0.000410,-0.000395,-0.000407,-0.000237,0.000028,0.000154,0.000143,0.000067,-0.000128,-0.000275,-0.000246,-0.000138,-0.000009,-0.000174,-0.000673,-0.000943,-0.000411,0.000649,0.001017,0.000403,0.000049,0.000594,0.001084,0.000783,0.000355,0.000376,0.000441,0.000088,-0.000299,-0.000248,-0.000067,-0.000014,-0.000116,-0.000294,-0.000263,-0.000277,-0.000449,-0.000423,-0.000194,0.000069,0.000369,0.000737,0.001385,0.002016,0.001567,-0.000142,-0.001566,-0.001808,-0.001330,-0.000753,-0.000333,-0.000334,-0.000493,-0.000418,-0.000243,-0.000080,0.000036,0.000037,0.000014,-0.000025,-0.000073,-0.000000,0.000122,0.000186,0.000202,0.000147,0.000123,0.000106,0.000185,0.000298,0.000245,0.000136,0.000204,0.000201,-0.000037,-0.000205,-0.000162,-0.000014,0.000093,0.000052,0.000019,0.000107,0.000092,0.000006,-0.000064,-0.000016,0.000063,0.000055,0.000078,0.000078,0.000102,0.000140,0.000095,0.000108,0.000210,0.000280,0.020605,0.012165,0.010737,0.009397,0.005564,0.000620,-0.002728,-0.002455,0.000523,0.003323,0.003532,0.002126,0.001075,0.000238,-0.000222,-0.000184,-0.000018,0.000341,0.000766,0.000976,0.000904,0.000199,-0.000610,-0.000818,-0.000575,0.000023,0.000562,0.000539,0.000036,-0.000344,-0.000324,-0.000126,-0.000141,-0.000198,-0.000127,-0.000127,-0.000305,-0.000732,-0.001510,-0.002227,-0.002140,-0.001402,-0.000808,-0.000492,-0.000126,0.000212,0.000147,-0.000243,-0.000483,-0.000513,-0.000376,-0.000229,-0.000078,0.000040,-0.000018,-0.000064,0.000063,0.000450,0.000923,0.000786,0.000693,0.001541,0.002386,0.001777,0.000453,0.000036,0.000273,0.000399,0.000294,0.000066,-0.000064,-0.000120,-0.000242,-0.000482,-0.000593,-0.000465,-0.000256,0.000039,0.000286,0.000267,0.000053,-0.000189,-0.000204,-0.000022,0.000001,-0.000438,-0.001120,-0.001687,-0.001533,-0.001061,-0.000771,-0.000388,-0.000081,-0.000076,0.000117,0.000343,0.000259,0.000100,0.000023,-0.000134,-0.000242,-0.000212,-0.000148,-0.000068,-0.000047,-0.000081,0.000065,0.000187,0.000178,0.000104,0.000038,0.000018,0.000133,0.000307,0.000353,0.000311,0.000294,0.000214,0.000137,0.000112,0.000006,-0.000060,-0.000023,-0.000064,-0.000090,-0.000071,-0.000027,-0.000016,0.000004,-0.000049,-0.000158,-0.000250,-0.000298,-0.000187,0.000016,0.000263,0.000355,0.000122,
-0.007165,-0.011155,-0.014021,-0.010396,-0.005593,-0.003273,-0.002625,-0.002141,-0.002017,-0.001548,-0.000685,-0.000438,-0.000310,-0.000177,-0.000484,-0.000676,-0.000400,0.000162,0.000745,0.000847,0.000357,-0.000409,-0.001191,-0.001687,-0.001813,-0.001704,-0.001569,-0.001206,-0.000764,-0.000479,-0.000374,-0.000314,-0.000165,0.000058,0.000415,0.000771,0.000784,0.000570,0.000364,0.000172,-0.000122,-0.000375,-0.000317,-0.000175,-0.000210,-0.000172,0.000033,0.000145,0.000122,0.000079,-0.000136,-0.000265,-0.000184,-0.000126,0.000029,-0.000029,-0.000527,-0.000800,-0.000254,0.000657,0.000826,0.000044,-0.000389,0.000274,0.000873,0.000565,0.000126,0.000141,0.000301,0.000202,-0.000083,-0.000110,-0.000034,-0.000090,-0.000245,-0.000165,-0.000066,-0.000246,-0.000405,-0.000333,-0.000212,-0.000071,0.000205,0.000622,0.001371,0.002014,0.001570,-0.000079,-0.001564,-0.001830,-0.001414,-0.000805,-0.000123,-0.000016,-0.000357,-0.000419,-0.000215,-0.000081,0.000046,0.000119,0.000111,0.000023,-0.000084,-0.000004,0.000076,0.000058,0.000033,0.000019,0.000071,0.000226,0.000297,0.000228,0.000213,0.000214,0.000138,-0.000054,-0.000277,-0.000274,-0.000205,-0.000143,-0.000061,-0.000062,-0.000030,0.000063,0.000188,0.000148,-0.000013,0.000027,0.000143,0.000200,0.000123,0.000032,-0.000076,-0.000147,-0.000034,0.000163,0.000240,0.000203,0.020312,0.011473,0.010013,0.008995,0.005439,0.000508,-0.002867,-0.002606,0.000382,0.003269,0.003462,0.002040,0.000941,0.000105,-0.000318,-0.000189,0.000108,0.000547,0.000893,0.001043,0.000935,0.000230,-0.000708,-0.001016,-0.000760,-0.000123,0.000438,0.000227,-0.000236,-0.000430,-0.000320,0.000006,0.000105,0.000083,0.000156,0.000152,-0.000150,-0.000658,-0.001405,-0.002131,-0.002126,-0.001521,-0.000906,-0.000414,0.000040,0.000285,0.000179,-0.000136,-0.000396,-0.000443,-0.000319,-0.000213,-0.000048,0.000009,-0.000077,-0.000176,-0.000078,0.000427,0.000896,0.000738,0.000527,0.001295,0.002286,0.002081,0.000897,0.000008,-0.000057,0.000123,-0.000071,-0.000297,-0.000270,-0.000307,-0.000400,-0.000479,-0.000488,-0.000300,-0.000010,0.000233,0.000318,0.000154,-0.000141,-0.000267,-0.000180,0.000019,0.000149,-0.000251,-0.001134,-0.001795,-0.001725,-0.001235,-0.000810,-0.000275,0.000015,-0.000076,0.000035,0.000323,0.000307,0.000146,-0.000008,-0.000160,-0.000321,-0.000355,-0.000244,-0.000133,-0.000023,0.000124,0.000256,0.000259,0.000182,0.000063,-0.000030,-0.000008,0.000117,0.000138,0.000063,0.000073,0.000129,0.000156,0.000149,0.000036,-0.000000,-0.000017,-0.000091,-0.000090,0.000024,0.000176,0.000155,0.000019,-0.000065,-0.000141,-0.000210,-0.000148,-0.000105,-0.000074,0.000055,0.000236,0.000364,0.000364,
-0.006653,-0.010805,-0.013847,-0.010343,-0.005585,-0.003276,-0.002583,-0.002065,-0.001990,-0.001518,-0.000594,-0.000241,-0.000200,-0.000229,-0.000556,-0.000774,-0.000501,0.000190,0.000821,0.000808,0.000329,-0.000367,-0.001197,-0.001668,-0.001733,-0.001684,-0.001620,-0.001363,-0.000937,-0.000592,-0.000424,-0.000326,-0.000185,0.000121,0.000480,0.000751,0.000799,0.000618,0.000477,0.000328,0.000067,-0.000156,-0.000177,-0.000218,-0.000232,-0.000144,0.000073,0.000154,-0.000018,-0.000268,-0.000406,-0.000350,-0.000263,-0.000101,0.000022,-0.000149,-0.000617,-0.000964,-0.000438,0.000677,0.001044,0.000445,0.000145,0.000587,0.000874,0.000577,0.000401,0.000569,0.000558,0.000126,-0.000263,-0.000379,-0.000271,-0.000132,-0.000089,-0.000104,-0.000146,-0.000271,-0.000379,-0.000302,-0.000133,0.000080,0.000359,0.000808,0.001623,0.002330,0.001727,-0.000215,-0.001632,-0.001700,-0.001307,-0.000813,-0.000335,-0.000208,-0.000330,-0.000322,-0.000134,-0.000108,-0.000091,-0.000001,-0.000011,-0.000157,-0.000199,-0.000095,0.000061,0.000140,0.000167,0.000230,0.000182,0.000208,0.000263,0.000178,0.000131,0.000195,0.000199,0.000051,-0.000087,-0.000095,-0.000090,-0.000139,-0.000134,-0.000066,-0.000009,0.000025,0.000062,0.000185,0.000183,0.000032,-0.000062,-0.000055,0.000024,0.000050,0.000044,0.000074,0.000093,0.000179,0.000293,0.000343,0.020253,0.011402,0.010013,0.009189,0.005413,0.000395,-0.002868,-0.002483,0.000498,0.003241,0.003388,0.002042,0.000960,-0.000025,-0.000386,-0.000201,0.000022,0.000453,0.000965,0.001115,0.000901,0.000232,-0.000670,-0.000916,-0.000552,0.000162,0.000693,0.000500,0.000019,-0.000328,-0.000318,-0.000151,-0.000079,-0.000139,-0.000097,0.000075,-0.000005,-0.000565,-0.001486,-0.002240,-0.002207,-0.001454,-0.000791,-0.000469,-0.000107,0.000248,0.000151,-0.000225,-0.000397,-0.000425,-0.000354,-0.000085,0.000058,0.000026,-0.000075,-0.000184,-0.000022,0.000478,0.000870,0.000706,0.000660,0.001365,0.001955,0.001626,0.000879,0.000432,0.000242,0.000156,-0.000045,-0.000453,-0.000549,-0.000323,-0.000207,-0.000311,-0.000424,-0.000391,-0.000187,0.000106,0.000378,0.000417,0.000147,-0.000057,0.000055,0.000140,0.000069,-0.000337,-0.001167,-0.001894,-0.001859,-0.001326,-0.000868,-0.000365,-0.000192,-0.000295,-0.000193,0.000069,0.000186,0.000049,-0.000071,-0.000161,-0.000217,-0.000230,-0.000138,-0.000098,-0.000090,0.000051,0.000183,0.000101,0.000023,0.000055,0.000032,-0.000033,0.000059,0.000159,0.000202,0.000279,0.000214,0.000143,0.000131,0.000098,0.000047,0.000063,0.000069,0.000055,0.000082,0.000056,0.000079,0.000154,-0.000065,-0.000329,-0.000341,-0.000264,-0.000307,-0.000199,-0.000010,0.000069,0.000188,0.000247,
-0.006772,-0.010733,-0.013862,-0.010347,-0.005512,-0.003198,-0.002438,-0.001806,-0.001649,-0.001304,-0.000565,-0.000313,-0.000175,-0.000156,-0.000540,-0.000719,-0.000462,0.000102,0.000735,0.000863,0.000371,-0.000321,-0.000997,-0.001492,-0.001690,-0.001731,-0.001781,-0.001623,-0.001269,-0.000898,-0.000598,-0.000372,-0.000003,0.000312,0.000474,0.000616,0.000679,0.000537,0.000306,0.000027,-0.000233,-0.000306,-0.000251,-0.000197,-0.000187,-0.000096,0.000091,0.000163,0.000038,-0.000145,-0.000278,-0.000295,-0.000214,-0.000078,-0.000053,-0.000286,-0.000601,-0.000713,-0.000266,0.000610,0.000761,0.000083,-0.000126,0.000442,0.000664,0.000360,0.000297,0.000626,0.000771,0.000384,-0.000121,-0.000386,-0.000298,-0.000078,0.000043,0.000046,-0.000043,-0.000348,-0.000508,-0.000377,-0.000190,0.000041,0.000283,0.000689,0.001436,0.002131,0.001753,0.000054,-0.001398,-0.001706,-0.001403,-0.000836,-0.000271,-0.000224,-0.000399,-0.000310,-0.000039,0.000162,0.000161,0.000105,0.000093,0.000021,-0.000148,-0.000172,0.000024,0.000155,0.000139,0.000105,0.000135,0.000183,0.000228,0.000187,0.000075,0.000035,0.000082,0.000147,0.000133,-0.000013,-0.000143,-0.000103,-0.000026,0.000074,0.000114,0.000109,0.000129,0.000118,-0.000038,-0.000112,0.000035,-0.000003,-0.000078,-0.000058,-0.000045,-0.000097,-0.000091,0.000030,0.000122,0.000163,0.019985,0.010916,0.009553,0.008957,0.005497,0.000558,-0.002755,-0.002363,0.000657,0.003444,0.003608,0.002198,0.001052,0.000053,-0.000413,-0.000212,0.000189,0.000622,0.000945,0.001090,0.001005,0.000283,-0.000620,-0.000871,-0.000528,0.000073,0.000423,0.000291,-0.000125,-0.000410,-0.000275,0.000091,0.000261,0.000208,0.000161,0.000117,-0.000046,-0.000554,-0.001402,-0.002142,-0.002116,-0.001347,-0.000691,-0.000288,0.000161,0.000414,0.000172,-0.000178,-0.000305,-0.000339,-0.000275,-0.000200,-0.000155,-0.000127,-0.000082,-0.000095,0.000040,0.000471,0.000901,0.000727,0.000664,0.001492,0.002303,0.001790,0.000467,-0.000216,-0.000035,0.000161,-0.000155,-0.000505,-0.000434,-0.000206,-0.000122,-0.000172,-0.000383,-0.000404,-0.000070,0.000239,0.000351,0.000328,0.000203,0.000137,0.000223,0.000438,0.000374,-0.000223,-0.001069,-0.001723,-0.001645,-0.001246,-0.000909,-0.000381,0.000020,0.000030,0.000180,0.000335,0.000245,0.000018,-0.000146,-0.000262,-0.000337,-0.000272,-0.000170,-0.000100,-0.000130,-0.000041,0.000168,0.000335,0.000340,0.000102,-0.000097,-0.000142,-0.000002,0.000200,0.000259,0.000164,0.000178,0.000298,0.000267,0.000097,0.000070,0.000021,-0.000068,-0.000015,0.000086,0.000175,0.000199,0.000074,0.000011,-0.000012,-0.000135,-0.000218,-0.000255,-0.000159,0.000047,0.000243,0.000316,0.000238,
-0.006397,-0.010363,-0.013701,-0.010366,-0.005471,-0.003051,-0.002400,-0.001854,-0.001744,-0.001367,-0.000477,-0.000065,-0.000019,-0.000163,-0.000548,-0.000599,-0.000335,0.000180,0.000795,0.000919,0.000375,-0.000465,-0.001335,-0.001836,-0.001892,-0.001829,-0.001704,-0.001529,-0.001251,-0.000848,-0.000480,-0.000090,0.000217,0.000374,0.000522,0.000745,0.000666,0.000374,0.000211,0.000124,-0.000085,-0.000277,-0.000203,-0.000058,-0.000133,-0.000053,0.000092,0.000059,-0.000006,-0.000135,-0.000247,-0.000262,-0.000261,-0.000149,0.000008,-0.000069,-0.000494,-0.000855,-0.000325,0.000822,0.001139,0.000458,0.000156,0.000813,0.001383,0.001084,0.000627,0.000623,0.000573,0.000195,-0.000196,-0.000382,-0.000261,-0.000071,-0.000001,0.000058,0.000083,-0.000074,-0.000299,-0.000339,-0.000183,0.000048,0.000335,0.000761,0.001472,0.002050,0.001617,-0.000024,-0.001460,-0.001753,-0.001488,-0.000900,-0.000366,-0.000309,-0.000436,-0.000311,-0.000059,-0.000076,-0.000076,-0.000003,0.000070,0.000048,-0.000104,-0.000068,0.000118,0.000126,0.000039,0.000053,0.000047,0.000116,0.000311,0.000371,0.000313,0.000257,0.000210,0.000080,-0.000111,-0.000180,-0.000140,0.000017,0.000088,0.000089,0.000098,0.000024,-0.000070,-0.000045,-0.000057,-0.000106,-0.000010,0.000060,0.000042,0.000035,0.000010,-0.000027,0.000043,0.000225,0.000292,0.000256,0.019829,0.010855,0.009626,0.008977,0.005401,0.000436,-0.002921,-0.002561,0.000580,0.003474,0.003619,0.002037,0.000747,-0.000201,-0.000481,-0.000171,0.000221,0.000637,0.000956,0.001132,0.000963,0.000240,-0.000686,-0.001022,-0.000644,0.000048,0.000488,0.000421,-0.000093,-0.000431,-0.000133,0.000454,0.000596,0.000269,-0.000013,-0.000087,-0.000117,-0.000413,-0.001251,-0.002134,-0.002157,-0.001379,-0.000723,-0.000289,0.000119,0.000359,0.000197,-0.000270,-0.000396,-0.000306,-0.000156,-0.000032,-0.000039,0.000035,-0.000097,-0.000241,-0.000002,0.000547,0.000923,0.000769,0.000655,0.001373,0.002272,0.002010,0.000926,0.000229,0.000226,0.000210,-0.000081,-0.000374,-0.000465,-0.000435,-0.000445,-0.000476,-0.000563,-0.000575,-0.000318,0.000071,0.000291,0.000200,-0.000055,-0.000255,-0.000235,0.000095,0.000293,-0.000270,-0.001222,-0.001814,-0.001744,-0.001377,-0.001067,-0.000567,-0.000109,-0.000086,-0.000031,0.000266,0.000289,0.000045,-0.000147,-0.000210,-0.000245,-0.000278,-0.000213,-0.000014,0.000034,0.000029,0.000125,0.000205,0.000203,0.000086,-0.000017,-0.000002,0.000009,0.000005,0.000147,0.000240,0.000234,0.000163,0.000057,-0.000026,-0.000089,-0.000181,-0.000154,0.000007,0.000040,-0.000042,0.000016,0.000055,-0.000028,-0.000083,-0.000210,-0.000261,-0.000188,-0.000087,0.000074,0.000255,0.000395,0.000258,
-0.006182,-0.010239,-0.013564,-0.010334,-0.005523,-0.003061,-0.002326,-0.001745,-0.001668,-0.001253,-0.000332,-0.000028,0.000064,-0.000066,-0.000612,-0.000767,-0.000307,0.000356,0.000918,0.000880,0.000375,-0.000302,-0.001079,-0.001618,-0.001910,-0.001936,-0.001717,-0.001476,-0.001162,-0.000852,-0.000595,-0.000379,-0.000175,0.000004,0.000301,0.000696,0.000818,0.000534,0.000276,0.000139,-0.000119,-0.000259,-0.000259,-0.000386,-0.000495,-0.000284,0.000129,0.000286,0.000193,0.000070,-0.000092,-0.000221,-0.000312,-0.000277,-0.000184,-0.000223,-0.000540,-0.000736,-0.000234,0.000724,0.000944,0.000200,-0.000177,0.000435,0.000930,0.000666,0.000316,0.000408,0.000535,0.000323,-0.000056,-0.000196,-0.000085,0.000002,0.000037,0.000136,0.000134,-0.000105,-0.000402,-0.000474,-0.000282,-0.000013,0.000312,0.000789,0.001534,0.002179,0.001735,0.000076,-0.001345,-0.001633,-0.001306,-0.000737,-0.000279,-0.000291,-0.000454,-0.000418,-0.000128,0.000135,0.000098,-0.000015,0.000032,0.000076,-0.000112,-0.000173,0.000040,0.000119,0.000083,0.000080,0.000170,0.000160,0.000108,0.000203,0.000228,0.000107,0.000098,0.000024,-0.000114,-0.000115,-0.000109,-0.000167,-0.000145,0.000036,0.000181,0.000228,0.000165,0.000111,0.000068,-0.000001,0.000015,0.000083,0.000117,0.000074,0.000067,-0.000022,-0.000020,0.000098,0.000145,0.000236,0.019664,0.010561,0.009514,0.009079,0.005508,0.000528,-0.002710,-0.002247,0.000815,0.003542,0.003517,0.001931,0.000829,-0.000047,-0.000400,-0.000166,0.000181,0.000526,0.000872,0.001052,0.000921,0.000209,-0.000702,-0.000906,-0.000438,0.000257,0.000642,0.000318,-0.000267,-0.000495,-0.000340,0.000013,0.000220,0.000173,0.000114,0.000056,-0.000094,-0.000482,-0.001319,-0.002106,-0.002060,-0.001380,-0.000829,-0.000525,-0.000048,0.000293,0.000202,-0.000080,-0.000224,-0.000330,-0.000417,-0.000238,-0.000000,0.000114,0.000048,-0.000062,0.000075,0.000579,0.000982,0.000753,0.000582,0.001403,0.002380,0.002255,0.001264,0.000464,0.000298,0.000351,0.000140,-0.000141,-0.000152,-0.000016,-0.000005,-0.000280,-0.000506,-0.000416,-0.000164,0.000163,0.000370,0.000290,0.000052,-0.000119,-0.000008,0.000250,0.000291,-0.000211,-0.001181,-0.001828,-0.001680,-0.001306,-0.000989,-0.000431,-0.000040,-0.000021,0.000140,0.000417,0.000382,0.000070,-0.000061,-0.000106,-0.000220,-0.000333,-0.000330,-0.000150,0.000021,0.000052,0.000143,0.000263,0.000215,0.000117,0.000028,-0.000045,0.000005,0.000109,0.000176,0.000185,0.000213,0.000270,0.000250,0.000150,0.000045,-0.000025,-0.000118,-0.000069,0.000048,0.000076,0.000168,0.000215,0.000154,-0.000062,-0.000276,-0.000295,-0.000159,-0.000020,0.000069,0.000205,0.000297,0.000226,
-0.006223,-0.010156,-0.013388,-0.010261,-0.005626,-0.003182,-0.002253,-0.001594,-0.001566,-0.001314,-0.000447,-0.000076,-0.000032,-0.000116,-0.000566,-0.000854,-0.000516,0.000213,0.000932,0.000957,0.000366,-0.000360,-0.001122,-0.001601,-0.001740,-0.001796,-0.001666,-0.001261,-0.000839,-0.000593,-0.000477,-0.000283,-0.000037,0.000217,0.000458,0.000666,0.000760,0.000600,0.000367,0.000190,-0.000011,-0.000253,-0.000346,-0.000335,-0.000286,-0.000042,0.000179,0.000219,0.000072,-0.000071,-0.000147,-0.000237,-0.000174,-0.000113,-0.000102,-0.000216,-0.000566,-0.000727,-0.000169,0.000770,0.001038,0.000460,0.000157,0.000692,0.000981,0.000560,0.000337,0.000456,0.000355,0.000110,-0.000087,-0.000285,-0.000269,-0.000111,-0.000083,-0.000072,0.000029,-0.000150,-0.000417,-0.000394,-0.000200,-0.000017,0.000204,0.000714,0.001486,0.002170,0.001761,0.000037,-0.001480,-0.001740,-0.001374,-0.000878,-0.000372,-0.000259,-0.000375,-0.000314,-0.000193,-0.000142,-0.000058,-0.000014,-0.000028,-0.000042,-0.000215,-0.000257,-0.000106,0.000011,0.000022,0.000039,0.000157,0.000214,0.000297,0.000396,0.000368,0.000256,0.000073,-0.000063,-0.000127,-0.000201,-0.000224,-0.000151,-0.000019,0.000140,0.000183,0.000177,0.000192,0.000113,-0.000067,-0.000041,0.000023,0.000069,0.000167,0.000062,-0.000109,-0.000106,0.000118,0.000258,0.000160,0.000182,0.019228,0.010028,0.009059,0.008759,0.005336,0.000473,-0.002677,-0.002153,0.000824,0.003495,0.003564,0.002027,0.000748,-0.000187,-0.000487,-0.000161,0.000111,0.000504,0.000929,0.001065,0.001004,0.000413,-0.000584,-0.000924,-0.000510,0.000141,0.000650,0.000449,-0.000168,-0.000496,-0.000316,0.000003,0.000067,-0.000012,-0.000013,0.000027,-0.000042,-0.000505,-0.001403,-0.002216,-0.002186,-0.001546,-0.000974,-0.000522,-0.000047,0.000301,0.000222,-0.000138,-0.000337,-0.000403,-0.000384,-0.000230,-0.000176,-0.000125,-0.000138,-0.000183,-0.000058,0.000413,0.000859,0.000751,0.000591,0.001273,0.002050,0.001627,0.000574,0.000091,0.000200,0.000342,0.000138,-0.000160,-0.000129,-0.000051,-0.000260,-0.000574,-0.000669,-0.000428,-0.000079,0.000245,0.000290,0.000179,0.000001,-0.000131,-0.000030,0.000206,0.000285,-0.000151,-0.001036,-0.001740,-0.001708,-0.001274,-0.000857,-0.000380,-0.000108,0.000023,0.000191,0.000352,0.000293,0.000036,-0.000127,-0.000241,-0.000297,-0.000226,-0.000108,-0.000051,-0.000048,-0.000043,0.000048,0.000141,0.000251,0.000232,0.000152,0.000115,0.000082,0.000157,0.000219,0.000178,0.000210,0.000179,0.000095,0.000051,-0.000024,-0.000015,-0.000020,0.000026,0.000093,0.000091,0.000100,0.000072,0.000015,-0.000079,-0.000115,-0.000195,-0.000215,-0.000031,0.000166,0.000347,0.000281,0.000126,
-0.006517,-0.010391,-0.013665,-0.010411,-0.005630,-0.002948,-0.002019,-0.001457,-0.001477,-0.001285,-0.000352,0.000075,0.000080,-0.000108,-0.000616,-0.000768,-0.000337,0.000274,0.000872,0.000879,0.000311,-0.000377,-0.001072,-0.001569,-0.001800,-0.001818,-0.001607,-0.001237,-0.000893,-0.000663,-0.000473,-0.000322,-0.000235,-0.000090,0.000308,0.000645,0.000669,0.000550,0.000364,0.000154,-0.000051,-0.000252,-0.000301,-0.000228,-0.000272,-0.000180,0.000184,0.000264,0.000146,0.000129,0.000021,-0.000044,0.000012,-0.000032,-0.000108,-0.000299,-0.000597,-0.000665,-0.000173,0.000710,0.000857,-0.000141,-0.000573,0.000263,0.000862,0.000478,-0.000027,0.000017,0.000189,0.000058,-0.000229,-0.000244,-0.000077,-0.000006,0.000048,0.000102,0.000043,-0.000181,-0.000450,-0.000403,-0.000248,-0.000081,0.000293,0.000807,0.001475,0.002017,0.001587,0.000026,-0.001404,-0.001706,-0.001273,-0.000738,-0.000334,-0.000270,-0.000416,-0.000367,-0.000143,-0.000015,0.000068,0.000068,0.000003,-0.000134,-0.000233,-0.000124,-0.000071,-0.000091,-0.000012,0.000088,0.000156,0.000119,0.000252,0.000387,0.000290,0.000228,0.000208,0.000132,-0.000064,-0.000155,-0.000111,-0.000052,0.000030,0.000061,0.000087,0.000091,0.000068,0.000007,-0.000064,-0.000016,0.000039,0.000122,0.000113,0.000006,-0.000086,-0.000114,0.000018,0.000202,0.000215,0.000135,0.019047,0.009665,0.008612,0.008615,0.005381,0.000400,-0.002812,-0.002228,0.000855,0.003560,0.003488,0.001783,0.000536,-0.000329,-0.000558,-0.000181,0.000162,0.000540,0.000970,0.001242,0.001092,0.000209,-0.000821,-0.001067,-0.000634,0.000081,0.000618,0.000431,-0.000184,-0.000509,-0.000333,-0.000039,0.000075,0.000111,0.000186,0.000111,-0.000091,-0.000480,-0.001288,-0.002217,-0.002257,-0.001490,-0.000850,-0.000419,0.000029,0.000380,0.000373,-0.000051,-0.000400,-0.000479,-0.000459,-0.000286,-0.000102,-0.000091,-0.000269,-0.000345,-0.000056,0.000480,0.000942,0.000828,0.000681,0.001472,0.002471,0.002198,0.001021,0.000215,0.000088,0.000105,-0.000099,-0.000218,-0.000258,-0.000314,-0.000389,-0.000431,-0.000449,-0.000375,-0.000121,0.000200,0.000311,0.000170,-0.000068,-0.000204,-0.000048,0.000187,0.000193,-0.000221,-0.001017,-0.001716,-0.001651,-0.001225,-0.000929,-0.000438,-0.000106,-0.000188,-0.000097,0.000163,0.000253,0.000016,-0.000251,-0.000324,-0.000235,-0.000203,-0.000179,-0.000044,0.000073,0.000089,0.000078,0.000113,0.000132,0.000057,0.000007,0.000010,0.000106,0.000274,0.000298,0.000241,0.000128,0.000085,0.000102,0.000076,0.000010,-0.000070,-0.000230,-0.000212,0.000018,0.000106,0.000095,0.000095,-0.000003,-0.000159,-0.000195,-0.000162,-0.000189,-0.000069,0.000112,0.000162,0.000236,0.000244,
-0.005980,-0.010072,-0.013466,-0.010295,-0.005536,-0.003032,-0.002122,-0.001472,-0.001363,-0.001032,-0.000299,0.000034,0.000158,-0.000003,-0.000555,-0.000809,-0.000447,0.000340,0.001051,0.001056,0.000504,-0.000264,-0.001057,-0.001597,-0.001754,-0.001752,-0.001659,-0.001272,-0.000814,-0.000533,-0.000405,-0.000308,-0.000199,-0.000033,0.000233,0.000612,0.000801,0.000667,0.000528,0.000259,-0.000143,-0.000394,-0.000429,-0.000371,-0.000325,-0.000187,0.000079,0.000226,0.000095,-0.000052,-0.000105,-0.000192,-0.000127,-0.000039,-0.000107,-0.000204,-0.000565,-0.000835,-0.000274,0.000727,0.001094,0.000493,0.000004,0.000505,0.001150,0.000916,0.000464,0.000388,0.000353,0.000148,-0.000138,-0.000307,-0.000179,-0.000052,-0.000082,-0.000019,0.000093,-0.000054,-0.000247,-0.000165,0.000006,0.000103,0.000253,0.000708,0.001424,0.002061,0.001612,-0.000200,-0.001794,-0.002000,-0.001400,-0.000740,-0.000278,-0.000183,-0.000314,-0.000392,-0.000231,-0.000182,-0.000164,-0.000081,-0.000037,-0.000049,-0.000141,-0.000100,0.000021,-0.000039,-0.000064,0.000030,0.000146,0.000220,0.000278,0.000335,0.000280,0.000322,0.000351,0.000131,-0.000100,-0.000155,-0.000169,-0.000117,0.000005,0.000112,0.000199,0.000218,0.000197,0.000144,0.000128,0.000066,-0.000011,0.000025,0.000005,0.000054,0.000085,-0.000038,0.000019,0.000108,0.000082,0.000060,0.018980,0.009601,0.008749,0.008820,0.005388,0.000312,-0.002803,-0.002101,0.001165,0.003833,0.003639,0.001967,0.000678,-0.000223,-0.000424,-0.000122,0.000213,0.000628,0.000974,0.001105,0.001051,0.000371,-0.000685,-0.001051,-0.000620,0.000098,0.000666,0.000504,-0.000089,-0.000412,-0.000266,0.000073,0.000046,-0.000123,-0.000001,0.000134,0.000002,-0.000500,-0.001388,-0.002205,-0.002230,-0.001426,-0.000789,-0.000466,0.000005,0.000279,0.000151,-0.000125,-0.000317,-0.000470,-0.000400,-0.000259,-0.000207,-0.000045,-0.000089,-0.000158,0.000019,0.000505,0.000917,0.000800,0.000629,0.001147,0.001735,0.001383,0.000600,0.000088,-0.000107,-0.000089,-0.000228,-0.000487,-0.000431,-0.000191,-0.000197,-0.000381,-0.000434,-0.000422,-0.000218,0.000150,0.000339,0.000262,-0.000025,-0.000166,-0.000065,0.000184,0.000270,-0.000259,-0.001184,-0.001790,-0.001675,-0.001172,-0.000760,-0.000374,-0.000158,-0.000174,-0.000001,0.000233,0.000241,0.000104,0.000005,-0.000155,-0.000306,-0.000268,-0.000146,-0.000089,-0.000048,-0.000093,0.000013,0.000190,0.000169,0.000108,0.000068,0.000083,0.000060,0.000086,0.000152,0.000122,0.000140,0.000203,0.000186,0.000079,-0.000001,0.000004,-0.000013,-0.000040,0.000099,0.000211,0.000198,0.000204,0.000119,-0.000027,-0.000129,-0.000156,-0.000222,-0.000216,0.000008,0.000168,0.000212,0.000124,
-0.006373,-0.010123,-0.013443,-0.010329,-0.005598,-0.003029,-0.001978,-0.001321,-0.001405,-0.001181,-0.000376,0.000032,0.000133,0.000001,-0.000497,-0.000777,-0.000392,0.000373,0.000963,0.000866,0.000329,-0.000235,-0.000990,-0.001589,-0.001845,-0.001922,-0.001901,-0.001592,-0.001000,-0.000573,-0.000380,-0.000257,-0.000042,0.000157,0.000387,0.000679,0.000775,0.000687,0.000444,0.000132,-0.000103,-0.000238,-0.000249,-0.000226,-0.000234,-0.000074,0.000120,0.000179,0.000042,-0.000147,-0.000186,-0.000265,-0.000332,-0.000141,0.000021,-0.000100,-0.000497,-0.000804,-0.000368,0.000671,0.000973,0.000298,0.000074,0.000575,0.000589,0.000233,0.000340,0.000653,0.000690,0.000408,-0.000095,-0.000317,-0.000216,-0.000113,-0.000104,-0.000031,-0.000048,-0.000280,-0.000481,-0.000446,-0.000198,-0.000001,0.000164,0.000600,0.001352,0.002058,0.001636,-0.000024,-0.001538,-0.001773,-0.001358,-0.000868,-0.000371,-0.000244,-0.000414,-0.000389,-0.000172,-0.000095,-0.000031,0.000075,0.000076,-0.000071,-0.000160,-0.000024,-0.000065,-0.000090,0.000077,0.000191,0.000172,0.000188,0.000298,0.000257,0.000112,0.000145,0.000224,0.000042,-0.000153,-0.000168,-0.000178,-0.000123,-0.000013,0.000037,0.000056,0.000096,0.000199,0.000193,0.000055,0.000000,-0.000005,0.000077,0.000202,0.000136,-0.000021,-0.000046,0.000035,0.000124,0.000193,0.000223,0.018456,0.009011,0.008353,0.008550,0.005290,0.000275,-0.002862,-0.002114,0.001099,0.003807,0.003772,0.001989,0.000650,-0.000236,-0.000498,-0.000077,0.000338,0.000703,0.001018,0.001234,0.001118,0.000262,-0.000792,-0.001052,-0.000597,0.000138,0.000633,0.000432,-0.000168,-0.000481,-0.000230,0.000162,0.000292,0.000179,0.000057,0.000053,-0.000122,-0.000695,-0.001478,-0.002154,-0.002059,-0.001269,-0.000688,-0.000411,-0.000009,0.000362,0.000291,-0.000093,-0.000311,-0.000298,-0.000212,-0.000112,0.000005,0.000051,-0.000054,-0.000124,0.000015,0.000418,0.000927,0.000847,0.000793,0.001670,0.002362,0.001779,0.000596,0.000003,0.000069,0.000174,-0.000091,-0.000467,-0.000487,-0.000298,-0.000275,-0.000401,-0.000473,-0.000371,-0.000139,0.000063,0.000172,0.000229,0.000015,-0.000144,0.000012,0.000179,0.000200,-0.000166,-0.001103,-0.001837,-0.001705,-0.001218,-0.000909,-0.000511,-0.000175,-0.000149,-0.000009,0.000363,0.000408,0.000112,-0.000252,-0.000389,-0.000280,-0.000222,-0.000161,-0.000124,-0.000201,-0.000152,0.000053,0.000198,0.000175,0.000038,-0.000092,-0.000040,0.000164,0.000188,0.000084,0.000069,0.000240,0.000340,0.000180,0.000133,0.000127,0.000029,-0.000012,-0.000070,-0.000096,-0.000009,0.000035,0.000062,0.000082,-0.000047,-0.000198,-0.000239,-0.000145,-0.000060,0.000104,0.000188,0.000183,0.000172,
-0.006674,-0.010117,-0.013345,-0.010415,-0.005694,-0.003035,-0.001951,-0.001222,-0.001311,-0.001172,-0.000302,0.000192,0.000348,0.000194,-0.000411,-0.000673,-0.000353,0.000329,0.000996,0.001032,0.000471,-0.000279,-0.001070,-0.001606,-0.001765,-0.001864,-0.001911,-0.001690,-0.001268,-0.000805,-0.000431,-0.000053,0.000275,0.000460,0.000630,0.000779,0.000643,0.000352,0.000184,0.000129,-0.000017,-0.000234,-0.000288,-0.000204,-0.000239,-0.000228,-0.000095,0.000001,0.000039,-0.000023,-0.000192,-0.000317,-0.000233,-0.000053,0.000109,-0.000062,-0.000597,-0.000818,-0.000306,0.000654,0.000977,0.000200,-0.000091,0.000725,0.001210,0.000786,0.000422,0.000574,0.000597,0.000280,-0.000171,-0.000384,-0.000296,-0.000076,0.000035,-0.000009,0.000020,-0.000145,-0.000381,-0.000287,-0.000039,0.000220,0.000377,0.000761,0.001574,0.002245,0.001795,0.000133,-0.001438,-0.001774,-0.001389,-0.000838,-0.000317,-0.000237,-0.000376,-0.000261,-0.000058,-0.000001,0.000082,0.000120,0.000049,-0.000066,-0.000187,-0.000207,-0.000078,-0.000007,0.000047,0.000063,0.000156,0.000304,0.000381,0.000289,0.000182,0.000202,0.000222,0.000185,0.000047,-0.000049,-0.000019,-0.000064,-0.000037,-0.000007,-0.000010,0.000122,0.000188,0.000090,-0.000025,0.000060,0.000146,0.000148,0.000103,-0.000013,-0.000102,-0.000127,0.000009,0.000121,0.000094,0.000140,0.017959,0.008394,0.007743,0.008082,0.005035,0.000269,-0.002652,-0.001866,0.001197,0.003807,0.003737,0.001999,0.000607,-0.000286,-0.000541,-0.000214,0.000198,0.000713,0.001115,0.001265,0.001071,0.000304,-0.000720,-0.001034,-0.000578,0.000102,0.000523,0.000278,-0.000270,-0.000417,-0.000051,0.000384,0.000361,0.000048,-0.000114,0.000030,0.000022,-0.000463,-0.001316,-0.002118,-0.002068,-0.001324,-0.000715,-0.000309,0.000131,0.000460,0.000380,-0.000001,-0.000301,-0.000419,-0.000253,0.000035,0.000106,0.000016,-0.000191,-0.000213,0.000041,0.000480,0.000862,0.000676,0.000498,0.001279,0.002165,0.001864,0.000789,0.000160,0.000169,0.000111,-0.000205,-0.000476,-0.000463,-0.000390,-0.000424,-0.000581,-0.000610,-0.000456,-0.000212,0.000073,0.000284,0.000271,0.000024,-0.000067,0.000045,0.000179,0.000191,-0.000212,-0.001030,-0.001667,-0.001595,-0.001223,-0.000913,-0.000509,-0.000131,-0.000039,0.000121,0.000422,0.000313,-0.000022,-0.000167,-0.000207,-0.000282,-0.000253,-0.000201,-0.000105,0.000098,0.000146,0.000020,-0.000017,0.000066,0.000069,-0.000049,-0.000064,-0.000051,0.000034,0.000150,0.000305,0.000357,0.000279,0.000154,0.000034,0.000056,0.000050,-0.000015,-0.000009,0.000064,0.000070,0.000030,-0.000020,-0.000057,-0.000111,-0.000167,-0.000167,-0.000161,-0.000074,0.000120,0.000231,0.000275,0.000253,
-0.006214,-0.009857,-0.013180,-0.010246,-0.005662,-0.003060,-0.001919,-0.001225,-0.001342,-0.001094,-0.000128,0.000358,0.000365,0.000091,-0.000508,-0.000706,-0.000324,0.000403,0.001006,0.000863,0.000340,-0.000328,-0.001090,-0.001569,-0.001804,-0.001857,-0.001712,-0.001412,-0.001007,-0.000688,-0.000430,-0.000138,0.000048,0.000194,0.000496,0.000671,0.000629,0.000428,0.000289,0.000257,-0.000031,-0.000260,-0.000242,-0.000243,-0.000287,-0.000174,-0.000013,0.000073,0.000039,-0.000108,-0.000273,-0.000344,-0.000211,-0.000025,0.000062,-0.000129,-0.000582,-0.000690,-0.000194,0.000687,0.001038,0.000269,-0.000126,0.000555,0.001107,0.000800,0.000554,0.000752,0.000797,0.000362,-0.000078,-0.000145,-0.000029,0.000032,0.000122,0.000177,0.000088,-0.000151,-0.000356,-0.000308,-0.000183,-0.000049,0.000186,0.000643,0.001448,0.002110,0.001661,-0.000047,-0.001626,-0.001910,-0.001423,-0.000894,-0.000444,-0.000318,-0.000369,-0.000283,-0.000101,0.000037,0.000059,0.000120,0.000071,-0.000064,-0.000185,-0.000192,-0.000057,0.000038,0.000127,0.000229,0.000266,0.000227,0.000250,0.000300,0.000157,0.000077,0.000139,0.000088,-0.000142,-0.000245,-0.000073,0.000056,-0.000001,0.000003,0.000075,0.000132,0.000140,0.000034,-0.000085,-0.000053,0.000013,0.000143,0.000262,0.000125,-0.000116,-0.000153,0.000044,0.000122,0.000147,0.000215,0.017669,0.008244,0.007718,0.008222,0.005180,0.000212,-0.002783,-0.001854,0.001378,0.003984,0.003711,0.001897,0.000588,-0.000311,-0.000595,-0.000124,0.000423,0.000790,0.001070,0.001211,0.001065,0.000316,-0.000647,-0.000970,-0.000610,0.000064,0.000548,0.000419,-0.000115,-0.000403,-0.000213,0.000167,0.000322,0.000145,0.000094,0.000184,0.000119,-0.000297,-0.001177,-0.002052,-0.002021,-0.001262,-0.000759,-0.000482,-0.000066,0.000273,0.000177,-0.000171,-0.000361,-0.000330,-0.000259,-0.000177,-0.000087,-0.000148,-0.000220,-0.000170,-0.000010,0.000506,0.000942,0.000695,0.000670,0.001542,0.002408,0.002261,0.001314,0.000589,0.000431,0.000330,-0.000012,-0.000215,-0.000127,-0.000011,-0.000158,-0.000544,-0.000789,-0.000652,-0.000297,-0.000017,0.000148,0.000178,0.000052,-0.000032,0.000021,0.000165,0.000179,-0.000313,-0.001141,-0.001784,-0.001745,-0.001307,-0.001021,-0.000584,-0.000197,-0.000118,0.000090,0.000313,0.000202,0.000023,0.000003,-0.000127,-0.000322,-0.000278,-0.000197,-0.000120,0.000010,0.000080,0.000071,0.000094,0.000140,0.000059,-0.000015,-0.000023,0.000051,0.000186,0.000211,0.000231,0.000334,0.000322,0.000186,0.000118,0.000037,-0.000041,-0.000058,-0.000107,-0.000105,0.000026,0.000080,0.000072,0.000005,-0.000192,-0.000256,-0.000263,-0.000190,-0.000059,0.000049,0.000208,0.000272,0.000248,
-0.006072,-0.009494,-0.012728,-0.009864,-0.005373,-0.002936,-0.001937,-0.001150,-0.001109,-0.000903,-0.000127,0.000208,0.000343,0.000152,-0.000494,-0.000719,-0.000331,0.000407,0.001042,0.001042,0.000561,-0.000275,-0.001243,-0.001666,-0.001721,-0.001734,-0.001704,-0.001472,-0.001037,-0.000640,-0.000492,-0.000416,-0.000215,0.000070,0.000400,0.000856,0.001026,0.000733,0.000427,0.000182,-0.000009,-0.000136,-0.000204,-0.000326,-0.000499,-0.000329,0.000086,0.000234,0.000114,-0.000023,-0.000193,-0.000266,-0.000249,-0.000111,0.000049,-0.000176,-0.000671,-0.000839,-0.000332,0.000592,0.000966,0.000396,-0.000043,0.000336,0.000728,0.000447,0.000160,0.000428,0.000521,0.000162,-0.000178,-0.000400,-0.000451,-0.000329,-0.000195,-0.000079,-0.000073,-0.000288,-0.000489,-0.000495,-0.000306,-0.000026,0.000290,0.000805,0.001646,0.002279,0.001789,0.000066,-0.001507,-0.001815,-0.001409,-0.000865,-0.000337,-0.000246,-0.000430,-0.000337,-0.000171,-0.000142,-0.000069,0.000039,-0.000003,-0.000018,-0.000092,-0.000246,-0.000192,0.000019,0.000083,0.000055,0.000087,0.000255,0.000393,0.000253,0.000180,0.000206,0.000180,0.000067,-0.000098,-0.000232,-0.000231,-0.000151,-0.000132,-0.000122,-0.000110,0.000024,0.000204,0.000270,0.000206,0.000085,0.000016,0.000033,0.000054,0.000007,-0.000082,-0.000188,-0.000099,0.000071,0.000146,0.000208,0.017379,0.007918,0.007446,0.008151,0.005175,0.000140,-0.002753,-0.001693,0.001453,0.003995,0.003678,0.001893,0.000641,-0.000328,-0.000609,-0.000080,0.000449,0.000808,0.001009,0.001139,0.001115,0.000308,-0.000824,-0.001140,-0.000635,0.000095,0.000614,0.000410,-0.000195,-0.000459,-0.000244,0.000083,0.000140,0.000008,0.000034,0.000061,-0.000096,-0.000506,-0.001323,-0.002082,-0.002111,-0.001443,-0.000805,-0.000434,0.000007,0.000380,0.000348,-0.000043,-0.000284,-0.000341,-0.000318,-0.000159,-0.000055,-0.000123,-0.000200,-0.000170,-0.000081,0.000434,0.000902,0.000602,0.000389,0.001127,0.001963,0.001691,0.000756,0.000150,0.000114,0.000136,-0.000034,-0.000278,-0.000245,-0.000052,-0.000190,-0.000575,-0.000625,-0.000343,-0.000149,0.000103,0.000346,0.000193,-0.000056,-0.000158,-0.000136,0.000050,0.000140,-0.000281,-0.001128,-0.001623,-0.001416,-0.001000,-0.000736,-0.000350,-0.000018,0.000064,0.000204,0.000405,0.000385,0.000148,0.000005,-0.000027,-0.000167,-0.000244,-0.000183,-0.000025,0.000083,0.000129,0.000204,0.000212,0.000159,0.000175,0.000139,0.000057,0.000155,0.000270,0.000179,0.000105,0.000153,0.000107,0.000085,0.000129,0.000061,-0.000047,-0.000039,-0.000003,0.000053,0.000122,0.000153,0.000094,-0.000003,-0.000185,-0.000263,-0.000200,-0.000250,-0.000273,-0.000070,0.000145,0.000218,0.000177,
-0.006565,-0.009783,-0.013109,-0.010312,-0.005607,-0.002859,-0.001598,-0.000821,-0.001048,-0.000991,-0.000064,0.000502,0.000586,0.000383,-0.000308,-0.000722,-0.000326,0.000478,0.001102,0.000955,0.000378,-0.000330,-0.001018,-0.001566,-0.001819,-0.001742,-0.001628,-0.001220,-0.000729,-0.000586,-0.000448,-0.000283,-0.000136,0.000082,0.000278,0.000538,0.000629,0.000441,0.000252,0.000077,-0.000223,-0.000401,-0.000349,-0.000286,-0.000295,-0.000167,0.000058,0.000200,0.000084,0.000014,0.000036,-0.000078,-0.000066,0.000046,0.000102,-0.000113,-0.000578,-0.000777,-0.000245,0.000651,0.000852,0.000153,-0.000066,0.000639,0.000964,0.000566,0.000210,0.000285,0.000371,0.000133,-0.000182,-0.000205,0.000041,0.000199,0.000096,-0.000020,-0.000117,-0.000349,-0.000559,-0.000462,-0.000171,0.000029,0.000226,0.000674,0.001424,0.002018,0.001664,0.000059,-0.001465,-0.001702,-0.001327,-0.000820,-0.000334,-0.000251,-0.000376,-0.000303,-0.000082,-0.000052,-0.000058,0.000006,0.000053,0.000030,-0.000053,-0.000049,-0.000002,0.000066,0.000180,0.000267,0.000239,0.000237,0.000368,0.000344,0.000231,0.000192,0.000175,0.000108,-0.000024,-0.000071,-0.000095,-0.000177,-0.000064,0.000060,-0.000043,-0.000040,0.000069,-0.000046,-0.000084,0.000085,0.000156,0.000150,0.000137,0.000172,0.000117,0.000027,0.000064,0.000116,0.000037,0.000072,0.016910,0.007099,0.006853,0.007809,0.004968,0.000034,-0.002824,-0.001727,0.001433,0.003876,0.003716,0.001928,0.000612,-0.000302,-0.000586,-0.000031,0.000565,0.000962,0.001202,0.001324,0.001192,0.000350,-0.000813,-0.001168,-0.000751,-0.000123,0.000468,0.000419,-0.000091,-0.000457,-0.000379,-0.000076,-0.000048,-0.000163,-0.000105,0.000009,-0.000091,-0.000527,-0.001332,-0.002106,-0.002094,-0.001456,-0.000909,-0.000506,0.000002,0.000386,0.000308,-0.000058,-0.000190,-0.000256,-0.000297,-0.000134,-0.000001,-0.000019,-0.000038,-0.000046,0.000034,0.000434,0.000945,0.000858,0.000779,0.001589,0.002338,0.001904,0.000746,0.000010,0.000013,0.000211,0.000116,-0.000081,-0.000092,-0.000106,-0.000278,-0.000579,-0.000713,-0.000573,-0.000244,0.000139,0.000315,0.000263,-0.000022,-0.000131,0.000001,0.000118,0.000177,-0.000217,-0.001092,-0.001657,-0.001554,-0.001189,-0.001003,-0.000707,-0.000302,-0.000090,0.000149,0.000292,0.000219,0.000016,-0.000180,-0.000273,-0.000379,-0.000360,-0.000154,-0.000012,-0.000059,-0.000097,-0.000040,0.000102,0.000237,0.000147,0.000063,0.000078,0.000087,0.000134,0.000237,0.000299,0.000296,0.000238,0.000142,0.000045,-0.000033,-0.000066,-0.000048,0.000008,0.000078,0.000073,0.000074,0.000122,0.000100,-0.000003,-0.000155,-0.000251,-0.000202,-0.000189,-0.000093,0.000194,0.000369,0.000267,
-0.006473,-0.009532,-0.012821,-0.010282,-0.005728,-0.002949,-0.001655,-0.000868,-0.001125,-0.001072,-0.000094,0.000422,0.000499,0.000403,-0.000214,-0.000651,-0.000334,0.000430,0.001043,0.000923,0.000275,-0.000418,-0.001132,-0.001633,-0.001687,-0.001651,-0.001652,-0.001367,-0.000826,-0.000570,-0.000449,-0.000241,-0.000030,0.000229,0.000602,0.000812,0.000707,0.000573,0.000485,0.000199,-0.000095,-0.000204,-0.000258,-0.000262,-0.000268,-0.000134,0.000088,0.000182,0.000168,0.000021,-0.000037,-0.000104,-0.000123,0.000054,0.000157,-0.000041,-0.000475,-0.000661,-0.000148,0.000794,0.000928,0.000043,-0.000380,0.000244,0.000844,0.000725,0.000289,0.000282,0.000435,0.000214,-0.000121,-0.000195,-0.000068,0.000029,0.000063,0.000030,0.000001,-0.000112,-0.000300,-0.000226,-0.000035,0.000027,0.000143,0.000531,0.001355,0.002118,0.001743,0.000058,-0.001471,-0.001750,-0.001333,-0.000820,-0.000325,-0.000245,-0.000440,-0.000383,-0.000125,0.000099,0.000167,0.000128,0.000140,0.000109,-0.000026,-0.000013,0.000043,0.000053,0.000072,0.000118,0.000175,0.000178,0.000252,0.000307,0.000252,0.000204,0.000149,0.000031,-0.000115,-0.000116,-0.000088,-0.000017,0.000104,0.000131,0.000078,0.000158,0.000256,0.000215,0.000104,0.000093,0.000149,0.000047,-0.000009,-0.000037,-0.000110,-0.000063,-0.000037,-0.000025,-0.000008,0.000047,0.016661,0.007023,0.006786,0.007860,0.005022,0.000098,-0.002768,-0.001660,0.001553,0.004031,0.003737,0.001931,0.000537,-0.000395,-0.000594,-0.000145,0.000360,0.000858,0.001233,0.001314,0.001055,0.000211,-0.000793,-0.001135,-0.000782,-0.000020,0.000523,0.000315,-0.000201,-0.000442,-0.000280,0.000125,0.000275,0.000129,0.000088,0.000119,-0.000060,-0.000572,-0.001356,-0.002052,-0.002040,-0.001386,-0.000889,-0.000469,0.000078,0.000420,0.000332,-0.000051,-0.000297,-0.000375,-0.000349,-0.000143,0.000020,-0.000041,-0.000136,-0.000129,0.000045,0.000541,0.000952,0.000666,0.000417,0.001090,0.001955,0.001702,0.000585,-0.000163,-0.000271,-0.000073,-0.000049,-0.000382,-0.000479,-0.000327,-0.000307,-0.000451,-0.000560,-0.000582,-0.000407,-0.000013,0.000283,0.000180,-0.000074,-0.000233,-0.000227,0.000125,0.000302,-0.000232,-0.001070,-0.001669,-0.001570,-0.001136,-0.000827,-0.000284,-0.000002,-0.000072,0.000021,0.000229,0.000270,0.000057,-0.000194,-0.000262,-0.000259,-0.000256,-0.000240,-0.000141,-0.000046,-0.000085,0.000062,0.000287,0.000240,0.000149,0.000094,-0.000038,0.000046,0.000259,0.000283,0.000233,0.000209,0.000266,0.000309,0.000185,0.000054,-0.000146,-0.000201,-0.000076,0.000035,0.000167,0.000177,-0.000004,-0.000053,-0.000044,-0.000129,-0.000174,-0.000198,-0.000139,0.000044,0.000325,0.000458,0.000393,
-0.006332,-0.009247,-0.012600,-0.010184,-0.005639,-0.002840,-0.001623,-0.000758,-0.000849,-0.000879,-0.000108,0.000466,0.000722,0.000502,-0.000242,-0.000740,-0.000433,0.000412,0.001072,0.000994,0.000361,-0.000280,-0.000950,-0.001491,-0.001608,-0.001696,-0.001789,-0.001552,-0.001092,-0.000753,-0.000643,-0.000496,-0.000223,0.000111,0.000526,0.000850,0.000867,0.000644,0.000352,0.000182,-0.000021,-0.000280,-0.000330,-0.000217,-0.000160,-0.000143,0.000023,0.000186,0.000035,-0.000195,-0.000225,-0.000174,-0.000099,0.000047,0.000133,-0.000099,-0.000551,-0.000753,-0.000162,0.000888,0.001260,0.000628,0.000246,0.000574,0.000678,0.000318,0.000182,0.000572,0.000698,0.000275,-0.000128,-0.000339,-0.000221,0.000042,0.000117,0.000017,-0.000070,-0.000142,-0.000229,-0.000240,-0.000111,0.000059,0.000260,0.000765,0.001497,0.002099,0.001742,0.000035,-0.001505,-0.001777,-0.001398,-0.001000,-0.000560,-0.000303,-0.000401,-0.000414,-0.000161,0.000008,0.000002,-0.000009,-0.000005,-0.000035,-0.000043,0.000004,-0.000028,-0.000078,-0.000058,0.000007,0.000113,0.000258,0.000334,0.000340,0.000308,0.000207,0.000161,0.000071,-0.000085,-0.000165,-0.000113,0.000021,0.000137,0.000145,0.000087,0.000089,0.000140,0.000186,0.000185,0.000104,0.000005,0.000035,0.000092,0.000077,-0.000014,-0.000055,0.000041,0.000191,0.000213,0.000237,0.016488,0.006839,0.006718,0.007760,0.005008,0.000048,-0.002796,-0.001599,0.001668,0.004157,0.003866,0.001932,0.000439,-0.000480,-0.000683,-0.000162,0.000357,0.000800,0.001199,0.001373,0.001185,0.000377,-0.000659,-0.000953,-0.000600,-0.000020,0.000493,0.000335,-0.000191,-0.000504,-0.000302,0.000160,0.000260,0.000190,0.000286,0.000269,0.000069,-0.000424,-0.001323,-0.002084,-0.002002,-0.001231,-0.000687,-0.000317,0.000188,0.000477,0.000263,-0.000101,-0.000203,-0.000188,-0.000249,-0.000179,-0.000038,0.000007,0.000059,0.000058,0.000011,0.000256,0.000764,0.000761,0.000733,0.001435,0.002054,0.001661,0.000831,0.000443,0.000263,0.000025,-0.000201,-0.000486,-0.000533,-0.000337,-0.000352,-0.000457,-0.000529,-0.000499,-0.000215,0.000116,0.000285,0.000212,0.000038,-0.000074,-0.000113,0.000079,0.000252,-0.000101,-0.000959,-0.001733,-0.001688,-0.001176,-0.000908,-0.000547,-0.000147,0.000014,0.000168,0.000310,0.000294,0.000135,-0.000124,-0.000298,-0.000251,-0.000131,-0.000141,-0.000100,-0.000063,-0.000023,0.000137,0.000196,0.000012,-0.000093,-0.000085,-0.000136,0.000037,0.000280,0.000392,0.000317,0.000162,0.000228,0.000186,0.000000,-0.000149,-0.000135,-0.000000,0.000087,0.000067,0.000074,0.000129,0.000114,0.000007,-0.000178,-0.000265,-0.000229,-0.000226,-0.000154,-0.000028,0.000099,0.000197,0.000206,
-0.005721,-0.008623,-0.012120,-0.009883,-0.005536,-0.002768,-0.001432,-0.000589,-0.000791,-0.000816,0.000029,0.000550,0.000752,0.000538,-0.000290,-0.000713,-0.000357,0.000486,0.001173,0.001098,0.000616,-0.000069,-0.000901,-0.001461,-0.001584,-0.001695,-0.001728,-0.001478,-0.001182,-0.000930,-0.000605,-0.000380,-0.000190,0.000147,0.000523,0.000791,0.000698,0.000496,0.000426,0.000195,-0.000191,-0.000390,-0.000310,-0.000218,-0.000183,-0.000119,0.000090,0.000218,0.000130,-0.000063,-0.000195,-0.000210,-0.000107,0.000041,0.000133,0.000005,-0.000484,-0.000702,-0.000184,0.000559,0.000525,-0.000171,-0.000162,0.000635,0.000991,0.000616,0.000381,0.000630,0.000552,0.000097,-0.000300,-0.000424,-0.000326,-0.000091,0.000113,0.000165,0.000075,-0.000111,-0.000407,-0.000480,-0.000358,-0.000186,0.000232,0.000744,0.001475,0.002093,0.001646,-0.000045,-0.001555,-0.001796,-0.001424,-0.000967,-0.000426,-0.000246,-0.000284,-0.000194,-0.000026,0.000028,0.000078,0.000126,0.000195,0.000101,-0.000094,-0.000177,-0.000108,0.000004,0.000058,0.000107,0.000183,0.000209,0.000270,0.000260,0.000232,0.000242,0.000092,-0.000125,-0.000217,-0.000224,-0.000121,-0.000047,-0.000023,0.000050,0.000070,0.000172,0.000268,0.000214,0.000005,-0.000050,-0.000034,0.000046,0.000050,-0.000033,-0.000133,-0.000093,0.000021,0.000064,0.000090,0.000166,0.016275,0.006795,0.006718,0.007796,0.004939,-0.000070,-0.002803,-0.001545,0.001803,0.004260,0.003824,0.001891,0.000571,-0.000264,-0.000561,-0.000126,0.000423,0.000876,0.001161,0.001226,0.001127,0.000389,-0.000657,-0.001021,-0.000679,-0.000039,0.000555,0.000404,-0.000253,-0.000541,-0.000282,0.000213,0.000351,0.000076,0.000070,0.000349,0.000181,-0.000527,-0.001351,-0.001963,-0.001925,-0.001278,-0.000661,-0.000287,0.000041,0.000381,0.000398,0.000007,-0.000305,-0.000358,-0.000256,-0.000142,-0.000140,-0.000069,-0.000094,-0.000168,0.000004,0.000423,0.000837,0.000668,0.000515,0.001310,0.002220,0.001780,0.000580,-0.000051,-0.000008,0.000079,-0.000158,-0.000412,-0.000426,-0.000369,-0.000336,-0.000345,-0.000383,-0.000385,-0.000054,0.000303,0.000313,0.000181,-0.000094,-0.000251,-0.000040,0.000196,0.000170,-0.000305,-0.001073,-0.001584,-0.001572,-0.001205,-0.000891,-0.000424,-0.000094,-0.000123,0.000051,0.000236,0.000174,-0.000031,-0.000113,-0.000111,-0.000212,-0.000404,-0.000377,-0.000164,-0.000074,-0.000056,0.000112,0.000223,0.000173,0.000085,-0.000042,-0.000055,0.000130,0.000328,0.000309,0.000276,0.000260,0.000197,0.000164,0.000091,-0.000051,-0.000096,-0.000038,0.000014,0.000019,0.000044,0.000095,0.000082,-0.000024,-0.000120,-0.000173,-0.000284,-0.000221,-0.000142,0.000019,0.000227,0.000190,0.000104,
-0.005528,-0.008238,-0.011755,-0.009773,-0.005467,-0.002738,-0.001496,-0.000644,-0.000817,-0.000824,0.000082,0.000731,0.000860,0.000544,-0.000216,-0.000571,-0.000215,0.000458,0.001045,0.000990,0.000434,-0.000173,-0.000840,-0.001317,-0.001511,-0.001625,-0.001641,-0.001469,-0.001116,-0.000782,-0.000569,-0.000196,0.000300,0.000580,0.000629,0.000610,0.000607,0.000547,0.000319,0.000075,-0.000142,-0.000312,-0.000316,-0.000277,-0.000318,-0.000273,-0.000083,0.000001,-0.000013,-0.000127,-0.000227,-0.000170,-0.000119,0.000056,0.000142,-0.000058,-0.000457,-0.000754,-0.000281,0.000672,0.000901,0.000280,0.000050,0.000765,0.001285,0.000960,0.000634,0.000704,0.000575,0.000157,-0.000188,-0.000254,-0.000164,0.000011,0.000189,0.000337,0.000255,-0.000182,-0.000469,-0.000303,-0.000112,-0.000052,0.000252,0.000754,0.001509,0.002185,0.001731,-0.000038,-0.001537,-0.001807,-0.001388,-0.000716,-0.000212,-0.000197,-0.000383,-0.000303,-0.000101,-0.000052,-0.000016,0.000076,0.000080,-0.000010,-0.000215,-0.000241,-0.000116,0.000020,0.000160,0.000216,0.000207,0.000254,0.000351,0.000351,0.000106,-0.000010,0.000058,-0.000027,-0.000075,-0.000010,0.000001,-0.000047,-0.000049,-0.000008,0.000007,0.000103,0.000293,0.000275,0.000027,-0.000052,0.000020,0.000091,0.000067,-0.000001,-0.000019,0.000017,0.000136,0.000230,0.000275,0.000302,0.016501,0.006879,0.006675,0.007712,0.004977,0.000035,-0.002782,-0.001467,0.001898,0.004366,0.003979,0.001944,0.000358,-0.000651,-0.000722,-0.000104,0.000414,0.000871,0.001241,0.001314,0.001116,0.000343,-0.000707,-0.001153,-0.000864,-0.000130,0.000457,0.000325,-0.000315,-0.000477,0.000076,0.000667,0.000811,0.000422,-0.000003,-0.000050,0.000011,-0.000335,-0.001116,-0.001895,-0.001953,-0.001191,-0.000566,-0.000200,0.000168,0.000417,0.000249,-0.000053,-0.000200,-0.000306,-0.000221,-0.000007,0.000082,0.000078,-0.000057,-0.000224,-0.000088,0.000376,0.000797,0.000716,0.000629,0.001427,0.002349,0.002084,0.001069,0.000379,0.000219,0.000173,-0.000121,-0.000442,-0.000379,-0.000187,-0.000288,-0.000615,-0.000692,-0.000542,-0.000340,0.000032,0.000337,0.000271,0.000087,0.000026,0.000029,0.000143,0.000225,-0.000280,-0.000999,-0.001522,-0.001568,-0.001281,-0.001038,-0.000580,-0.000243,-0.000107,0.000174,0.000326,0.000150,-0.000108,-0.000191,-0.000095,-0.000160,-0.000305,-0.000342,-0.000202,-0.000038,0.000069,0.000163,0.000151,0.000069,-0.000021,-0.000020,0.000073,0.000102,0.000109,0.000063,0.000089,0.000156,0.000161,0.000185,0.000109,-0.000005,-0.000158,-0.000183,-0.000059,0.000080,0.000173,0.000156,0.000068,-0.000025,-0.000105,-0.000218,-0.000292,-0.000256,-0.000165,0.000059,0.000237,0.000203,0.000192,
-0.005332,-0.007789,-0.011510,-0.009925,-0.005678,-0.002623,-0.001220,-0.000555,-0.000861,-0.000829,0.000114,0.000677,0.000848,0.000715,-0.000031,-0.000547,-0.000336,0.000407,0.001088,0.001059,0.000538,-0.000140,-0.000933,-0.001370,-0.001468,-0.001589,-0.001637,-0.001347,-0.000946,-0.000674,-0.000531,-0.000371,-0.000092,0.000222,0.000590,0.000916,0.001000,0.000723,0.000405,0.000212,-0.000055,-0.000279,-0.000335,-0.000429,-0.000538,-0.000255,0.000063,0.000078,0.000068,0.000010,-0.000116,-0.000254,-0.000267,-0.000035,0.000149,-0.000023,-0.000438,-0.000568,-0.000097,0.000672,0.000865,0.000218,-0.000192,0.000306,0.000753,0.000518,0.000211,0.000386,0.000621,0.000405,-0.000031,-0.000268,-0.000150,0.000108,0.000073,-0.000001,0.000037,-0.000070,-0.000270,-0.000323,-0.000222,-0.000079,0.000212,0.000720,0.001555,0.002239,0.001724,0.000015,-0.001525,-0.001829,-0.001429,-0.000922,-0.000400,-0.000305,-0.000410,-0.000319,-0.000215,-0.000163,-0.000127,-0.000032,-0.000011,-0.000039,-0.000108,-0.000177,-0.000073,0.000071,0.000202,0.000221,0.000266,0.000270,0.000230,0.000243,0.000185,0.000139,0.000080,0.000060,-0.000009,-0.000172,-0.000186,-0.000037,0.000103,0.000090,0.000022,0.000038,0.000081,0.000064,-0.000067,-0.000157,0.000020,0.000130,0.000094,0.000063,0.000002,-0.000062,-0.000031,0.000135,0.000157,0.000092,0.016530,0.006946,0.006558,0.007471,0.004792,0.000012,-0.002748,-0.001439,0.001942,0.004338,0.003887,0.001996,0.000520,-0.000521,-0.000769,-0.000140,0.000482,0.000851,0.001093,0.001166,0.001074,0.000361,-0.000713,-0.001000,-0.000661,-0.000132,0.000402,0.000170,-0.000438,-0.000562,-0.000167,0.000275,0.000310,0.000092,0.000085,0.000082,-0.000100,-0.000463,-0.001251,-0.001965,-0.001895,-0.001199,-0.000610,-0.000404,-0.000066,0.000407,0.000358,-0.000009,-0.000164,-0.000285,-0.000291,-0.000178,-0.000088,0.000035,0.000004,-0.000082,-0.000054,0.000296,0.000789,0.000674,0.000542,0.001305,0.002219,0.002148,0.001272,0.000552,0.000331,0.000302,0.000073,-0.000227,-0.000265,-0.000145,-0.000135,-0.000320,-0.000584,-0.000650,-0.000326,0.000036,0.000105,-0.000030,-0.000206,-0.000224,-0.000045,0.000100,0.000047,-0.000358,-0.001115,-0.001735,-0.001644,-0.001274,-0.000979,-0.000484,-0.000057,-0.000074,0.000039,0.000357,0.000332,0.000112,0.000019,-0.000079,-0.000210,-0.000271,-0.000259,-0.000138,-0.000012,0.000070,0.000205,0.000343,0.000290,0.000165,0.000036,-0.000089,-0.000105,0.000079,0.000280,0.000297,0.000340,0.000381,0.000222,0.000019,0.000045,0.000080,0.000048,0.000102,0.000128,0.000039,0.000003,0.000030,0.000045,-0.000123,-0.000244,-0.000281,-0.000329,-0.000269,-0.000062,0.000196,0.000323,0.000244,
-0.005331,-0.007655,-0.011389,-0.009840,-0.005684,-0.002600,-0.001141,-0.000461,-0.000887,-0.000969,0.000026,0.000724,0.000947,0.000702,-0.000093,-0.000606,-0.000374,0.000394,0.000988,0.000947,0.000450,-0.000269,-0.000986,-0.001377,-0.001577,-0.001731,-0.001725,-0.001328,-0.000782,-0.000514,-0.000475,-0.000257,-0.000056,0.000117,0.000515,0.000864,0.000914,0.000672,0.000358,0.000178,-0.000060,-0.000310,-0.000259,-0.000239,-0.000382,-0.000330,-0.000043,0.000204,0.000163,-0.000042,-0.000227,-0.000343,-0.000157,0.000070,0.000112,-0.000109,-0.000589,-0.000783,-0.000152,0.000858,0.001081,0.000377,0.000131,0.000647,0.000895,0.000590,0.000347,0.000458,0.000430,0.000139,-0.000146,-0.000205,-0.000172,-0.000136,0.000035,0.000048,-0.000100,-0.000326,-0.000492,-0.000460,-0.000166,0.000109,0.000246,0.000673,0.001564,0.002240,0.001685,-0.000092,-0.001595,-0.001838,-0.001429,-0.000823,-0.000306,-0.000256,-0.000410,-0.000360,-0.000114,-0.000059,-0.000091,-0.000035,-0.000047,-0.000134,-0.000179,-0.000049,0.000137,0.000101,0.000034,0.000115,0.000185,0.000289,0.000373,0.000329,0.000277,0.000197,0.000087,0.000013,-0.000083,-0.000123,-0.000098,-0.000128,-0.000116,-0.000097,-0.000072,0.000002,0.000084,0.000110,0.000005,-0.000043,-0.000020,-0.000016,-0.000046,-0.000018,0.000013,-0.000042,-0.000082,-0.000040,0.000049,0.000142,0.016562,0.007155,0.006699,0.007383,0.004595,-0.000097,-0.002693,-0.001359,0.001973,0.004377,0.003999,0.001985,0.000519,-0.000434,-0.000643,-0.000025,0.000490,0.000832,0.001144,0.001264,0.001145,0.000359,-0.000737,-0.001039,-0.000594,0.000027,0.000441,0.000233,-0.000273,-0.000425,-0.000206,0.000140,0.000199,0.000034,0.000051,0.000121,-0.000046,-0.000566,-0.001287,-0.001943,-0.001981,-0.001342,-0.000698,-0.000282,0.000166,0.000374,0.000231,0.000004,-0.000100,-0.000166,-0.000127,-0.000010,-0.000021,-0.000058,-0.000052,-0.000047,0.000020,0.000401,0.000944,0.000888,0.000734,0.001477,0.002217,0.001697,0.000590,0.000029,0.000009,0.000160,0.000054,-0.000125,-0.000184,-0.000215,-0.000270,-0.000536,-0.000710,-0.000534,-0.000145,0.000226,0.000326,0.000226,0.000041,-0.000183,-0.000188,0.000101,0.000192,-0.000281,-0.001090,-0.001703,-0.001623,-0.001186,-0.000827,-0.000311,-0.000043,-0.000142,0.000082,0.000328,0.000322,0.000117,-0.000134,-0.000257,-0.000290,-0.000247,-0.000241,-0.000173,-0.000070,-0.000046,0.000058,0.000188,0.000186,0.000133,0.000071,0.000029,0.000120,0.000266,0.000299,0.000218,0.000144,0.000115,0.000105,0.000133,0.000032,-0.000013,-0.000038,-0.000002,0.000078,-0.000007,-0.000034,0.000055,0.000099,-0.000025,-0.000175,-0.000220,-0.000165,-0.000050,0.000188,0.000326,0.000252,0.000151,
-0.005257,-0.007380,-0.011109,-0.009794,-0.005700,-0.002552,-0.001037,-0.000441,-0.001002,-0.001144,-0.000118,0.000680,0.000874,0.000629,-0.000042,-0.000512,-0.000213,0.000503,0.001045,0.000909,0.000282,-0.000302,-0.000888,-0.001281,-0.001410,-0.001539,-0.001586,-0.001183,-0.000615,-0.000403,-0.000476,-0.000434,-0.000178,0.000157,0.000596,0.000843,0.000663,0.000303,0.000185,0.000236,0.000103,-0.000201,-0.000260,-0.000237,-0.000379,-0.000258,0.000039,0.000206,0.000196,0.000025,-0.000101,-0.000060,0.000034,0.000097,0.000065,-0.000175,-0.000489,-0.000659,-0.000112,0.000898,0.000950,-0.000133,-0.000614,0.000236,0.000879,0.000440,-0.000101,0.000052,0.000257,0.000018,-0.000248,-0.000210,-0.000069,-0.000025,0.000020,0.000085,0.000081,-0.000097,-0.000281,-0.000218,-0.000127,-0.000074,0.000122,0.000560,0.001287,0.001946,0.001679,-0.000071,-0.001635,-0.001809,-0.001309,-0.000712,-0.000296,-0.000245,-0.000316,-0.000270,-0.000129,0.000035,0.000090,0.000090,0.000090,-0.000057,-0.000198,-0.000124,-0.000039,0.000037,0.000154,0.000184,0.000076,0.000091,0.000259,0.000341,0.000254,0.000117,0.000083,0.000033,-0.000131,-0.000159,-0.000083,-0.000003,0.000035,-0.000013,0.000029,0.000125,0.000112,0.000065,0.000031,0.000052,0.000007,-0.000092,0.000027,0.000087,-0.000069,-0.000106,0.000011,0.000188,0.000337,0.000294,0.016815,0.007432,0.006858,0.007443,0.004686,-0.000118,-0.002747,-0.001252,0.002109,0.004419,0.003919,0.002020,0.000643,-0.000326,-0.000639,-0.000167,0.000401,0.000858,0.001200,0.001370,0.001133,0.000269,-0.000806,-0.001134,-0.000688,-0.000078,0.000273,0.000088,-0.000381,-0.000626,-0.000385,0.000065,0.000281,0.000232,0.000163,0.000145,-0.000006,-0.000441,-0.001314,-0.002147,-0.002149,-0.001469,-0.000802,-0.000365,0.000037,0.000309,0.000256,0.000032,-0.000111,-0.000166,-0.000136,-0.000064,-0.000020,-0.000049,-0.000084,-0.000101,0.000048,0.000543,0.000855,0.000608,0.000605,0.001453,0.002405,0.002123,0.000935,0.000156,-0.000021,0.000071,0.000002,-0.000250,-0.000335,-0.000390,-0.000524,-0.000651,-0.000595,-0.000444,-0.000231,0.000082,0.000280,0.000154,-0.000125,-0.000181,-0.000021,0.000254,0.000280,-0.000282,-0.001065,-0.001642,-0.001566,-0.001154,-0.000843,-0.000338,0.000015,-0.000063,0.000136,0.000483,0.000391,0.000098,-0.000142,-0.000334,-0.000372,-0.000365,-0.000336,-0.000256,-0.000118,0.000012,0.000111,0.000150,0.000131,0.000099,-0.000031,-0.000086,0.000075,0.000265,0.000251,0.000100,0.000117,0.000237,0.000211,0.000091,0.000006,-0.000112,-0.000203,-0.000148,-0.000018,0.000050,0.000088,-0.000012,-0.000174,-0.000216,-0.000218,-0.000252,-0.000249,-0.000114,0.000078,0.000193,0.000196,0.000111,
-0.005540,-0.007535,-0.011220,-0.009879,-0.005735,-0.002601,-0.001066,-0.000323,-0.000846,-0.001052,-0.000116,0.000670,0.000966,0.000757,0.000011,-0.000565,-0.000351,0.000350,0.000975,0.000924,0.000353,-0.000223,-0.000771,-0.001269,-0.001542,-0.001655,-0.001668,-0.001295,-0.000659,-0.000325,-0.000397,-0.000466,-0.000247,0.000091,0.000479,0.000743,0.000725,0.000580,0.000512,0.000331,-0.000033,-0.000260,-0.000263,-0.000283,-0.000294,-0.000199,-0.000073,0.000163,0.000254,0.000117,-0.000082,-0.000212,-0.000223,-0.000122,0.000007,-0.000107,-0.000483,-0.000659,-0.000120,0.000721,0.001081,0.000485,-0.000129,0.000329,0.000938,0.000813,0.000455,0.000343,0.000316,-0.000006,-0.000382,-0.000368,-0.000050,0.000025,-0.000004,0.000015,-0.000024,-0.000189,-0.000376,-0.000314,-0.000058,0.000118,0.000330,0.000852,0.001588,0.002204,0.001779,-0.000006,-0.001566,-0.001803,-0.001358,-0.000806,-0.000287,-0.000209,-0.000446,-0.000494,-0.000196,0.000004,0.000000,0.000022,-0.000031,-0.000032,-0.000044,-0.000110,-0.000072,0.000073,0.000183,0.000202,0.000121,0.000079,0.000187,0.000316,0.000213,0.000096,0.000109,0.000041,-0.000085,-0.000164,-0.000215,-0.000185,-0.000064,0.000053,0.000109,0.000161,0.000160,0.000086,0.000085,0.000050,0.000060,0.000177,0.000240,0.000169,-0.000047,-0.000166,-0.000126,0.000004,0.000043,0.000158,0.016937,0.007639,0.006908,0.007283,0.004574,-0.000229,-0.002874,-0.001294,0.002258,0.004566,0.003945,0.002048,0.000664,-0.000393,-0.000667,-0.000125,0.000496,0.000922,0.001155,0.001222,0.001100,0.000381,-0.000651,-0.000927,-0.000646,-0.000181,0.000279,0.000204,-0.000235,-0.000450,-0.000201,0.000176,0.000275,0.000164,0.000148,0.000052,-0.000091,-0.000483,-0.001274,-0.002028,-0.001996,-0.001234,-0.000645,-0.000261,0.000147,0.000372,0.000308,0.000040,-0.000091,-0.000175,-0.000249,-0.000143,-0.000052,-0.000050,-0.000092,-0.000083,0.000107,0.000473,0.000858,0.000752,0.000604,0.001195,0.001835,0.001586,0.000866,0.000323,0.000023,-0.000049,-0.000203,-0.000472,-0.000456,-0.000325,-0.000273,-0.000396,-0.000534,-0.000478,-0.000293,0.000009,0.000196,0.000160,-0.000086,-0.000257,-0.000058,0.000209,0.000275,-0.000196,-0.001074,-0.001779,-0.001827,-0.001321,-0.000886,-0.000421,-0.000083,-0.000074,0.000104,0.000290,0.000255,0.000143,-0.000059,-0.000171,-0.000191,-0.000225,-0.000207,-0.000085,-0.000067,-0.000042,0.000093,0.000204,0.000092,-0.000011,0.000092,0.000109,0.000017,0.000133,0.000248,0.000246,0.000264,0.000215,0.000112,0.000141,0.000121,-0.000034,-0.000083,0.000008,0.000065,0.000060,0.000079,-0.000022,-0.000056,-0.000072,-0.000259,-0.000334,-0.000298,-0.000169,0.000074,0.000271,0.000311,0.000265,
-0.005164,-0.007358,-0.010892,-0.009616,-0.005574,-0.002491,-0.001106,-0.000439,-0.000794,-0.000843,-0.000003,0.000555,0.000887,0.000812,0.000071,-0.000452,-0.000278,0.000419,0.001074,0.000947,0.000427,-0.000177,-0.000883,-0.001269,-0.001415,-0.001615,-0.001727,-0.001417,-0.000925,-0.000616,-0.000530,-0.000406,-0.000090,0.000253,0.000634,0.000920,0.000841,0.000576,0.000373,0.000097,-0.000226,-0.000395,-0.000404,-0.000283,-0.000224,-0.000144,0.000049,0.000211,0.000163,0.000031,0.000036,-0.000077,-0.000190,-0.000119,0.000084,-0.000003,-0.000535,-0.000813,-0.000296,0.000588,0.000865,0.000290,0.000026,0.000489,0.000598,0.000221,0.000089,0.000462,0.000716,0.000374,-0.000026,-0.000144,-0.000118,-0.000057,0.000060,0.000131,0.000001,-0.000288,-0.000513,-0.000399,-0.000188,-0.000017,0.000234,0.000673,0.001420,0.002086,0.001670,-0.000032,-0.001510,-0.001777,-0.001313,-0.000767,-0.000322,-0.000206,-0.000342,-0.000332,-0.000076,0.000102,0.000058,-0.000045,-0.000039,0.000008,-0.000139,-0.000242,-0.000026,0.000133,0.000159,0.000171,0.000146,0.000158,0.000235,0.000231,0.000065,-0.000070,-0.000024,0.000067,0.000044,-0.000128,-0.000223,-0.000122,-0.000006,0.000045,0.000089,0.000183,0.000204,0.000076,0.000073,0.000151,0.000150,0.000154,0.000092,0.000022,-0.000090,-0.000173,-0.000082,0.000044,0.000196,0.000262,0.017115,0.008026,0.007357,0.007517,0.004547,-0.000096,-0.002721,-0.001153,0.002350,0.004600,0.004079,0.002118,0.000645,-0.000360,-0.000660,-0.000118,0.000471,0.000877,0.001158,0.001347,0.001341,0.000499,-0.000619,-0.000839,-0.000543,-0.000057,0.000486,0.000232,-0.000520,-0.000763,-0.000345,0.000182,0.000392,0.000299,0.000155,0.000207,0.000031,-0.000569,-0.001330,-0.001981,-0.001972,-0.001273,-0.000686,-0.000317,0.000145,0.000429,0.000311,-0.000008,-0.000197,-0.000268,-0.000260,-0.000140,-0.000015,0.000130,0.000090,-0.000077,0.000004,0.000386,0.000765,0.000696,0.000640,0.001505,0.002337,0.001726,0.000452,-0.000082,0.000090,0.000138,-0.000148,-0.000451,-0.000371,-0.000160,-0.000174,-0.000284,-0.000366,-0.000377,-0.000234,0.000173,0.000388,0.000233,-0.000043,-0.000157,0.000028,0.000301,0.000333,-0.000196,-0.001017,-0.001606,-0.001614,-0.001261,-0.000924,-0.000478,-0.000124,-0.000062,0.000073,0.000247,0.000176,0.000074,0.000052,-0.000071,-0.000261,-0.000258,-0.000162,-0.000110,-0.000051,-0.000046,0.000021,0.000237,0.000339,0.000293,0.000184,0.000102,0.000147,0.000233,0.000297,0.000220,0.000108,0.000113,0.000065,-0.000029,0.000005,0.000034,-0.000002,-0.000026,0.000001,0.000126,0.000187,0.000161,0.000050,-0.000147,-0.000253,-0.000235,-0.000117,-0.000023,0.000042,0.000087,0.000093,0.000078,
-0.004954,-0.007292,-0.010948,-0.009572,-0.005573,-0.002458,-0.000947,-0.000399,-0.000990,-0.001018,0.000049,0.000655,0.000894,0.000856,0.000177,-0.000430,-0.000223,0.000499,0.001040,0.000887,0.000435,-0.000168,-0.000847,-0.001317,-0.001492,-0.001511,-0.001603,-0.001529,-0.001180,-0.000862,-0.000630,-0.000232,0.000331,0.000705,0.000793,0.000770,0.000664,0.000481,0.000263,0.000008,-0.000139,-0.000291,-0.000296,-0.000203,-0.000284,-0.000210,0.000031,0.000088,0.000067,0.000065,0.000014,-0.000186,-0.000203,0.000037,0.000200,0.000048,-0.000515,-0.000759,-0.000176,0.000766,0.000984,0.000278,-0.000032,0.000625,0.001169,0.000926,0.000556,0.000616,0.000617,0.000271,-0.000167,-0.000371,-0.000244,-0.000057,-0.000010,0.000068,0.000045,-0.000225,-0.000456,-0.000491,-0.000293,0.000027,0.000276,0.000748,0.001518,0.002195,0.001801,0.000026,-0.001531,-0.001819,-0.001337,-0.000799,-0.000376,-0.000335,-0.000518,-0.000459,-0.000203,-0.000027,0.000006,0.000006,0.000047,0.000037,-0.000099,-0.000185,-0.000138,0.000032,0.000166,0.000182,0.000185,0.000126,0.000200,0.000226,0.000110,0.000163,0.000202,0.000097,-0.000043,-0.000112,-0.000044,0.000009,-0.000054,-0.000046,0.000064,0.000156,0.000197,0.000159,0.000108,0.000064,0.000064,0.000130,0.000169,0.000057,-0.000114,-0.000164,-0.000133,-0.000023,0.000019,0.000069,0.017269,0.008065,0.007288,0.007506,0.004626,-0.000184,-0.002762,-0.001168,0.002268,0.004602,0.004163,0.002263,0.000786,-0.000339,-0.000597,-0.000066,0.000423,0.000786,0.001061,0.001166,0.001257,0.000624,-0.000622,-0.001027,-0.000603,0.000027,0.000480,0.000308,-0.000270,-0.000572,-0.000249,0.000404,0.000651,0.000328,0.000042,0.000112,0.000085,-0.000289,-0.001107,-0.001974,-0.001949,-0.001182,-0.000563,-0.000210,0.000162,0.000421,0.000311,-0.000008,-0.000225,-0.000211,-0.000172,-0.000121,0.000018,0.000037,-0.000043,-0.000064,0.000163,0.000622,0.000988,0.000807,0.000590,0.001319,0.002202,0.001936,0.000767,0.000073,0.000090,0.000062,-0.000207,-0.000446,-0.000458,-0.000316,-0.000305,-0.000496,-0.000718,-0.000708,-0.000357,0.000105,0.000298,0.000197,-0.000072,-0.000227,-0.000161,0.000101,0.000072,-0.000424,-0.001144,-0.001691,-0.001600,-0.001280,-0.000929,-0.000400,-0.000088,-0.000075,0.000091,0.000314,0.000297,0.000104,-0.000063,-0.000245,-0.000312,-0.000249,-0.000235,-0.000173,-0.000062,0.000013,0.000067,0.000095,0.000183,0.000192,0.000106,0.000010,0.000044,0.000232,0.000405,0.000406,0.000352,0.000261,0.000174,0.000041,-0.000053,-0.000083,-0.000046,0.000036,0.000068,0.000032,0.000050,0.000023,-0.000023,-0.000073,-0.000105,-0.000146,-0.000205,-0.000168,-0.000017,0.000200,0.000261,0.000240,
-0.005242,-0.007260,-0.010862,-0.009545,-0.005491,-0.002375,-0.001131,-0.000628,-0.001097,-0.001242,-0.000169,0.000640,0.001064,0.000980,0.000068,-0.000533,-0.000176,0.000634,0.001218,0.000990,0.000353,-0.000187,-0.000792,-0.001207,-0.001338,-0.001536,-0.001700,-0.001454,-0.000972,-0.000670,-0.000565,-0.000422,-0.000186,0.000141,0.000536,0.000904,0.000974,0.000690,0.000499,0.000289,-0.000049,-0.000226,-0.000277,-0.000389,-0.000425,-0.000282,-0.000040,0.000152,0.000198,0.000019,-0.000135,-0.000104,-0.000081,-0.000020,0.000088,0.000002,-0.000434,-0.000735,-0.000193,0.000887,0.001148,0.000233,-0.000251,0.000483,0.001205,0.000960,0.000535,0.000614,0.000671,0.000332,-0.000032,-0.000111,-0.000032,0.000125,0.000181,0.000140,0.000103,-0.000117,-0.000453,-0.000462,-0.000160,0.000099,0.000297,0.000674,0.001353,0.002040,0.001754,0.000165,-0.001431,-0.001764,-0.001349,-0.000791,-0.000231,-0.000148,-0.000288,-0.000163,0.000014,0.000043,-0.000013,0.000070,0.000079,-0.000045,-0.000159,-0.000178,-0.000004,0.000038,-0.000058,-0.000037,0.000036,0.000155,0.000239,0.000264,0.000226,0.000178,0.000179,0.000110,-0.000087,-0.000148,-0.000152,-0.000097,-0.000044,-0.000048,-0.000071,-0.000072,-0.000009,-0.000005,0.000045,0.000036,0.000006,0.000061,0.000046,0.000029,0.000031,-0.000089,-0.000089,0.000007,0.000118,0.000324,0.017063,0.007963,0.007237,0.007434,0.004586,-0.000260,-0.002893,-0.001150,0.002247,0.004437,0.004023,0.002185,0.000714,-0.000253,-0.000555,-0.000187,0.000353,0.000865,0.001230,0.001416,0.001436,0.000665,-0.000501,-0.000941,-0.000653,-0.000128,0.000332,0.000223,-0.000356,-0.000639,-0.000342,0.000150,0.000252,0.000040,-0.000013,0.000161,0.000262,-0.000142,-0.001119,-0.001971,-0.002000,-0.001322,-0.000681,-0.000336,0.000093,0.000441,0.000267,-0.000124,-0.000214,-0.000232,-0.000268,-0.000143,-0.000108,-0.000166,-0.000181,-0.000125,-0.000010,0.000350,0.000769,0.000721,0.000653,0.001420,0.002418,0.002354,0.001328,0.000652,0.000529,0.000394,0.000032,-0.000230,-0.000165,-0.000044,-0.000072,-0.000355,-0.000587,-0.000646,-0.000363,0.000103,0.000359,0.000236,-0.000016,-0.000146,-0.000059,0.000190,0.000246,-0.000195,-0.000998,-0.001620,-0.001592,-0.001313,-0.001015,-0.000456,-0.000043,0.000011,0.000153,0.000278,0.000164,0.000016,-0.000055,-0.000028,-0.000128,-0.000405,-0.000477,-0.000285,-0.000098,-0.000035,0.000055,0.000185,0.000124,0.000000,-0.000074,-0.000071,0.000072,0.000193,0.000217,0.000171,0.000142,0.000188,0.000213,0.000088,0.000048,0.000078,0.000034,-0.000059,-0.000015,0.000191,0.000216,0.000040,-0.000067,-0.000182,-0.000240,-0.000243,-0.000168,-0.000080,-0.000022,0.000098,0.000189,0.000189,
-0.005151,-0.007327,-0.011044,-0.009655,-0.005493,-0.002243,-0.000826,-0.000477,-0.001106,-0.001161,-0.000035,0.000804,0.001055,0.000882,0.000195,-0.000327,-0.000151,0.000601,0.001200,0.000992,0.000423,-0.000105,-0.000777,-0.001291,-0.001461,-0.001617,-0.001662,-0.001311,-0.000730,-0.000415,-0.000419,-0.000414,-0.000249,0.000159,0.000745,0.001058,0.000909,0.000567,0.000318,0.000120,-0.000107,-0.000344,-0.000414,-0.000350,-0.000420,-0.000301,0.000038,0.000196,0.000169,0.000063,-0.000062,-0.000147,-0.000094,0.000042,0.000120,-0.000043,-0.000473,-0.000619,-0.000063,0.000873,0.001162,0.000422,-0.000090,0.000405,0.000867,0.000604,0.000254,0.000379,0.000506,0.000205,-0.000234,-0.000415,-0.000335,-0.000162,-0.000067,-0.000109,-0.000137,-0.000216,-0.000423,-0.000512,-0.000273,-0.000040,0.000214,0.000658,0.001364,0.002103,0.001762,0.000018,-0.001516,-0.001733,-0.001318,-0.000856,-0.000452,-0.000372,-0.000434,-0.000291,-0.000150,-0.000133,-0.000103,-0.000077,-0.000043,-0.000083,-0.000091,-0.000112,-0.000141,-0.000064,0.000018,0.000043,0.000095,0.000252,0.000314,0.000236,0.000244,0.000178,-0.000006,-0.000110,-0.000152,-0.000151,-0.000170,-0.000203,-0.000128,0.000029,0.000096,0.000066,0.000063,0.000060,-0.000027,-0.000029,-0.000018,-0.000046,0.000117,0.000154,-0.000052,-0.000120,-0.000026,0.000064,0.000152,0.000145,0.017236,0.008109,0.007190,0.007302,0.004460,-0.000263,-0.002769,-0.001105,0.002295,0.004505,0.003977,0.002072,0.000697,-0.000239,-0.000617,-0.000198,0.000538,0.001056,0.001187,0.001301,0.001268,0.000521,-0.000498,-0.000902,-0.000586,-0.000064,0.000326,0.000174,-0.000407,-0.000583,-0.000229,0.000252,0.000387,0.000235,0.000162,0.000194,0.000076,-0.000456,-0.001283,-0.002046,-0.002086,-0.001402,-0.000797,-0.000395,0.000039,0.000485,0.000546,0.000189,-0.000160,-0.000320,-0.000271,-0.000123,0.000004,0.000056,0.000024,0.000030,0.000087,0.000455,0.000884,0.000681,0.000555,0.001299,0.002067,0.001610,0.000527,0.000046,0.000099,0.000205,-0.000068,-0.000452,-0.000413,-0.000301,-0.000412,-0.000602,-0.000669,-0.000443,-0.000079,0.000218,0.000383,0.000310,-0.000012,-0.000170,-0.000038,0.000197,0.000227,-0.000189,-0.001038,-0.001677,-0.001502,-0.001081,-0.000814,-0.000318,-0.000058,-0.000114,0.000061,0.000207,0.000158,0.000097,-0.000003,-0.000101,-0.000198,-0.000216,-0.000139,-0.000034,-0.000029,-0.000075,-0.000032,0.000048,0.000110,0.000089,0.000119,0.000083,0.000001,0.000092,0.000292,0.000345,0.000298,0.000177,0.000040,-0.000100,-0.000140,-0.000097,-0.000068,0.000051,0.000127,0.000130,0.000113,-0.000026,-0.000128,-0.000124,-0.000176,-0.000171,-0.000167,-0.000076,0.000179,0.000165,0.000111,0.000198,
-0.005066,-0.007051,-0.010771,-0.009708,-0.005525,-0.002269,-0.000957,-0.000592,-0.001234,-0.001333,-0.000232,0.000751,0.001163,0.000887,0.000020,-0.000481,-0.000152,0.000591,0.001114,0.000927,0.000403,-0.000099,-0.000701,-0.001222,-0.001427,-0.001390,-0.001313,-0.001112,-0.000745,-0.000506,-0.000452,-0.000351,-0.000115,0.000205,0.000527,0.000801,0.000824,0.000534,0.000312,0.000202,-0.000079,-0.000284,-0.000337,-0.000424,-0.000543,-0.000458,-0.000064,0.000187,0.000103,-0.000049,-0.000097,-0.000090,-0.000040,0.000004,0.000016,-0.000142,-0.000509,-0.000657,-0.000146,0.000738,0.000766,-0.000140,-0.000406,0.000349,0.000791,0.000379,0.000059,0.000222,0.000304,0.000057,-0.000206,-0.000221,-0.000038,0.000086,0.000039,-0.000102,-0.000181,-0.000247,-0.000344,-0.000282,-0.000065,0.000083,0.000227,0.000720,0.001512,0.002126,0.001638,-0.000027,-0.001472,-0.001792,-0.001426,-0.000838,-0.000350,-0.000284,-0.000454,-0.000420,-0.000250,-0.000140,-0.000060,0.000028,0.000042,-0.000017,-0.000211,-0.000318,-0.000099,0.000126,0.000119,0.000077,0.000094,0.000094,0.000192,0.000224,0.000142,0.000048,0.000040,0.000025,-0.000040,-0.000156,-0.000203,-0.000112,-0.000038,-0.000090,-0.000124,-0.000009,0.000105,0.000016,-0.000124,-0.000147,-0.000093,0.000014,0.000043,0.000015,-0.000084,-0.000124,0.000078,0.000224,0.000194,0.000111,0.017431,0.008086,0.007075,0.007182,0.004348,-0.000433,-0.003037,-0.001353,0.002171,0.004487,0.004065,0.002157,0.000675,-0.000292,-0.000579,-0.000117,0.000468,0.000847,0.001051,0.001279,0.001358,0.000573,-0.000562,-0.000922,-0.000630,-0.000049,0.000424,0.000203,-0.000413,-0.000602,-0.000222,0.000147,0.000173,0.000180,0.000232,0.000177,0.000083,-0.000428,-0.001341,-0.002008,-0.001966,-0.001274,-0.000769,-0.000427,0.000090,0.000530,0.000505,0.000156,-0.000093,-0.000214,-0.000159,-0.000075,0.000017,0.000121,-0.000067,-0.000259,-0.000044,0.000427,0.000786,0.000745,0.000785,0.001644,0.002510,0.002122,0.000951,0.000171,0.000027,0.000084,-0.000022,-0.000183,-0.000139,-0.000099,-0.000288,-0.000477,-0.000480,-0.000437,-0.000298,0.000058,0.000272,0.000195,-0.000035,-0.000189,-0.000072,0.000248,0.000325,-0.000166,-0.000996,-0.001583,-0.001504,-0.001172,-0.001001,-0.000580,-0.000164,-0.000049,0.000136,0.000342,0.000366,0.000256,0.000105,-0.000111,-0.000274,-0.000277,-0.000174,-0.000070,-0.000060,0.000056,0.000173,0.000182,0.000251,0.000189,0.000080,0.000168,0.000179,0.000110,0.000108,0.000108,0.000169,0.000267,0.000263,0.000204,0.000094,-0.000003,-0.000052,-0.000040,0.000010,0.000036,0.000188,0.000095,-0.000190,-0.000246,-0.000231,-0.000188,-0.000131,-0.000061,0.000110,0.000192,0.000208,0.000256,
-0.004759,-0.006854,-0.010677,-0.009483,-0.005364,-0.002218,-0.000965,-0.000530,-0.001114,-0.001197,-0.000078,0.000731,0.001065,0.000828,0.000037,-0.000539,-0.000314,0.000430,0.001042,0.000952,0.000391,-0.000186,-0.000879,-0.001407,-0.001610,-0.001675,-0.001604,-0.001224,-0.000719,-0.000462,-0.000359,-0.000335,-0.000195,0.000218,0.000589,0.000852,0.000838,0.000589,0.000364,0.000096,-0.000147,-0.000303,-0.000379,-0.000442,-0.000443,-0.000237,0.000085,0.000259,0.000137,0.000001,-0.000035,-0.000076,-0.000069,-0.000010,0.000082,0.000059,-0.000365,-0.000666,-0.000154,0.000820,0.001010,0.000213,-0.000201,0.000387,0.000972,0.000840,0.000421,0.000321,0.000366,0.000168,-0.000139,-0.000217,-0.000113,0.000030,0.000013,-0.000085,0.000041,-0.000002,-0.000187,-0.000201,-0.000072,0.000028,0.000236,0.000688,0.001379,0.002029,0.001640,-0.000007,-0.001509,-0.001817,-0.001352,-0.000690,-0.000168,-0.000047,-0.000222,-0.000315,-0.000207,-0.000117,-0.000098,-0.000039,-0.000037,-0.000027,-0.000079,-0.000159,-0.000076,0.000113,0.000108,0.000095,0.000135,0.000114,0.000137,0.000162,0.000208,0.000214,0.000207,0.000185,-0.000023,-0.000187,-0.000129,-0.000025,0.000148,0.000211,0.000104,0.000091,0.000142,0.000135,0.000015,-0.000085,0.000025,0.000162,0.000178,0.000097,-0.000032,-0.000074,-0.000018,0.000028,0.000176,0.000306,0.017606,0.008362,0.007344,0.007362,0.004358,-0.000503,-0.003003,-0.001188,0.002305,0.004570,0.004188,0.002288,0.000731,-0.000414,-0.000801,-0.000241,0.000458,0.000912,0.001145,0.001344,0.001317,0.000551,-0.000559,-0.000905,-0.000487,0.000045,0.000426,0.000250,-0.000294,-0.000512,-0.000164,0.000279,0.000329,0.000284,0.000261,0.000122,-0.000085,-0.000492,-0.001257,-0.001901,-0.001753,-0.001118,-0.000636,-0.000353,0.000077,0.000508,0.000400,-0.000052,-0.000223,-0.000209,-0.000238,-0.000010,0.000173,0.000074,-0.000061,-0.000144,-0.000067,0.000369,0.000846,0.000717,0.000455,0.000968,0.001771,0.001618,0.000604,-0.000213,-0.000246,0.000028,-0.000053,-0.000337,-0.000386,-0.000218,-0.000249,-0.000457,-0.000458,-0.000380,-0.000276,-0.000013,0.000220,0.000144,-0.000075,-0.000148,-0.000057,0.000121,0.000148,-0.000349,-0.001079,-0.001632,-0.001585,-0.001184,-0.000849,-0.000335,-0.000005,-0.000017,0.000162,0.000455,0.000339,0.000073,-0.000073,-0.000113,-0.000124,-0.000128,-0.000115,-0.000102,-0.000001,0.000086,0.000168,0.000266,0.000163,0.000141,0.000118,-0.000032,0.000021,0.000217,0.000237,0.000193,0.000211,0.000156,0.000155,0.000109,0.000009,-0.000046,-0.000040,0.000032,0.000078,0.000087,0.000106,0.000081,0.000066,0.000024,-0.000160,-0.000274,-0.000244,-0.000117,0.000110,0.000244,0.000249,0.000168,
-0.004508,-0.006698,-0.010544,-0.009296,-0.005123,-0.002008,-0.000914,-0.000639,-0.001227,-0.001326,-0.000300,0.000523,0.000936,0.000801,-0.000050,-0.000623,-0.000326,0.000487,0.001118,0.000977,0.000435,-0.000113,-0.000784,-0.001331,-0.001481,-0.001553,-0.001601,-0.001285,-0.000829,-0.000607,-0.000491,-0.000393,-0.000078,0.000387,0.000705,0.000906,0.000872,0.000554,0.000318,0.000169,-0.000073,-0.000262,-0.000263,-0.000195,-0.000235,-0.000217,-0.000013,0.000132,0.000036,-0.000106,-0.000096,-0.000153,-0.000247,-0.000157,0.000013,-0.000009,-0.000392,-0.000676,-0.000191,0.000760,0.001056,0.000468,0.000151,0.000532,0.000473,0.000001,0.000001,0.000426,0.000582,0.000320,-0.000012,-0.000216,-0.000173,0.000010,0.000054,0.000023,-0.000084,-0.000267,-0.000377,-0.000278,-0.000076,0.000053,0.000294,0.000707,0.001428,0.002085,0.001631,-0.000078,-0.001543,-0.001803,-0.001356,-0.000784,-0.000332,-0.000245,-0.000314,-0.000240,-0.000117,-0.000040,0.000040,0.000098,0.000099,0.000027,-0.000058,-0.000125,-0.000138,-0.000073,-0.000034,0.000012,0.000105,0.000223,0.000370,0.000370,0.000232,0.000132,0.000158,-0.000002,-0.000166,-0.000223,-0.000168,-0.000038,0.000034,0.000082,0.000114,0.000093,0.000126,0.000122,0.000052,0.000020,0.000060,0.000102,0.000193,0.000155,-0.000072,-0.000147,-0.000073,0.000015,0.000074,0.000220,0.017603,0.008294,0.007261,0.007433,0.004439,-0.000488,-0.002980,-0.001213,0.002290,0.004596,0.004063,0.002137,0.000749,-0.000264,-0.000588,-0.000135,0.000426,0.000912,0.001213,0.001278,0.001155,0.000455,-0.000570,-0.000978,-0.000683,-0.000107,0.000388,0.000274,-0.000205,-0.000499,-0.000224,0.000300,0.000441,0.000268,0.000119,0.000111,0.000110,-0.000330,-0.001287,-0.001980,-0.001873,-0.001221,-0.000645,-0.000207,0.000203,0.000424,0.000251,-0.000099,-0.000283,-0.000290,-0.000253,-0.000171,-0.000127,-0.000024,-0.000072,-0.000181,-0.000007,0.000420,0.000785,0.000725,0.000820,0.001556,0.002196,0.001793,0.000850,0.000371,0.000215,0.000033,-0.000230,-0.000458,-0.000409,-0.000279,-0.000298,-0.000430,-0.000442,-0.000325,-0.000134,0.000117,0.000230,0.000145,-0.000029,-0.000133,-0.000050,0.000067,0.000157,-0.000195,-0.000960,-0.001613,-0.001600,-0.001292,-0.001031,-0.000541,-0.000132,-0.000046,0.000131,0.000312,0.000211,-0.000029,-0.000091,-0.000101,-0.000216,-0.000291,-0.000212,-0.000076,0.000019,0.000111,0.000215,0.000312,0.000114,-0.000078,0.000001,0.000053,0.000108,0.000177,0.000304,0.000337,0.000262,0.000217,0.000207,0.000113,-0.000083,-0.000200,-0.000130,0.000004,0.000057,0.000043,0.000052,0.000028,-0.000053,-0.000173,-0.000267,-0.000263,-0.000199,-0.000057,0.000031,0.000070,0.000191,0.000138,
-0.004256,-0.006363,-0.010485,-0.009402,-0.005199,-0.002011,-0.000757,-0.000447,-0.001138,-0.001337,-0.000345,0.000507,0.000915,0.000786,-0.000034,-0.000581,-0.000302,0.000423,0.001011,0.000912,0.000368,-0.000183,-0.000828,-0.001301,-0.001462,-0.001661,-0.001827,-0.001522,-0.001099,-0.000852,-0.000684,-0.000448,-0.000062,0.000383,0.000696,0.000755,0.000624,0.000393,0.000258,0.000147,-0.000134,-0.000420,-0.000417,-0.000330,-0.000374,-0.000257,0.000015,0.000080,0.000051,0.000029,-0.000086,-0.000229,-0.000211,-0.000059,0.000087,-0.000034,-0.000529,-0.000743,-0.000175,0.000783,0.000947,0.000201,-0.000157,0.000561,0.001213,0.000946,0.000593,0.000703,0.000642,0.000213,-0.000175,-0.000335,-0.000221,-0.000040,0.000021,0.000020,-0.000012,-0.000204,-0.000358,-0.000299,-0.000208,-0.000003,0.000306,0.000670,0.001338,0.002009,0.001683,0.000125,-0.001377,-0.001745,-0.001358,-0.000855,-0.000375,-0.000205,-0.000331,-0.000300,-0.000174,-0.000099,-0.000096,-0.000104,-0.000067,-0.000182,-0.000300,-0.000152,-0.000038,-0.000024,0.000024,0.000073,0.000068,0.000097,0.000210,0.000198,0.000103,0.000091,0.000149,0.000089,-0.000152,-0.000207,-0.000219,-0.000270,-0.000181,-0.000009,0.000168,0.000172,0.000172,0.000167,0.000012,-0.000082,0.000037,0.000168,0.000130,0.000020,-0.000051,-0.000117,-0.000131,0.000027,0.000076,0.000212,0.018068,0.008596,0.007367,0.007427,0.004320,-0.000715,-0.003076,-0.001191,0.002226,0.004563,0.004253,0.002411,0.000829,-0.000387,-0.000778,-0.000218,0.000459,0.000866,0.001122,0.001344,0.001317,0.000561,-0.000523,-0.000907,-0.000510,0.000108,0.000481,0.000281,-0.000206,-0.000514,-0.000296,0.000227,0.000356,0.000110,0.000053,0.000202,0.000119,-0.000320,-0.001116,-0.001938,-0.002004,-0.001280,-0.000637,-0.000199,0.000222,0.000437,0.000255,-0.000136,-0.000262,-0.000268,-0.000254,-0.000202,-0.000003,0.000158,-0.000006,-0.000092,0.000033,0.000475,0.000998,0.000799,0.000531,0.001258,0.002083,0.001664,0.000567,-0.000034,-0.000048,0.000008,-0.000224,-0.000591,-0.000570,-0.000334,-0.000287,-0.000410,-0.000517,-0.000455,-0.000112,0.000265,0.000304,0.000155,-0.000036,-0.000156,0.000030,0.000234,0.000193,-0.000291,-0.001077,-0.001609,-0.001538,-0.001260,-0.001030,-0.000526,-0.000083,-0.000011,0.000051,0.000191,0.000209,0.000072,-0.000119,-0.000264,-0.000293,-0.000283,-0.000259,-0.000220,-0.000036,0.000044,0.000111,0.000221,0.000260,0.000246,0.000125,0.000040,0.000031,-0.000006,0.000023,0.000194,0.000249,0.000184,0.000130,0.000061,-0.000020,0.000013,0.000066,0.000070,0.000131,0.000131,0.000092,0.000047,-0.000064,-0.000258,-0.000402,-0.000356,-0.000276,-0.000208,-0.000024,0.000204,0.000323,0.000181,
-0.004840,-0.006598,-0.010560,-0.009454,-0.005180,-0.001962,-0.000797,-0.000587,-0.001336,-0.001550,-0.000448,0.000653,0.001119,0.000907,0.000121,-0.000429,-0.000199,0.000477,0.000992,0.000854,0.000384,-0.000216,-0.000876,-0.001351,-0.001490,-0.001560,-0.001656,-0.001493,-0.001060,-0.000658,-0.000458,-0.000174,0.000239,0.000488,0.000532,0.000680,0.000747,0.000564,0.000374,0.000132,-0.000127,-0.000328,-0.000365,-0.000265,-0.000371,-0.000324,-0.000013,0.000081,0.000046,-0.000016,-0.000099,-0.000209,-0.000180,-0.000033,0.000046,-0.000089,-0.000520,-0.000768,-0.000238,0.000755,0.001083,0.000274,-0.000179,0.000568,0.001154,0.000847,0.000596,0.000720,0.000607,0.000227,-0.000048,-0.000216,-0.000124,0.000154,0.000224,0.000162,0.000081,-0.000179,-0.000444,-0.000303,-0.000029,0.000123,0.000269,0.000694,0.001505,0.002149,0.001809,0.000297,-0.001157,-0.001627,-0.001443,-0.000896,-0.000301,-0.000080,-0.000240,-0.000266,-0.000087,-0.000043,-0.000098,-0.000061,-0.000038,-0.000058,-0.000132,-0.000244,-0.000131,0.000032,0.000115,0.000052,-0.000023,0.000058,0.000219,0.000311,0.000221,0.000149,0.000137,0.000068,-0.000045,-0.000142,-0.000159,-0.000048,0.000045,0.000052,0.000171,0.000241,0.000143,0.000100,0.000093,0.000020,0.000034,0.000113,0.000125,0.000039,-0.000121,-0.000134,0.000010,0.000168,0.000194,0.000193,0.017994,0.008527,0.007251,0.007278,0.004247,-0.000692,-0.003085,-0.001111,0.002263,0.004555,0.004269,0.002391,0.000919,-0.000198,-0.000627,-0.000131,0.000489,0.000851,0.001081,0.001289,0.001316,0.000538,-0.000702,-0.000958,-0.000497,-0.000014,0.000408,0.000302,-0.000221,-0.000521,-0.000167,0.000300,0.000398,0.000257,0.000040,0.000041,0.000101,-0.000393,-0.001220,-0.001943,-0.001988,-0.001235,-0.000606,-0.000239,0.000178,0.000461,0.000317,-0.000027,-0.000177,-0.000238,-0.000241,-0.000116,-0.000111,-0.000084,-0.000053,-0.000158,-0.000112,0.000400,0.001062,0.000964,0.000708,0.001474,0.002462,0.002337,0.001211,0.000485,0.000434,0.000327,0.000035,-0.000172,-0.000164,-0.000160,-0.000300,-0.000591,-0.000649,-0.000381,-0.000222,0.000046,0.000303,0.000183,-0.000063,-0.000218,-0.000118,0.000140,0.000232,-0.000092,-0.000903,-0.001695,-0.001720,-0.001334,-0.000961,-0.000360,-0.000036,-0.000005,0.000126,0.000279,0.000240,0.000015,-0.000100,-0.000186,-0.000255,-0.000296,-0.000290,-0.000202,-0.000054,0.000079,0.000144,0.000263,0.000349,0.000238,0.000019,-0.000115,-0.000079,0.000055,0.000152,0.000082,0.000050,0.000155,0.000156,0.000118,0.000022,-0.000085,-0.000072,0.000055,0.000090,0.000053,0.000042,-0.000022,-0.000060,-0.000077,-0.000124,-0.000151,-0.000201,-0.000228,-0.000063,0.000123,0.000174,0.000139,
-0.004084,-0.006290,-0.010564,-0.009480,-0.005096,-0.001828,-0.000753,-0.000558,-0.001209,-0.001331,-0.000309,0.000600,0.000981,0.000844,0.000141,-0.000508,-0.000281,0.000582,0.001186,0.000970,0.000364,-0.000246,-0.000919,-0.001400,-0.001473,-0.001536,-0.001685,-0.001369,-0.000839,-0.000619,-0.000629,-0.000523,-0.000297,0.000087,0.000604,0.000933,0.000965,0.000791,0.000487,0.000156,-0.000187,-0.000356,-0.000392,-0.000491,-0.000519,-0.000259,0.000088,0.000213,0.000134,-0.000053,-0.000181,-0.000279,-0.000206,0.000022,0.000185,0.000027,-0.000531,-0.000817,-0.000263,0.000713,0.001016,0.000337,-0.000184,0.000194,0.000622,0.000385,0.000204,0.000410,0.000465,0.000210,-0.000158,-0.000242,-0.000082,0.000051,0.000046,-0.000145,-0.000229,-0.000264,-0.000314,-0.000330,-0.000183,0.000084,0.000381,0.000821,0.001461,0.002127,0.001734,0.000033,-0.001553,-0.001889,-0.001458,-0.000892,-0.000321,-0.000199,-0.000456,-0.000465,-0.000297,-0.000159,-0.000045,0.000028,0.000002,0.000010,-0.000058,-0.000145,-0.000092,-0.000109,-0.000085,0.000003,0.000098,0.000204,0.000302,0.000309,0.000186,0.000109,0.000137,0.000105,-0.000067,-0.000182,-0.000177,-0.000139,-0.000116,-0.000104,-0.000041,0.000064,0.000112,0.000099,-0.000002,-0.000048,-0.000032,0.000103,0.000172,0.000050,-0.000007,0.000065,0.000135,0.000114,0.000084,0.000187,0.018089,0.008439,0.007208,0.007333,0.004175,-0.000787,-0.003050,-0.001154,0.002262,0.004590,0.004229,0.002293,0.000735,-0.000432,-0.000813,-0.000317,0.000352,0.000849,0.001140,0.001281,0.001191,0.000530,-0.000515,-0.000974,-0.000723,-0.000046,0.000379,0.000124,-0.000405,-0.000639,-0.000339,0.000093,0.000254,0.000228,0.000136,0.000097,-0.000045,-0.000498,-0.001218,-0.001943,-0.001880,-0.001161,-0.000661,-0.000326,0.000108,0.000397,0.000386,0.000061,-0.000232,-0.000238,-0.000109,-0.000042,0.000018,0.000063,-0.000048,-0.000123,0.000006,0.000406,0.000779,0.000662,0.000634,0.001329,0.002077,0.001866,0.001040,0.000458,0.000184,0.000091,-0.000137,-0.000425,-0.000315,-0.000146,-0.000215,-0.000353,-0.000470,-0.000442,-0.000211,0.000139,0.000330,0.000230,-0.000026,-0.000140,-0.000037,0.000096,0.000160,-0.000233,-0.001066,-0.001740,-0.001662,-0.001284,-0.000981,-0.000405,-0.000025,-0.000086,0.000008,0.000343,0.000350,0.000166,0.000007,-0.000107,-0.000080,-0.000140,-0.000196,-0.000188,-0.000066,0.000029,0.000127,0.000219,0.000186,0.000170,0.000099,0.000026,0.000001,0.000108,0.000220,0.000215,0.000218,0.000156,-0.000002,0.000009,0.000011,0.000070,0.000124,0.000082,-0.000000,-0.000000,0.000084,0.000052,-0.000013,-0.000067,-0.000117,-0.000209,-0.000251,-0.000121,0.000040,0.000193,0.000288,0.000221,
-0.003960,-0.006221,-0.010501,-0.009354,-0.004954,-0.001709,-0.000578,-0.000448,-0.001224,-0.001367,-0.000258,0.000704,0.001062,0.000886,0.000035,-0.000613,-0.000388,0.000357,0.001075,0.001023,0.000433,-0.000128,-0.000768,-0.001325,-0.001570,-0.001706,-0.001652,-0.001222,-0.000772,-0.000626,-0.000625,-0.000546,-0.000266,0.000145,0.000575,0.000842,0.000851,0.000653,0.000382,0.000111,-0.000127,-0.000317,-0.000303,-0.000257,-0.000305,-0.000173,0.000075,0.000273,0.000249,0.000133,-0.000013,-0.000140,-0.000156,-0.000037,0.000026,-0.000177,-0.000520,-0.000693,-0.000207,0.000704,0.000999,0.000304,0.000035,0.000686,0.000993,0.000514,0.000185,0.000435,0.000515,0.000182,-0.000194,-0.000324,-0.000080,0.000118,-0.000023,-0.000006,0.000056,-0.000127,-0.000244,-0.000237,-0.000184,-0.000014,0.000258,0.000639,0.001338,0.002094,0.001825,0.000098,-0.001490,-0.001854,-0.001432,-0.000829,-0.000438,-0.000337,-0.000399,-0.000315,-0.000102,0.000001,-0.000029,0.000033,0.000072,-0.000086,-0.000185,-0.000150,-0.000073,-0.000036,-0.000030,0.000030,0.000105,0.000164,0.000248,0.000205,0.000125,0.000089,0.000023,0.000098,0.000056,-0.000116,-0.000210,-0.000233,-0.000097,-0.000062,-0.000055,0.000077,0.000200,0.000116,-0.000054,-0.000015,0.000057,0.000069,0.000066,-0.000024,-0.000053,-0.000085,-0.000096,-0.000050,-0.000004,0.000156,0.018168,0.008664,0.007405,0.007394,0.004289,-0.000741,-0.003159,-0.001190,0.002286,0.004524,0.004124,0.002236,0.000632,-0.000556,-0.000794,-0.000100,0.000528,0.000914,0.001204,0.001424,0.001318,0.000396,-0.000652,-0.000916,-0.000600,-0.000044,0.000409,0.000192,-0.000342,-0.000537,-0.000312,0.000022,0.000087,0.000020,0.000095,0.000157,-0.000055,-0.000542,-0.001334,-0.002055,-0.001916,-0.001102,-0.000710,-0.000521,-0.000055,0.000355,0.000323,-0.000078,-0.000227,-0.000217,-0.000282,-0.000157,0.000020,0.000102,-0.000026,-0.000128,-0.000003,0.000423,0.000878,0.000757,0.000735,0.001592,0.002413,0.001888,0.000704,0.000182,0.000236,0.000327,0.000126,-0.000146,-0.000216,-0.000247,-0.000324,-0.000434,-0.000553,-0.000582,-0.000285,0.000042,0.000203,0.000266,0.000065,-0.000144,0.000009,0.000181,0.000198,-0.000194,-0.001064,-0.001752,-0.001734,-0.001247,-0.000836,-0.000368,-0.000041,-0.000044,0.000079,0.000351,0.000302,0.000117,0.000014,-0.000179,-0.000314,-0.000348,-0.000328,-0.000283,-0.000185,-0.000076,0.000100,0.000192,0.000191,0.000096,-0.000014,0.000042,0.000194,0.000253,0.000191,0.000189,0.000233,0.000195,0.000116,0.000078,-0.000032,-0.000073,0.000076,0.000146,0.000109,0.000084,0.000100,-0.000020,-0.000121,-0.000100,-0.000084,-0.000103,-0.000135,-0.000089,0.000049,0.000165,0.000205,0.000265,
-0.004028,-0.006255,-0.010351,-0.009190,-0.004947,-0.001800,-0.000700,-0.000473,-0.001183,-0.001345,-0.000252,0.000555,0.000935,0.000798,-0.000005,-0.000566,-0.000321,0.000437,0.001106,0.000979,0.000409,-0.000205,-0.000922,-0.001319,-0.001489,-0.001681,-0.001672,-0.001250,-0.000747,-0.000434,-0.000375,-0.000324,-0.000055,0.000304,0.000672,0.000856,0.000775,0.000554,0.000281,0.000077,-0.000090,-0.000227,-0.000255,-0.000360,-0.000459,-0.000267,0.000040,0.000208,0.000155,0.000123,0.000003,-0.000124,-0.000057,0.000092,0.000161,-0.000112,-0.000571,-0.000685,-0.000114,0.000767,0.000899,0.000028,-0.000416,0.000270,0.000857,0.000575,0.000078,0.000096,0.000329,0.000083,-0.000353,-0.000359,-0.000145,-0.000070,-0.000170,-0.000204,-0.000092,-0.000206,-0.000348,-0.000281,-0.000239,-0.000174,0.000166,0.000677,0.001467,0.002102,0.001699,-0.000010,-0.001594,-0.001887,-0.001425,-0.000747,-0.000259,-0.000189,-0.000355,-0.000291,-0.000156,0.000002,0.000149,0.000114,0.000064,-0.000062,-0.000100,0.000027,0.000099,0.000037,-0.000065,-0.000058,0.000089,0.000178,0.000139,0.000134,0.000202,0.000230,0.000131,0.000001,-0.000113,-0.000190,-0.000181,-0.000109,-0.000080,-0.000077,0.000063,0.000202,0.000215,0.000169,0.000056,0.000025,0.000044,0.000051,0.000066,0.000064,-0.000089,-0.000209,-0.000052,0.000007,-0.000001,0.000198,0.018390,0.008873,0.007595,0.007555,0.004238,-0.000872,-0.003155,-0.001102,0.002362,0.004522,0.004152,0.002351,0.000911,-0.000245,-0.000635,-0.000079,0.000491,0.000909,0.001128,0.001254,0.001232,0.000533,-0.000550,-0.000890,-0.000522,0.000010,0.000432,0.000298,-0.000380,-0.000779,-0.000399,0.000103,0.000243,0.000256,0.000259,0.000186,-0.000048,-0.000474,-0.001194,-0.001952,-0.002021,-0.001385,-0.000761,-0.000384,0.000055,0.000415,0.000302,0.000042,-0.000155,-0.000309,-0.000251,-0.000038,0.000023,-0.000031,-0.000027,-0.000075,-0.000013,0.000498,0.000900,0.000681,0.000443,0.001105,0.002089,0.001903,0.000688,-0.000248,-0.000349,-0.000022,-0.000047,-0.000429,-0.000473,-0.000309,-0.000296,-0.000444,-0.000488,-0.000353,-0.000111,0.000156,0.000251,0.000117,-0.000104,-0.000268,-0.000195,0.000081,0.000167,-0.000373,-0.001154,-0.001606,-0.001482,-0.001145,-0.000919,-0.000363,0.000033,-0.000046,0.000060,0.000322,0.000408,0.000239,0.000034,-0.000073,-0.000245,-0.000383,-0.000305,-0.000151,-0.000096,-0.000094,-0.000004,0.000051,0.000009,0.000018,0.000109,0.000149,0.000169,0.000197,0.000250,0.000241,0.000166,0.000127,0.000116,0.000068,-0.000087,-0.000195,-0.000119,0.000001,0.000101,0.000154,0.000136,0.000091,0.000063,-0.000091,-0.000295,-0.000297,-0.000209,-0.000121,-0.000082,0.000115,0.000230,0.000161,
-0.003353,-0.005809,-0.010050,-0.008952,-0.004794,-0.001789,-0.000796,-0.000588,-0.001194,-0.001281,-0.000198,0.000677,0.001013,0.000833,-0.000017,-0.000607,-0.000263,0.000508,0.001106,0.000973,0.000337,-0.000338,-0.000971,-0.001399,-0.001531,-0.001570,-0.001480,-0.001049,-0.000573,-0.000409,-0.000435,-0.000321,-0.000005,0.000392,0.000737,0.000944,0.000884,0.000647,0.000435,0.000199,-0.000066,-0.000178,-0.000226,-0.000281,-0.000370,-0.000266,-0.000015,0.000103,0.000070,-0.000054,-0.000208,-0.000290,-0.000176,0.000053,0.000105,-0.000189,-0.000677,-0.000927,-0.000230,0.000896,0.001301,0.000720,0.000296,0.000592,0.000826,0.000591,0.000401,0.000547,0.000486,0.000114,-0.000134,-0.000171,-0.000139,-0.000115,-0.000092,-0.000093,-0.000062,-0.000109,-0.000219,-0.000118,-0.000019,0.000067,0.000275,0.000669,0.001398,0.002012,0.001631,-0.000136,-0.001653,-0.001840,-0.001405,-0.000854,-0.000316,-0.000198,-0.000357,-0.000394,-0.000241,-0.000109,-0.000076,-0.000019,-0.000000,-0.000081,-0.000125,-0.000037,0.000050,0.000061,0.000040,0.000061,0.000068,0.000127,0.000272,0.000357,0.000333,0.000193,-0.000029,-0.000121,-0.000143,-0.000188,-0.000083,0.000028,0.000116,0.000103,0.000080,0.000072,0.000079,0.000126,0.000091,0.000024,0.000022,0.000007,0.000058,0.000112,0.000003,-0.000131,-0.000087,-0.000005,0.000117,0.000268,0.018509,0.009092,0.007914,0.007902,0.004503,-0.000754,-0.003111,-0.001175,0.002281,0.004533,0.004169,0.002339,0.000789,-0.000333,-0.000651,-0.000174,0.000345,0.000736,0.001034,0.001239,0.001200,0.000551,-0.000457,-0.000861,-0.000550,0.000029,0.000479,0.000326,-0.000271,-0.000564,-0.000326,0.000087,0.000213,0.000231,0.000185,0.000157,0.000053,-0.000420,-0.001251,-0.001958,-0.001823,-0.001116,-0.000583,-0.000306,0.000083,0.000471,0.000429,0.000050,-0.000188,-0.000247,-0.000088,-0.000013,-0.000032,0.000054,0.000025,-0.000036,0.000046,0.000409,0.000769,0.000689,0.000676,0.001272,0.001815,0.001527,0.000867,0.000491,0.000251,0.000050,-0.000138,-0.000342,-0.000420,-0.000393,-0.000308,-0.000287,-0.000406,-0.000442,-0.000270,0.000120,0.000337,0.000181,0.000009,-0.000127,-0.000126,0.000093,0.000103,-0.000409,-0.001230,-0.001855,-0.001726,-0.001221,-0.000726,-0.000213,0.000051,0.000071,0.000144,0.000171,0.000100,-0.000010,-0.000088,-0.000149,-0.000222,-0.000277,-0.000253,-0.000213,-0.000158,0.000071,0.000217,0.000256,0.000263,0.000017,-0.000092,0.000032,0.000086,0.000216,0.000212,0.000076,0.000166,0.000258,0.000139,0.000052,0.000039,0.000008,-0.000026,-0.000036,0.000009,0.000043,0.000103,0.000153,0.000010,-0.000195,-0.000223,-0.000182,-0.000103,-0.000042,0.000087,0.000256,0.000303,0.000259,
-0.003919,-0.006215,-0.010405,-0.009276,-0.004882,-0.001679,-0.000594,-0.000463,-0.001240,-0.001473,-0.000380,0.000610,0.001060,0.000895,0.000063,-0.000517,-0.000341,0.000320,0.000987,0.000917,0.000304,-0.000286,-0.000877,-0.001372,-0.001487,-0.001443,-0.001547,-0.001464,-0.001133,-0.000791,-0.000667,-0.000496,-0.000142,0.000247,0.000636,0.000911,0.000882,0.000627,0.000423,0.000244,-0.000093,-0.000301,-0.000262,-0.000287,-0.000424,-0.000281,0.000099,0.000231,0.000047,-0.000169,-0.000267,-0.000239,-0.000093,0.000099,0.000111,-0.000184,-0.000589,-0.000747,-0.000141,0.000753,0.000748,-0.000053,-0.000319,0.000282,0.000743,0.000500,0.000233,0.000484,0.000635,0.000263,-0.000171,-0.000278,-0.000106,0.000018,-0.000023,0.000103,0.000198,-0.000050,-0.000346,-0.000249,0.000040,0.000169,0.000334,0.000726,0.001393,0.001998,0.001527,-0.000071,-0.001414,-0.001640,-0.001233,-0.000709,-0.000246,-0.000201,-0.000350,-0.000217,-0.000082,-0.000075,-0.000092,0.000009,0.000068,0.000012,0.000015,0.000059,0.000070,0.000009,-0.000053,-0.000012,0.000034,0.000111,0.000264,0.000308,0.000247,0.000179,0.000146,0.000103,-0.000076,-0.000232,-0.000213,-0.000112,0.000047,0.000123,0.000152,0.000165,0.000112,0.000083,0.000016,-0.000012,0.000091,0.000137,0.000099,0.000017,-0.000108,-0.000155,-0.000134,0.000058,0.000260,0.000233,0.018642,0.009113,0.007625,0.007350,0.004128,-0.000854,-0.003129,-0.001037,0.002366,0.004512,0.004167,0.002363,0.000795,-0.000442,-0.000736,-0.000132,0.000487,0.000853,0.001027,0.001144,0.001132,0.000435,-0.000587,-0.000941,-0.000672,-0.000093,0.000450,0.000332,-0.000335,-0.000656,-0.000276,0.000242,0.000409,0.000293,0.000162,0.000246,0.000176,-0.000402,-0.001292,-0.002036,-0.002000,-0.001259,-0.000649,-0.000355,0.000057,0.000399,0.000254,-0.000099,-0.000198,-0.000166,-0.000184,-0.000156,-0.000099,0.000005,0.000033,-0.000081,-0.000022,0.000435,0.000868,0.000635,0.000543,0.001482,0.002316,0.001688,0.000392,-0.000158,0.000029,0.000100,-0.000138,-0.000411,-0.000513,-0.000379,-0.000232,-0.000364,-0.000558,-0.000536,-0.000274,0.000068,0.000209,0.000142,0.000003,-0.000224,-0.000128,0.000147,0.000177,-0.000248,-0.001054,-0.001681,-0.001649,-0.001242,-0.000847,-0.000324,-0.000058,-0.000100,0.000136,0.000367,0.000274,0.000124,0.000025,-0.000106,-0.000175,-0.000271,-0.000300,-0.000186,-0.000046,-0.000001,0.000066,0.000147,0.000193,0.000178,0.000130,0.000061,-0.000012,0.000054,0.000118,0.000149,0.000253,0.000211,0.000103,0.000049,0.000018,-0.000063,-0.000156,-0.000050,0.000080,0.000152,0.000230,0.000178,-0.000045,-0.000161,-0.000207,-0.000256,-0.000235,-0.000165,-0.000036,0.000163,0.000258,0.000153,
-0.004163,-0.006406,-0.010510,-0.009272,-0.004894,-0.001630,-0.000623,-0.000584,-0.001262,-0.001521,-0.000511,0.000440,0.000844,0.000745,-0.000074,-0.000721,-0.000431,0.000393,0.001018,0.000843,0.000362,-0.000168,-0.000900,-0.001385,-0.001506,-0.001543,-0.001570,-0.001502,-0.001124,-0.000672,-0.000450,-0.000174,0.000321,0.000698,0.000805,0.000863,0.000778,0.000475,0.000233,0.000081,-0.000136,-0.000355,-0.000354,-0.000320,-0.000352,-0.000199,0.000066,0.000117,-0.000010,-0.000114,-0.000107,-0.000149,-0.000179,-0.000070,0.000011,-0.000101,-0.000458,-0.000643,-0.000140,0.000806,0.001052,0.000316,-0.000026,0.000730,0.001332,0.000882,0.000473,0.000650,0.000629,0.000201,-0.000171,-0.000201,-0.000136,0.000041,0.000142,0.000232,0.000184,-0.000182,-0.000343,-0.000280,-0.000151,-0.000016,0.000239,0.000760,0.001549,0.002239,0.001859,0.000093,-0.001553,-0.001956,-0.001553,-0.000971,-0.000420,-0.000211,-0.000357,-0.000471,-0.000324,-0.000156,-0.000129,-0.000201,-0.000213,-0.000141,-0.000183,-0.000178,-0.000099,0.000000,0.000022,-0.000036,0.000000,0.000108,0.000318,0.000375,0.000257,0.000260,0.000183,0.000035,-0.000067,-0.000077,-0.000051,-0.000107,-0.000098,0.000041,0.000208,0.000213,0.000177,0.000214,0.000078,-0.000039,0.000081,0.000200,0.000155,0.000071,0.000014,0.000030,0.000009,0.000011,0.000140,0.000213,0.018465,0.009036,0.007534,0.007318,0.004177,-0.000848,-0.003210,-0.001169,0.002322,0.004586,0.004251,0.002405,0.000862,-0.000376,-0.000728,-0.000149,0.000376,0.000767,0.001109,0.001314,0.001107,0.000272,-0.000799,-0.001060,-0.000616,-0.000054,0.000399,0.000241,-0.000327,-0.000518,-0.000013,0.000697,0.000902,0.000612,0.000270,0.000072,-0.000075,-0.000423,-0.001164,-0.001975,-0.001999,-0.001261,-0.000563,-0.000182,0.000175,0.000468,0.000389,0.000111,-0.000156,-0.000313,-0.000281,-0.000164,-0.000014,0.000059,-0.000100,-0.000195,0.000008,0.000489,0.000923,0.000784,0.000668,0.001466,0.002428,0.002186,0.001100,0.000366,0.000154,0.000185,0.000113,-0.000269,-0.000477,-0.000409,-0.000426,-0.000610,-0.000731,-0.000614,-0.000284,-0.000035,0.000115,0.000063,-0.000178,-0.000301,-0.000191,0.000102,0.000257,-0.000236,-0.001170,-0.001795,-0.001804,-0.001425,-0.001013,-0.000522,-0.000129,-0.000059,0.000097,0.000276,0.000164,-0.000022,-0.000136,-0.000190,-0.000194,-0.000201,-0.000204,-0.000127,-0.000122,-0.000075,0.000154,0.000227,0.000208,0.000224,0.000180,-0.000001,-0.000077,0.000106,0.000159,0.000154,0.000161,0.000181,0.000193,0.000072,-0.000064,-0.000063,0.000128,0.000317,0.000237,0.000081,0.000127,0.000117,-0.000032,-0.000095,-0.000130,-0.000205,-0.000189,-0.000075,0.000094,0.000245,0.000245,0.000190,
-0.004464,-0.006666,-0.010728,-0.009402,-0.004945,-0.001666,-0.000538,-0.000378,-0.001149,-0.001493,-0.000491,0.000554,0.000978,0.000783,-0.000036,-0.000660,-0.000423,0.000375,0.000933,0.000770,0.000329,-0.000140,-0.000827,-0.001372,-0.001458,-0.001434,-0.001451,-0.001233,-0.000882,-0.000773,-0.000749,-0.000613,-0.000250,0.000203,0.000681,0.000979,0.000902,0.000651,0.000478,0.000240,-0.000053,-0.000180,-0.000252,-0.000408,-0.000540,-0.000391,-0.000000,0.000198,0.000099,0.000009,-0.000051,-0.000153,-0.000108,0.000114,0.000263,0.000001,-0.000579,-0.000749,-0.000100,0.000860,0.001117,0.000331,-0.000152,0.000288,0.000732,0.000525,0.000273,0.000587,0.000735,0.000301,-0.000173,-0.000186,-0.000007,0.000031,-0.000026,-0.000085,-0.000055,-0.000202,-0.000374,-0.000210,0.000010,0.000084,0.000326,0.000783,0.001427,0.002036,0.001643,0.000004,-0.001498,-0.001908,-0.001558,-0.000913,-0.000427,-0.000365,-0.000492,-0.000448,-0.000191,-0.000075,-0.000034,0.000057,0.000109,0.000052,-0.000118,-0.000182,-0.000163,-0.000045,0.000129,0.000173,0.000225,0.000383,0.000486,0.000409,0.000234,0.000113,0.000078,0.000028,-0.000097,-0.000113,-0.000037,-0.000053,-0.000061,0.000007,0.000042,0.000133,0.000206,0.000205,0.000072,-0.000069,0.000029,0.000190,0.000249,0.000228,0.000126,0.000037,0.000033,0.000152,0.000297,0.000343,0.018484,0.009020,0.007548,0.007372,0.004165,-0.000881,-0.003278,-0.001180,0.002405,0.004726,0.004346,0.002346,0.000802,-0.000273,-0.000660,-0.000195,0.000412,0.000888,0.001258,0.001493,0.001404,0.000545,-0.000637,-0.001086,-0.000773,-0.000233,0.000180,0.000006,-0.000456,-0.000666,-0.000302,0.000227,0.000391,0.000278,0.000199,0.000197,0.000124,-0.000299,-0.001141,-0.001922,-0.001894,-0.001131,-0.000481,-0.000263,0.000062,0.000474,0.000350,-0.000013,-0.000094,-0.000155,-0.000253,-0.000154,0.000025,0.000080,-0.000030,-0.000066,0.000075,0.000435,0.000821,0.000756,0.000720,0.001526,0.002426,0.002272,0.001255,0.000477,0.000318,0.000231,-0.000023,-0.000271,-0.000237,-0.000032,-0.000056,-0.000334,-0.000611,-0.000610,-0.000318,0.000044,0.000272,0.000193,-0.000122,-0.000270,-0.000144,0.000088,0.000116,-0.000255,-0.000988,-0.001629,-0.001526,-0.001169,-0.000941,-0.000507,-0.000131,-0.000048,0.000119,0.000379,0.000280,0.000047,-0.000087,-0.000277,-0.000421,-0.000355,-0.000298,-0.000239,-0.000062,0.000083,0.000210,0.000305,0.000252,0.000267,0.000267,0.000136,0.000072,0.000163,0.000271,0.000335,0.000289,0.000240,0.000161,0.000029,-0.000047,-0.000088,-0.000042,0.000039,0.000058,0.000079,0.000175,0.000225,0.000152,-0.000052,-0.000216,-0.000191,-0.000118,-0.000019,0.000106,0.000254,0.000286,0.000212,
-0.004434,-0.006550,-0.010650,-0.009501,-0.005013,-0.001533,-0.000447,-0.000446,-0.001198,-0.001388,-0.000379,0.000541,0.001025,0.000827,-0.000031,-0.000602,-0.000323,0.000457,0.001046,0.000947,0.000456,-0.000146,-0.000860,-0.001285,-0.001461,-0.001577,-0.001579,-0.001363,-0.000896,-0.000605,-0.000528,-0.000387,-0.000098,0.000268,0.000653,0.000912,0.000887,0.000639,0.000393,0.000175,-0.000122,-0.000297,-0.000257,-0.000331,-0.000458,-0.000322,0.000011,0.000169,0.000130,-0.000017,-0.000180,-0.000209,-0.000117,0.000033,0.000075,-0.000151,-0.000589,-0.000727,-0.000172,0.000708,0.000998,0.000472,0.000230,0.000752,0.001035,0.000652,0.000254,0.000308,0.000339,0.000124,-0.000080,-0.000155,-0.000045,0.000105,0.000137,0.000044,-0.000050,-0.000269,-0.000464,-0.000327,-0.000066,0.000066,0.000168,0.000523,0.001335,0.002125,0.001823,0.000066,-0.001577,-0.001799,-0.001401,-0.000988,-0.000485,-0.000295,-0.000352,-0.000274,-0.000172,-0.000124,-0.000072,-0.000013,0.000029,-0.000065,-0.000213,-0.000238,-0.000113,-0.000011,0.000042,0.000116,0.000154,0.000131,0.000232,0.000322,0.000135,0.000123,0.000193,0.000035,-0.000074,-0.000037,-0.000082,-0.000163,-0.000110,0.000033,0.000115,0.000178,0.000268,0.000172,0.000018,0.000015,0.000022,0.000033,0.000080,0.000043,-0.000086,-0.000079,-0.000018,-0.000012,0.000105,0.000187,0.018444,0.009186,0.007837,0.007431,0.004102,-0.000821,-0.003090,-0.001193,0.002281,0.004596,0.004316,0.002491,0.000968,-0.000097,-0.000518,-0.000150,0.000428,0.000894,0.001132,0.001264,0.001231,0.000436,-0.000726,-0.001034,-0.000694,-0.000178,0.000329,0.000245,-0.000389,-0.000711,-0.000440,0.000063,0.000362,0.000355,0.000218,0.000173,0.000047,-0.000445,-0.001303,-0.001969,-0.001896,-0.001226,-0.000648,-0.000363,0.000079,0.000422,0.000289,-0.000041,-0.000218,-0.000204,-0.000136,-0.000116,-0.000051,-0.000008,-0.000021,-0.000020,0.000055,0.000407,0.000780,0.000732,0.000790,0.001553,0.002230,0.001691,0.000644,0.000257,0.000213,0.000188,0.000058,-0.000201,-0.000202,-0.000126,-0.000268,-0.000515,-0.000624,-0.000469,-0.000154,0.000187,0.000335,0.000240,0.000018,-0.000167,-0.000079,0.000160,0.000256,-0.000162,-0.001063,-0.001703,-0.001724,-0.001310,-0.000895,-0.000440,-0.000095,-0.000020,0.000129,0.000331,0.000402,0.000259,-0.000009,-0.000186,-0.000177,-0.000186,-0.000310,-0.000280,-0.000081,0.000134,0.000209,0.000193,0.000116,0.000090,0.000047,0.000031,0.000116,0.000152,0.000183,0.000202,0.000169,0.000102,0.000005,-0.000084,-0.000083,-0.000041,-0.000018,-0.000036,0.000102,0.000181,0.000058,0.000002,0.000010,-0.000057,-0.000114,-0.000087,-0.000167,-0.000299,-0.000161,0.000099,0.000226,0.000228,
-0.004187,-0.006557,-0.010500,-0.009222,-0.004901,-0.001687,-0.000704,-0.000531,-0.001141,-0.001339,-0.000350,0.000552,0.000940,0.000789,0.000000,-0.000619,-0.000371,0.000389,0.001048,0.000909,0.000286,-0.000283,-0.000890,-0.001344,-0.001410,-0.001439,-0.001417,-0.001025,-0.000600,-0.000456,-0.000463,-0.000374,-0.000192,0.000153,0.000640,0.001000,0.000987,0.000659,0.000350,0.000162,-0.000111,-0.000238,-0.000182,-0.000289,-0.000358,-0.000221,0.000012,0.000076,-0.000050,-0.000144,-0.000268,-0.000301,-0.000088,0.000124,0.000142,-0.000173,-0.000624,-0.000743,-0.000122,0.000802,0.000989,0.000160,-0.000297,0.000298,0.000840,0.000465,-0.000073,-0.000106,0.000045,-0.000075,-0.000244,-0.000159,-0.000026,0.000062,0.000030,-0.000005,0.000018,-0.000215,-0.000336,-0.000159,-0.000045,0.000000,0.000247,0.000682,0.001319,0.001958,0.001499,-0.000183,-0.001566,-0.001798,-0.001325,-0.000716,-0.000226,-0.000191,-0.000419,-0.000415,-0.000210,-0.000093,-0.000014,-0.000051,-0.000085,-0.000066,-0.000202,-0.000263,-0.000132,-0.000007,0.000026,0.000088,0.000126,0.000124,0.000272,0.000366,0.000244,0.000173,0.000129,0.000027,-0.000028,0.000013,-0.000043,0.000012,0.000168,0.000105,0.000019,0.000075,0.000257,0.000221,0.000057,0.000055,0.000097,0.000072,0.000021,0.000010,-0.000074,-0.000112,-0.000008,0.000038,0.000048,0.000226,0.018760,0.009360,0.007991,0.007670,0.004273,-0.000761,-0.003113,-0.001156,0.002279,0.004534,0.004186,0.002383,0.000991,-0.000183,-0.000645,-0.000122,0.000476,0.000864,0.001116,0.001252,0.001210,0.000449,-0.000615,-0.000914,-0.000585,-0.000070,0.000307,0.000126,-0.000454,-0.000727,-0.000350,0.000141,0.000279,0.000227,0.000181,0.000217,0.000086,-0.000327,-0.001187,-0.002118,-0.002128,-0.001309,-0.000633,-0.000338,0.000076,0.000457,0.000266,-0.000145,-0.000302,-0.000308,-0.000205,-0.000114,-0.000077,-0.000147,-0.000213,-0.000191,-0.000105,0.000342,0.000860,0.000683,0.000564,0.001458,0.002417,0.002174,0.001052,0.000194,0.000003,0.000016,-0.000175,-0.000421,-0.000402,-0.000295,-0.000321,-0.000452,-0.000503,-0.000438,-0.000290,0.000017,0.000237,0.000166,-0.000026,-0.000149,-0.000026,0.000167,0.000199,-0.000133,-0.000936,-0.001687,-0.001599,-0.001203,-0.000895,-0.000344,0.000007,-0.000062,0.000028,0.000297,0.000388,0.000264,0.000056,-0.000116,-0.000216,-0.000285,-0.000237,-0.000201,-0.000147,-0.000018,0.000037,0.000117,0.000192,0.000118,0.000095,0.000135,0.000078,0.000130,0.000241,0.000226,0.000239,0.000119,0.000037,0.000034,0.000042,-0.000006,0.000018,0.000100,0.000139,0.000126,0.000064,0.000039,-0.000031,-0.000046,-0.000044,-0.000233,-0.000344,-0.000158,0.000095,0.000230,0.000199,0.000039,
-0.003651,-0.006190,-0.010244,-0.009022,-0.004741,-0.001633,-0.000729,-0.000526,-0.001089,-0.001245,-0.000275,0.000583,0.000948,0.000818,0.000008,-0.000644,-0.000439,0.000335,0.000953,0.000876,0.000420,-0.000217,-0.000960,-0.001381,-0.001370,-0.001425,-0.001565,-0.001302,-0.000830,-0.000529,-0.000445,-0.000411,-0.000202,0.000106,0.000442,0.000843,0.000878,0.000617,0.000440,0.000198,-0.000073,-0.000259,-0.000357,-0.000431,-0.000461,-0.000292,-0.000029,0.000042,-0.000068,-0.000068,-0.000072,-0.000177,-0.000162,-0.000058,-0.000021,-0.000166,-0.000530,-0.000729,-0.000228,0.000703,0.000966,0.000359,0.000039,0.000426,0.000890,0.000877,0.000566,0.000465,0.000366,0.000012,-0.000327,-0.000286,-0.000122,-0.000038,-0.000015,0.000013,0.000031,-0.000111,-0.000309,-0.000231,0.000002,0.000165,0.000379,0.000709,0.001285,0.001902,0.001517,-0.000138,-0.001595,-0.001906,-0.001570,-0.000973,-0.000330,-0.000099,-0.000270,-0.000283,-0.000150,-0.000072,0.000002,0.000076,0.000057,-0.000018,-0.000111,-0.000144,-0.000104,-0.000061,0.000050,0.000077,0.000066,0.000149,0.000273,0.000302,0.000252,0.000193,0.000161,0.000125,-0.000054,-0.000282,-0.000262,-0.000141,-0.000058,0.000024,0.000043,0.000044,0.000064,0.000009,-0.000078,-0.000056,0.000037,0.000067,0.000094,0.000143,0.000072,-0.000060,-0.000036,0.000059,0.000122,0.000145,0.018883,0.009692,0.008262,0.007743,0.004248,-0.000801,-0.003187,-0.001207,0.002266,0.004505,0.004197,0.002341,0.000836,-0.000154,-0.000487,-0.000075,0.000459,0.000870,0.001141,0.001300,0.001352,0.000635,-0.000552,-0.000921,-0.000498,0.000149,0.000512,0.000199,-0.000332,-0.000499,-0.000189,0.000269,0.000305,0.000136,0.000132,0.000120,-0.000007,-0.000397,-0.001224,-0.002081,-0.002067,-0.001250,-0.000566,-0.000272,0.000092,0.000405,0.000300,0.000066,-0.000161,-0.000312,-0.000245,-0.000120,-0.000009,0.000037,-0.000035,-0.000082,0.000122,0.000563,0.000926,0.000709,0.000525,0.001161,0.001818,0.001529,0.000684,0.000089,-0.000036,0.000013,-0.000143,-0.000390,-0.000440,-0.000381,-0.000390,-0.000487,-0.000584,-0.000481,-0.000241,0.000066,0.000338,0.000213,-0.000124,-0.000239,-0.000089,0.000163,0.000200,-0.000330,-0.001135,-0.001654,-0.001546,-0.001217,-0.001019,-0.000507,-0.000002,0.000058,0.000153,0.000432,0.000449,0.000180,-0.000052,-0.000163,-0.000250,-0.000330,-0.000308,-0.000289,-0.000251,-0.000094,0.000128,0.000190,0.000137,0.000041,-0.000034,-0.000070,-0.000006,0.000118,0.000233,0.000320,0.000366,0.000288,0.000052,-0.000067,-0.000077,-0.000153,-0.000156,-0.000098,-0.000057,-0.000031,0.000035,0.000079,0.000135,0.000073,-0.000111,-0.000270,-0.000295,-0.000200,0.000061,0.000293,0.000392,0.000320,
-0.003852,-0.006199,-0.010343,-0.009177,-0.004731,-0.001518,-0.000560,-0.000448,-0.001207,-0.001467,-0.000397,0.000587,0.000924,0.000733,-0.000073,-0.000652,-0.000418,0.000308,0.000843,0.000745,0.000330,-0.000145,-0.000823,-0.001345,-0.001475,-0.001520,-0.001498,-0.001267,-0.000900,-0.000592,-0.000447,-0.000404,-0.000154,0.000372,0.000731,0.000927,0.000982,0.000769,0.000540,0.000326,-0.000004,-0.000259,-0.000245,-0.000249,-0.000330,-0.000250,0.000013,0.000238,0.000159,-0.000045,-0.000152,-0.000169,-0.000024,0.000127,0.000142,-0.000044,-0.000539,-0.000752,-0.000159,0.000720,0.000948,0.000281,-0.000122,0.000379,0.000586,0.000181,0.000121,0.000554,0.000754,0.000384,-0.000069,-0.000174,-0.000182,-0.000117,0.000041,0.000021,-0.000101,-0.000311,-0.000458,-0.000342,-0.000076,0.000069,0.000243,0.000710,0.001435,0.001997,0.001561,-0.000005,-0.001363,-0.001646,-0.001251,-0.000741,-0.000359,-0.000290,-0.000384,-0.000252,-0.000007,0.000078,0.000171,0.000234,0.000206,0.000061,-0.000221,-0.000351,-0.000184,-0.000064,-0.000006,0.000132,0.000167,0.000192,0.000244,0.000273,0.000199,0.000118,0.000189,0.000165,-0.000000,-0.000093,-0.000010,0.000044,-0.000006,-0.000044,-0.000002,0.000141,0.000255,0.000288,0.000162,0.000062,0.000085,0.000136,0.000176,0.000131,0.000052,-0.000028,-0.000095,0.000014,0.000129,0.000110,0.019100,0.009841,0.008196,0.007554,0.004196,-0.000820,-0.003238,-0.001214,0.002338,0.004607,0.004192,0.002362,0.000913,-0.000238,-0.000559,-0.000049,0.000532,0.000958,0.001182,0.001251,0.001177,0.000534,-0.000494,-0.000877,-0.000621,-0.000040,0.000485,0.000334,-0.000289,-0.000651,-0.000396,0.000178,0.000376,0.000323,0.000269,0.000270,0.000157,-0.000416,-0.001233,-0.001946,-0.001876,-0.001076,-0.000545,-0.000376,-0.000028,0.000436,0.000453,0.000105,-0.000213,-0.000274,-0.000185,-0.000104,-0.000025,-0.000087,-0.000161,-0.000128,-0.000025,0.000393,0.000937,0.000845,0.000749,0.001609,0.002426,0.001837,0.000589,-0.000071,0.000020,0.000057,-0.000145,-0.000335,-0.000441,-0.000354,-0.000298,-0.000405,-0.000415,-0.000236,0.000001,0.000170,0.000260,0.000114,-0.000085,-0.000030,0.000052,0.000215,0.000350,-0.000121,-0.001025,-0.001655,-0.001624,-0.001379,-0.001045,-0.000580,-0.000272,-0.000128,0.000136,0.000332,0.000294,0.000140,0.000048,-0.000037,-0.000167,-0.000252,-0.000260,-0.000255,-0.000145,0.000062,0.000166,0.000285,0.000295,0.000216,0.000129,0.000029,0.000127,0.000275,0.000207,0.000213,0.000255,0.000266,0.000223,0.000076,-0.000041,0.000001,0.000081,0.000082,0.000068,0.000019,0.000024,0.000095,0.000053,-0.000024,-0.000094,-0.000160,-0.000122,-0.000103,0.000007,0.000067,0.000122,0.000152,
-0.003587,-0.005995,-0.010226,-0.009174,-0.004972,-0.001702,-0.000552,-0.000512,-0.001318,-0.001533,-0.000486,0.000478,0.000845,0.000675,-0.000143,-0.000600,-0.000270,0.000430,0.001002,0.000836,0.000292,-0.000179,-0.000735,-0.001252,-0.001520,-0.001623,-0.001683,-0.001519,-0.001181,-0.000903,-0.000613,-0.000169,0.000407,0.000840,0.000900,0.000904,0.000768,0.000493,0.000348,0.000208,-0.000050,-0.000256,-0.000290,-0.000248,-0.000251,-0.000168,-0.000008,0.000094,0.000090,-0.000075,-0.000127,-0.000150,-0.000130,0.000032,0.000155,-0.000092,-0.000552,-0.000726,-0.000136,0.000789,0.001039,0.000385,0.000058,0.000776,0.001264,0.000833,0.000434,0.000542,0.000519,0.000151,-0.000192,-0.000319,-0.000271,-0.000028,0.000193,0.000172,0.000126,-0.000008,-0.000295,-0.000293,-0.000071,0.000066,0.000250,0.000738,0.001542,0.002175,0.001629,-0.000052,-0.001473,-0.001759,-0.001354,-0.000822,-0.000376,-0.000303,-0.000450,-0.000343,-0.000043,0.000114,0.000068,0.000066,0.000061,-0.000081,-0.000181,-0.000118,-0.000073,0.000027,0.000202,0.000239,0.000123,0.000024,0.000040,0.000228,0.000285,0.000143,0.000055,0.000009,-0.000047,-0.000074,-0.000079,-0.000009,0.000096,0.000099,0.000056,0.000106,0.000119,0.000033,0.000022,0.000041,0.000042,0.000081,0.000112,0.000069,-0.000050,-0.000115,-0.000079,-0.000048,-0.000024,0.000099,0.019368,0.009984,0.008215,0.007585,0.004153,-0.000827,-0.003117,-0.001092,0.002398,0.004629,0.004283,0.002525,0.000916,-0.000291,-0.000662,-0.000254,0.000394,0.000847,0.001043,0.001224,0.001205,0.000510,-0.000568,-0.000961,-0.000628,-0.000086,0.000402,0.000210,-0.000379,-0.000573,-0.000134,0.000566,0.000762,0.000393,0.000004,-0.000108,0.000013,-0.000277,-0.001094,-0.001913,-0.001954,-0.001202,-0.000585,-0.000209,0.000063,0.000282,0.000251,0.000020,-0.000118,-0.000135,-0.000142,-0.000042,0.000063,-0.000013,-0.000120,-0.000093,0.000118,0.000469,0.000812,0.000645,0.000567,0.001385,0.002268,0.002008,0.000889,0.000268,0.000255,0.000213,-0.000119,-0.000465,-0.000481,-0.000378,-0.000310,-0.000437,-0.000660,-0.000619,-0.000264,0.000101,0.000245,0.000265,0.000140,-0.000016,-0.000036,0.000127,0.000272,-0.000200,-0.001055,-0.001639,-0.001614,-0.001292,-0.000948,-0.000445,-0.000123,-0.000126,0.000024,0.000243,0.000179,-0.000022,-0.000200,-0.000210,-0.000210,-0.000268,-0.000271,-0.000193,-0.000059,-0.000062,-0.000001,0.000144,0.000196,0.000174,0.000090,0.000048,0.000115,0.000121,0.000119,0.000145,0.000217,0.000285,0.000157,0.000036,0.000057,0.000016,-0.000013,0.000020,0.000075,0.000077,0.000020,0.000075,0.000078,-0.000047,-0.000218,-0.000353,-0.000291,-0.000028,0.000179,0.000216,0.000196,0.000127,
-0.003619,-0.005969,-0.010271,-0.009183,-0.004836,-0.001577,-0.000565,-0.000523,-0.001234,-0.001481,-0.000490,0.000540,0.001033,0.000734,-0.000117,-0.000643,-0.000413,0.000339,0.000955,0.000861,0.000370,-0.000260,-0.000858,-0.001210,-0.001328,-0.001465,-0.001612,-0.001372,-0.000875,-0.000599,-0.000615,-0.000443,-0.000060,0.000273,0.000642,0.000968,0.000946,0.000655,0.000471,0.000313,0.000037,-0.000129,-0.000152,-0.000334,-0.000488,-0.000208,0.000153,0.000288,0.000220,0.000074,-0.000028,-0.000053,-0.000086,-0.000061,0.000051,-0.000120,-0.000583,-0.000759,-0.000244,0.000677,0.000992,0.000298,-0.000184,0.000504,0.001159,0.000737,0.000293,0.000439,0.000539,0.000266,-0.000073,-0.000160,-0.000082,0.000065,0.000180,0.000167,0.000061,-0.000119,-0.000302,-0.000351,-0.000257,-0.000001,0.000280,0.000644,0.001403,0.002130,0.001751,0.000087,-0.001417,-0.001669,-0.001290,-0.000794,-0.000324,-0.000210,-0.000379,-0.000345,-0.000153,-0.000110,-0.000119,-0.000043,0.000031,0.000038,-0.000069,-0.000143,-0.000093,0.000012,0.000047,0.000061,0.000156,0.000140,0.000134,0.000204,0.000189,0.000185,0.000207,0.000084,-0.000063,-0.000216,-0.000217,-0.000157,-0.000124,-0.000024,0.000061,0.000065,0.000159,0.000256,0.000069,-0.000075,0.000037,0.000170,0.000148,0.000096,-0.000028,-0.000083,0.000049,0.000047,0.000030,0.000173,0.019491,0.010179,0.008355,0.007753,0.004334,-0.000836,-0.003258,-0.001260,0.002241,0.004579,0.004351,0.002534,0.000935,-0.000270,-0.000635,-0.000131,0.000407,0.000761,0.000945,0.001078,0.001139,0.000568,-0.000442,-0.000871,-0.000553,0.000085,0.000427,0.000083,-0.000489,-0.000638,-0.000174,0.000309,0.000328,0.000183,0.000083,0.000129,0.000253,-0.000090,-0.001041,-0.001937,-0.001958,-0.001212,-0.000585,-0.000205,0.000213,0.000470,0.000275,-0.000029,-0.000153,-0.000265,-0.000219,-0.000094,-0.000003,-0.000056,-0.000155,-0.000137,0.000003,0.000327,0.000776,0.000750,0.000597,0.001381,0.002295,0.002280,0.001384,0.000519,0.000370,0.000376,0.000090,-0.000173,-0.000132,-0.000037,-0.000175,-0.000434,-0.000546,-0.000451,-0.000202,0.000123,0.000284,0.000159,0.000006,-0.000141,0.000005,0.000333,0.000347,-0.000107,-0.000952,-0.001616,-0.001610,-0.001316,-0.001027,-0.000481,-0.000061,0.000018,0.000216,0.000438,0.000420,0.000212,-0.000067,-0.000169,-0.000174,-0.000329,-0.000365,-0.000232,-0.000054,0.000055,0.000089,0.000205,0.000292,0.000246,0.000110,0.000056,0.000140,0.000223,0.000214,0.000182,0.000227,0.000275,0.000223,0.000124,0.000026,0.000005,-0.000003,0.000044,0.000086,0.000103,0.000142,0.000024,-0.000153,-0.000263,-0.000337,-0.000317,-0.000209,-0.000066,0.000085,0.000240,0.000273,0.000168,
-0.003338,-0.005745,-0.010140,-0.009108,-0.004804,-0.001494,-0.000552,-0.000588,-0.001346,-0.001576,-0.000577,0.000523,0.001060,0.000811,-0.000032,-0.000588,-0.000413,0.000338,0.001029,0.000920,0.000361,-0.000210,-0.000865,-0.001352,-0.001523,-0.001631,-0.001661,-0.001335,-0.000834,-0.000569,-0.000483,-0.000305,0.000128,0.000566,0.000807,0.000904,0.000937,0.000715,0.000433,0.000181,-0.000149,-0.000312,-0.000238,-0.000258,-0.000441,-0.000405,-0.000026,0.000172,0.000115,-0.000041,-0.000185,-0.000214,-0.000148,-0.000052,0.000034,-0.000101,-0.000536,-0.000778,-0.000216,0.000779,0.001114,0.000478,0.000060,0.000493,0.000804,0.000501,0.000141,0.000316,0.000443,0.000110,-0.000277,-0.000312,-0.000113,-0.000015,-0.000079,-0.000107,-0.000092,-0.000282,-0.000467,-0.000421,-0.000188,0.000060,0.000288,0.000662,0.001416,0.002226,0.001890,0.000022,-0.001596,-0.001805,-0.001496,-0.000941,-0.000315,-0.000276,-0.000525,-0.000415,-0.000128,-0.000082,-0.000061,0.000042,0.000055,-0.000001,-0.000129,-0.000250,-0.000252,-0.000158,-0.000050,0.000045,0.000084,0.000091,0.000232,0.000361,0.000241,0.000177,0.000224,0.000192,0.000057,-0.000124,-0.000188,-0.000125,-0.000040,0.000065,0.000117,0.000113,0.000200,0.000167,0.000027,0.000035,0.000081,0.000104,0.000130,0.000107,0.000027,-0.000029,0.000107,0.000189,0.000204,0.000278,0.019729,0.010419,0.008589,0.007805,0.004202,-0.000865,-0.003122,-0.001144,0.002391,0.004601,0.004257,0.002631,0.001090,-0.000226,-0.000666,-0.000192,0.000370,0.000802,0.001059,0.001307,0.001337,0.000542,-0.000576,-0.000867,-0.000493,0.000056,0.000502,0.000301,-0.000221,-0.000467,-0.000232,0.000221,0.000360,0.000227,0.000151,0.000130,-0.000028,-0.000427,-0.001259,-0.002072,-0.002022,-0.001261,-0.000717,-0.000391,0.000153,0.000435,0.000214,-0.000075,-0.000220,-0.000221,-0.000255,-0.000289,-0.000118,0.000037,-0.000007,-0.000080,-0.000048,0.000314,0.000746,0.000618,0.000482,0.001217,0.002084,0.001826,0.000761,0.000108,0.000073,0.000048,-0.000194,-0.000363,-0.000306,-0.000223,-0.000354,-0.000536,-0.000614,-0.000529,-0.000171,0.000165,0.000267,0.000197,-0.000004,-0.000156,-0.000057,0.000173,0.000238,-0.000291,-0.001193,-0.001736,-0.001630,-0.001216,-0.000857,-0.000384,-0.000064,-0.000028,0.000157,0.000301,0.000304,0.000179,-0.000021,-0.000114,-0.000127,-0.000130,-0.000131,-0.000096,-0.000048,-0.000033,-0.000055,-0.000049,0.000074,0.000208,0.000145,0.000018,0.000069,0.000241,0.000268,0.000113,0.000056,0.000116,0.000121,0.000029,-0.000046,-0.000020,0.000020,0.000032,0.000031,0.000034,0.000037,-0.000029,-0.000075,-0.000147,-0.000228,-0.000231,-0.000260,-0.000163,0.000057,0.000201,0.000275,0.000298,
-0.003366,-0.005602,-0.010054,-0.009155,-0.004808,-0.001431,-0.000490,-0.000619,-0.001357,-0.001666,-0.000661,0.000469,0.001032,0.000848,0.000009,-0.000571,-0.000397,0.000393,0.001051,0.000933,0.000429,-0.000232,-0.000995,-0.001464,-0.001559,-0.001561,-0.001500,-0.001130,-0.000623,-0.000415,-0.000464,-0.000344,-0.000082,0.000183,0.000521,0.000801,0.000760,0.000526,0.000412,0.000223,-0.000068,-0.000325,-0.000419,-0.000418,-0.000430,-0.000269,-0.000010,0.000102,0.000105,0.000066,-0.000003,-0.000114,-0.000061,0.000083,0.000020,-0.000122,-0.000471,-0.000786,-0.000247,0.000688,0.000883,0.000118,-0.000230,0.000492,0.000891,0.000427,-0.000132,-0.000025,0.000195,0.000046,-0.000217,-0.000251,-0.000041,0.000131,0.000107,0.000141,0.000117,-0.000214,-0.000402,-0.000319,-0.000093,0.000110,0.000315,0.000644,0.001354,0.002048,0.001645,0.000009,-0.001491,-0.001773,-0.001314,-0.000731,-0.000260,-0.000313,-0.000528,-0.000435,-0.000156,-0.000001,0.000011,-0.000071,-0.000096,-0.000015,-0.000076,-0.000159,-0.000101,0.000011,0.000033,0.000025,0.000024,0.000097,0.000252,0.000328,0.000217,0.000132,0.000168,0.000124,0.000042,-0.000022,-0.000028,0.000036,0.000026,0.000037,0.000079,0.000112,0.000079,-0.000079,-0.000088,-0.000007,0.000021,0.000050,0.000106,0.000066,-0.000083,-0.000145,-0.000066,0.000041,0.000079,0.000107,0.019933,0.010663,0.008688,0.007833,0.004259,-0.000823,-0.003194,-0.001142,0.002385,0.004666,0.004359,0.002552,0.001030,-0.000054,-0.000429,-0.000072,0.000345,0.000725,0.001000,0.001185,0.001204,0.000462,-0.000662,-0.000915,-0.000556,0.000013,0.000425,0.000216,-0.000385,-0.000641,-0.000275,0.000184,0.000269,0.000103,0.000043,0.000103,-0.000010,-0.000525,-0.001347,-0.002010,-0.001959,-0.001312,-0.000790,-0.000354,0.000206,0.000569,0.000404,0.000014,-0.000176,-0.000191,-0.000129,-0.000084,-0.000042,0.000118,0.000140,0.000026,0.000117,0.000464,0.000822,0.000639,0.000546,0.001446,0.002401,0.002120,0.000982,0.000220,0.000011,0.000049,-0.000041,-0.000197,-0.000248,-0.000263,-0.000357,-0.000513,-0.000539,-0.000442,-0.000192,0.000177,0.000366,0.000240,0.000021,-0.000180,-0.000093,0.000242,0.000384,-0.000058,-0.000937,-0.001629,-0.001621,-0.001223,-0.000921,-0.000544,-0.000194,-0.000136,-0.000026,0.000273,0.000315,0.000099,-0.000146,-0.000332,-0.000329,-0.000281,-0.000231,-0.000133,-0.000032,0.000105,0.000276,0.000366,0.000318,0.000293,0.000222,0.000047,0.000035,0.000073,0.000165,0.000233,0.000107,0.000083,-0.000003,-0.000098,-0.000080,-0.000105,-0.000073,0.000031,0.000028,0.000029,0.000056,0.000067,0.000050,-0.000154,-0.000287,-0.000339,-0.000281,-0.000095,0.000015,0.000225,0.000360,0.000259,
-0.002077,-0.004805,-0.009522,-0.008714,-0.004550,-0.001523,-0.000676,-0.000722,-0.001343,-0.001383,-0.000428,0.000508,0.000970,0.000648,-0.000181,-0.000697,-0.000414,0.000355,0.000921,0.000851,0.000370,-0.000215,-0.000918,-0.001436,-0.001632,-0.001757,-0.001644,-0.001190,-0.000684,-0.000403,-0.000350,-0.000278,-0.000086,0.000220,0.000558,0.000829,0.000834,0.000587,0.000328,0.000082,-0.000205,-0.000378,-0.000416,-0.000292,-0.000234,-0.000190,0.000022,0.000101,-0.000001,-0.000103,-0.000112,-0.000081,-0.000070,-0.000044,-0.000034,-0.000206,-0.000574,-0.000744,-0.000184,0.000835,0.001128,0.000351,-0.000177,0.000345,0.001011,0.000868,0.000338,0.000343,0.000389,0.000057,-0.000257,-0.000335,-0.000161,-0.000001,0.000022,0.000022,-0.000028,-0.000162,-0.000242,-0.000199,-0.000038,0.000106,0.000327,0.000783,0.001531,0.002215,0.001668,-0.000129,-0.001591,-0.001816,-0.001406,-0.000858,-0.000347,-0.000215,-0.000359,-0.000394,-0.000249,-0.000174,-0.000099,0.000040,0.000116,0.000132,0.000009,-0.000006,0.000034,0.000048,0.000119,0.000107,0.000089,0.000192,0.000306,0.000258,0.000103,0.000097,0.000130,0.000060,-0.000069,-0.000184,-0.000110,-0.000039,-0.000018,0.000027,0.000082,0.000225,0.000333,0.000322,0.000210,0.000067,0.000052,0.000105,0.000147,0.000078,-0.000081,-0.000191,-0.000093,0.000105,0.000201,0.000168,0.020259,0.011010,0.009028,0.008029,0.004421,-0.000751,-0.003132,-0.001165,0.002391,0.004746,0.004340,0.002473,0.000895,-0.000308,-0.000743,-0.000176,0.000507,0.000782,0.000934,0.001178,0.001253,0.000617,-0.000351,-0.000715,-0.000381,0.000113,0.000446,0.000177,-0.000446,-0.000629,-0.000266,0.000175,0.000322,0.000189,-0.000002,-0.000038,-0.000069,-0.000345,-0.001024,-0.001851,-0.001908,-0.001193,-0.000746,-0.000404,0.000095,0.000388,0.000377,0.000066,-0.000158,-0.000164,-0.000079,0.000058,0.000131,0.000119,0.000070,-0.000104,-0.000017,0.000500,0.000830,0.000626,0.000450,0.000925,0.001613,0.001435,0.000469,-0.000241,-0.000375,-0.000203,-0.000086,-0.000271,-0.000328,-0.000194,-0.000121,-0.000261,-0.000453,-0.000395,-0.000237,-0.000033,0.000214,0.000112,-0.000225,-0.000269,-0.000093,0.000159,0.000265,-0.000224,-0.001111,-0.001684,-0.001570,-0.001267,-0.000891,-0.000369,-0.000098,-0.000009,0.000169,0.000272,0.000257,0.000108,-0.000037,-0.000123,-0.000207,-0.000134,-0.000101,-0.000138,-0.000124,-0.000075,0.000113,0.000238,0.000243,0.000234,0.000117,0.000053,0.000195,0.000345,0.000249,0.000200,0.000266,0.000234,0.000249,0.000264,0.000167,0.000010,-0.000115,-0.000081,0.000065,0.000131,0.000104,0.000003,-0.000038,-0.000062,-0.000226,-0.000336,-0.000289,-0.000206,-0.000091,0.000088,0.000250,0.000256,
-0.002404,-0.004903,-0.009663,-0.008865,-0.004573,-0.001425,-0.000584,-0.000555,-0.001274,-0.001456,-0.000408,0.000591,0.001023,0.000856,0.000072,-0.000542,-0.000263,0.000548,0.001079,0.000949,0.000431,-0.000198,-0.000886,-0.001303,-0.001435,-0.001590,-0.001617,-0.001314,-0.000825,-0.000596,-0.000544,-0.000292,0.000145,0.000480,0.000732,0.000902,0.000789,0.000543,0.000359,0.000075,-0.000285,-0.000469,-0.000323,-0.000188,-0.000290,-0.000201,0.000053,0.000094,-0.000008,-0.000076,-0.000123,-0.000207,-0.000215,-0.000047,0.000138,-0.000030,-0.000518,-0.000749,-0.000204,0.000853,0.001165,0.000551,0.000193,0.000519,0.000473,0.000002,0.000030,0.000433,0.000520,0.000194,-0.000091,-0.000191,-0.000157,-0.000065,-0.000086,-0.000111,0.000020,-0.000055,-0.000288,-0.000286,-0.000074,0.000200,0.000470,0.000819,0.001494,0.002091,0.001664,-0.000005,-0.001456,-0.001747,-0.001340,-0.000725,-0.000275,-0.000266,-0.000354,-0.000193,-0.000091,-0.000092,-0.000077,-0.000012,-0.000004,-0.000065,-0.000147,-0.000128,-0.000003,0.000052,0.000097,0.000131,0.000142,0.000183,0.000263,0.000245,0.000117,0.000000,0.000094,0.000092,-0.000049,-0.000196,-0.000204,-0.000056,0.000096,0.000071,0.000014,0.000119,0.000195,0.000128,0.000108,0.000078,0.000083,0.000168,0.000161,0.000051,-0.000030,-0.000097,-0.000095,0.000045,0.000110,0.000147,0.020621,0.011324,0.009250,0.008194,0.004448,-0.000697,-0.003121,-0.001119,0.002510,0.004809,0.004349,0.002473,0.000980,-0.000208,-0.000711,-0.000227,0.000372,0.000791,0.000943,0.001043,0.001114,0.000407,-0.000578,-0.000791,-0.000452,0.000096,0.000591,0.000313,-0.000345,-0.000582,-0.000222,0.000288,0.000358,0.000134,0.000044,0.000192,0.000196,-0.000278,-0.001082,-0.001814,-0.001805,-0.001143,-0.000610,-0.000218,0.000229,0.000409,0.000162,-0.000210,-0.000322,-0.000272,-0.000168,0.000043,0.000090,0.000089,0.000051,-0.000097,0.000043,0.000545,0.001010,0.000840,0.000766,0.001581,0.002239,0.001803,0.000866,0.000296,0.000127,-0.000036,-0.000368,-0.000594,-0.000499,-0.000302,-0.000223,-0.000321,-0.000514,-0.000477,-0.000250,0.000013,0.000212,0.000191,-0.000051,-0.000173,-0.000050,0.000194,0.000270,-0.000124,-0.000951,-0.001622,-0.001639,-0.001343,-0.001057,-0.000545,-0.000096,0.000004,0.000191,0.000376,0.000360,0.000185,-0.000133,-0.000333,-0.000347,-0.000284,-0.000251,-0.000167,-0.000073,0.000003,0.000160,0.000166,0.000096,0.000088,0.000109,0.000084,0.000077,0.000128,0.000129,0.000085,0.000147,0.000299,0.000254,0.000017,-0.000131,-0.000175,-0.000209,-0.000035,0.000112,0.000074,0.000070,0.000060,-0.000080,-0.000179,-0.000175,-0.000247,-0.000266,-0.000060,0.000096,0.000120,0.000160,0.000212,
-0.002714,-0.005109,-0.009907,-0.009068,-0.004529,-0.001201,-0.000398,-0.000576,-0.001476,-0.001706,-0.000606,0.000524,0.001091,0.000861,-0.000070,-0.000653,-0.000429,0.000345,0.001063,0.000908,0.000253,-0.000301,-0.000925,-0.001388,-0.001495,-0.001572,-0.001742,-0.001556,-0.001090,-0.000828,-0.000695,-0.000330,0.000143,0.000506,0.000800,0.000928,0.000772,0.000475,0.000229,0.000036,-0.000207,-0.000326,-0.000294,-0.000330,-0.000401,-0.000241,0.000047,0.000103,0.000005,-0.000106,-0.000266,-0.000304,-0.000163,-0.000094,-0.000062,-0.000168,-0.000573,-0.000703,-0.000109,0.000718,0.000904,0.000162,-0.000253,0.000501,0.001144,0.000882,0.000451,0.000560,0.000720,0.000326,-0.000130,-0.000238,-0.000151,-0.000020,-0.000002,0.000030,0.000059,-0.000151,-0.000442,-0.000384,-0.000185,0.000050,0.000360,0.000697,0.001377,0.002077,0.001656,0.000019,-0.001412,-0.001738,-0.001464,-0.001036,-0.000459,-0.000237,-0.000368,-0.000378,-0.000186,-0.000109,-0.000072,0.000043,0.000081,0.000019,-0.000127,-0.000146,-0.000035,0.000040,-0.000028,0.000082,0.000200,0.000225,0.000239,0.000249,0.000255,0.000140,0.000083,0.000029,-0.000009,-0.000037,-0.000068,-0.000036,-0.000004,0.000024,0.000048,0.000061,0.000148,0.000158,0.000020,0.000016,0.000108,0.000104,0.000066,0.000005,-0.000053,-0.000057,0.000104,0.000188,0.000187,0.000263,0.020503,0.011103,0.008821,0.007721,0.004082,-0.000948,-0.003273,-0.001212,0.002400,0.004754,0.004380,0.002541,0.001066,-0.000090,-0.000476,-0.000051,0.000310,0.000602,0.001002,0.001324,0.001291,0.000598,-0.000432,-0.000731,-0.000315,0.000194,0.000493,0.000275,-0.000350,-0.000539,-0.000086,0.000373,0.000427,0.000180,-0.000007,0.000058,0.000110,-0.000300,-0.001158,-0.001867,-0.001785,-0.001047,-0.000489,-0.000244,0.000115,0.000439,0.000335,0.000004,-0.000244,-0.000334,-0.000245,-0.000140,-0.000016,0.000062,0.000007,-0.000041,0.000095,0.000498,0.000865,0.000669,0.000494,0.001246,0.002163,0.001879,0.000684,0.000024,0.000089,0.000142,-0.000140,-0.000479,-0.000502,-0.000339,-0.000311,-0.000345,-0.000298,-0.000230,-0.000006,0.000259,0.000410,0.000280,-0.000052,-0.000271,-0.000122,0.000222,0.000243,-0.000314,-0.001063,-0.001587,-0.001530,-0.001244,-0.000932,-0.000360,-0.000017,-0.000108,-0.000033,0.000157,0.000086,-0.000106,-0.000212,-0.000284,-0.000341,-0.000333,-0.000283,-0.000201,-0.000082,0.000056,0.000182,0.000238,0.000194,0.000175,0.000050,-0.000114,-0.000051,0.000167,0.000117,0.000021,0.000069,0.000118,0.000182,0.000140,-0.000045,-0.000108,-0.000156,-0.000175,0.000015,0.000102,0.000038,0.000018,0.000000,-0.000165,-0.000267,-0.000168,-0.000060,-0.000039,0.000014,0.000163,0.000184,0.000087,
-0.003368,-0.005355,-0.009846,-0.009029,-0.004648,-0.001221,-0.000362,-0.000586,-0.001509,-0.001835,-0.000734,0.000331,0.000909,0.000841,-0.000018,-0.000590,-0.000347,0.000249,0.000804,0.000835,0.000301,-0.000228,-0.000888,-0.001445,-0.001525,-0.001563,-0.001632,-0.001435,-0.000910,-0.000527,-0.000338,-0.000076,0.000287,0.000539,0.000782,0.000893,0.000685,0.000396,0.000319,0.000189,-0.000218,-0.000393,-0.000299,-0.000280,-0.000344,-0.000252,-0.000030,0.000053,0.000047,-0.000068,-0.000301,-0.000312,-0.000177,-0.000004,0.000109,-0.000061,-0.000485,-0.000723,-0.000216,0.000706,0.000960,0.000217,-0.000171,0.000576,0.001273,0.001081,0.000729,0.000721,0.000580,0.000218,-0.000063,-0.000149,-0.000052,0.000079,0.000107,0.000103,0.000041,-0.000215,-0.000448,-0.000405,-0.000184,0.000033,0.000253,0.000722,0.001428,0.002051,0.001776,0.000232,-0.001275,-0.001760,-0.001479,-0.000888,-0.000344,-0.000201,-0.000258,-0.000192,-0.000066,0.000024,-0.000022,-0.000001,0.000021,-0.000036,-0.000090,-0.000175,-0.000211,-0.000144,-0.000061,0.000059,0.000012,0.000004,0.000124,0.000204,0.000198,0.000225,0.000310,0.000149,-0.000079,-0.000193,-0.000158,-0.000018,0.000053,0.000066,0.000086,0.000097,0.000176,0.000177,0.000117,0.000097,0.000101,0.000214,0.000171,0.000049,-0.000026,-0.000072,0.000007,0.000092,0.000144,0.000213,0.020768,0.011353,0.008825,0.007574,0.004010,-0.000945,-0.003210,-0.001171,0.002290,0.004534,0.004431,0.002637,0.000932,-0.000261,-0.000602,-0.000093,0.000388,0.000700,0.000947,0.001231,0.001237,0.000505,-0.000452,-0.000712,-0.000407,0.000025,0.000374,-0.000015,-0.000599,-0.000630,-0.000196,0.000410,0.000621,0.000320,0.000109,0.000145,0.000098,-0.000291,-0.001003,-0.001690,-0.001705,-0.001099,-0.000554,-0.000245,0.000149,0.000394,0.000282,-0.000017,-0.000175,-0.000183,-0.000155,-0.000057,-0.000010,-0.000000,-0.000014,-0.000119,-0.000054,0.000374,0.000832,0.000757,0.000702,0.001575,0.002552,0.002351,0.001301,0.000516,0.000342,0.000302,0.000002,-0.000351,-0.000432,-0.000250,-0.000257,-0.000477,-0.000609,-0.000584,-0.000406,0.000001,0.000290,0.000147,-0.000078,-0.000217,-0.000170,0.000169,0.000400,0.000020,-0.000888,-0.001649,-0.001701,-0.001440,-0.001135,-0.000534,-0.000132,-0.000089,0.000066,0.000166,0.000068,0.000008,-0.000153,-0.000230,-0.000192,-0.000262,-0.000212,-0.000073,0.000013,0.000069,0.000207,0.000304,0.000198,0.000123,0.000132,-0.000014,-0.000033,0.000137,0.000218,0.000216,0.000180,0.000142,0.000101,0.000086,0.000095,0.000042,-0.000020,-0.000046,0.000002,0.000041,0.000166,0.000111,-0.000083,-0.000105,-0.000167,-0.000240,-0.000185,-0.000078,0.000033,0.000145,0.000254,0.000178,
-0.002737,-0.005023,-0.009648,-0.008946,-0.004598,-0.001186,-0.000357,-0.000580,-0.001414,-0.001650,-0.000674,0.000349,0.000949,0.000768,-0.000106,-0.000568,-0.000370,0.000279,0.000938,0.000895,0.000385,-0.000229,-0.000850,-0.001331,-0.001460,-0.001445,-0.001432,-0.001301,-0.001056,-0.000765,-0.000586,-0.000472,-0.000164,0.000344,0.000726,0.000986,0.000981,0.000723,0.000514,0.000256,-0.000086,-0.000259,-0.000240,-0.000224,-0.000358,-0.000245,0.000138,0.000382,0.000275,0.000059,-0.000073,-0.000168,-0.000151,-0.000045,0.000101,0.000006,-0.000410,-0.000673,-0.000205,0.000778,0.001081,0.000328,-0.000304,0.000060,0.000627,0.000503,0.000277,0.000435,0.000452,0.000129,-0.000192,-0.000220,-0.000110,-0.000130,-0.000191,-0.000114,-0.000009,-0.000166,-0.000283,-0.000199,-0.000095,-0.000045,0.000186,0.000706,0.001481,0.002163,0.001727,0.000039,-0.001503,-0.001917,-0.001549,-0.000958,-0.000466,-0.000357,-0.000470,-0.000406,-0.000262,-0.000152,-0.000113,-0.000058,0.000017,0.000017,-0.000042,-0.000149,-0.000096,-0.000007,0.000030,0.000163,0.000137,0.000093,0.000292,0.000374,0.000215,0.000110,0.000164,0.000154,-0.000053,-0.000305,-0.000279,-0.000196,-0.000191,-0.000013,0.000100,0.000114,0.000233,0.000298,0.000187,0.000070,0.000033,0.000072,0.000151,0.000088,-0.000050,-0.000044,0.000072,0.000100,0.000164,0.000279,0.021086,0.011798,0.009285,0.007995,0.004312,-0.000888,-0.003293,-0.001209,0.002366,0.004749,0.004487,0.002592,0.001037,-0.000128,-0.000507,-0.000022,0.000492,0.000816,0.001056,0.001162,0.001149,0.000461,-0.000523,-0.000764,-0.000449,0.000073,0.000377,0.000120,-0.000436,-0.000702,-0.000378,0.000233,0.000439,0.000287,0.000173,0.000101,-0.000023,-0.000476,-0.001224,-0.001898,-0.001867,-0.001134,-0.000583,-0.000314,0.000158,0.000564,0.000332,-0.000130,-0.000326,-0.000364,-0.000295,-0.000142,0.000005,0.000139,0.000072,-0.000064,0.000047,0.000383,0.000780,0.000762,0.000604,0.001254,0.002077,0.001924,0.001157,0.000505,0.000293,0.000243,-0.000113,-0.000398,-0.000300,-0.000168,-0.000258,-0.000450,-0.000539,-0.000433,-0.000136,0.000137,0.000354,0.000298,0.000028,-0.000205,-0.000215,0.000046,0.000174,-0.000193,-0.001049,-0.001691,-0.001623,-0.001300,-0.000980,-0.000459,-0.000073,0.000020,0.000173,0.000369,0.000306,0.000136,0.000100,0.000012,-0.000230,-0.000384,-0.000267,-0.000162,-0.000117,0.000057,0.000154,0.000123,0.000172,0.000161,0.000090,0.000059,0.000110,0.000124,0.000083,0.000113,0.000189,0.000214,0.000134,0.000055,-0.000008,-0.000091,-0.000044,-0.000024,0.000030,0.000007,-0.000051,0.000050,0.000122,-0.000037,-0.000188,-0.000204,-0.000176,-0.000134,-0.000006,0.000111,0.000129,0.000128,
-0.002086,-0.004709,-0.009500,-0.008706,-0.004313,-0.001133,-0.000486,-0.000585,-0.001247,-0.001457,-0.000455,0.000464,0.000907,0.000844,0.000007,-0.000608,-0.000333,0.000470,0.001055,0.000999,0.000535,-0.000185,-0.000933,-0.001425,-0.001618,-0.001618,-0.001509,-0.001082,-0.000582,-0.000325,-0.000329,-0.000320,-0.000091,0.000272,0.000639,0.000868,0.000720,0.000427,0.000304,0.000077,-0.000278,-0.000453,-0.000427,-0.000418,-0.000410,-0.000224,0.000093,0.000176,0.000036,-0.000036,-0.000071,-0.000213,-0.000301,-0.000172,0.000042,-0.000027,-0.000468,-0.000657,-0.000103,0.000777,0.001050,0.000375,0.000027,0.000637,0.001037,0.000606,0.000231,0.000371,0.000452,0.000140,-0.000276,-0.000334,-0.000138,-0.000032,-0.000161,-0.000148,-0.000035,-0.000221,-0.000398,-0.000265,-0.000130,-0.000037,0.000205,0.000680,0.001419,0.002094,0.001572,-0.000043,-0.001406,-0.001690,-0.001364,-0.000866,-0.000434,-0.000326,-0.000457,-0.000501,-0.000315,-0.000148,-0.000119,-0.000120,-0.000111,-0.000104,-0.000182,-0.000197,-0.000107,0.000005,0.000104,0.000107,0.000058,0.000158,0.000304,0.000288,0.000156,0.000149,0.000183,0.000109,-0.000110,-0.000278,-0.000142,-0.000024,-0.000002,-0.000012,-0.000143,-0.000047,0.000139,0.000159,0.000065,0.000050,0.000087,0.000027,0.000027,0.000083,-0.000007,-0.000109,-0.000058,-0.000045,-0.000044,0.000066,0.021338,0.012058,0.009575,0.008114,0.004201,-0.001001,-0.003283,-0.001169,0.002440,0.004822,0.004546,0.002672,0.001047,-0.000078,-0.000376,0.000055,0.000531,0.000766,0.001003,0.001239,0.001194,0.000550,-0.000366,-0.000575,-0.000294,0.000115,0.000458,0.000284,-0.000286,-0.000590,-0.000336,0.000212,0.000375,0.000121,0.000019,0.000084,-0.000065,-0.000541,-0.001238,-0.001890,-0.001858,-0.001113,-0.000518,-0.000277,0.000099,0.000450,0.000365,-0.000019,-0.000306,-0.000390,-0.000282,-0.000082,0.000066,0.000050,-0.000106,-0.000073,0.000131,0.000541,0.000946,0.000778,0.000775,0.001732,0.002401,0.001756,0.000678,0.000213,0.000235,0.000249,0.000092,-0.000064,-0.000023,-0.000002,-0.000230,-0.000436,-0.000478,-0.000354,-0.000087,0.000185,0.000205,0.000028,-0.000093,-0.000116,-0.000045,0.000163,0.000150,-0.000327,-0.001146,-0.001701,-0.001504,-0.001114,-0.000814,-0.000327,-0.000062,-0.000060,0.000190,0.000372,0.000301,0.000148,-0.000069,-0.000251,-0.000345,-0.000357,-0.000274,-0.000165,-0.000083,0.000035,0.000117,0.000169,0.000197,0.000042,-0.000078,-0.000070,0.000024,0.000196,0.000283,0.000145,0.000118,0.000201,0.000111,-0.000012,-0.000117,-0.000227,-0.000189,-0.000040,0.000028,0.000010,0.000031,0.000004,-0.000143,-0.000199,-0.000229,-0.000213,-0.000152,-0.000093,0.000024,0.000131,0.000160,0.000086,
-0.002455,-0.005065,-0.009632,-0.008726,-0.004362,-0.001164,-0.000446,-0.000644,-0.001423,-0.001660,-0.000660,0.000418,0.001028,0.000848,-0.000070,-0.000617,-0.000342,0.000384,0.000986,0.000816,0.000315,-0.000212,-0.000909,-0.001413,-0.001494,-0.001492,-0.001442,-0.001091,-0.000647,-0.000418,-0.000385,-0.000301,-0.000062,0.000195,0.000579,0.000932,0.000927,0.000717,0.000483,0.000187,-0.000185,-0.000357,-0.000382,-0.000429,-0.000456,-0.000284,0.000022,0.000113,0.000036,-0.000068,-0.000094,-0.000123,-0.000137,-0.000038,-0.000071,-0.000173,-0.000413,-0.000690,-0.000246,0.000726,0.001018,0.000177,-0.000371,0.000388,0.001085,0.000674,0.000162,0.000321,0.000407,0.000088,-0.000195,-0.000161,0.000033,0.000080,0.000009,0.000037,0.000119,-0.000027,-0.000211,-0.000129,-0.000022,0.000127,0.000295,0.000749,0.001515,0.001985,0.001485,-0.000153,-0.001601,-0.001818,-0.001314,-0.000707,-0.000299,-0.000222,-0.000309,-0.000278,-0.000119,0.000038,0.000096,0.000107,0.000087,-0.000089,-0.000242,-0.000214,-0.000111,0.000030,0.000104,0.000099,0.000116,0.000218,0.000305,0.000336,0.000376,0.000313,0.000146,-0.000040,-0.000110,-0.000183,-0.000184,-0.000092,-0.000019,0.000064,0.000070,0.000073,0.000079,0.000092,0.000054,0.000029,0.000098,0.000068,0.000129,0.000161,0.000098,0.000053,0.000058,0.000146,0.000184,0.000221,0.021242,0.012025,0.009479,0.007949,0.004076,-0.000953,-0.003108,-0.001015,0.002493,0.004704,0.004277,0.002509,0.001074,-0.000067,-0.000446,-0.000078,0.000341,0.000707,0.000994,0.001183,0.001230,0.000517,-0.000470,-0.000578,-0.000294,0.000051,0.000386,0.000247,-0.000333,-0.000757,-0.000450,0.000074,0.000184,0.000039,0.000037,0.000148,0.000075,-0.000371,-0.001091,-0.001772,-0.001829,-0.001147,-0.000567,-0.000319,-0.000012,0.000299,0.000227,-0.000116,-0.000309,-0.000348,-0.000227,-0.000118,-0.000108,0.000016,0.000061,-0.000126,-0.000063,0.000343,0.000731,0.000565,0.000285,0.000971,0.001920,0.001794,0.000680,-0.000262,-0.000318,0.000030,-0.000015,-0.000284,-0.000330,-0.000317,-0.000345,-0.000320,-0.000413,-0.000478,-0.000229,0.000107,0.000165,-0.000025,-0.000235,-0.000274,-0.000052,0.000105,0.000167,-0.000207,-0.000997,-0.001563,-0.001483,-0.001225,-0.000913,-0.000273,-0.000001,-0.000104,0.000142,0.000513,0.000396,0.000069,-0.000077,-0.000108,-0.000176,-0.000345,-0.000418,-0.000220,-0.000028,-0.000044,0.000009,0.000128,0.000184,0.000200,0.000039,-0.000186,-0.000073,0.000256,0.000359,0.000227,0.000202,0.000161,0.000072,0.000048,-0.000026,-0.000070,-0.000051,-0.000038,0.000037,0.000056,0.000075,0.000121,0.000064,-0.000050,-0.000136,-0.000207,-0.000231,-0.000128,0.000040,0.000209,0.000302,0.000219,
-0.002680,-0.005144,-0.009703,-0.008931,-0.004511,-0.001097,-0.000281,-0.000548,-0.001423,-0.001724,-0.000754,0.000313,0.000918,0.000857,0.000020,-0.000587,-0.000329,0.000370,0.000839,0.000751,0.000424,-0.000064,-0.000824,-0.001296,-0.001406,-0.001449,-0.001404,-0.001051,-0.000491,-0.000242,-0.000253,-0.000196,-0.000057,0.000302,0.000753,0.001054,0.000997,0.000626,0.000299,0.000115,-0.000065,-0.000153,-0.000223,-0.000303,-0.000389,-0.000274,-0.000010,0.000118,0.000047,-0.000069,-0.000223,-0.000278,-0.000163,-0.000062,0.000001,-0.000185,-0.000715,-0.000915,-0.000277,0.000776,0.001171,0.000606,0.000267,0.000598,0.000772,0.000563,0.000424,0.000534,0.000454,0.000090,-0.000247,-0.000361,-0.000234,-0.000060,-0.000078,-0.000051,-0.000005,-0.000194,-0.000348,-0.000241,-0.000073,0.000074,0.000292,0.000734,0.001509,0.002146,0.001724,0.000066,-0.001465,-0.001714,-0.001346,-0.000903,-0.000464,-0.000335,-0.000380,-0.000311,-0.000268,-0.000235,-0.000081,0.000016,-0.000029,-0.000043,-0.000122,-0.000230,-0.000065,0.000048,-0.000023,-0.000065,0.000032,0.000161,0.000272,0.000319,0.000283,0.000202,0.000115,0.000069,-0.000002,-0.000074,-0.000120,-0.000091,-0.000017,0.000010,0.000013,0.000019,0.000152,0.000234,0.000061,-0.000012,0.000136,0.000244,0.000108,-0.000081,-0.000145,-0.000141,-0.000077,0.000049,0.000145,0.000194,0.021256,0.011810,0.009196,0.007832,0.004071,-0.001051,-0.003259,-0.001083,0.002422,0.004690,0.004462,0.002755,0.001246,0.000027,-0.000362,0.000031,0.000361,0.000649,0.000946,0.001210,0.001235,0.000520,-0.000478,-0.000694,-0.000344,0.000083,0.000414,0.000237,-0.000334,-0.000607,-0.000279,0.000203,0.000231,0.000092,0.000153,0.000279,0.000127,-0.000392,-0.001183,-0.001884,-0.001972,-0.001408,-0.000715,-0.000318,0.000066,0.000413,0.000282,-0.000084,-0.000370,-0.000351,-0.000137,0.000019,0.000086,0.000016,-0.000103,-0.000101,0.000044,0.000346,0.000720,0.000743,0.000791,0.001371,0.001849,0.001561,0.000905,0.000483,0.000302,0.000150,-0.000229,-0.000635,-0.000617,-0.000378,-0.000315,-0.000330,-0.000327,-0.000290,-0.000141,0.000069,0.000279,0.000250,-0.000006,-0.000235,-0.000174,0.000170,0.000319,-0.000135,-0.001012,-0.001679,-0.001658,-0.001336,-0.000989,-0.000440,-0.000038,0.000013,0.000151,0.000271,0.000232,0.000193,0.000069,-0.000089,-0.000204,-0.000206,-0.000121,-0.000087,-0.000035,-0.000028,0.000021,0.000134,0.000138,-0.000012,-0.000113,-0.000026,0.000142,0.000207,0.000180,0.000215,0.000166,0.000027,-0.000021,0.000002,0.000006,-0.000041,-0.000039,-0.000021,0.000008,0.000087,0.000134,0.000181,0.000164,0.000063,-0.000048,-0.000160,-0.000204,-0.000086,0.000124,0.000231,0.000204,0.000155,
-0.003133,-0.005545,-0.009969,-0.008992,-0.004461,-0.001091,-0.000408,-0.000619,-0.001427,-0.001755,-0.000672,0.000492,0.001085,0.000943,0.000011,-0.000628,-0.000361,0.000343,0.000963,0.000946,0.000510,-0.000073,-0.000906,-0.001442,-0.001466,-0.001515,-0.001527,-0.001288,-0.000952,-0.000639,-0.000513,-0.000428,-0.000118,0.000323,0.000686,0.000847,0.000824,0.000771,0.000582,0.000307,0.000007,-0.000266,-0.000379,-0.000309,-0.000334,-0.000273,0.000032,0.000205,0.000178,-0.000043,-0.000171,-0.000177,-0.000255,-0.000159,0.000038,-0.000093,-0.000548,-0.000758,-0.000262,0.000607,0.000812,0.000096,-0.000194,0.000404,0.000763,0.000418,0.000178,0.000429,0.000593,0.000291,-0.000123,-0.000330,-0.000280,-0.000147,-0.000022,0.000003,-0.000145,-0.000327,-0.000449,-0.000398,-0.000164,0.000042,0.000234,0.000695,0.001424,0.002042,0.001732,0.000146,-0.001286,-0.001512,-0.001263,-0.000819,-0.000310,-0.000266,-0.000401,-0.000292,-0.000153,-0.000188,-0.000237,-0.000131,0.000036,0.000023,-0.000049,-0.000036,-0.000005,0.000045,0.000002,0.000039,0.000066,0.000177,0.000354,0.000294,0.000072,0.000040,0.000071,-0.000052,-0.000104,-0.000213,-0.000295,-0.000097,0.000103,0.000188,0.000215,0.000237,0.000210,0.000231,0.000155,0.000020,0.000107,0.000195,0.000262,0.000242,0.000007,-0.000133,0.000029,0.000252,0.000305,0.000260,0.021468,0.012061,0.009257,0.007647,0.003874,-0.001107,-0.003245,-0.000984,0.002506,0.004627,0.004367,0.002733,0.001389,0.000260,-0.000278,-0.000078,0.000299,0.000662,0.001010,0.001200,0.001105,0.000478,-0.000432,-0.000634,-0.000301,0.000062,0.000340,0.000137,-0.000316,-0.000454,-0.000104,0.000406,0.000491,0.000289,0.000213,0.000223,0.000110,-0.000343,-0.001161,-0.001967,-0.001918,-0.001250,-0.000701,-0.000341,0.000077,0.000429,0.000332,-0.000045,-0.000266,-0.000311,-0.000083,0.000104,0.000040,0.000057,0.000077,0.000076,0.000194,0.000500,0.000891,0.000769,0.000674,0.001461,0.002313,0.001884,0.000619,0.000022,0.000109,0.000152,-0.000184,-0.000519,-0.000441,-0.000221,-0.000166,-0.000319,-0.000424,-0.000316,-0.000073,0.000319,0.000421,0.000174,-0.000083,-0.000147,-0.000009,0.000205,0.000221,-0.000233,-0.001054,-0.001735,-0.001627,-0.001248,-0.001001,-0.000476,-0.000077,-0.000025,0.000139,0.000421,0.000350,0.000060,-0.000111,-0.000177,-0.000217,-0.000227,-0.000234,-0.000183,-0.000055,0.000051,0.000112,0.000075,0.000065,0.000026,-0.000039,-0.000027,0.000091,0.000228,0.000207,0.000117,0.000149,0.000155,0.000057,-0.000033,-0.000080,-0.000052,0.000012,0.000115,0.000114,0.000036,0.000092,0.000174,0.000045,-0.000007,-0.000140,-0.000365,-0.000274,-0.000125,0.000050,0.000284,0.000250,0.000041,
-0.003332,-0.005607,-0.010002,-0.008968,-0.004495,-0.001142,-0.000331,-0.000603,-0.001445,-0.001698,-0.000723,0.000326,0.001005,0.000871,0.000025,-0.000624,-0.000413,0.000413,0.001044,0.000910,0.000325,-0.000257,-0.000874,-0.001231,-0.001321,-0.001438,-0.001505,-0.001327,-0.000877,-0.000501,-0.000320,-0.000107,0.000282,0.000686,0.000846,0.000822,0.000712,0.000517,0.000366,0.000139,-0.000233,-0.000418,-0.000286,-0.000236,-0.000308,-0.000055,0.000204,0.000192,0.000099,-0.000002,-0.000082,-0.000186,-0.000148,0.000016,0.000094,-0.000075,-0.000448,-0.000625,-0.000124,0.000812,0.001141,0.000459,0.000052,0.000785,0.001377,0.000947,0.000534,0.000700,0.000719,0.000223,-0.000313,-0.000434,-0.000239,0.000057,0.000233,0.000169,0.000013,-0.000114,-0.000255,-0.000350,-0.000188,0.000017,0.000195,0.000670,0.001462,0.002132,0.001798,0.000119,-0.001418,-0.001734,-0.001461,-0.000980,-0.000471,-0.000344,-0.000392,-0.000247,-0.000116,-0.000119,-0.000083,-0.000032,-0.000010,-0.000001,-0.000058,-0.000077,-0.000054,-0.000036,-0.000001,0.000022,-0.000002,0.000020,0.000231,0.000359,0.000213,0.000104,0.000077,0.000074,-0.000002,-0.000192,-0.000232,-0.000138,-0.000010,0.000072,0.000086,0.000084,0.000121,0.000082,-0.000111,-0.000106,0.000150,0.000222,0.000159,0.000051,-0.000138,-0.000125,-0.000051,-0.000052,0.000092,0.000214,0.021510,0.012071,0.009215,0.007690,0.004086,-0.000898,-0.003117,-0.000965,0.002483,0.004627,0.004291,0.002589,0.001241,0.000141,-0.000353,-0.000053,0.000338,0.000633,0.000864,0.001063,0.001129,0.000451,-0.000592,-0.000755,-0.000367,0.000061,0.000419,0.000145,-0.000429,-0.000573,-0.000128,0.000508,0.000700,0.000333,0.000013,0.000029,-0.000019,-0.000369,-0.001105,-0.001849,-0.001770,-0.001063,-0.000526,-0.000219,0.000155,0.000405,0.000252,-0.000039,-0.000266,-0.000381,-0.000323,-0.000190,-0.000059,0.000002,-0.000094,-0.000130,-0.000030,0.000371,0.000894,0.000896,0.000804,0.001568,0.002456,0.002086,0.000933,0.000244,0.000173,0.000152,-0.000133,-0.000444,-0.000530,-0.000392,-0.000237,-0.000348,-0.000468,-0.000409,-0.000223,0.000079,0.000289,0.000287,0.000050,-0.000205,-0.000133,0.000222,0.000388,-0.000103,-0.001000,-0.001680,-0.001741,-0.001410,-0.001020,-0.000428,-0.000018,0.000004,0.000191,0.000327,0.000199,0.000055,-0.000101,-0.000256,-0.000344,-0.000303,-0.000331,-0.000258,-0.000054,0.000032,0.000205,0.000261,0.000202,0.000176,0.000037,-0.000088,-0.000014,0.000186,0.000277,0.000222,0.000129,0.000180,0.000226,0.000178,0.000069,-0.000078,-0.000099,-0.000001,0.000043,0.000034,-0.000007,-0.000067,-0.000091,-0.000115,-0.000146,-0.000181,-0.000238,-0.000194,0.000018,0.000197,0.000120,0.000011,
-0.003120,-0.005645,-0.009907,-0.008872,-0.004527,-0.001318,-0.000551,-0.000629,-0.001406,-0.001711,-0.000737,0.000304,0.000873,0.000819,0.000067,-0.000502,-0.000153,0.000580,0.001031,0.000820,0.000285,-0.000273,-0.000897,-0.001363,-0.001458,-0.001522,-0.001645,-0.001259,-0.000637,-0.000374,-0.000440,-0.000448,-0.000179,0.000234,0.000661,0.000944,0.000940,0.000702,0.000455,0.000252,-0.000065,-0.000318,-0.000362,-0.000444,-0.000465,-0.000193,0.000109,0.000200,0.000142,-0.000034,-0.000169,-0.000249,-0.000224,-0.000062,0.000106,-0.000077,-0.000523,-0.000635,-0.000110,0.000828,0.001153,0.000376,-0.000267,0.000172,0.000754,0.000495,0.000260,0.000512,0.000598,0.000249,-0.000165,-0.000276,-0.000156,0.000046,0.000110,0.000046,-0.000056,-0.000243,-0.000372,-0.000311,-0.000163,0.000032,0.000243,0.000662,0.001386,0.001998,0.001644,0.000067,-0.001463,-0.001840,-0.001424,-0.000853,-0.000365,-0.000265,-0.000449,-0.000418,-0.000148,0.000034,0.000032,0.000004,-0.000025,0.000020,-0.000055,-0.000166,-0.000160,-0.000063,0.000098,0.000157,0.000127,0.000113,0.000162,0.000190,0.000105,0.000005,-0.000000,0.000046,-0.000000,-0.000088,-0.000161,-0.000199,-0.000124,-0.000001,0.000156,0.000212,0.000208,0.000181,0.000099,-0.000005,-0.000033,0.000094,0.000169,0.000006,-0.000088,-0.000023,0.000106,0.000213,0.000270,0.000232,0.021621,0.012077,0.008947,0.007295,0.003771,-0.001076,-0.003266,-0.001140,0.002440,0.004662,0.004373,0.002758,0.001379,0.000167,-0.000358,-0.000015,0.000404,0.000654,0.000886,0.001102,0.001118,0.000504,-0.000440,-0.000688,-0.000268,0.000172,0.000354,0.000055,-0.000424,-0.000650,-0.000327,0.000238,0.000378,0.000252,0.000183,0.000182,0.000180,-0.000299,-0.001147,-0.001878,-0.001767,-0.000994,-0.000594,-0.000430,-0.000072,0.000287,0.000246,-0.000109,-0.000336,-0.000404,-0.000342,-0.000088,0.000043,0.000061,0.000010,-0.000125,-0.000060,0.000419,0.000893,0.000748,0.000690,0.001394,0.002261,0.002243,0.001288,0.000514,0.000304,0.000215,-0.000085,-0.000306,-0.000184,0.000046,0.000086,-0.000180,-0.000391,-0.000416,-0.000291,0.000031,0.000219,0.000111,-0.000125,-0.000332,-0.000190,0.000185,0.000272,-0.000148,-0.000941,-0.001567,-0.001548,-0.001180,-0.000837,-0.000374,-0.000020,0.000070,0.000210,0.000359,0.000278,0.000085,-0.000076,-0.000220,-0.000372,-0.000414,-0.000259,-0.000155,-0.000117,0.000004,0.000149,0.000224,0.000226,0.000070,-0.000108,-0.000141,0.000007,0.000151,0.000120,0.000088,0.000130,0.000157,0.000182,0.000123,-0.000059,-0.000168,-0.000116,-0.000064,0.000105,0.000259,0.000187,0.000137,0.000031,-0.000133,-0.000229,-0.000308,-0.000310,-0.000191,-0.000041,0.000073,0.000230,0.000271,
-0.003223,-0.005701,-0.009988,-0.008874,-0.004391,-0.001088,-0.000361,-0.000760,-0.001649,-0.001872,-0.000880,0.000242,0.000900,0.000865,0.000035,-0.000524,-0.000261,0.000467,0.000996,0.000886,0.000357,-0.000297,-0.001027,-0.001450,-0.001419,-0.001448,-0.001547,-0.001295,-0.000787,-0.000505,-0.000490,-0.000439,-0.000171,0.000305,0.000598,0.000822,0.000938,0.000680,0.000249,-0.000043,-0.000327,-0.000497,-0.000507,-0.000488,-0.000460,-0.000243,0.000097,0.000143,0.000070,-0.000008,-0.000210,-0.000304,-0.000181,-0.000008,-0.000031,-0.000304,-0.000628,-0.000796,-0.000270,0.000767,0.001145,0.000606,0.000280,0.000744,0.000990,0.000544,0.000186,0.000342,0.000468,0.000174,-0.000184,-0.000249,-0.000140,-0.000030,-0.000019,-0.000141,-0.000080,-0.000155,-0.000456,-0.000420,-0.000218,-0.000092,0.000127,0.000611,0.001435,0.002100,0.001738,0.000136,-0.001361,-0.001628,-0.001313,-0.000870,-0.000370,-0.000226,-0.000354,-0.000330,-0.000109,-0.000029,-0.000029,0.000090,0.000112,-0.000015,-0.000168,-0.000173,-0.000077,-0.000051,-0.000008,0.000046,0.000002,0.000142,0.000287,0.000292,0.000174,0.000106,0.000224,0.000159,-0.000068,-0.000134,-0.000157,-0.000096,-0.000017,-0.000024,-0.000021,0.000086,0.000212,0.000184,0.000045,-0.000047,0.000077,0.000229,0.000205,0.000114,0.000022,0.000006,0.000169,0.000218,0.000037,0.000052,0.021529,0.012127,0.009241,0.007555,0.003814,-0.001041,-0.003145,-0.000995,0.002457,0.004565,0.004353,0.002815,0.001514,0.000369,-0.000175,0.000073,0.000494,0.000777,0.000974,0.001218,0.001260,0.000507,-0.000494,-0.000666,-0.000324,0.000032,0.000406,0.000274,-0.000327,-0.000760,-0.000570,0.000047,0.000234,0.000164,0.000167,0.000130,0.000084,-0.000339,-0.001209,-0.001932,-0.001888,-0.001149,-0.000588,-0.000272,0.000218,0.000498,0.000304,-0.000052,-0.000250,-0.000307,-0.000256,-0.000134,-0.000048,0.000024,0.000060,0.000012,0.000084,0.000442,0.000710,0.000556,0.000539,0.001314,0.002086,0.001709,0.000675,0.000193,0.000215,0.000242,0.000084,-0.000112,-0.000092,-0.000115,-0.000354,-0.000600,-0.000642,-0.000545,-0.000279,0.000237,0.000488,0.000301,0.000033,-0.000106,-0.000023,0.000140,0.000238,-0.000120,-0.000966,-0.001563,-0.001454,-0.001033,-0.000780,-0.000326,0.000021,-0.000014,0.000088,0.000269,0.000313,0.000212,0.000009,-0.000222,-0.000314,-0.000329,-0.000294,-0.000135,-0.000013,0.000005,0.000134,0.000314,0.000336,0.000229,0.000091,0.000068,0.000188,0.000275,0.000237,0.000177,0.000217,0.000233,0.000079,-0.000051,-0.000041,-0.000062,-0.000048,-0.000017,0.000002,0.000021,0.000068,0.000031,-0.000061,-0.000161,-0.000247,-0.000261,-0.000152,-0.000086,-0.000079,0.000011,0.000102,0.000093,
-0.003505,-0.006079,-0.010200,-0.008833,-0.004337,-0.001153,-0.000489,-0.000725,-0.001461,-0.001811,-0.000888,0.000243,0.000893,0.000931,0.000128,-0.000465,-0.000199,0.000508,0.001030,0.000906,0.000360,-0.000282,-0.000827,-0.001116,-0.001248,-0.001339,-0.001275,-0.000905,-0.000435,-0.000241,-0.000327,-0.000313,-0.000074,0.000219,0.000573,0.000891,0.000834,0.000512,0.000236,0.000024,-0.000187,-0.000334,-0.000299,-0.000269,-0.000406,-0.000345,-0.000029,0.000161,0.000151,0.000059,-0.000020,-0.000150,-0.000167,0.000016,0.000077,-0.000114,-0.000587,-0.000856,-0.000326,0.000655,0.000998,0.000240,-0.000306,0.000303,0.000834,0.000420,-0.000161,-0.000025,0.000244,0.000015,-0.000277,-0.000310,-0.000192,-0.000002,0.000005,-0.000018,0.000040,-0.000092,-0.000299,-0.000175,0.000047,0.000160,0.000446,0.000806,0.001414,0.001986,0.001525,-0.000053,-0.001440,-0.001660,-0.001222,-0.000713,-0.000202,-0.000207,-0.000529,-0.000430,-0.000118,0.000058,0.000082,0.000070,0.000023,-0.000102,-0.000192,-0.000172,-0.000043,0.000046,-0.000052,-0.000082,0.000044,0.000086,0.000168,0.000287,0.000199,0.000173,0.000210,0.000138,0.000004,-0.000122,-0.000198,-0.000213,-0.000110,-0.000008,0.000011,0.000026,0.000037,0.000045,0.000130,0.000205,0.000142,0.000117,0.000144,0.000112,0.000041,-0.000003,0.000043,0.000089,0.000094,0.000102,0.021551,0.011920,0.008974,0.007479,0.003875,-0.001028,-0.003122,-0.000886,0.002530,0.004624,0.004314,0.002704,0.001355,0.000198,-0.000349,-0.000138,0.000232,0.000599,0.000910,0.001030,0.001015,0.000399,-0.000459,-0.000629,-0.000345,0.000081,0.000407,0.000167,-0.000409,-0.000661,-0.000385,0.000082,0.000328,0.000310,0.000233,0.000195,0.000119,-0.000295,-0.001080,-0.001802,-0.001806,-0.001096,-0.000646,-0.000445,-0.000033,0.000360,0.000330,-0.000010,-0.000241,-0.000356,-0.000335,-0.000089,0.000024,-0.000000,-0.000071,-0.000064,0.000141,0.000483,0.000819,0.000670,0.000530,0.001351,0.002312,0.002198,0.001031,0.000062,-0.000084,0.000084,-0.000014,-0.000362,-0.000381,-0.000254,-0.000306,-0.000417,-0.000431,-0.000274,-0.000026,0.000189,0.000324,0.000207,-0.000125,-0.000328,-0.000127,0.000200,0.000332,-0.000115,-0.000939,-0.001537,-0.001541,-0.001248,-0.000902,-0.000316,-0.000011,-0.000043,-0.000027,0.000148,0.000246,0.000148,-0.000062,-0.000220,-0.000290,-0.000344,-0.000313,-0.000230,-0.000181,-0.000091,0.000093,0.000245,0.000218,0.000148,0.000154,0.000131,0.000113,0.000159,0.000166,0.000164,0.000261,0.000286,0.000204,0.000046,-0.000066,-0.000022,-0.000095,-0.000136,-0.000088,-0.000047,0.000121,0.000120,-0.000025,-0.000165,-0.000355,-0.000397,-0.000296,-0.000099,0.000074,0.000110,0.000213,0.000306,
-0.004040,-0.006443,-0.010461,-0.009034,-0.004480,-0.001122,-0.000427,-0.000770,-0.001595,-0.001886,-0.000962,0.000124,0.000823,0.000871,0.000168,-0.000450,-0.000245,0.000436,0.001004,0.000924,0.000430,-0.000173,-0.000876,-0.001245,-0.001270,-0.001346,-0.001429,-0.001141,-0.000640,-0.000390,-0.000448,-0.000364,-0.000005,0.000217,0.000505,0.000945,0.000948,0.000571,0.000354,0.000259,-0.000074,-0.000314,-0.000297,-0.000323,-0.000330,-0.000191,0.000138,0.000259,0.000015,-0.000068,-0.000154,-0.000294,-0.000262,-0.000114,0.000063,-0.000083,-0.000520,-0.000806,-0.000329,0.000726,0.001159,0.000518,-0.000040,0.000374,0.000940,0.000794,0.000449,0.000437,0.000424,0.000170,-0.000134,-0.000205,-0.000208,-0.000214,-0.000142,-0.000044,0.000011,-0.000140,-0.000250,-0.000168,-0.000117,-0.000018,0.000184,0.000506,0.001280,0.001954,0.001560,-0.000094,-0.001644,-0.001931,-0.001527,-0.000941,-0.000326,-0.000167,-0.000440,-0.000524,-0.000316,-0.000278,-0.000215,-0.000017,0.000110,0.000076,0.000054,0.000073,0.000013,0.000091,0.000148,0.000048,0.000035,0.000127,0.000212,0.000201,0.000139,0.000163,0.000167,0.000119,0.000008,-0.000067,-0.000054,0.000044,0.000150,0.000085,0.000001,0.000011,0.000007,0.000079,0.000157,0.000158,0.000169,0.000118,0.000102,0.000056,-0.000001,-0.000024,0.000011,0.000111,0.000166,0.000176,0.021317,0.011691,0.008546,0.007012,0.003696,-0.000942,-0.003101,-0.001035,0.002475,0.004610,0.004330,0.002737,0.001297,0.000149,-0.000313,-0.000086,0.000259,0.000590,0.000902,0.001135,0.001170,0.000579,-0.000310,-0.000626,-0.000246,0.000315,0.000536,0.000290,-0.000253,-0.000576,-0.000361,0.000009,0.000177,0.000155,0.000074,0.000061,0.000008,-0.000394,-0.001121,-0.001721,-0.001603,-0.000953,-0.000492,-0.000233,0.000214,0.000602,0.000398,-0.000081,-0.000309,-0.000361,-0.000326,-0.000113,0.000051,0.000112,0.000050,-0.000090,-0.000028,0.000363,0.000775,0.000773,0.000729,0.001243,0.001840,0.001593,0.000783,0.000214,0.000056,0.000066,-0.000133,-0.000373,-0.000414,-0.000333,-0.000312,-0.000445,-0.000464,-0.000253,-0.000009,0.000211,0.000350,0.000126,-0.000178,-0.000263,-0.000079,0.000152,0.000267,-0.000069,-0.000921,-0.001618,-0.001605,-0.001198,-0.000827,-0.000361,-0.000056,-0.000104,0.000000,0.000218,0.000284,0.000201,-0.000115,-0.000296,-0.000289,-0.000212,-0.000126,-0.000121,-0.000103,-0.000033,0.000074,0.000157,0.000212,0.000179,0.000063,-0.000018,0.000082,0.000260,0.000345,0.000299,0.000271,0.000280,0.000093,0.000001,-0.000031,-0.000145,-0.000074,0.000014,0.000044,0.000111,0.000173,0.000109,-0.000007,-0.000112,-0.000183,-0.000147,-0.000144,-0.000171,0.000014,0.000167,0.000286,0.000275,
-0.003804,-0.006265,-0.010335,-0.008950,-0.004436,-0.001212,-0.000509,-0.000797,-0.001638,-0.001891,-0.000898,0.000134,0.000879,0.000996,0.000180,-0.000402,-0.000160,0.000514,0.001113,0.001002,0.000427,-0.000234,-0.000947,-0.001427,-0.001437,-0.001300,-0.001330,-0.001186,-0.000778,-0.000450,-0.000362,-0.000346,-0.000216,0.000127,0.000577,0.000897,0.000839,0.000658,0.000518,0.000255,-0.000127,-0.000399,-0.000431,-0.000418,-0.000309,-0.000193,-0.000001,0.000068,-0.000072,-0.000231,-0.000309,-0.000262,-0.000215,-0.000082,0.000086,-0.000036,-0.000446,-0.000668,-0.000217,0.000683,0.000965,0.000315,-0.000050,0.000359,0.000489,0.000191,0.000137,0.000554,0.000704,0.000377,0.000001,-0.000308,-0.000299,-0.000023,0.000111,0.000102,-0.000045,-0.000306,-0.000430,-0.000357,-0.000172,0.000047,0.000206,0.000557,0.001256,0.002035,0.001694,0.000006,-0.001369,-0.001715,-0.001395,-0.000848,-0.000371,-0.000249,-0.000399,-0.000346,-0.000095,0.000019,-0.000049,0.000016,0.000110,0.000043,-0.000063,-0.000066,-0.000049,-0.000028,0.000098,0.000204,0.000224,0.000238,0.000261,0.000263,0.000164,0.000071,0.000108,0.000063,-0.000077,-0.000176,-0.000210,-0.000110,0.000088,0.000194,0.000182,0.000188,0.000211,0.000238,0.000224,0.000207,0.000096,0.000036,0.000080,0.000015,-0.000113,-0.000105,0.000067,0.000210,0.000257,0.000277,0.021585,0.011888,0.008769,0.007247,0.003765,-0.001090,-0.003213,-0.001106,0.002289,0.004511,0.004310,0.002699,0.001303,0.000153,-0.000331,-0.000105,0.000270,0.000635,0.000932,0.001126,0.001248,0.000693,-0.000311,-0.000648,-0.000315,0.000147,0.000329,0.000099,-0.000259,-0.000479,-0.000288,0.000200,0.000276,0.000081,0.000102,0.000159,0.000011,-0.000384,-0.001198,-0.001910,-0.001829,-0.001118,-0.000629,-0.000405,0.000028,0.000420,0.000426,0.000044,-0.000275,-0.000362,-0.000307,-0.000143,-0.000027,-0.000007,0.000036,0.000059,0.000126,0.000429,0.000877,0.000848,0.000749,0.001515,0.002255,0.001677,0.000546,0.000079,0.000139,0.000143,-0.000151,-0.000530,-0.000543,-0.000289,-0.000134,-0.000208,-0.000276,-0.000268,-0.000161,0.000104,0.000261,0.000150,-0.000071,-0.000133,-0.000072,0.000232,0.000358,-0.000081,-0.000860,-0.001571,-0.001655,-0.001395,-0.001094,-0.000550,-0.000194,-0.000051,0.000208,0.000400,0.000267,-0.000059,-0.000172,-0.000171,-0.000219,-0.000303,-0.000280,-0.000174,-0.000038,0.000023,0.000054,0.000257,0.000316,0.000122,-0.000036,-0.000033,0.000095,0.000258,0.000334,0.000260,0.000218,0.000271,0.000131,-0.000040,0.000009,0.000050,0.000026,-0.000026,-0.000056,-0.000047,0.000029,0.000013,-0.000089,-0.000183,-0.000239,-0.000289,-0.000219,-0.000026,0.000113,0.000170,0.000215,0.000214,
-0.003437,-0.006050,-0.010122,-0.008789,-0.004359,-0.001280,-0.000603,-0.000770,-0.001543,-0.001783,-0.000770,0.000292,0.000872,0.000875,0.000176,-0.000390,-0.000120,0.000501,0.000958,0.000867,0.000409,-0.000154,-0.000851,-0.001276,-0.001359,-0.001313,-0.001333,-0.001239,-0.000889,-0.000591,-0.000323,0.000020,0.000422,0.000722,0.000864,0.000874,0.000638,0.000351,0.000148,-0.000086,-0.000384,-0.000494,-0.000373,-0.000315,-0.000326,-0.000151,0.000074,0.000126,0.000039,-0.000063,-0.000179,-0.000185,-0.000115,-0.000055,-0.000053,-0.000174,-0.000542,-0.000767,-0.000256,0.000788,0.001115,0.000323,-0.000194,0.000453,0.001136,0.000954,0.000594,0.000659,0.000709,0.000319,-0.000145,-0.000369,-0.000442,-0.000258,-0.000013,0.000093,0.000133,-0.000031,-0.000282,-0.000381,-0.000204,0.000017,0.000198,0.000625,0.001413,0.002168,0.001767,0.000047,-0.001371,-0.001728,-0.001507,-0.001007,-0.000490,-0.000326,-0.000360,-0.000258,-0.000102,-0.000063,-0.000015,0.000017,-0.000006,-0.000059,-0.000185,-0.000163,0.000015,0.000095,0.000146,0.000204,0.000174,0.000217,0.000336,0.000341,0.000247,0.000179,0.000126,0.000075,0.000015,-0.000072,-0.000173,-0.000209,-0.000139,-0.000071,-0.000029,0.000073,0.000212,0.000247,0.000159,0.000175,0.000172,0.000101,0.000065,0.000031,-0.000111,-0.000203,-0.000085,0.000151,0.000127,0.000066,0.021456,0.011779,0.008700,0.007186,0.003765,-0.001035,-0.003192,-0.001031,0.002391,0.004505,0.004279,0.002748,0.001410,0.000254,-0.000158,0.000133,0.000399,0.000684,0.000941,0.001116,0.001116,0.000537,-0.000353,-0.000626,-0.000257,0.000177,0.000440,0.000232,-0.000347,-0.000592,-0.000216,0.000424,0.000649,0.000382,0.000148,0.000189,0.000220,-0.000199,-0.001122,-0.001819,-0.001655,-0.000963,-0.000512,-0.000230,0.000150,0.000469,0.000403,-0.000037,-0.000262,-0.000348,-0.000364,-0.000157,-0.000070,-0.000085,-0.000115,-0.000026,0.000126,0.000344,0.000673,0.000594,0.000548,0.001367,0.002191,0.001867,0.000868,0.000246,0.000085,-0.000020,-0.000262,-0.000457,-0.000385,-0.000242,-0.000217,-0.000408,-0.000605,-0.000454,-0.000157,0.000228,0.000502,0.000295,-0.000015,-0.000098,0.000040,0.000164,0.000078,-0.000338,-0.001076,-0.001680,-0.001575,-0.001207,-0.000896,-0.000304,-0.000052,-0.000140,0.000094,0.000309,0.000182,-0.000013,-0.000167,-0.000255,-0.000294,-0.000307,-0.000229,-0.000103,0.000014,0.000114,0.000168,0.000200,0.000190,0.000037,-0.000052,-0.000064,0.000017,0.000158,0.000222,0.000243,0.000233,0.000197,0.000177,0.000108,0.000036,-0.000018,-0.000032,0.000107,0.000218,0.000199,0.000111,0.000062,0.000042,-0.000092,-0.000123,-0.000169,-0.000246,-0.000140,0.000089,0.000277,0.000296,0.000179,
-0.003542,-0.006116,-0.010177,-0.008824,-0.004414,-0.001345,-0.000676,-0.000859,-0.001639,-0.001839,-0.000873,0.000169,0.000865,0.000925,0.000164,-0.000467,-0.000333,0.000413,0.000990,0.000847,0.000321,-0.000275,-0.000942,-0.001327,-0.001325,-0.001327,-0.001384,-0.001294,-0.000850,-0.000389,-0.000309,-0.000336,-0.000092,0.000324,0.000594,0.000806,0.000889,0.000659,0.000347,0.000082,-0.000161,-0.000309,-0.000284,-0.000326,-0.000428,-0.000231,0.000132,0.000337,0.000267,0.000099,-0.000048,-0.000225,-0.000267,-0.000146,-0.000114,-0.000198,-0.000502,-0.000755,-0.000249,0.000725,0.001048,0.000333,-0.000126,0.000458,0.001050,0.000734,0.000407,0.000589,0.000677,0.000407,-0.000027,-0.000108,0.000042,0.000093,-0.000006,0.000018,0.000042,-0.000317,-0.000568,-0.000428,-0.000179,0.000052,0.000264,0.000681,0.001475,0.002029,0.001574,0.000037,-0.001301,-0.001604,-0.001341,-0.000887,-0.000393,-0.000229,-0.000343,-0.000305,-0.000151,-0.000129,-0.000083,-0.000005,0.000036,0.000012,0.000017,-0.000027,0.000032,0.000130,0.000118,0.000063,0.000039,0.000119,0.000190,0.000178,0.000138,0.000159,0.000152,0.000114,-0.000067,-0.000129,-0.000103,-0.000165,-0.000125,0.000002,0.000105,0.000222,0.000309,0.000178,0.000002,-0.000054,0.000083,0.000210,0.000132,-0.000075,-0.000172,-0.000143,-0.000051,0.000110,0.000234,0.000279,0.021392,0.011729,0.008732,0.007217,0.003709,-0.001159,-0.003300,-0.001117,0.002322,0.004425,0.004204,0.002638,0.001296,0.000165,-0.000324,-0.000128,0.000144,0.000484,0.000829,0.001055,0.001212,0.000623,-0.000355,-0.000610,-0.000272,0.000158,0.000457,0.000160,-0.000401,-0.000515,-0.000228,0.000092,0.000233,0.000167,0.000076,0.000135,0.000187,-0.000200,-0.001044,-0.001697,-0.001649,-0.000999,-0.000497,-0.000330,0.000020,0.000491,0.000460,0.000014,-0.000307,-0.000424,-0.000366,-0.000265,-0.000088,-0.000006,-0.000089,-0.000149,-0.000141,0.000174,0.000708,0.000731,0.000655,0.001442,0.002349,0.002260,0.001343,0.000608,0.000490,0.000342,-0.000070,-0.000312,-0.000310,-0.000101,-0.000071,-0.000298,-0.000434,-0.000465,-0.000224,0.000203,0.000475,0.000370,-0.000018,-0.000138,-0.000038,0.000144,0.000238,-0.000239,-0.001037,-0.001536,-0.001430,-0.001145,-0.000890,-0.000387,-0.000057,-0.000107,0.000143,0.000454,0.000348,0.000076,-0.000077,-0.000179,-0.000282,-0.000345,-0.000279,-0.000080,0.000096,0.000145,0.000212,0.000352,0.000241,0.000044,-0.000007,0.000009,0.000133,0.000256,0.000215,0.000194,0.000257,0.000263,0.000290,0.000261,0.000035,-0.000088,-0.000059,-0.000037,-0.000024,0.000056,0.000165,0.000144,0.000061,-0.000173,-0.000326,-0.000283,-0.000231,-0.000153,0.000009,0.000173,0.000189,0.000205,
-0.003271,-0.006016,-0.010084,-0.008722,-0.004339,-0.001356,-0.000753,-0.000905,-0.001652,-0.001778,-0.000776,0.000232,0.000888,0.000891,0.000036,-0.000642,-0.000407,0.000395,0.001074,0.000979,0.000432,-0.000163,-0.000812,-0.001281,-0.001406,-0.001418,-0.001422,-0.001131,-0.000704,-0.000523,-0.000452,-0.000301,-0.000013,0.000361,0.000707,0.000863,0.000779,0.000577,0.000344,0.000004,-0.000287,-0.000368,-0.000339,-0.000389,-0.000405,-0.000191,0.000090,0.000191,0.000100,0.000028,-0.000123,-0.000289,-0.000267,-0.000114,0.000002,-0.000174,-0.000598,-0.000786,-0.000289,0.000734,0.001241,0.000618,0.000001,0.000340,0.000665,0.000385,0.000155,0.000316,0.000364,0.000095,-0.000188,-0.000244,-0.000166,-0.000154,-0.000222,-0.000231,-0.000204,-0.000243,-0.000381,-0.000298,-0.000138,-0.000035,0.000217,0.000633,0.001420,0.002071,0.001619,-0.000040,-0.001486,-0.001791,-0.001435,-0.000888,-0.000487,-0.000422,-0.000465,-0.000335,-0.000166,-0.000096,-0.000112,-0.000038,-0.000017,-0.000095,-0.000205,-0.000207,-0.000148,-0.000090,0.000015,0.000111,0.000192,0.000233,0.000288,0.000238,0.000116,0.000101,0.000123,0.000034,-0.000077,-0.000236,-0.000251,-0.000098,-0.000023,-0.000019,0.000041,0.000124,0.000213,0.000189,0.000053,-0.000018,0.000044,0.000097,0.000089,0.000003,-0.000141,-0.000074,0.000070,0.000156,0.000264,0.000290,0.021256,0.011572,0.008655,0.007322,0.003889,-0.000913,-0.003115,-0.001068,0.002388,0.004567,0.004260,0.002666,0.001370,0.000214,-0.000346,-0.000047,0.000369,0.000612,0.000680,0.000856,0.001083,0.000574,-0.000398,-0.000615,-0.000159,0.000308,0.000492,0.000262,-0.000202,-0.000499,-0.000294,0.000155,0.000299,0.000132,0.000062,0.000049,-0.000086,-0.000406,-0.001092,-0.001815,-0.001786,-0.001127,-0.000544,-0.000207,0.000220,0.000492,0.000283,-0.000159,-0.000365,-0.000387,-0.000346,-0.000151,0.000025,0.000029,-0.000044,-0.000090,0.000030,0.000341,0.000743,0.000686,0.000595,0.001178,0.001837,0.001599,0.000868,0.000293,0.000145,0.000165,-0.000100,-0.000383,-0.000314,-0.000114,-0.000128,-0.000384,-0.000544,-0.000461,-0.000084,0.000298,0.000399,0.000248,-0.000074,-0.000216,-0.000033,0.000183,0.000119,-0.000249,-0.000959,-0.001555,-0.001491,-0.001183,-0.000825,-0.000285,0.000033,0.000084,0.000244,0.000430,0.000302,0.000066,0.000015,-0.000008,-0.000191,-0.000336,-0.000349,-0.000262,-0.000129,-0.000095,0.000066,0.000218,0.000183,0.000073,-0.000056,-0.000112,0.000018,0.000179,0.000184,0.000124,0.000149,0.000149,0.000096,0.000005,-0.000093,-0.000080,0.000038,0.000148,0.000056,-0.000043,0.000050,0.000182,0.000130,-0.000085,-0.000159,-0.000203,-0.000205,-0.000054,0.000054,0.000173,0.000225,0.000187,
-0.003532,-0.005966,-0.009990,-0.008664,-0.004301,-0.001294,-0.000745,-0.001054,-0.001678,-0.001788,-0.000841,0.000179,0.000923,0.000907,0.000043,-0.000598,-0.000339,0.000430,0.000954,0.000798,0.000288,-0.000153,-0.000785,-0.001291,-0.001355,-0.001370,-0.001392,-0.001011,-0.000410,-0.000246,-0.000430,-0.000482,-0.000202,0.000153,0.000470,0.000727,0.000648,0.000449,0.000275,-0.000020,-0.000323,-0.000476,-0.000479,-0.000455,-0.000460,-0.000297,0.000176,0.000361,0.000140,0.000018,-0.000084,-0.000185,-0.000155,-0.000013,0.000068,-0.000125,-0.000578,-0.000778,-0.000294,0.000688,0.001023,0.000231,-0.000215,0.000436,0.001020,0.000592,0.000048,0.000170,0.000339,0.000201,-0.000135,-0.000289,-0.000135,-0.000016,-0.000131,-0.000154,-0.000087,-0.000198,-0.000334,-0.000325,-0.000158,0.000071,0.000304,0.000675,0.001308,0.001837,0.001483,0.000010,-0.001392,-0.001646,-0.001257,-0.000797,-0.000324,-0.000178,-0.000329,-0.000322,-0.000156,-0.000007,0.000054,0.000127,0.000197,0.000038,-0.000080,0.000005,-0.000029,-0.000095,0.000069,0.000253,0.000256,0.000161,0.000124,0.000119,0.000087,0.000076,0.000142,0.000031,-0.000135,-0.000181,-0.000111,-0.000037,0.000019,0.000121,0.000112,0.000090,0.000188,0.000246,0.000177,0.000026,-0.000042,0.000047,0.000201,0.000154,-0.000070,-0.000175,-0.000093,0.000026,0.000118,0.000206,0.021254,0.011293,0.008287,0.007015,0.003701,-0.001124,-0.003379,-0.001267,0.002277,0.004553,0.004377,0.002770,0.001382,0.000251,-0.000318,-0.000121,0.000267,0.000630,0.000948,0.001255,0.001273,0.000521,-0.000372,-0.000497,-0.000143,0.000243,0.000607,0.000411,-0.000264,-0.000630,-0.000411,0.000003,0.000158,0.000223,0.000242,0.000151,0.000029,-0.000345,-0.001080,-0.001690,-0.001628,-0.001090,-0.000614,-0.000309,0.000126,0.000540,0.000441,0.000070,-0.000203,-0.000338,-0.000278,-0.000198,-0.000099,-0.000062,-0.000155,-0.000087,0.000168,0.000461,0.000737,0.000706,0.000867,0.001732,0.002471,0.002067,0.000913,0.000262,0.000182,0.000125,-0.000084,-0.000203,-0.000100,-0.000114,-0.000295,-0.000358,-0.000348,-0.000346,-0.000131,0.000214,0.000379,0.000201,-0.000097,-0.000219,-0.000101,0.000157,0.000261,-0.000066,-0.000845,-0.001511,-0.001395,-0.001097,-0.000973,-0.000536,-0.000164,-0.000086,0.000123,0.000310,0.000203,0.000061,-0.000122,-0.000329,-0.000395,-0.000262,-0.000133,-0.000138,-0.000127,-0.000097,0.000057,0.000165,0.000153,0.000112,0.000087,0.000127,0.000184,0.000192,0.000204,0.000212,0.000172,0.000113,0.000079,0.000003,-0.000076,-0.000118,-0.000100,-0.000099,0.000005,0.000126,0.000080,-0.000011,-0.000017,-0.000133,-0.000223,-0.000166,-0.000025,0.000022,0.000066,0.000231,0.000362,0.000349,
-0.003341,-0.005734,-0.009965,-0.008841,-0.004457,-0.001386,-0.000741,-0.000962,-0.001670,-0.001846,-0.000910,0.000162,0.000965,0.000968,0.000049,-0.000549,-0.000242,0.000516,0.001051,0.000904,0.000407,-0.000186,-0.000929,-0.001407,-0.001373,-0.001331,-0.001396,-0.001031,-0.000491,-0.000258,-0.000252,-0.000294,-0.000166,0.000241,0.000571,0.000786,0.000816,0.000592,0.000327,0.000090,-0.000241,-0.000411,-0.000398,-0.000453,-0.000473,-0.000191,0.000176,0.000270,0.000189,0.000006,-0.000236,-0.000302,-0.000207,-0.000070,0.000013,-0.000120,-0.000567,-0.000913,-0.000374,0.000779,0.001198,0.000345,-0.000421,0.000150,0.000909,0.000723,0.000404,0.000379,0.000387,0.000172,-0.000139,-0.000221,-0.000109,-0.000102,-0.000088,0.000048,0.000056,-0.000134,-0.000305,-0.000262,-0.000066,0.000119,0.000347,0.000722,0.001336,0.001914,0.001496,-0.000108,-0.001490,-0.001676,-0.001320,-0.000800,-0.000285,-0.000187,-0.000324,-0.000293,-0.000118,0.000049,0.000043,-0.000037,0.000095,0.000268,0.000163,-0.000012,0.000012,0.000112,0.000112,0.000067,0.000055,0.000104,0.000152,0.000197,0.000133,0.000075,0.000137,0.000022,-0.000087,-0.000167,-0.000199,-0.000047,0.000068,0.000051,0.000034,0.000104,0.000115,0.000024,0.000035,0.000072,0.000139,0.000168,0.000023,-0.000023,-0.000048,-0.000073,0.000005,0.000116,0.000148,0.000182,0.021433,0.011414,0.008352,0.007021,0.003691,-0.001060,-0.003230,-0.001189,0.002260,0.004539,0.004390,0.002859,0.001399,0.000140,-0.000310,0.000004,0.000261,0.000525,0.000804,0.001082,0.001114,0.000487,-0.000329,-0.000507,-0.000133,0.000319,0.000531,0.000205,-0.000350,-0.000668,-0.000376,0.000209,0.000263,0.000111,0.000129,0.000082,-0.000068,-0.000442,-0.001169,-0.001757,-0.001604,-0.001083,-0.000673,-0.000353,0.000088,0.000521,0.000516,0.000093,-0.000280,-0.000389,-0.000312,-0.000238,-0.000161,-0.000098,-0.000119,-0.000118,0.000022,0.000476,0.000846,0.000675,0.000522,0.001028,0.001723,0.001571,0.000681,-0.000214,-0.000433,-0.000140,-0.000168,-0.000392,-0.000457,-0.000401,-0.000286,-0.000252,-0.000258,-0.000235,-0.000126,0.000089,0.000356,0.000275,-0.000081,-0.000225,-0.000125,0.000163,0.000258,-0.000144,-0.000927,-0.001547,-0.001518,-0.001080,-0.000699,-0.000335,-0.000007,0.000065,0.000188,0.000369,0.000287,0.000095,-0.000104,-0.000306,-0.000387,-0.000366,-0.000260,-0.000158,-0.000080,-0.000012,0.000038,0.000189,0.000203,0.000101,0.000060,-0.000004,0.000068,0.000181,0.000168,0.000179,0.000166,0.000211,0.000203,0.000074,-0.000018,-0.000040,-0.000021,-0.000016,0.000107,0.000117,0.000024,0.000064,0.000062,-0.000043,-0.000286,-0.000394,-0.000258,-0.000110,0.000053,0.000180,0.000244,0.000229,
-0.003327,-0.005677,-0.009818,-0.008674,-0.004430,-0.001359,-0.000775,-0.001027,-0.001671,-0.001681,-0.000685,0.000230,0.000932,0.000974,0.000131,-0.000555,-0.000307,0.000414,0.000984,0.000970,0.000510,0.000037,-0.000652,-0.001249,-0.001300,-0.001278,-0.001382,-0.001054,-0.000529,-0.000285,-0.000277,-0.000282,0.000011,0.000483,0.000726,0.000820,0.000908,0.000699,0.000382,0.000094,-0.000318,-0.000560,-0.000499,-0.000404,-0.000378,-0.000094,0.000169,0.000145,0.000030,-0.000169,-0.000307,-0.000189,-0.000120,-0.000108,0.000033,-0.000073,-0.000553,-0.000857,-0.000265,0.000830,0.001209,0.000573,0.000108,0.000405,0.000430,0.000014,-0.000012,0.000467,0.000721,0.000355,-0.000152,-0.000318,-0.000212,-0.000112,-0.000064,-0.000088,-0.000107,-0.000274,-0.000405,-0.000273,-0.000005,0.000273,0.000366,0.000578,0.001185,0.001774,0.001519,0.000034,-0.001393,-0.001636,-0.001286,-0.000863,-0.000439,-0.000240,-0.000279,-0.000241,-0.000077,0.000009,0.000003,-0.000009,0.000021,-0.000019,-0.000058,-0.000029,-0.000047,-0.000052,-0.000074,-0.000034,0.000012,0.000088,0.000174,0.000138,0.000073,0.000123,0.000064,-0.000073,-0.000072,-0.000100,-0.000188,-0.000198,-0.000106,0.000022,0.000064,0.000094,0.000230,0.000358,0.000215,0.000016,-0.000009,0.000057,0.000188,0.000223,0.000085,-0.000015,0.000013,0.000081,0.000163,0.000229,0.021242,0.011082,0.007966,0.006778,0.003624,-0.000969,-0.003213,-0.001290,0.002158,0.004439,0.004354,0.002829,0.001494,0.000320,-0.000229,0.000033,0.000405,0.000682,0.000925,0.001166,0.001075,0.000461,-0.000270,-0.000482,-0.000176,0.000192,0.000386,0.000265,-0.000234,-0.000639,-0.000382,0.000136,0.000229,0.000075,0.000166,0.000231,0.000097,-0.000310,-0.001131,-0.001730,-0.001670,-0.001096,-0.000556,-0.000239,0.000054,0.000336,0.000308,-0.000013,-0.000286,-0.000307,-0.000263,-0.000218,-0.000154,-0.000055,-0.000082,-0.000166,0.000062,0.000414,0.000750,0.000842,0.000853,0.001518,0.002130,0.001758,0.000845,0.000296,0.000158,0.000132,-0.000180,-0.000530,-0.000445,-0.000211,-0.000172,-0.000264,-0.000372,-0.000351,-0.000113,0.000187,0.000318,0.000279,0.000039,-0.000123,-0.000051,0.000197,0.000260,-0.000063,-0.000731,-0.001496,-0.001579,-0.001188,-0.000882,-0.000437,-0.000112,-0.000066,0.000194,0.000513,0.000362,0.000075,-0.000075,-0.000243,-0.000288,-0.000225,-0.000291,-0.000286,-0.000146,-0.000051,0.000125,0.000265,0.000227,0.000170,0.000113,0.000083,0.000085,0.000111,0.000214,0.000223,0.000185,0.000169,0.000170,0.000110,0.000014,-0.000060,-0.000091,-0.000010,0.000097,0.000168,0.000095,-0.000009,-0.000090,-0.000283,-0.000389,-0.000371,-0.000302,-0.000198,0.000034,0.000139,0.000122,0.000147,
-0.003209,-0.005631,-0.009791,-0.008699,-0.004483,-0.001526,-0.000880,-0.001049,-0.001717,-0.001850,-0.000880,0.000243,0.001056,0.001097,0.000181,-0.000522,-0.000245,0.000506,0.000985,0.000788,0.000318,-0.000190,-0.000870,-0.001340,-0.001438,-0.001440,-0.001407,-0.001226,-0.000855,-0.000537,-0.000398,-0.000364,-0.000109,0.000289,0.000654,0.000879,0.000693,0.000505,0.000412,0.000191,-0.000217,-0.000448,-0.000330,-0.000314,-0.000346,-0.000115,0.000208,0.000278,0.000184,0.000018,-0.000078,-0.000073,-0.000112,-0.000084,0.000018,-0.000017,-0.000464,-0.000775,-0.000291,0.000744,0.001091,0.000269,-0.000228,0.000503,0.001164,0.000892,0.000542,0.000662,0.000632,0.000252,-0.000164,-0.000361,-0.000265,-0.000018,0.000074,0.000028,-0.000060,-0.000350,-0.000485,-0.000362,-0.000162,0.000051,0.000228,0.000629,0.001401,0.002038,0.001620,-0.000042,-0.001424,-0.001623,-0.001282,-0.000790,-0.000334,-0.000212,-0.000299,-0.000227,-0.000092,-0.000003,0.000054,0.000047,0.000045,0.000039,-0.000078,-0.000131,-0.000058,0.000035,0.000045,0.000090,0.000208,0.000373,0.000443,0.000348,0.000128,0.000067,0.000109,0.000046,0.000011,-0.000008,-0.000107,-0.000151,-0.000046,-0.000041,-0.000009,0.000207,0.000355,0.000293,0.000132,0.000055,0.000136,0.000235,0.000244,0.000108,-0.000058,-0.000067,0.000007,0.000077,0.000106,0.000186,0.021443,0.011126,0.007992,0.006881,0.003721,-0.000973,-0.003214,-0.001326,0.002073,0.004354,0.004343,0.003040,0.001663,0.000246,-0.000404,-0.000147,0.000306,0.000743,0.001060,0.001271,0.001124,0.000446,-0.000379,-0.000569,-0.000198,0.000228,0.000434,0.000185,-0.000414,-0.000698,-0.000337,0.000260,0.000428,0.000219,0.000098,0.000201,0.000139,-0.000326,-0.001091,-0.001803,-0.001732,-0.001040,-0.000529,-0.000190,0.000225,0.000445,0.000287,-0.000074,-0.000331,-0.000356,-0.000233,-0.000024,0.000113,0.000094,-0.000007,-0.000046,-0.000057,0.000245,0.000691,0.000668,0.000522,0.001279,0.002080,0.001645,0.000564,0.000053,0.000056,0.000015,-0.000296,-0.000596,-0.000529,-0.000215,-0.000107,-0.000283,-0.000431,-0.000393,-0.000109,0.000212,0.000399,0.000284,-0.000025,-0.000174,-0.000025,0.000329,0.000421,-0.000097,-0.000840,-0.001473,-0.001595,-0.001308,-0.001049,-0.000545,-0.000184,-0.000214,-0.000008,0.000266,0.000199,-0.000052,-0.000199,-0.000297,-0.000353,-0.000284,-0.000211,-0.000042,0.000113,0.000134,0.000185,0.000201,0.000128,0.000064,0.000013,-0.000014,-0.000023,0.000040,0.000181,0.000212,0.000212,0.000217,0.000184,0.000050,-0.000060,-0.000033,0.000048,0.000135,0.000204,0.000160,0.000117,0.000053,0.000005,-0.000067,-0.000140,-0.000140,-0.000176,-0.000165,-0.000062,0.000047,0.000244,0.000228,
-0.002689,-0.005227,-0.009563,-0.008531,-0.004395,-0.001477,-0.000838,-0.001085,-0.001778,-0.001818,-0.000845,0.000158,0.000971,0.001031,0.000140,-0.000412,-0.000111,0.000491,0.000949,0.000837,0.000382,-0.000212,-0.001002,-0.001357,-0.001353,-0.001514,-0.001584,-0.001273,-0.000751,-0.000382,-0.000232,-0.000056,0.000215,0.000465,0.000641,0.000746,0.000698,0.000451,0.000251,0.000147,-0.000196,-0.000406,-0.000216,-0.000168,-0.000271,-0.000183,0.000057,0.000179,0.000056,-0.000126,-0.000231,-0.000267,-0.000214,-0.000128,-0.000030,-0.000162,-0.000598,-0.000827,-0.000249,0.000777,0.001064,0.000237,-0.000301,0.000397,0.001072,0.000814,0.000550,0.000744,0.000683,0.000232,-0.000155,-0.000229,-0.000135,0.000004,0.000123,0.000082,-0.000030,-0.000190,-0.000360,-0.000308,-0.000021,0.000111,0.000247,0.000705,0.001404,0.002013,0.001624,-0.000023,-0.001318,-0.001554,-0.001301,-0.000900,-0.000475,-0.000294,-0.000308,-0.000283,-0.000230,-0.000122,-0.000096,-0.000002,0.000115,0.000012,-0.000108,-0.000141,0.000006,0.000170,0.000197,0.000119,0.000091,0.000138,0.000164,0.000202,0.000085,0.000046,0.000191,0.000150,-0.000055,-0.000171,-0.000197,-0.000193,-0.000188,-0.000099,0.000008,0.000039,0.000123,0.000167,0.000168,0.000078,0.000055,0.000032,0.000017,-0.000018,-0.000085,-0.000063,0.000073,0.000143,0.000140,0.000291,0.021302,0.010939,0.007795,0.006747,0.003724,-0.000995,-0.003321,-0.001293,0.002166,0.004418,0.004317,0.002747,0.001406,0.000251,-0.000366,-0.000145,0.000301,0.000639,0.000817,0.001033,0.001084,0.000435,-0.000504,-0.000673,-0.000209,0.000244,0.000515,0.000242,-0.000394,-0.000634,-0.000200,0.000398,0.000573,0.000252,0.000027,0.000132,0.000170,-0.000220,-0.001020,-0.001682,-0.001638,-0.001000,-0.000471,-0.000193,0.000216,0.000546,0.000382,-0.000043,-0.000286,-0.000276,-0.000245,-0.000132,0.000021,-0.000002,-0.000095,-0.000158,0.000012,0.000477,0.000868,0.000796,0.000796,0.001514,0.002355,0.002245,0.001330,0.000552,0.000306,0.000153,-0.000134,-0.000355,-0.000369,-0.000146,-0.000061,-0.000361,-0.000503,-0.000412,-0.000234,0.000119,0.000373,0.000251,-0.000012,-0.000131,-0.000069,0.000125,0.000221,-0.000200,-0.000961,-0.001549,-0.001590,-0.001333,-0.001021,-0.000456,-0.000125,-0.000194,-0.000013,0.000221,0.000056,-0.000130,-0.000264,-0.000417,-0.000412,-0.000256,-0.000193,-0.000235,-0.000167,0.000015,0.000195,0.000230,0.000154,0.000113,0.000039,0.000037,0.000114,0.000153,0.000206,0.000215,0.000188,0.000187,0.000096,0.000042,0.000082,0.000050,0.000015,0.000014,0.000116,0.000107,0.000098,0.000172,0.000073,-0.000111,-0.000263,-0.000261,-0.000223,-0.000243,-0.000054,0.000161,0.000255,0.000267,
-0.002650,-0.005322,-0.009618,-0.008636,-0.004506,-0.001589,-0.001020,-0.001007,-0.001518,-0.001672,-0.000747,0.000209,0.000866,0.000826,0.000047,-0.000501,-0.000264,0.000429,0.000974,0.000855,0.000434,-0.000088,-0.000853,-0.001395,-0.001385,-0.001355,-0.001367,-0.001085,-0.000612,-0.000341,-0.000320,-0.000314,-0.000241,0.000122,0.000617,0.000970,0.000845,0.000546,0.000463,0.000264,-0.000149,-0.000367,-0.000356,-0.000440,-0.000567,-0.000336,-0.000039,0.000081,0.000063,-0.000056,-0.000161,-0.000214,-0.000262,-0.000258,-0.000171,-0.000271,-0.000576,-0.000712,-0.000255,0.000812,0.001203,0.000453,-0.000140,0.000157,0.000586,0.000466,0.000256,0.000448,0.000556,0.000203,-0.000195,-0.000317,-0.000165,0.000018,-0.000077,-0.000111,-0.000056,-0.000208,-0.000428,-0.000355,-0.000131,-0.000017,0.000222,0.000647,0.001278,0.001908,0.001601,0.000061,-0.001266,-0.001531,-0.001292,-0.000824,-0.000312,-0.000267,-0.000422,-0.000348,-0.000102,0.000045,-0.000034,-0.000164,-0.000134,-0.000109,-0.000188,-0.000137,-0.000019,0.000029,0.000128,0.000215,0.000203,0.000137,0.000133,0.000196,0.000138,0.000105,0.000102,0.000068,0.000007,-0.000067,-0.000126,-0.000140,0.000005,0.000121,0.000063,0.000106,0.000222,0.000171,0.000086,0.000000,0.000025,0.000116,0.000131,0.000135,0.000048,-0.000062,-0.000053,0.000035,0.000048,0.000056,0.021355,0.010998,0.007929,0.006879,0.003740,-0.000980,-0.003356,-0.001450,0.002169,0.004494,0.004322,0.002798,0.001479,0.000308,-0.000312,-0.000099,0.000260,0.000628,0.000939,0.001099,0.001073,0.000455,-0.000441,-0.000588,-0.000145,0.000291,0.000476,0.000161,-0.000356,-0.000593,-0.000332,0.000124,0.000202,0.000112,-0.000001,-0.000010,0.000022,-0.000320,-0.001041,-0.001691,-0.001623,-0.001026,-0.000606,-0.000318,0.000108,0.000390,0.000347,0.000039,-0.000369,-0.000520,-0.000380,-0.000222,-0.000105,0.000013,0.000022,-0.000059,-0.000004,0.000341,0.000648,0.000556,0.000556,0.001235,0.001897,0.001734,0.000986,0.000343,0.000140,0.000112,-0.000061,-0.000296,-0.000307,-0.000197,-0.000152,-0.000230,-0.000355,-0.000289,-0.000052,0.000185,0.000254,0.000115,-0.000071,-0.000169,-0.000052,0.000185,0.000210,-0.000151,-0.000865,-0.001474,-0.001465,-0.001146,-0.000835,-0.000361,-0.000009,0.000037,0.000281,0.000562,0.000376,0.000061,-0.000158,-0.000288,-0.000327,-0.000287,-0.000309,-0.000372,-0.000252,-0.000115,0.000013,0.000061,-0.000022,-0.000011,-0.000045,-0.000104,-0.000006,0.000147,0.000143,0.000021,0.000067,0.000186,0.000166,0.000015,-0.000103,-0.000082,-0.000084,-0.000096,-0.000019,0.000114,0.000244,0.000188,-0.000016,-0.000134,-0.000289,-0.000309,-0.000241,-0.000218,-0.000074,0.000182,0.000322,0.000186,
-0.003018,-0.005386,-0.009695,-0.008650,-0.004498,-0.001615,-0.000954,-0.001058,-0.001725,-0.001836,-0.000789,0.000206,0.000866,0.000975,0.000226,-0.000414,-0.000171,0.000543,0.000951,0.000821,0.000462,-0.000116,-0.000879,-0.001307,-0.001318,-0.001298,-0.001277,-0.001044,-0.000652,-0.000436,-0.000520,-0.000505,-0.000285,0.000105,0.000507,0.000780,0.000804,0.000631,0.000357,0.000034,-0.000319,-0.000471,-0.000387,-0.000319,-0.000354,-0.000248,0.000078,0.000207,0.000060,-0.000083,-0.000152,-0.000197,-0.000215,-0.000146,-0.000120,-0.000291,-0.000663,-0.000919,-0.000403,0.000705,0.001105,0.000401,-0.000039,0.000463,0.000859,0.000597,0.000276,0.000350,0.000388,0.000166,-0.000188,-0.000438,-0.000312,-0.000092,-0.000058,-0.000177,-0.000314,-0.000336,-0.000353,-0.000304,-0.000088,0.000078,0.000205,0.000590,0.001401,0.002046,0.001632,0.000047,-0.001431,-0.001719,-0.001352,-0.000800,-0.000255,-0.000214,-0.000373,-0.000374,-0.000287,-0.000158,-0.000006,0.000028,-0.000075,-0.000126,-0.000255,-0.000198,-0.000018,-0.000061,-0.000063,0.000047,0.000099,0.000136,0.000152,0.000210,0.000217,0.000069,0.000015,0.000006,-0.000060,-0.000155,-0.000194,-0.000134,-0.000062,-0.000026,-0.000043,-0.000023,0.000139,0.000259,0.000211,0.000112,0.000050,0.000048,0.000110,0.000112,0.000025,-0.000011,0.000033,0.000128,0.000240,0.000232,0.021202,0.010812,0.007684,0.006724,0.003752,-0.000995,-0.003366,-0.001365,0.002157,0.004351,0.004131,0.002698,0.001406,0.000203,-0.000406,-0.000336,0.000030,0.000580,0.000958,0.001181,0.001210,0.000546,-0.000327,-0.000394,-0.000015,0.000280,0.000543,0.000452,-0.000092,-0.000492,-0.000305,0.000122,0.000303,0.000257,0.000139,0.000063,-0.000012,-0.000393,-0.001144,-0.001831,-0.001747,-0.001111,-0.000698,-0.000330,0.000067,0.000344,0.000366,0.000035,-0.000275,-0.000329,-0.000232,-0.000106,-0.000034,-0.000039,-0.000105,-0.000087,0.000021,0.000372,0.000789,0.000743,0.000851,0.001678,0.002249,0.001716,0.000695,0.000127,0.000034,0.000095,0.000071,-0.000101,-0.000200,-0.000193,-0.000225,-0.000400,-0.000489,-0.000315,-0.000025,0.000186,0.000230,0.000225,0.000106,-0.000138,-0.000210,0.000050,0.000219,-0.000154,-0.000998,-0.001633,-0.001534,-0.001200,-0.000896,-0.000382,-0.000060,0.000022,0.000178,0.000264,0.000193,0.000090,-0.000099,-0.000294,-0.000402,-0.000378,-0.000287,-0.000118,0.000025,0.000072,0.000097,0.000021,-0.000019,0.000058,0.000079,0.000065,0.000108,0.000257,0.000321,0.000213,0.000152,0.000181,0.000135,-0.000024,-0.000029,0.000069,0.000022,-0.000048,-0.000025,0.000107,0.000150,0.000044,-0.000117,-0.000232,-0.000206,-0.000204,-0.000273,-0.000204,0.000050,0.000314,0.000447,0.000454,
-0.003592,-0.005976,-0.010068,-0.008857,-0.004631,-0.001582,-0.000834,-0.000968,-0.001623,-0.001889,-0.000975,0.000020,0.000676,0.000820,0.000112,-0.000502,-0.000203,0.000437,0.000886,0.000852,0.000406,-0.000303,-0.001064,-0.001436,-0.001415,-0.001474,-0.001457,-0.001011,-0.000424,-0.000141,-0.000201,-0.000227,-0.000068,0.000231,0.000548,0.000793,0.000787,0.000530,0.000354,0.000231,-0.000096,-0.000295,-0.000219,-0.000180,-0.000403,-0.000377,0.000091,0.000332,0.000146,-0.000105,-0.000216,-0.000329,-0.000383,-0.000213,-0.000035,-0.000153,-0.000572,-0.000813,-0.000312,0.000695,0.000972,0.000007,-0.000651,0.000045,0.000836,0.000629,0.000058,0.000132,0.000450,0.000284,-0.000089,-0.000177,-0.000099,-0.000110,-0.000181,-0.000131,0.000005,-0.000132,-0.000317,-0.000217,-0.000083,-0.000001,0.000171,0.000548,0.001327,0.002103,0.001632,-0.000045,-0.001369,-0.001558,-0.001164,-0.000673,-0.000243,-0.000145,-0.000291,-0.000299,-0.000129,-0.000002,0.000026,-0.000021,-0.000021,-0.000057,-0.000167,-0.000107,0.000044,0.000052,-0.000073,-0.000106,-0.000019,0.000083,0.000193,0.000194,0.000144,0.000037,-0.000015,-0.000010,-0.000033,-0.000077,-0.000164,-0.000080,0.000115,0.000064,0.000063,0.000196,0.000227,0.000208,0.000184,0.000094,0.000037,0.000117,0.000255,0.000235,-0.000053,-0.000196,-0.000036,0.000074,0.000132,0.000202,0.020933,0.010621,0.007513,0.006528,0.003589,-0.001000,-0.003366,-0.001510,0.001985,0.004355,0.004341,0.002861,0.001539,0.000329,-0.000357,-0.000132,0.000286,0.000732,0.001090,0.001196,0.001104,0.000399,-0.000512,-0.000653,-0.000255,0.000193,0.000414,0.000073,-0.000387,-0.000677,-0.000639,-0.000244,0.000087,0.000071,0.000022,0.000138,0.000163,-0.000280,-0.001147,-0.001821,-0.001780,-0.001144,-0.000616,-0.000356,0.000098,0.000456,0.000346,-0.000091,-0.000409,-0.000554,-0.000496,-0.000213,-0.000053,0.000006,0.000027,0.000019,0.000067,0.000335,0.000704,0.000653,0.000574,0.001209,0.002027,0.001830,0.000741,-0.000072,-0.000105,0.000076,-0.000115,-0.000369,-0.000404,-0.000291,-0.000310,-0.000464,-0.000374,-0.000257,-0.000111,0.000121,0.000205,0.000122,-0.000123,-0.000231,-0.000061,0.000182,0.000264,-0.000032,-0.000688,-0.001436,-0.001644,-0.001330,-0.000928,-0.000353,-0.000022,-0.000073,0.000098,0.000353,0.000219,-0.000024,-0.000175,-0.000272,-0.000246,-0.000212,-0.000287,-0.000305,-0.000210,-0.000125,-0.000117,0.000002,0.000152,0.000101,-0.000016,-0.000066,-0.000005,0.000171,0.000215,0.000126,0.000137,0.000214,0.000171,0.000062,0.000033,-0.000102,-0.000126,-0.000023,0.000024,0.000049,0.000129,0.000134,0.000064,-0.000048,-0.000182,-0.000230,-0.000255,-0.000161,0.000086,0.000270,0.000292,0.000234,
-0.003375,-0.005811,-0.010046,-0.008820,-0.004599,-0.001723,-0.000941,-0.000910,-0.001507,-0.001688,-0.000790,0.000181,0.000942,0.000991,0.000149,-0.000582,-0.000369,0.000382,0.000971,0.000930,0.000460,-0.000127,-0.000731,-0.001188,-0.001408,-0.001388,-0.001267,-0.000919,-0.000431,-0.000210,-0.000337,-0.000353,-0.000080,0.000297,0.000616,0.000847,0.000899,0.000650,0.000317,0.000101,-0.000146,-0.000294,-0.000300,-0.000358,-0.000444,-0.000228,0.000193,0.000327,0.000100,-0.000188,-0.000274,-0.000251,-0.000229,-0.000206,-0.000061,-0.000086,-0.000526,-0.000795,-0.000213,0.000850,0.001267,0.000660,0.000070,0.000324,0.000666,0.000534,0.000454,0.000624,0.000670,0.000312,-0.000175,-0.000397,-0.000323,-0.000176,-0.000128,-0.000101,-0.000134,-0.000286,-0.000383,-0.000236,-0.000076,0.000048,0.000173,0.000543,0.001269,0.001962,0.001621,0.000091,-0.001286,-0.001590,-0.001242,-0.000797,-0.000338,-0.000157,-0.000301,-0.000301,-0.000183,-0.000161,-0.000062,0.000069,0.000102,0.000034,-0.000010,-0.000066,-0.000105,-0.000063,-0.000046,0.000017,0.000026,0.000045,0.000193,0.000263,0.000198,0.000188,0.000237,0.000151,0.000065,-0.000056,-0.000110,-0.000052,-0.000009,0.000042,0.000068,0.000143,0.000234,0.000217,0.000108,0.000025,0.000018,0.000108,0.000292,0.000248,0.000043,-0.000043,-0.000104,-0.000070,0.000015,0.000088,0.020948,0.010391,0.007343,0.006502,0.003610,-0.001008,-0.003452,-0.001634,0.001978,0.004448,0.004383,0.002840,0.001482,0.000242,-0.000307,-0.000056,0.000198,0.000465,0.000862,0.001198,0.001187,0.000471,-0.000499,-0.000674,-0.000215,0.000255,0.000529,0.000289,-0.000295,-0.000597,-0.000427,-0.000094,0.000073,0.000094,0.000087,0.000132,0.000158,-0.000237,-0.001074,-0.001762,-0.001662,-0.000944,-0.000415,-0.000188,0.000234,0.000489,0.000378,0.000080,-0.000176,-0.000365,-0.000351,-0.000110,0.000003,0.000014,-0.000011,-0.000125,-0.000074,0.000272,0.000665,0.000641,0.000701,0.001372,0.001865,0.001607,0.001015,0.000625,0.000412,0.000088,-0.000271,-0.000553,-0.000585,-0.000380,-0.000269,-0.000389,-0.000478,-0.000385,-0.000160,0.000139,0.000287,0.000233,-0.000037,-0.000132,0.000110,0.000393,0.000409,0.000001,-0.000731,-0.001384,-0.001523,-0.001258,-0.000882,-0.000437,-0.000143,-0.000105,0.000083,0.000321,0.000256,-0.000051,-0.000263,-0.000342,-0.000306,-0.000278,-0.000295,-0.000296,-0.000165,0.000006,0.000031,0.000123,0.000257,0.000140,-0.000087,-0.000149,0.000043,0.000177,0.000164,0.000103,0.000082,0.000132,0.000144,0.000129,0.000075,-0.000018,-0.000087,-0.000020,0.000064,0.000096,0.000110,0.000063,0.000018,-0.000131,-0.000206,-0.000241,-0.000283,-0.000082,0.000043,0.000123,0.000175,0.000136,
-0.003555,-0.006095,-0.010125,-0.008840,-0.004654,-0.001695,-0.000991,-0.001074,-0.001627,-0.001681,-0.000766,0.000178,0.000928,0.001075,0.000263,-0.000472,-0.000171,0.000536,0.000948,0.000718,0.000250,-0.000156,-0.000684,-0.001207,-0.001391,-0.001398,-0.001439,-0.001247,-0.000802,-0.000487,-0.000446,-0.000421,-0.000112,0.000282,0.000572,0.000866,0.000963,0.000797,0.000477,0.000051,-0.000255,-0.000358,-0.000354,-0.000410,-0.000414,-0.000184,0.000113,0.000166,0.000042,-0.000127,-0.000198,-0.000278,-0.000260,-0.000133,-0.000192,-0.000356,-0.000630,-0.000735,-0.000267,0.000659,0.000961,0.000148,-0.000342,0.000264,0.000717,0.000440,0.000267,0.000522,0.000682,0.000386,-0.000138,-0.000392,-0.000353,-0.000199,-0.000145,-0.000149,-0.000118,-0.000249,-0.000415,-0.000329,-0.000136,-0.000004,0.000181,0.000521,0.001182,0.001846,0.001515,-0.000033,-0.001371,-0.001502,-0.001145,-0.000762,-0.000381,-0.000274,-0.000445,-0.000396,-0.000106,-0.000016,-0.000085,-0.000033,0.000031,0.000018,-0.000000,-0.000155,-0.000142,0.000012,0.000041,0.000146,0.000211,0.000166,0.000115,0.000105,0.000067,-0.000007,0.000131,0.000180,-0.000004,-0.000187,-0.000287,-0.000146,0.000023,0.000007,0.000083,0.000180,0.000245,0.000280,0.000062,-0.000042,0.000030,0.000109,0.000237,0.000181,0.000032,-0.000011,0.000045,0.000043,0.000068,0.000238,0.020865,0.010245,0.007225,0.006436,0.003610,-0.000992,-0.003374,-0.001632,0.001814,0.004264,0.004247,0.002727,0.001483,0.000394,-0.000264,-0.000099,0.000245,0.000551,0.000913,0.001195,0.001124,0.000387,-0.000526,-0.000678,-0.000285,0.000237,0.000578,0.000313,-0.000349,-0.000638,-0.000277,0.000169,0.000298,0.000147,0.000026,0.000027,0.000015,-0.000394,-0.001161,-0.001740,-0.001639,-0.001004,-0.000503,-0.000190,0.000218,0.000458,0.000282,-0.000033,-0.000216,-0.000299,-0.000280,-0.000152,-0.000061,0.000000,-0.000013,-0.000102,0.000006,0.000386,0.000712,0.000686,0.000730,0.001454,0.002158,0.001601,0.000430,-0.000096,0.000067,0.000305,0.000047,-0.000348,-0.000331,-0.000090,-0.000039,-0.000278,-0.000491,-0.000397,-0.000087,0.000151,0.000281,0.000269,-0.000079,-0.000372,-0.000248,0.000113,0.000362,0.000050,-0.000729,-0.001378,-0.001530,-0.001318,-0.000943,-0.000376,0.000010,-0.000006,0.000069,0.000277,0.000147,-0.000023,-0.000107,-0.000250,-0.000318,-0.000404,-0.000429,-0.000390,-0.000345,-0.000084,0.000169,0.000326,0.000335,0.000206,0.000114,0.000050,0.000053,0.000154,0.000290,0.000293,0.000216,0.000204,0.000162,0.000113,0.000038,-0.000056,-0.000143,-0.000106,0.000015,0.000128,0.000166,0.000109,0.000057,-0.000073,-0.000206,-0.000241,-0.000222,-0.000085,0.000084,0.000215,0.000258,0.000233,
-0.003359,-0.005882,-0.009750,-0.008465,-0.004466,-0.001660,-0.000964,-0.000939,-0.001555,-0.001697,-0.000834,0.000104,0.000853,0.000947,0.000150,-0.000468,-0.000242,0.000413,0.000932,0.000785,0.000289,-0.000294,-0.000953,-0.001317,-0.001298,-0.001220,-0.001303,-0.001186,-0.000775,-0.000469,-0.000401,-0.000105,0.000225,0.000429,0.000635,0.000703,0.000621,0.000393,0.000213,-0.000012,-0.000394,-0.000452,-0.000310,-0.000282,-0.000254,-0.000025,0.000243,0.000211,0.000052,-0.000065,-0.000151,-0.000234,-0.000166,-0.000071,-0.000093,-0.000214,-0.000584,-0.000833,-0.000205,0.000858,0.001191,0.000431,-0.000039,0.000643,0.001245,0.000865,0.000490,0.000664,0.000790,0.000450,-0.000081,-0.000296,-0.000307,-0.000132,0.000104,0.000115,0.000034,-0.000266,-0.000503,-0.000396,-0.000217,-0.000090,0.000157,0.000673,0.001419,0.001946,0.001549,-0.000014,-0.001387,-0.001529,-0.001234,-0.000894,-0.000373,-0.000187,-0.000323,-0.000242,-0.000081,0.000034,0.000024,0.000044,0.000151,0.000096,-0.000025,-0.000052,0.000012,0.000045,-0.000023,0.000017,0.000167,0.000222,0.000260,0.000355,0.000299,0.000164,0.000115,0.000032,-0.000113,-0.000287,-0.000269,-0.000072,0.000096,0.000134,0.000107,0.000127,0.000262,0.000283,0.000174,0.000127,0.000132,0.000123,0.000175,0.000182,0.000003,-0.000034,0.000006,0.000022,0.000103,0.000271,0.020630,0.010190,0.007385,0.006707,0.003796,-0.000860,-0.003338,-0.001682,0.001805,0.004230,0.004217,0.002754,0.001477,0.000315,-0.000297,-0.000148,0.000144,0.000460,0.000858,0.001173,0.001052,0.000295,-0.000484,-0.000455,-0.000043,0.000352,0.000576,0.000232,-0.000332,-0.000445,-0.000070,0.000445,0.000669,0.000272,-0.000174,-0.000155,0.000049,-0.000194,-0.000962,-0.001664,-0.001610,-0.000957,-0.000457,-0.000207,0.000134,0.000423,0.000235,-0.000101,-0.000354,-0.000442,-0.000337,-0.000125,-0.000008,0.000010,-0.000083,-0.000181,-0.000071,0.000314,0.000800,0.000693,0.000590,0.001365,0.002129,0.001896,0.000992,0.000372,0.000219,0.000138,-0.000146,-0.000418,-0.000485,-0.000437,-0.000314,-0.000312,-0.000500,-0.000599,-0.000295,0.000180,0.000333,0.000185,-0.000113,-0.000204,0.000006,0.000221,0.000221,-0.000097,-0.000641,-0.001353,-0.001646,-0.001504,-0.001118,-0.000508,-0.000148,-0.000063,0.000114,0.000300,0.000088,-0.000123,-0.000164,-0.000194,-0.000242,-0.000259,-0.000252,-0.000243,-0.000093,0.000071,0.000119,0.000145,0.000139,0.000079,-0.000033,-0.000005,0.000073,0.000157,0.000172,0.000151,0.000198,0.000199,0.000142,0.000097,0.000041,-0.000011,-0.000093,-0.000157,-0.000044,0.000105,0.000108,0.000139,0.000066,-0.000085,-0.000238,-0.000230,-0.000294,-0.000317,-0.000027,0.000147,0.000184,0.000225,
-0.003221,-0.005771,-0.009849,-0.008670,-0.004557,-0.001641,-0.000985,-0.001031,-0.001458,-0.001588,-0.000737,0.000121,0.000763,0.000879,0.000149,-0.000485,-0.000234,0.000452,0.000948,0.000798,0.000370,-0.000150,-0.000939,-0.001434,-0.001385,-0.001298,-0.001356,-0.001191,-0.000815,-0.000491,-0.000385,-0.000338,-0.000273,0.000051,0.000515,0.000761,0.000738,0.000594,0.000317,0.000039,-0.000212,-0.000393,-0.000421,-0.000502,-0.000621,-0.000421,-0.000096,0.000034,-0.000001,-0.000084,-0.000217,-0.000251,-0.000164,-0.000163,-0.000142,-0.000177,-0.000623,-0.000932,-0.000334,0.000766,0.001130,0.000314,-0.000323,0.000153,0.000701,0.000499,0.000223,0.000387,0.000558,0.000311,-0.000121,-0.000303,-0.000207,-0.000048,-0.000012,-0.000019,0.000026,-0.000051,-0.000301,-0.000351,-0.000087,0.000194,0.000343,0.000669,0.001398,0.002161,0.001738,0.000035,-0.001300,-0.001437,-0.001210,-0.000880,-0.000468,-0.000380,-0.000443,-0.000308,-0.000093,0.000041,0.000056,0.000055,0.000075,0.000094,-0.000001,-0.000074,-0.000002,0.000041,0.000072,0.000057,0.000078,0.000126,0.000249,0.000218,-0.000002,0.000062,0.000231,0.000130,-0.000062,-0.000107,-0.000034,0.000048,0.000056,0.000011,0.000003,0.000121,0.000203,0.000170,0.000146,0.000132,0.000141,0.000184,0.000180,0.000029,-0.000106,-0.000091,0.000042,0.000159,0.000089,0.000122,0.020447,0.009999,0.007223,0.006606,0.003678,-0.000878,-0.003246,-0.001728,0.001642,0.004242,0.004377,0.002897,0.001503,0.000348,-0.000241,-0.000179,0.000115,0.000443,0.000790,0.001208,0.001235,0.000486,-0.000381,-0.000510,-0.000133,0.000298,0.000543,0.000306,-0.000310,-0.000597,-0.000254,0.000177,0.000298,0.000151,0.000018,0.000041,-0.000055,-0.000459,-0.001173,-0.001817,-0.001765,-0.001038,-0.000501,-0.000294,0.000129,0.000514,0.000376,-0.000128,-0.000382,-0.000401,-0.000390,-0.000225,0.000020,0.000095,-0.000036,-0.000111,-0.000073,0.000218,0.000677,0.000642,0.000502,0.001221,0.002096,0.002028,0.001253,0.000574,0.000336,0.000293,0.000091,-0.000222,-0.000275,-0.000021,0.000038,-0.000208,-0.000498,-0.000511,-0.000235,0.000079,0.000386,0.000380,0.000094,-0.000114,-0.000092,0.000164,0.000233,-0.000106,-0.000815,-0.001399,-0.001416,-0.001219,-0.001004,-0.000504,-0.000214,-0.000219,-0.000008,0.000177,0.000192,0.000057,-0.000069,-0.000184,-0.000278,-0.000218,-0.000191,-0.000196,-0.000226,-0.000201,0.000064,0.000303,0.000291,0.000273,0.000200,0.000056,0.000051,0.000131,0.000187,0.000221,0.000244,0.000276,0.000241,0.000081,-0.000069,-0.000189,-0.000257,-0.000243,-0.000125,-0.000028,-0.000029,0.000036,0.000005,-0.000122,-0.000245,-0.000355,-0.000345,-0.000132,0.000020,0.000123,0.000252,0.000240,
-0.003321,-0.005873,-0.009913,-0.008706,-0.004686,-0.001858,-0.001065,-0.000957,-0.001500,-0.001646,-0.000772,0.000247,0.001009,0.000973,0.000059,-0.000583,-0.000249,0.000511,0.000963,0.000782,0.000302,-0.000240,-0.000916,-0.001322,-0.001465,-0.001588,-0.001528,-0.001045,-0.000562,-0.000420,-0.000529,-0.000440,-0.000140,0.000160,0.000495,0.000778,0.000782,0.000560,0.000249,-0.000001,-0.000215,-0.000436,-0.000446,-0.000410,-0.000474,-0.000261,0.000061,0.000225,0.000104,-0.000088,-0.000195,-0.000306,-0.000308,-0.000181,-0.000034,-0.000161,-0.000629,-0.000799,-0.000312,0.000706,0.001258,0.000606,0.000132,0.000652,0.000974,0.000573,0.000206,0.000322,0.000457,0.000188,-0.000138,-0.000210,-0.000116,0.000006,-0.000062,-0.000219,-0.000308,-0.000389,-0.000389,-0.000324,-0.000204,-0.000034,0.000213,0.000619,0.001283,0.001946,0.001639,0.000042,-0.001377,-0.001608,-0.001384,-0.000890,-0.000282,-0.000118,-0.000234,-0.000273,-0.000210,-0.000114,-0.000079,-0.000024,0.000070,0.000097,0.000050,0.000045,0.000000,-0.000024,0.000029,0.000061,0.000048,0.000065,0.000199,0.000206,0.000103,0.000086,0.000082,0.000085,-0.000059,-0.000267,-0.000238,-0.000026,0.000059,-0.000075,-0.000053,0.000110,0.000152,0.000138,0.000085,0.000029,0.000003,0.000034,0.000158,0.000109,-0.000022,-0.000080,0.000012,0.000190,0.000227,0.000220,0.020330,0.009640,0.006856,0.006404,0.003729,-0.000772,-0.003363,-0.001862,0.001623,0.004084,0.004150,0.002866,0.001654,0.000440,-0.000285,-0.000147,0.000179,0.000455,0.000795,0.001069,0.001142,0.000491,-0.000526,-0.000708,-0.000238,0.000211,0.000485,0.000299,-0.000186,-0.000576,-0.000541,-0.000121,0.000146,0.000135,0.000113,0.000099,-0.000034,-0.000414,-0.001119,-0.001831,-0.001757,-0.001088,-0.000572,-0.000233,0.000083,0.000346,0.000286,-0.000117,-0.000342,-0.000417,-0.000369,-0.000129,0.000016,0.000132,0.000100,0.000105,0.000117,0.000289,0.000633,0.000559,0.000622,0.001389,0.002036,0.001601,0.000534,0.000030,0.000184,0.000309,0.000157,-0.000167,-0.000260,-0.000249,-0.000398,-0.000562,-0.000553,-0.000437,-0.000241,0.000152,0.000364,0.000260,0.000060,-0.000086,-0.000046,0.000163,0.000298,0.000001,-0.000730,-0.001391,-0.001515,-0.001164,-0.000844,-0.000477,-0.000106,0.000003,0.000129,0.000199,0.000041,-0.000079,-0.000138,-0.000238,-0.000309,-0.000309,-0.000304,-0.000256,-0.000245,-0.000211,-0.000061,0.000053,0.000116,0.000188,0.000201,0.000122,0.000146,0.000238,0.000220,0.000275,0.000322,0.000288,0.000256,0.000195,0.000125,0.000015,-0.000021,-0.000049,0.000020,0.000202,0.000241,0.000129,-0.000073,-0.000272,-0.000215,-0.000118,-0.000165,-0.000118,-0.000029,0.000121,0.000257,0.000277,
-0.003480,-0.005812,-0.009845,-0.008554,-0.004597,-0.001810,-0.000942,-0.000923,-0.001578,-0.001651,-0.000712,0.000134,0.000812,0.000918,0.000234,-0.000402,-0.000215,0.000469,0.001020,0.000888,0.000345,-0.000191,-0.000915,-0.001463,-0.001504,-0.001448,-0.001307,-0.000899,-0.000357,-0.000145,-0.000190,-0.000170,-0.000088,0.000055,0.000384,0.000670,0.000650,0.000389,0.000136,-0.000084,-0.000309,-0.000395,-0.000268,-0.000328,-0.000508,-0.000371,0.000003,0.000257,0.000235,0.000071,-0.000126,-0.000362,-0.000361,-0.000119,-0.000004,-0.000108,-0.000477,-0.000763,-0.000431,0.000444,0.000867,0.000108,-0.000519,0.000102,0.000760,0.000373,-0.000088,0.000081,0.000312,0.000105,-0.000232,-0.000217,0.000001,0.000073,0.000012,-0.000048,-0.000017,-0.000144,-0.000314,-0.000306,-0.000258,-0.000024,0.000308,0.000687,0.001346,0.001971,0.001591,0.000082,-0.001269,-0.001588,-0.001279,-0.000755,-0.000334,-0.000290,-0.000431,-0.000356,-0.000135,0.000004,0.000137,0.000216,0.000159,0.000045,-0.000031,-0.000079,-0.000011,0.000009,-0.000038,-0.000039,0.000004,0.000076,0.000233,0.000300,0.000195,0.000133,0.000135,-0.000004,-0.000171,-0.000217,-0.000167,-0.000041,0.000066,0.000069,0.000084,0.000159,0.000182,0.000159,0.000106,0.000129,0.000103,0.000134,0.000191,0.000020,-0.000049,-0.000086,-0.000021,0.000154,0.000199,0.000167,0.020128,0.009450,0.006787,0.006425,0.003678,-0.000884,-0.003445,-0.001928,0.001673,0.004266,0.004244,0.002710,0.001434,0.000342,-0.000275,-0.000094,0.000338,0.000606,0.000906,0.001166,0.001129,0.000438,-0.000406,-0.000522,-0.000134,0.000244,0.000447,0.000278,-0.000241,-0.000595,-0.000385,0.000050,0.000195,0.000067,-0.000024,-0.000031,0.000010,-0.000235,-0.001070,-0.001845,-0.001798,-0.001188,-0.000722,-0.000426,0.000011,0.000434,0.000401,-0.000076,-0.000426,-0.000423,-0.000275,-0.000189,-0.000118,-0.000069,-0.000057,-0.000059,-0.000008,0.000319,0.000739,0.000667,0.000631,0.001364,0.002311,0.002184,0.001058,0.000192,0.000010,0.000147,0.000006,-0.000382,-0.000480,-0.000373,-0.000306,-0.000394,-0.000398,-0.000312,-0.000060,0.000308,0.000397,0.000237,-0.000025,-0.000185,-0.000114,0.000114,0.000336,0.000055,-0.000771,-0.001550,-0.001619,-0.001247,-0.000880,-0.000304,0.000004,-0.000035,0.000076,0.000367,0.000392,0.000191,0.000027,-0.000230,-0.000433,-0.000368,-0.000306,-0.000200,0.000002,0.000103,0.000064,0.000038,0.000051,0.000038,-0.000038,0.000022,0.000178,0.000244,0.000295,0.000311,0.000213,0.000154,0.000127,0.000065,-0.000078,-0.000155,-0.000121,-0.000119,-0.000056,0.000064,0.000140,0.000145,-0.000033,-0.000201,-0.000282,-0.000307,-0.000294,-0.000107,0.000212,0.000347,0.000348,0.000321,
-0.002910,-0.005570,-0.009606,-0.008384,-0.004478,-0.001832,-0.001098,-0.000947,-0.001426,-0.001555,-0.000815,0.000120,0.000911,0.000995,0.000175,-0.000505,-0.000256,0.000453,0.000850,0.000738,0.000379,-0.000193,-0.000864,-0.001368,-0.001436,-0.001318,-0.001323,-0.001075,-0.000593,-0.000264,-0.000220,-0.000228,-0.000137,0.000028,0.000373,0.000779,0.000753,0.000439,0.000291,0.000125,-0.000120,-0.000282,-0.000305,-0.000299,-0.000477,-0.000364,0.000031,0.000166,0.000036,-0.000224,-0.000308,-0.000286,-0.000310,-0.000179,-0.000032,-0.000163,-0.000660,-0.000997,-0.000400,0.000796,0.001296,0.000591,-0.000060,0.000280,0.000959,0.000996,0.000560,0.000467,0.000499,0.000184,-0.000157,-0.000273,-0.000257,-0.000080,-0.000091,-0.000190,-0.000208,-0.000281,-0.000273,-0.000208,-0.000111,0.000057,0.000228,0.000575,0.001332,0.002028,0.001691,0.000093,-0.001396,-0.001621,-0.001222,-0.000862,-0.000397,-0.000103,-0.000302,-0.000325,-0.000088,0.000009,0.000015,-0.000047,-0.000119,-0.000114,-0.000088,-0.000074,-0.000017,0.000040,0.000099,0.000117,0.000143,0.000157,0.000146,0.000179,0.000202,0.000188,0.000144,0.000037,-0.000091,-0.000089,-0.000106,-0.000062,0.000013,0.000005,-0.000005,0.000123,0.000242,0.000240,0.000160,0.000088,0.000017,0.000044,0.000150,0.000148,-0.000004,-0.000102,-0.000084,0.000024,0.000144,0.000252,0.020253,0.009445,0.006736,0.006461,0.003738,-0.000896,-0.003448,-0.001968,0.001532,0.004166,0.004216,0.002763,0.001525,0.000370,-0.000236,-0.000111,0.000188,0.000473,0.000781,0.001091,0.001069,0.000306,-0.000555,-0.000574,-0.000081,0.000384,0.000550,0.000302,-0.000185,-0.000551,-0.000450,-0.000134,0.000022,0.000064,0.000103,0.000094,-0.000064,-0.000462,-0.001133,-0.001741,-0.001711,-0.001067,-0.000536,-0.000292,0.000113,0.000482,0.000377,-0.000029,-0.000318,-0.000493,-0.000435,-0.000258,-0.000115,0.000009,-0.000059,-0.000167,-0.000041,0.000303,0.000676,0.000709,0.000641,0.001185,0.001752,0.001507,0.000878,0.000408,0.000086,-0.000100,-0.000319,-0.000525,-0.000529,-0.000285,-0.000191,-0.000394,-0.000502,-0.000441,-0.000149,0.000169,0.000278,0.000255,0.000070,-0.000118,-0.000067,0.000164,0.000304,0.000011,-0.000756,-0.001356,-0.001348,-0.001161,-0.000903,-0.000413,-0.000146,-0.000082,0.000113,0.000334,0.000313,0.000078,-0.000068,-0.000114,-0.000214,-0.000304,-0.000229,-0.000076,-0.000060,-0.000152,-0.000060,0.000136,0.000193,0.000112,0.000060,0.000011,0.000028,0.000218,0.000296,0.000217,0.000208,0.000222,0.000194,0.000137,0.000013,-0.000109,-0.000024,0.000083,0.000102,0.000062,-0.000017,0.000013,-0.000011,-0.000156,-0.000218,-0.000233,-0.000319,-0.000322,-0.000096,0.000189,0.000239,0.000164,
-0.002481,-0.005192,-0.009289,-0.008241,-0.004492,-0.001920,-0.001255,-0.001119,-0.001545,-0.001530,-0.000590,0.000241,0.000910,0.001011,0.000275,-0.000336,-0.000084,0.000525,0.000880,0.000679,0.000194,-0.000349,-0.000994,-0.001426,-0.001437,-0.001378,-0.001422,-0.001203,-0.000649,-0.000225,-0.000214,-0.000347,-0.000243,0.000048,0.000395,0.000657,0.000580,0.000359,0.000220,0.000022,-0.000246,-0.000414,-0.000417,-0.000301,-0.000173,-0.000111,0.000068,0.000093,0.000029,-0.000002,-0.000190,-0.000216,-0.000205,-0.000184,-0.000043,-0.000121,-0.000562,-0.000876,-0.000337,0.000854,0.001249,0.000404,-0.000123,0.000285,0.000460,0.000154,0.000208,0.000616,0.000725,0.000321,-0.000109,-0.000293,-0.000288,-0.000159,-0.000127,-0.000214,-0.000291,-0.000357,-0.000371,-0.000274,-0.000058,0.000149,0.000287,0.000559,0.001314,0.002069,0.001507,-0.000124,-0.001405,-0.001607,-0.001196,-0.000701,-0.000301,-0.000233,-0.000449,-0.000391,-0.000060,0.000025,0.000005,0.000015,0.000055,-0.000023,-0.000155,-0.000079,0.000007,0.000007,0.000079,0.000165,0.000153,0.000085,0.000130,0.000179,0.000140,0.000044,0.000071,0.000050,-0.000030,-0.000078,-0.000079,-0.000094,-0.000048,0.000061,0.000186,0.000253,0.000203,0.000151,0.000162,0.000151,0.000105,0.000039,0.000067,0.000103,-0.000004,0.000014,0.000152,0.000203,0.000195,0.000224,0.020096,0.009357,0.006772,0.006524,0.003860,-0.000846,-0.003513,-0.002014,0.001494,0.004198,0.004275,0.002710,0.001399,0.000266,-0.000229,-0.000034,0.000254,0.000486,0.000774,0.001157,0.001292,0.000552,-0.000504,-0.000599,-0.000063,0.000372,0.000570,0.000383,-0.000142,-0.000591,-0.000478,-0.000044,0.000154,0.000169,0.000116,0.000024,-0.000128,-0.000552,-0.001248,-0.001860,-0.001730,-0.000919,-0.000418,-0.000308,0.000076,0.000497,0.000265,-0.000219,-0.000453,-0.000444,-0.000281,-0.000094,0.000039,0.000074,-0.000044,-0.000178,-0.000055,0.000328,0.000603,0.000545,0.000701,0.001618,0.002346,0.001711,0.000477,-0.000053,0.000090,0.000150,-0.000169,-0.000554,-0.000552,-0.000333,-0.000194,-0.000249,-0.000368,-0.000276,-0.000118,0.000091,0.000290,0.000227,-0.000004,-0.000141,-0.000060,0.000175,0.000241,-0.000162,-0.000882,-0.001477,-0.001497,-0.001187,-0.000906,-0.000377,-0.000017,-0.000012,0.000065,0.000191,0.000184,0.000050,-0.000161,-0.000365,-0.000423,-0.000396,-0.000366,-0.000267,-0.000156,-0.000091,0.000004,0.000167,0.000248,0.000178,0.000054,0.000012,0.000076,0.000235,0.000317,0.000292,0.000244,0.000185,0.000138,0.000057,-0.000031,-0.000049,-0.000113,-0.000170,-0.000040,0.000104,0.000120,0.000044,-0.000022,-0.000033,-0.000185,-0.000335,-0.000278,-0.000145,0.000016,0.000168,0.000286,0.000287,
-0.002251,-0.004815,-0.009051,-0.008139,-0.004370,-0.001869,-0.001219,-0.001069,-0.001557,-0.001591,-0.000702,0.000161,0.000873,0.000930,0.000231,-0.000311,-0.000160,0.000464,0.000851,0.000656,0.000202,-0.000334,-0.001019,-0.001463,-0.001469,-0.001422,-0.001406,-0.001226,-0.000882,-0.000518,-0.000367,-0.000202,0.000201,0.000587,0.000731,0.000637,0.000467,0.000354,0.000187,-0.000150,-0.000448,-0.000561,-0.000476,-0.000323,-0.000238,-0.000064,0.000138,0.000167,0.000016,-0.000177,-0.000236,-0.000255,-0.000324,-0.000366,-0.000218,-0.000183,-0.000515,-0.000810,-0.000318,0.000701,0.001076,0.000288,-0.000239,0.000491,0.001192,0.000936,0.000517,0.000600,0.000556,0.000146,-0.000179,-0.000256,-0.000231,-0.000042,0.000097,-0.000040,-0.000160,-0.000281,-0.000348,-0.000256,-0.000094,0.000063,0.000344,0.000816,0.001414,0.001954,0.001519,-0.000045,-0.001347,-0.001612,-0.001304,-0.000810,-0.000289,-0.000142,-0.000260,-0.000312,-0.000218,-0.000057,0.000025,0.000073,0.000118,-0.000055,-0.000161,-0.000132,0.000023,0.000148,0.000132,0.000016,-0.000049,0.000044,0.000168,0.000216,0.000149,0.000058,0.000031,0.000113,0.000016,-0.000143,-0.000154,-0.000110,0.000014,0.000070,0.000136,0.000226,0.000291,0.000300,0.000221,0.000086,0.000096,0.000147,0.000215,0.000175,-0.000012,-0.000048,0.000008,0.000058,0.000029,0.000127,0.020114,0.009273,0.006696,0.006483,0.003867,-0.000863,-0.003537,-0.002010,0.001444,0.004093,0.004206,0.002751,0.001513,0.000422,-0.000202,-0.000161,0.000127,0.000470,0.000779,0.001050,0.001057,0.000433,-0.000365,-0.000475,-0.000119,0.000355,0.000576,0.000264,-0.000232,-0.000541,-0.000217,0.000415,0.000491,0.000103,-0.000061,0.000009,-0.000029,-0.000372,-0.001047,-0.001656,-0.001600,-0.000903,-0.000397,-0.000157,0.000183,0.000435,0.000401,-0.000004,-0.000295,-0.000392,-0.000333,-0.000169,-0.000047,-0.000063,-0.000164,-0.000122,-0.000009,0.000358,0.000854,0.000785,0.000606,0.001260,0.002140,0.001942,0.000945,0.000268,0.000087,0.000084,-0.000111,-0.000505,-0.000550,-0.000286,-0.000245,-0.000397,-0.000451,-0.000333,-0.000160,0.000167,0.000392,0.000364,0.000114,-0.000044,0.000036,0.000258,0.000316,-0.000082,-0.000830,-0.001559,-0.001686,-0.001263,-0.000919,-0.000517,-0.000177,-0.000095,0.000114,0.000265,0.000137,-0.000074,-0.000240,-0.000322,-0.000318,-0.000333,-0.000313,-0.000142,-0.000062,-0.000050,0.000076,0.000231,0.000313,0.000352,0.000210,-0.000005,-0.000009,0.000137,0.000135,0.000119,0.000213,0.000226,0.000184,0.000087,0.000064,0.000058,0.000037,0.000092,0.000197,0.000175,0.000056,-0.000013,-0.000019,-0.000091,-0.000230,-0.000255,-0.000140,-0.000036,0.000109,0.000267,0.000361,0.000317,
-0.002046,-0.004600,-0.008961,-0.008243,-0.004546,-0.001941,-0.001367,-0.001381,-0.001741,-0.001599,-0.000541,0.000379,0.001078,0.001131,0.000154,-0.000485,-0.000163,0.000481,0.000863,0.000676,0.000330,-0.000117,-0.000822,-0.001326,-0.001420,-0.001389,-0.001395,-0.001194,-0.000772,-0.000431,-0.000413,-0.000382,-0.000203,0.000020,0.000201,0.000468,0.000621,0.000474,0.000227,-0.000094,-0.000354,-0.000354,-0.000235,-0.000307,-0.000419,-0.000279,0.000015,0.000174,0.000127,0.000022,-0.000174,-0.000335,-0.000167,-0.000004,0.000000,-0.000164,-0.000597,-0.000860,-0.000332,0.000721,0.001065,0.000288,-0.000193,0.000512,0.001104,0.000877,0.000530,0.000596,0.000637,0.000280,-0.000150,-0.000169,0.000026,0.000181,0.000172,0.000063,-0.000041,-0.000257,-0.000455,-0.000402,-0.000135,0.000029,0.000258,0.000745,0.001438,0.001981,0.001471,-0.000085,-0.001374,-0.001604,-0.001325,-0.000862,-0.000368,-0.000238,-0.000292,-0.000186,-0.000008,0.000042,0.000051,0.000077,0.000109,0.000031,-0.000115,-0.000186,-0.000133,0.000010,0.000060,0.000070,0.000090,0.000134,0.000209,0.000232,0.000202,0.000097,-0.000003,-0.000023,-0.000038,-0.000129,-0.000163,-0.000153,0.000002,0.000240,0.000284,0.000226,0.000229,0.000196,0.000137,0.000187,0.000211,0.000209,0.000252,0.000225,0.000087,-0.000022,0.000055,0.000193,0.000202,0.000208,0.019873,0.009110,0.006705,0.006459,0.003763,-0.000891,-0.003592,-0.002161,0.001364,0.004029,0.004225,0.002893,0.001553,0.000366,-0.000220,0.000041,0.000415,0.000575,0.000751,0.001080,0.001102,0.000419,-0.000406,-0.000503,-0.000124,0.000349,0.000605,0.000285,-0.000372,-0.000639,-0.000409,-0.000040,0.000148,0.000061,-0.000049,0.000052,0.000215,-0.000128,-0.000954,-0.001648,-0.001617,-0.001039,-0.000609,-0.000311,0.000121,0.000481,0.000358,-0.000087,-0.000431,-0.000550,-0.000376,-0.000189,-0.000116,-0.000144,-0.000168,-0.000111,0.000089,0.000393,0.000736,0.000712,0.000669,0.001448,0.002373,0.002276,0.001265,0.000497,0.000497,0.000521,0.000035,-0.000307,-0.000197,-0.000002,-0.000069,-0.000408,-0.000634,-0.000477,-0.000089,0.000254,0.000385,0.000212,0.000057,-0.000009,-0.000040,0.000055,0.000097,-0.000158,-0.000791,-0.001405,-0.001409,-0.001158,-0.001005,-0.000494,-0.000018,-0.000040,0.000053,0.000303,0.000291,0.000074,-0.000065,-0.000219,-0.000276,-0.000217,-0.000234,-0.000229,-0.000200,-0.000161,-0.000029,0.000103,0.000152,0.000091,0.000031,0.000010,-0.000015,0.000091,0.000237,0.000253,0.000175,0.000160,0.000191,0.000169,0.000139,0.000116,0.000082,0.000003,-0.000006,-0.000022,-0.000052,-0.000060,-0.000162,-0.000348,-0.000435,-0.000417,-0.000320,-0.000112,0.000099,0.000216,0.000254,0.000317,
-0.002215,-0.004542,-0.008895,-0.008140,-0.004539,-0.002013,-0.001307,-0.001202,-0.001628,-0.001576,-0.000591,0.000272,0.000879,0.000915,0.000099,-0.000501,-0.000196,0.000459,0.000767,0.000598,0.000233,-0.000276,-0.000961,-0.001414,-0.001385,-0.001336,-0.001383,-0.001185,-0.000755,-0.000377,-0.000281,-0.000229,0.000004,0.000259,0.000558,0.000791,0.000778,0.000713,0.000437,0.000023,-0.000272,-0.000389,-0.000374,-0.000380,-0.000391,-0.000185,0.000065,0.000054,-0.000000,-0.000091,-0.000243,-0.000333,-0.000353,-0.000247,-0.000156,-0.000368,-0.000743,-0.000873,-0.000271,0.000801,0.001110,0.000481,0.000068,0.000418,0.000799,0.000653,0.000310,0.000395,0.000603,0.000329,-0.000044,-0.000138,-0.000098,-0.000152,-0.000237,-0.000173,-0.000002,-0.000107,-0.000349,-0.000310,-0.000094,0.000144,0.000364,0.000763,0.001509,0.002065,0.001669,0.000138,-0.001276,-0.001590,-0.001295,-0.000837,-0.000315,-0.000111,-0.000377,-0.000336,-0.000043,-0.000051,-0.000093,-0.000004,0.000052,0.000045,-0.000036,-0.000101,-0.000086,-0.000055,-0.000047,-0.000043,-0.000010,0.000037,0.000128,0.000247,0.000246,0.000157,0.000153,0.000159,0.000081,-0.000078,-0.000058,0.000008,0.000025,0.000060,0.000076,-0.000019,0.000057,0.000204,0.000097,-0.000076,-0.000031,0.000116,0.000125,0.000090,0.000018,-0.000027,0.000085,0.000043,0.000024,0.000121,0.019782,0.008976,0.006455,0.006350,0.003810,-0.000842,-0.003624,-0.002208,0.001338,0.004011,0.004158,0.002821,0.001624,0.000489,-0.000117,-0.000087,0.000165,0.000477,0.000779,0.001083,0.001186,0.000509,-0.000408,-0.000512,-0.000126,0.000250,0.000458,0.000236,-0.000237,-0.000557,-0.000439,-0.000094,0.000101,0.000073,0.000010,0.000057,-0.000047,-0.000408,-0.001051,-0.001666,-0.001635,-0.001102,-0.000727,-0.000426,0.000077,0.000454,0.000316,-0.000110,-0.000341,-0.000413,-0.000365,-0.000248,-0.000136,-0.000068,-0.000111,-0.000172,-0.000094,0.000313,0.000721,0.000737,0.000730,0.001344,0.001901,0.001519,0.000627,0.000088,0.000031,0.000081,-0.000019,-0.000265,-0.000293,-0.000188,-0.000413,-0.000658,-0.000555,-0.000349,-0.000169,0.000183,0.000479,0.000399,0.000073,-0.000145,0.000038,0.000286,0.000260,-0.000099,-0.000820,-0.001449,-0.001518,-0.001192,-0.000827,-0.000300,0.000036,0.000068,0.000234,0.000308,0.000223,0.000096,-0.000051,-0.000155,-0.000115,-0.000141,-0.000177,-0.000163,-0.000076,0.000031,0.000073,0.000126,0.000153,0.000093,-0.000067,-0.000087,0.000067,0.000172,0.000234,0.000222,0.000164,0.000127,0.000027,-0.000033,0.000001,-0.000041,-0.000068,0.000031,0.000057,0.000038,0.000125,0.000269,0.000219,-0.000050,-0.000223,-0.000274,-0.000265,-0.000223,-0.000008,0.000266,0.000338,0.000279,
-0.001802,-0.004172,-0.008626,-0.008010,-0.004567,-0.002156,-0.001574,-0.001450,-0.001690,-0.001544,-0.000631,0.000253,0.000950,0.001030,0.000273,-0.000323,-0.000179,0.000471,0.000941,0.000724,0.000277,-0.000291,-0.001016,-0.001413,-0.001335,-0.001337,-0.001347,-0.000977,-0.000521,-0.000259,-0.000232,-0.000358,-0.000308,0.000015,0.000390,0.000592,0.000582,0.000429,0.000214,-0.000034,-0.000258,-0.000406,-0.000376,-0.000375,-0.000450,-0.000322,-0.000033,0.000135,0.000078,0.000027,-0.000103,-0.000296,-0.000317,-0.000292,-0.000210,-0.000291,-0.000630,-0.000763,-0.000325,0.000633,0.001007,0.000223,-0.000323,0.000210,0.000833,0.000568,0.000208,0.000270,0.000259,0.000139,-0.000096,-0.000139,-0.000042,-0.000058,-0.000129,-0.000147,-0.000141,-0.000218,-0.000252,-0.000201,-0.000051,0.000140,0.000303,0.000750,0.001517,0.001999,0.001496,-0.000041,-0.001356,-0.001538,-0.001201,-0.000758,-0.000289,-0.000170,-0.000341,-0.000234,0.000033,0.000142,0.000071,0.000111,0.000187,0.000057,-0.000142,-0.000173,-0.000048,0.000020,0.000071,0.000076,0.000108,0.000185,0.000242,0.000140,0.000030,0.000123,0.000267,0.000177,-0.000020,-0.000129,-0.000126,-0.000060,-0.000040,0.000021,0.000029,0.000089,0.000301,0.000396,0.000311,0.000138,0.000090,0.000101,0.000155,0.000148,-0.000049,-0.000167,-0.000039,0.000128,0.000108,0.000080,0.019603,0.008734,0.006398,0.006408,0.003750,-0.000985,-0.003723,-0.002351,0.001218,0.004009,0.004198,0.002803,0.001577,0.000439,-0.000202,-0.000150,0.000110,0.000474,0.000795,0.001041,0.001115,0.000474,-0.000473,-0.000599,-0.000081,0.000455,0.000667,0.000364,-0.000088,-0.000469,-0.000526,-0.000269,-0.000089,0.000035,0.000060,-0.000000,-0.000075,-0.000411,-0.001113,-0.001766,-0.001688,-0.001084,-0.000675,-0.000393,0.000151,0.000548,0.000355,-0.000076,-0.000297,-0.000317,-0.000255,-0.000187,-0.000145,-0.000039,-0.000102,-0.000077,0.000050,0.000333,0.000747,0.000703,0.000737,0.001556,0.002344,0.002086,0.001103,0.000380,0.000232,0.000181,-0.000111,-0.000331,-0.000347,-0.000257,-0.000259,-0.000436,-0.000501,-0.000373,-0.000077,0.000264,0.000438,0.000284,-0.000014,-0.000114,-0.000041,0.000122,0.000257,-0.000120,-0.000865,-0.001490,-0.001522,-0.001159,-0.000833,-0.000378,-0.000045,-0.000071,-0.000022,0.000180,0.000234,0.000028,-0.000180,-0.000276,-0.000326,-0.000292,-0.000225,-0.000124,-0.000114,-0.000100,-0.000033,0.000074,0.000142,0.000114,0.000052,-0.000035,0.000069,0.000228,0.000221,0.000290,0.000357,0.000155,0.000009,-0.000009,-0.000087,-0.000126,-0.000055,-0.000007,0.000083,0.000189,0.000192,0.000142,-0.000001,-0.000124,-0.000216,-0.000269,-0.000234,-0.000222,-0.000146,0.000151,0.000272,0.000217,
-0.001918,-0.004166,-0.008644,-0.008102,-0.004557,-0.002005,-0.001423,-0.001425,-0.001787,-0.001644,-0.000687,0.000174,0.000875,0.000983,0.000205,-0.000376,-0.000224,0.000282,0.000746,0.000765,0.000445,-0.000140,-0.000960,-0.001374,-0.001335,-0.001368,-0.001340,-0.000966,-0.000493,-0.000227,-0.000263,-0.000269,-0.000032,0.000229,0.000523,0.000817,0.000813,0.000512,0.000207,-0.000001,-0.000209,-0.000330,-0.000407,-0.000554,-0.000639,-0.000368,0.000061,0.000231,0.000130,0.000013,-0.000108,-0.000199,-0.000243,-0.000198,-0.000074,-0.000159,-0.000608,-0.000955,-0.000490,0.000643,0.001151,0.000403,-0.000318,0.000215,0.000942,0.000782,0.000331,0.000363,0.000473,0.000189,-0.000148,-0.000282,-0.000245,-0.000130,-0.000072,-0.000016,0.000008,-0.000154,-0.000337,-0.000289,-0.000067,0.000108,0.000224,0.000599,0.001310,0.001932,0.001536,-0.000051,-0.001390,-0.001539,-0.001154,-0.000687,-0.000213,-0.000158,-0.000341,-0.000366,-0.000250,-0.000073,0.000023,0.000106,0.000127,0.000042,-0.000078,-0.000052,-0.000006,0.000047,0.000107,0.000120,0.000138,0.000168,0.000224,0.000245,0.000204,0.000125,0.000069,-0.000013,-0.000100,-0.000035,0.000002,0.000020,0.000127,0.000202,0.000150,0.000128,0.000249,0.000307,0.000255,0.000138,-0.000014,0.000009,0.000180,0.000179,0.000010,-0.000057,0.000002,-0.000039,-0.000032,0.000094,0.019566,0.008718,0.006344,0.006351,0.003676,-0.000959,-0.003556,-0.002181,0.001290,0.004025,0.004143,0.002816,0.001629,0.000474,-0.000166,-0.000123,0.000134,0.000472,0.000752,0.001087,0.001101,0.000422,-0.000404,-0.000494,-0.000043,0.000402,0.000521,0.000275,-0.000203,-0.000561,-0.000395,-0.000096,-0.000020,-0.000077,-0.000013,0.000112,0.000024,-0.000378,-0.001105,-0.001700,-0.001640,-0.001017,-0.000627,-0.000382,0.000070,0.000428,0.000311,-0.000048,-0.000317,-0.000467,-0.000474,-0.000336,-0.000113,-0.000052,-0.000122,-0.000084,-0.000005,0.000243,0.000580,0.000531,0.000548,0.001108,0.001592,0.001394,0.000655,-0.000088,-0.000350,-0.000263,-0.000255,-0.000445,-0.000427,-0.000212,-0.000161,-0.000277,-0.000391,-0.000339,-0.000110,0.000176,0.000342,0.000259,-0.000068,-0.000216,-0.000161,0.000094,0.000302,-0.000001,-0.000744,-0.001432,-0.001448,-0.001123,-0.000819,-0.000329,-0.000056,-0.000146,0.000020,0.000292,0.000225,0.000078,-0.000035,-0.000169,-0.000186,-0.000189,-0.000195,-0.000076,-0.000052,-0.000180,-0.000124,0.000057,0.000121,0.000097,-0.000022,-0.000134,-0.000065,0.000118,0.000235,0.000188,0.000132,0.000147,0.000099,0.000039,0.000028,-0.000042,-0.000146,-0.000057,0.000048,0.000107,0.000138,0.000071,-0.000113,-0.000234,-0.000199,-0.000172,-0.000140,-0.000070,0.000137,0.000371,0.000423,0.000238,
-0.002382,-0.004293,-0.008504,-0.007982,-0.004637,-0.002161,-0.001439,-0.001408,-0.001885,-0.001728,-0.000639,0.000143,0.000627,0.000754,0.000107,-0.000379,-0.000087,0.000485,0.000716,0.000541,0.000205,-0.000338,-0.000957,-0.001309,-0.001272,-0.001254,-0.001314,-0.001033,-0.000642,-0.000400,-0.000311,-0.000253,-0.000118,0.000091,0.000393,0.000650,0.000683,0.000519,0.000322,0.000117,-0.000165,-0.000380,-0.000323,-0.000301,-0.000460,-0.000352,0.000004,0.000156,0.000086,-0.000130,-0.000285,-0.000235,-0.000169,-0.000105,-0.000190,-0.000466,-0.000740,-0.000891,-0.000340,0.000698,0.001078,0.000471,0.000068,0.000419,0.000453,0.000036,0.000076,0.000650,0.000841,0.000443,-0.000014,-0.000250,-0.000177,0.000023,0.000045,-0.000045,-0.000045,-0.000095,-0.000260,-0.000232,0.000053,0.000246,0.000324,0.000524,0.001118,0.001918,0.001742,0.000192,-0.001261,-0.001513,-0.001126,-0.000636,-0.000217,-0.000191,-0.000358,-0.000321,-0.000218,-0.000003,0.000164,0.000124,0.000076,0.000044,-0.000004,-0.000087,-0.000044,0.000090,0.000021,0.000004,0.000050,0.000099,0.000226,0.000262,0.000184,0.000140,0.000187,0.000050,-0.000163,-0.000200,-0.000121,0.000070,0.000153,0.000153,0.000088,0.000140,0.000246,0.000210,0.000099,0.000102,0.000078,0.000073,0.000193,0.000230,0.000076,-0.000024,-0.000042,0.000005,0.000090,0.000045,0.019210,0.008336,0.005891,0.005947,0.003569,-0.000958,-0.003650,-0.002329,0.001172,0.003945,0.004145,0.002800,0.001625,0.000543,-0.000277,-0.000276,0.000083,0.000493,0.000861,0.001090,0.001107,0.000412,-0.000489,-0.000506,-0.000005,0.000376,0.000539,0.000311,-0.000198,-0.000591,-0.000523,-0.000115,0.000133,0.000077,0.000153,0.000384,0.000252,-0.000351,-0.001191,-0.001864,-0.001782,-0.001083,-0.000646,-0.000293,0.000115,0.000362,0.000325,-0.000043,-0.000395,-0.000515,-0.000414,-0.000270,-0.000139,0.000047,0.000003,-0.000185,-0.000157,0.000151,0.000546,0.000657,0.000896,0.001579,0.002020,0.001734,0.001007,0.000385,0.000179,0.000053,-0.000330,-0.000653,-0.000567,-0.000269,-0.000213,-0.000381,-0.000438,-0.000375,-0.000204,0.000058,0.000164,0.000158,0.000103,0.000017,0.000012,0.000214,0.000377,0.000143,-0.000612,-0.001367,-0.001436,-0.001187,-0.000990,-0.000570,-0.000163,-0.000089,0.000118,0.000389,0.000236,-0.000041,-0.000187,-0.000311,-0.000344,-0.000275,-0.000212,-0.000137,-0.000080,0.000025,0.000166,0.000299,0.000338,0.000178,0.000072,0.000112,0.000114,0.000137,0.000177,0.000121,0.000139,0.000243,0.000056,-0.000068,-0.000052,-0.000108,-0.000185,-0.000060,0.000066,0.000058,0.000017,-0.000018,-0.000018,-0.000137,-0.000219,-0.000246,-0.000305,-0.000270,-0.000092,0.000124,0.000220,0.000200,
-0.001153,-0.003412,-0.007811,-0.007431,-0.004364,-0.002318,-0.001831,-0.001591,-0.001726,-0.001390,-0.000454,0.000230,0.000858,0.000927,0.000093,-0.000512,-0.000258,0.000362,0.000718,0.000531,0.000148,-0.000304,-0.000992,-0.001429,-0.001404,-0.001353,-0.001503,-0.001469,-0.001069,-0.000682,-0.000505,-0.000385,-0.000136,0.000166,0.000406,0.000673,0.000708,0.000422,0.000182,0.000037,-0.000217,-0.000365,-0.000303,-0.000369,-0.000479,-0.000263,0.000099,0.000090,-0.000129,-0.000155,-0.000113,-0.000127,-0.000162,-0.000085,-0.000001,-0.000210,-0.000649,-0.000781,-0.000249,0.000776,0.001168,0.000396,-0.000141,0.000475,0.001089,0.000856,0.000472,0.000591,0.000713,0.000223,-0.000331,-0.000463,-0.000301,-0.000014,0.000124,0.000036,-0.000046,-0.000241,-0.000329,-0.000296,-0.000128,0.000111,0.000265,0.000623,0.001262,0.001832,0.001529,0.000111,-0.001174,-0.001481,-0.001254,-0.000910,-0.000505,-0.000295,-0.000369,-0.000267,-0.000011,0.000069,0.000024,-0.000002,0.000038,0.000029,-0.000041,-0.000151,-0.000089,0.000074,0.000065,0.000094,0.000102,0.000160,0.000238,0.000206,0.000067,0.000007,0.000090,-0.000015,-0.000134,-0.000071,-0.000036,-0.000123,-0.000101,-0.000009,0.000043,0.000161,0.000317,0.000204,0.000029,0.000063,0.000098,0.000090,0.000157,0.000120,-0.000103,-0.000220,0.000015,0.000224,0.000215,0.000199,0.019197,0.008377,0.006399,0.006532,0.003813,-0.000879,-0.003554,-0.002175,0.001270,0.004001,0.004174,0.002811,0.001646,0.000505,-0.000201,-0.000107,0.000280,0.000544,0.000746,0.001084,0.001092,0.000455,-0.000297,-0.000407,-0.000087,0.000417,0.000721,0.000437,-0.000181,-0.000557,-0.000375,0.000104,0.000191,0.000061,0.000042,0.000098,0.000125,-0.000278,-0.001134,-0.001758,-0.001631,-0.000958,-0.000472,-0.000226,0.000117,0.000425,0.000304,-0.000104,-0.000353,-0.000483,-0.000382,-0.000126,0.000004,-0.000051,-0.000122,-0.000135,-0.000051,0.000259,0.000689,0.000717,0.000630,0.001243,0.001973,0.001618,0.000588,0.000068,0.000086,0.000116,-0.000200,-0.000514,-0.000435,-0.000209,-0.000256,-0.000483,-0.000499,-0.000371,-0.000123,0.000180,0.000317,0.000197,-0.000097,-0.000190,-0.000042,0.000140,0.000179,-0.000147,-0.000826,-0.001379,-0.001424,-0.001179,-0.000833,-0.000308,-0.000019,0.000029,0.000226,0.000393,0.000365,0.000149,-0.000084,-0.000183,-0.000266,-0.000248,-0.000160,-0.000156,-0.000137,0.000024,0.000267,0.000343,0.000342,0.000238,0.000019,0.000032,0.000085,0.000065,0.000133,0.000164,0.000113,0.000125,0.000145,0.000147,0.000109,0.000005,-0.000008,0.000060,0.000049,0.000007,-0.000014,-0.000021,-0.000120,-0.000147,-0.000187,-0.000277,-0.000240,-0.000137,0.000012,0.000233,0.000264,0.000149,
-0.001103,-0.003146,-0.007527,-0.007245,-0.004223,-0.002125,-0.001679,-0.001524,-0.001679,-0.001458,-0.000486,0.000228,0.000760,0.000825,0.000102,-0.000438,-0.000191,0.000462,0.000871,0.000738,0.000367,-0.000237,-0.001026,-0.001428,-0.001293,-0.001218,-0.001334,-0.001218,-0.000849,-0.000453,-0.000276,-0.000172,0.000056,0.000213,0.000450,0.000718,0.000734,0.000473,0.000122,-0.000123,-0.000257,-0.000292,-0.000314,-0.000356,-0.000268,-0.000024,0.000223,0.000234,0.000003,-0.000105,-0.000233,-0.000479,-0.000449,-0.000211,-0.000072,-0.000181,-0.000656,-0.000898,-0.000275,0.000820,0.001189,0.000450,-0.000117,0.000464,0.001074,0.000754,0.000523,0.000771,0.000759,0.000374,-0.000039,-0.000162,-0.000045,-0.000011,-0.000067,0.000012,0.000012,-0.000189,-0.000405,-0.000377,-0.000194,0.000079,0.000385,0.000687,0.001295,0.001910,0.001556,0.000079,-0.001337,-0.001607,-0.001200,-0.000735,-0.000265,-0.000196,-0.000356,-0.000232,-0.000047,-0.000029,-0.000032,0.000033,0.000036,0.000023,0.000020,0.000002,0.000007,0.000001,-0.000096,-0.000033,0.000165,0.000252,0.000307,0.000187,0.000073,0.000227,0.000287,0.000122,-0.000040,-0.000139,-0.000151,-0.000031,0.000081,0.000117,0.000122,0.000134,0.000153,0.000183,0.000237,0.000179,0.000125,0.000128,0.000101,0.000091,0.000015,-0.000065,-0.000051,0.000050,0.000134,0.000236,0.018984,0.008415,0.006499,0.006480,0.003791,-0.000842,-0.003519,-0.002213,0.001211,0.003999,0.004130,0.002756,0.001587,0.000522,-0.000081,0.000011,0.000301,0.000579,0.000811,0.001013,0.001072,0.000448,-0.000435,-0.000531,-0.000090,0.000346,0.000553,0.000277,-0.000279,-0.000539,-0.000232,0.000244,0.000330,0.000088,-0.000041,0.000025,0.000015,-0.000269,-0.000933,-0.001629,-0.001614,-0.000973,-0.000459,-0.000224,0.000117,0.000460,0.000410,0.000152,-0.000107,-0.000318,-0.000289,-0.000147,0.000004,0.000011,-0.000034,-0.000006,0.000004,0.000248,0.000647,0.000673,0.000564,0.001264,0.002227,0.002171,0.001263,0.000586,0.000432,0.000223,-0.000202,-0.000426,-0.000361,-0.000220,-0.000148,-0.000446,-0.000691,-0.000572,-0.000223,0.000145,0.000354,0.000302,0.000044,-0.000147,-0.000117,0.000162,0.000349,-0.000003,-0.000814,-0.001476,-0.001567,-0.001237,-0.000873,-0.000393,-0.000028,0.000000,0.000008,0.000130,0.000081,-0.000082,-0.000251,-0.000351,-0.000324,-0.000215,-0.000112,-0.000063,0.000016,0.000076,0.000152,0.000263,0.000242,0.000065,0.000018,0.000058,0.000067,0.000164,0.000291,0.000278,0.000236,0.000231,0.000235,0.000129,0.000045,0.000003,0.000012,0.000041,0.000081,0.000063,0.000088,0.000039,-0.000087,-0.000194,-0.000234,-0.000269,-0.000202,-0.000064,0.000099,0.000302,0.000461,0.000444,
-0.001488,-0.003124,-0.007372,-0.007222,-0.004347,-0.002124,-0.001493,-0.001385,-0.001600,-0.001427,-0.000653,-0.000024,0.000567,0.000773,0.000118,-0.000440,-0.000277,0.000399,0.000836,0.000679,0.000331,-0.000251,-0.001089,-0.001493,-0.001288,-0.001210,-0.001316,-0.001108,-0.000656,-0.000461,-0.000445,-0.000366,-0.000260,-0.000015,0.000401,0.000781,0.000751,0.000514,0.000319,0.000074,-0.000210,-0.000344,-0.000288,-0.000369,-0.000586,-0.000353,0.000102,0.000210,0.000110,0.000022,-0.000135,-0.000304,-0.000259,-0.000164,-0.000103,-0.000162,-0.000508,-0.000756,-0.000287,0.000740,0.001231,0.000561,-0.000174,0.000112,0.000650,0.000564,0.000297,0.000396,0.000450,0.000198,-0.000179,-0.000311,-0.000113,-0.000101,-0.000200,-0.000122,-0.000008,-0.000166,-0.000431,-0.000406,-0.000138,0.000109,0.000290,0.000697,0.001359,0.001964,0.001627,0.000166,-0.001236,-0.001529,-0.001267,-0.000873,-0.000307,-0.000152,-0.000318,-0.000282,-0.000212,-0.000151,-0.000146,-0.000095,-0.000063,-0.000110,-0.000185,-0.000151,0.000046,0.000120,0.000052,0.000043,0.000121,0.000148,0.000171,0.000222,0.000115,0.000035,0.000073,0.000077,-0.000051,-0.000175,-0.000220,-0.000188,-0.000085,0.000032,0.000049,0.000064,0.000123,0.000141,0.000063,-0.000050,-0.000017,0.000067,0.000055,-0.000014,-0.000094,-0.000146,-0.000072,0.000040,0.000168,0.000258,0.018900,0.008383,0.006507,0.006604,0.003834,-0.000871,-0.003648,-0.002327,0.001240,0.004029,0.004073,0.002606,0.001520,0.000526,-0.000102,-0.000038,0.000174,0.000440,0.000822,0.001152,0.001164,0.000413,-0.000486,-0.000550,-0.000017,0.000411,0.000509,0.000158,-0.000394,-0.000681,-0.000542,-0.000204,-0.000024,-0.000052,-0.000013,0.000079,-0.000000,-0.000449,-0.001175,-0.001735,-0.001625,-0.000992,-0.000554,-0.000331,0.000066,0.000380,0.000335,-0.000040,-0.000360,-0.000416,-0.000399,-0.000225,-0.000106,-0.000064,-0.000083,-0.000125,-0.000117,0.000201,0.000631,0.000649,0.000735,0.001422,0.002144,0.001957,0.001126,0.000507,0.000383,0.000309,-0.000044,-0.000433,-0.000367,-0.000102,-0.000018,-0.000242,-0.000571,-0.000566,-0.000200,0.000254,0.000428,0.000269,0.000016,-0.000111,-0.000077,0.000044,0.000186,-0.000034,-0.000701,-0.001324,-0.001472,-0.001213,-0.000954,-0.000512,-0.000112,-0.000001,0.000177,0.000384,0.000243,0.000023,-0.000105,-0.000218,-0.000249,-0.000259,-0.000266,-0.000229,-0.000150,-0.000088,0.000075,0.000221,0.000202,0.000114,0.000076,0.000089,-0.000010,0.000076,0.000197,0.000130,0.000081,0.000126,0.000153,0.000147,0.000014,-0.000123,-0.000041,0.000028,0.000026,0.000057,0.000009,-0.000060,-0.000131,-0.000204,-0.000306,-0.000348,-0.000218,-0.000133,0.000058,0.000179,0.000171,0.000183,
-0.001768,-0.003136,-0.007394,-0.007314,-0.004320,-0.002019,-0.001425,-0.001361,-0.001712,-0.001594,-0.000682,0.000009,0.000597,0.000784,0.000135,-0.000413,-0.000212,0.000391,0.000757,0.000679,0.000300,-0.000262,-0.000913,-0.001402,-0.001481,-0.001351,-0.001247,-0.000926,-0.000462,-0.000232,-0.000275,-0.000325,-0.000168,0.000038,0.000372,0.000777,0.000784,0.000482,0.000188,-0.000110,-0.000344,-0.000324,-0.000260,-0.000349,-0.000455,-0.000263,0.000065,0.000158,0.000105,0.000012,-0.000139,-0.000209,-0.000161,-0.000092,-0.000152,-0.000255,-0.000509,-0.000738,-0.000297,0.000660,0.001006,0.000349,-0.000118,0.000467,0.000998,0.000588,0.000190,0.000314,0.000393,0.000089,-0.000314,-0.000419,-0.000234,-0.000060,-0.000161,-0.000196,-0.000113,-0.000266,-0.000400,-0.000343,-0.000172,0.000049,0.000311,0.000642,0.001309,0.001947,0.001599,0.000141,-0.001193,-0.001490,-0.001220,-0.000783,-0.000269,-0.000132,-0.000413,-0.000436,-0.000218,-0.000057,0.000071,0.000062,0.000054,-0.000038,-0.000172,-0.000087,0.000067,0.000053,0.000025,0.000039,0.000115,0.000137,0.000178,0.000265,0.000205,0.000123,0.000113,0.000054,-0.000050,-0.000093,-0.000186,-0.000150,0.000008,0.000077,0.000010,0.000057,0.000163,0.000144,0.000123,0.000075,0.000089,0.000121,0.000148,0.000153,0.000019,-0.000114,-0.000090,0.000045,0.000102,0.000123,0.018671,0.008173,0.006365,0.006326,0.003539,-0.001069,-0.003672,-0.002306,0.001203,0.004021,0.004147,0.002763,0.001576,0.000555,-0.000064,-0.000037,0.000244,0.000460,0.000742,0.001131,0.001127,0.000299,-0.000544,-0.000609,-0.000175,0.000295,0.000532,0.000277,-0.000252,-0.000676,-0.000669,-0.000318,-0.000031,0.000079,0.000031,-0.000017,-0.000130,-0.000598,-0.001321,-0.001808,-0.001588,-0.000970,-0.000587,-0.000341,0.000114,0.000562,0.000439,-0.000080,-0.000350,-0.000416,-0.000396,-0.000246,-0.000062,0.000028,-0.000069,-0.000206,-0.000159,0.000230,0.000707,0.000790,0.000916,0.001602,0.002232,0.001820,0.000831,0.000210,0.000210,0.000351,0.000088,-0.000209,-0.000208,-0.000107,-0.000283,-0.000608,-0.000676,-0.000596,-0.000328,0.000136,0.000394,0.000300,0.000118,-0.000089,-0.000111,0.000077,0.000249,-0.000013,-0.000823,-0.001556,-0.001606,-0.001223,-0.000966,-0.000567,-0.000098,0.000093,0.000176,0.000273,0.000173,-0.000087,-0.000244,-0.000262,-0.000222,-0.000147,-0.000084,-0.000024,-0.000064,-0.000233,-0.000116,0.000117,0.000185,0.000114,0.000006,0.000004,0.000084,0.000158,0.000245,0.000265,0.000169,0.000089,0.000018,-0.000024,-0.000059,-0.000070,-0.000104,-0.000100,-0.000023,-0.000024,0.000026,0.000082,-0.000054,-0.000087,-0.000085,-0.000211,-0.000178,-0.000050,0.000144,0.000306,0.000253,0.000162,
-0.001397,-0.002808,-0.007065,-0.006983,-0.004086,-0.001854,-0.001278,-0.001208,-0.001576,-0.001527,-0.000705,0.000046,0.000775,0.000961,0.000296,-0.000361,-0.000257,0.000353,0.000750,0.000535,0.000099,-0.000333,-0.000908,-0.001305,-0.001297,-0.001205,-0.001208,-0.000978,-0.000535,-0.000268,-0.000333,-0.000377,-0.000176,0.000148,0.000437,0.000716,0.000695,0.000439,0.000255,0.000138,-0.000108,-0.000335,-0.000364,-0.000337,-0.000362,-0.000191,0.000133,0.000247,0.000196,0.000124,-0.000048,-0.000257,-0.000372,-0.000290,-0.000033,-0.000064,-0.000483,-0.000784,-0.000322,0.000771,0.001081,0.000126,-0.000551,0.000017,0.000694,0.000548,0.000121,0.000150,0.000360,0.000138,-0.000258,-0.000379,-0.000206,-0.000045,-0.000086,-0.000015,0.000028,-0.000172,-0.000336,-0.000288,-0.000152,0.000010,0.000206,0.000610,0.001377,0.001925,0.001494,0.000010,-0.001308,-0.001454,-0.001096,-0.000685,-0.000237,-0.000135,-0.000298,-0.000336,-0.000237,-0.000097,0.000069,0.000230,0.000174,0.000025,-0.000043,-0.000032,0.000047,0.000056,0.000111,0.000152,0.000138,0.000080,0.000115,0.000257,0.000275,0.000214,0.000210,0.000146,0.000021,-0.000094,-0.000144,-0.000067,-0.000003,0.000072,0.000175,0.000234,0.000253,0.000275,0.000203,0.000086,0.000134,0.000153,0.000096,0.000066,-0.000056,-0.000087,-0.000011,0.000056,0.000109,0.000232,0.018659,0.008320,0.006485,0.006397,0.003571,-0.001071,-0.003735,-0.002222,0.001328,0.003921,0.003893,0.002611,0.001658,0.000592,-0.000088,-0.000056,0.000197,0.000468,0.000764,0.001103,0.001156,0.000471,-0.000408,-0.000562,-0.000147,0.000321,0.000508,0.000264,-0.000269,-0.000734,-0.000766,-0.000344,-0.000101,-0.000043,0.000050,0.000069,-0.000008,-0.000389,-0.001129,-0.001721,-0.001590,-0.000913,-0.000568,-0.000418,0.000041,0.000510,0.000452,0.000021,-0.000366,-0.000506,-0.000356,-0.000155,-0.000070,-0.000140,-0.000196,-0.000115,0.000006,0.000287,0.000632,0.000668,0.000641,0.001216,0.001994,0.001758,0.000747,0.000038,-0.000045,0.000081,-0.000091,-0.000449,-0.000467,-0.000261,-0.000140,-0.000223,-0.000412,-0.000380,-0.000141,0.000154,0.000262,0.000121,-0.000084,-0.000142,-0.000044,0.000054,0.000246,0.000003,-0.000811,-0.001480,-0.001498,-0.001142,-0.000805,-0.000368,-0.000108,-0.000138,0.000049,0.000389,0.000366,0.000142,-0.000003,-0.000223,-0.000410,-0.000387,-0.000177,-0.000083,-0.000102,-0.000066,0.000017,0.000229,0.000261,0.000153,0.000051,-0.000041,0.000038,0.000229,0.000269,0.000262,0.000244,0.000229,0.000213,0.000125,0.000041,0.000006,-0.000065,-0.000091,-0.000023,0.000071,0.000175,0.000175,0.000040,-0.000173,-0.000317,-0.000253,-0.000244,-0.000169,0.000058,0.000244,0.000279,0.000170,
-0.000936,-0.002320,-0.006690,-0.006774,-0.004085,-0.001969,-0.001470,-0.001368,-0.001521,-0.001418,-0.000539,0.000155,0.000691,0.000830,0.000177,-0.000325,-0.000096,0.000497,0.000821,0.000571,0.000115,-0.000446,-0.001110,-0.001466,-0.001426,-0.001315,-0.001346,-0.001098,-0.000525,-0.000195,-0.000257,-0.000295,-0.000180,0.000013,0.000388,0.000814,0.000795,0.000550,0.000316,0.000062,-0.000208,-0.000394,-0.000425,-0.000375,-0.000290,-0.000111,0.000072,0.000140,0.000152,0.000004,-0.000170,-0.000188,-0.000232,-0.000242,-0.000156,-0.000259,-0.000646,-0.000790,-0.000169,0.000858,0.001304,0.000680,0.000112,0.000409,0.000633,0.000419,0.000401,0.000619,0.000618,0.000340,-0.000098,-0.000334,-0.000200,0.000002,-0.000062,-0.000222,-0.000272,-0.000370,-0.000463,-0.000324,-0.000069,0.000056,0.000170,0.000477,0.001148,0.001881,0.001577,0.000041,-0.001337,-0.001593,-0.001174,-0.000686,-0.000263,-0.000163,-0.000386,-0.000380,-0.000174,-0.000055,0.000066,0.000224,0.000164,-0.000019,-0.000085,-0.000019,0.000021,-0.000015,-0.000043,-0.000022,0.000090,0.000050,0.000016,0.000063,0.000080,0.000050,0.000074,0.000070,-0.000036,-0.000127,-0.000080,-0.000023,-0.000074,-0.000006,0.000045,0.000067,0.000177,0.000157,0.000047,-0.000021,0.000024,0.000037,-0.000101,-0.000085,0.000054,0.000080,0.000070,0.000154,0.000181,0.000187,0.018605,0.008335,0.006508,0.006531,0.003720,-0.001017,-0.003697,-0.002354,0.001195,0.003947,0.003959,0.002602,0.001585,0.000515,-0.000113,0.000034,0.000340,0.000583,0.000863,0.001209,0.001203,0.000474,-0.000320,-0.000480,-0.000217,0.000210,0.000500,0.000272,-0.000306,-0.000640,-0.000545,-0.000240,-0.000076,-0.000047,0.000035,0.000105,0.000000,-0.000449,-0.001190,-0.001787,-0.001613,-0.000948,-0.000517,-0.000289,0.000090,0.000460,0.000376,-0.000035,-0.000313,-0.000408,-0.000322,-0.000113,-0.000034,0.000015,0.000006,-0.000131,-0.000077,0.000244,0.000689,0.000802,0.000791,0.001314,0.001832,0.001545,0.000933,0.000604,0.000303,0.000050,-0.000206,-0.000516,-0.000646,-0.000467,-0.000294,-0.000390,-0.000519,-0.000468,-0.000260,-0.000030,0.000256,0.000255,-0.000036,-0.000140,-0.000012,0.000227,0.000278,-0.000032,-0.000733,-0.001485,-0.001579,-0.001161,-0.000791,-0.000375,-0.000070,-0.000009,0.000129,0.000281,0.000198,0.000020,-0.000104,-0.000136,-0.000213,-0.000324,-0.000244,-0.000120,-0.000118,-0.000136,0.000045,0.000266,0.000316,0.000277,0.000111,0.000001,0.000165,0.000325,0.000354,0.000281,0.000208,0.000219,0.000152,0.000050,0.000046,-0.000005,-0.000074,-0.000104,0.000035,0.000239,0.000171,0.000030,0.000015,-0.000039,-0.000183,-0.000285,-0.000247,-0.000128,-0.000003,0.000136,0.000215,0.000097,
-0.000193,-0.001776,-0.006111,-0.006332,-0.003814,-0.001796,-0.001394,-0.001297,-0.001519,-0.001339,-0.000433,0.000142,0.000670,0.000913,0.000303,-0.000239,-0.000028,0.000480,0.000804,0.000665,0.000277,-0.000282,-0.001010,-0.001407,-0.001358,-0.001251,-0.001303,-0.001260,-0.000994,-0.000653,-0.000505,-0.000486,-0.000284,0.000067,0.000397,0.000659,0.000623,0.000462,0.000205,-0.000127,-0.000397,-0.000468,-0.000416,-0.000363,-0.000380,-0.000136,0.000212,0.000215,-0.000008,-0.000140,-0.000207,-0.000305,-0.000306,-0.000206,-0.000153,-0.000235,-0.000573,-0.000922,-0.000359,0.000762,0.000973,0.000060,-0.000409,0.000213,0.000633,0.000395,0.000233,0.000508,0.000618,0.000274,-0.000268,-0.000562,-0.000408,-0.000106,-0.000013,-0.000015,-0.000017,-0.000181,-0.000327,-0.000237,-0.000006,0.000172,0.000306,0.000525,0.001207,0.001860,0.001435,0.000047,-0.001102,-0.001361,-0.001184,-0.000821,-0.000381,-0.000277,-0.000333,-0.000290,-0.000073,0.000046,0.000085,0.000130,0.000106,0.000015,-0.000083,-0.000051,0.000102,0.000165,0.000209,0.000202,0.000141,0.000229,0.000316,0.000307,0.000294,0.000106,-0.000020,-0.000013,0.000000,0.000032,-0.000051,-0.000116,0.000031,0.000172,0.000094,0.000074,0.000174,0.000147,0.000038,0.000055,0.000127,0.000138,0.000189,0.000185,0.000029,-0.000158,-0.000082,0.000046,0.000072,0.000189,0.018411,0.008420,0.006950,0.006995,0.003903,-0.001049,-0.003732,-0.002365,0.001172,0.003945,0.003956,0.002534,0.001524,0.000607,0.000100,0.000144,0.000292,0.000515,0.000819,0.001143,0.001055,0.000307,-0.000455,-0.000493,-0.000052,0.000389,0.000527,0.000139,-0.000422,-0.000720,-0.000636,-0.000220,0.000041,0.000007,0.000007,0.000089,-0.000017,-0.000428,-0.001177,-0.001809,-0.001644,-0.000966,-0.000594,-0.000420,0.000109,0.000519,0.000393,0.000039,-0.000165,-0.000358,-0.000359,-0.000160,-0.000045,0.000010,-0.000088,-0.000131,0.000036,0.000320,0.000674,0.000714,0.000669,0.001287,0.002028,0.001655,0.000559,-0.000001,0.000065,0.000131,-0.000217,-0.000557,-0.000444,-0.000186,-0.000175,-0.000402,-0.000480,-0.000356,-0.000224,0.000132,0.000470,0.000363,0.000039,-0.000093,-0.000021,0.000121,0.000182,-0.000202,-0.000944,-0.001479,-0.001420,-0.001160,-0.000924,-0.000496,-0.000073,0.000129,0.000305,0.000353,0.000257,0.000129,-0.000029,-0.000138,-0.000277,-0.000281,-0.000197,-0.000242,-0.000234,-0.000119,0.000078,0.000210,0.000171,0.000099,-0.000068,-0.000163,0.000008,0.000199,0.000226,0.000246,0.000274,0.000177,0.000083,0.000006,-0.000087,-0.000130,-0.000093,-0.000042,0.000106,0.000276,0.000252,0.000135,0.000022,-0.000150,-0.000316,-0.000368,-0.000233,-0.000093,-0.000019,0.000136,0.000304,0.000333,
-0.000662,-0.001983,-0.006348,-0.006357,-0.003722,-0.001686,-0.001153,-0.001100,-0.001424,-0.001337,-0.000621,-0.000037,0.000605,0.000785,0.000104,-0.000357,-0.000009,0.000532,0.000856,0.000666,0.000204,-0.000400,-0.001054,-0.001344,-0.001304,-0.001210,-0.001267,-0.001278,-0.000981,-0.000586,-0.000359,-0.000199,0.000098,0.000399,0.000476,0.000450,0.000371,0.000216,0.000008,-0.000147,-0.000297,-0.000428,-0.000321,-0.000222,-0.000223,-0.000090,0.000021,0.000033,-0.000005,-0.000097,-0.000270,-0.000360,-0.000314,-0.000203,-0.000095,-0.000199,-0.000556,-0.000846,-0.000347,0.000771,0.001243,0.000420,-0.000176,0.000552,0.001221,0.000922,0.000570,0.000700,0.000722,0.000333,-0.000131,-0.000288,-0.000128,0.000042,0.000091,0.000105,-0.000077,-0.000320,-0.000367,-0.000308,-0.000114,0.000200,0.000460,0.000716,0.001334,0.001955,0.001537,-0.000011,-0.001384,-0.001632,-0.001296,-0.000792,-0.000267,-0.000073,-0.000293,-0.000362,-0.000153,0.000017,0.000055,0.000033,0.000006,0.000042,-0.000003,-0.000061,-0.000052,-0.000042,-0.000002,0.000076,0.000118,0.000118,0.000215,0.000304,0.000284,0.000230,0.000287,0.000176,-0.000080,-0.000121,-0.000011,0.000049,-0.000014,-0.000030,-0.000022,0.000062,0.000239,0.000207,0.000123,0.000144,0.000128,0.000041,0.000104,0.000040,-0.000262,-0.000307,-0.000038,0.000219,0.000302,0.000338,0.018629,0.008684,0.007057,0.006903,0.003816,-0.001054,-0.003775,-0.002415,0.001143,0.003876,0.003898,0.002522,0.001534,0.000624,-0.000008,0.000028,0.000200,0.000509,0.000833,0.001082,0.001035,0.000323,-0.000450,-0.000488,-0.000105,0.000286,0.000567,0.000303,-0.000297,-0.000647,-0.000407,0.000150,0.000326,0.000102,-0.000112,-0.000044,-0.000026,-0.000407,-0.001164,-0.001800,-0.001666,-0.000947,-0.000463,-0.000265,0.000097,0.000531,0.000418,-0.000066,-0.000283,-0.000416,-0.000343,-0.000201,-0.000164,-0.000122,-0.000113,-0.000144,-0.000090,0.000330,0.000863,0.000799,0.000718,0.001427,0.002240,0.002109,0.001177,0.000437,0.000334,0.000306,-0.000122,-0.000422,-0.000402,-0.000379,-0.000343,-0.000433,-0.000622,-0.000539,-0.000211,0.000159,0.000369,0.000350,0.000159,-0.000068,-0.000108,0.000123,0.000290,-0.000044,-0.000844,-0.001542,-0.001590,-0.001303,-0.000982,-0.000425,-0.000180,-0.000117,0.000138,0.000236,0.000138,0.000059,0.000030,-0.000000,-0.000077,-0.000202,-0.000285,-0.000170,-0.000042,-0.000057,0.000010,0.000164,0.000238,0.000166,0.000032,-0.000016,0.000086,0.000271,0.000311,0.000311,0.000334,0.000267,0.000183,0.000138,0.000109,0.000018,-0.000057,-0.000104,-0.000072,0.000030,0.000039,-0.000073,-0.000072,-0.000060,-0.000176,-0.000245,-0.000183,-0.000104,-0.000027,0.000130,0.000286,0.000253,
-0.000236,-0.001516,-0.006095,-0.006400,-0.003731,-0.001659,-0.001132,-0.000995,-0.001291,-0.001170,-0.000404,0.000176,0.000672,0.000753,0.000142,-0.000246,-0.000009,0.000436,0.000706,0.000426,-0.000054,-0.000474,-0.001111,-0.001431,-0.001277,-0.001241,-0.001318,-0.001134,-0.000778,-0.000407,-0.000253,-0.000265,-0.000298,-0.000126,0.000378,0.000801,0.000895,0.000692,0.000385,0.000084,-0.000234,-0.000300,-0.000186,-0.000321,-0.000469,-0.000337,-0.000057,0.000184,0.000211,0.000026,-0.000117,-0.000244,-0.000367,-0.000250,0.000000,-0.000051,-0.000541,-0.000936,-0.000402,0.000784,0.001219,0.000449,-0.000289,0.000097,0.000647,0.000467,0.000261,0.000465,0.000638,0.000348,-0.000219,-0.000296,-0.000006,0.000174,0.000126,-0.000013,-0.000135,-0.000320,-0.000516,-0.000467,-0.000236,0.000027,0.000281,0.000623,0.001353,0.001969,0.001555,0.000037,-0.001248,-0.001496,-0.001282,-0.000817,-0.000299,-0.000287,-0.000455,-0.000292,-0.000068,0.000040,0.000057,0.000003,0.000043,0.000093,0.000027,-0.000067,-0.000081,0.000025,0.000107,0.000093,0.000103,0.000116,0.000177,0.000201,0.000155,0.000113,0.000181,0.000213,0.000041,-0.000073,-0.000088,-0.000040,0.000017,0.000112,0.000147,0.000162,0.000188,0.000193,0.000120,0.000141,0.000248,0.000259,0.000083,-0.000051,-0.000069,-0.000009,0.000090,0.000146,0.000209,0.000265,0.018544,0.008779,0.007351,0.007182,0.003804,-0.001210,-0.004006,-0.002586,0.001053,0.003809,0.003834,0.002541,0.001726,0.000863,0.000101,0.000092,0.000337,0.000566,0.000796,0.001073,0.001075,0.000326,-0.000461,-0.000432,-0.000023,0.000309,0.000412,0.000066,-0.000447,-0.000692,-0.000444,-0.000031,0.000087,0.000040,0.000113,0.000190,0.000107,-0.000339,-0.001131,-0.001668,-0.001513,-0.000938,-0.000566,-0.000381,0.000039,0.000396,0.000298,-0.000093,-0.000271,-0.000368,-0.000399,-0.000242,-0.000125,-0.000040,-0.000060,-0.000131,-0.000023,0.000358,0.000787,0.000734,0.000670,0.001430,0.002329,0.002303,0.001399,0.000600,0.000345,0.000245,-0.000087,-0.000313,-0.000180,-0.000031,-0.000128,-0.000377,-0.000602,-0.000624,-0.000317,-0.000027,0.000132,0.000212,0.000093,0.000017,0.000102,0.000193,0.000335,0.000047,-0.000817,-0.001475,-0.001496,-0.001117,-0.000740,-0.000256,0.000037,0.000045,0.000179,0.000305,0.000250,0.000045,-0.000163,-0.000276,-0.000309,-0.000330,-0.000277,-0.000222,-0.000152,-0.000122,-0.000060,0.000108,0.000115,0.000108,0.000068,0.000051,0.000145,0.000211,0.000153,0.000131,0.000088,0.000002,-0.000038,0.000051,0.000087,0.000036,-0.000100,-0.000193,-0.000104,0.000054,0.000072,0.000078,0.000021,-0.000169,-0.000277,-0.000243,-0.000148,-0.000052,0.000174,0.000248,0.000193,0.000181,
0.000310,-0.001231,-0.005878,-0.006215,-0.003650,-0.001587,-0.001175,-0.001110,-0.001272,-0.001121,-0.000364,0.000200,0.000655,0.000761,0.000107,-0.000358,-0.000089,0.000391,0.000650,0.000518,0.000063,-0.000525,-0.001208,-0.001624,-0.001463,-0.001239,-0.001198,-0.000998,-0.000536,-0.000222,-0.000267,-0.000320,-0.000234,0.000022,0.000340,0.000614,0.000709,0.000575,0.000310,-0.000030,-0.000335,-0.000418,-0.000380,-0.000430,-0.000467,-0.000275,-0.000065,-0.000002,-0.000013,-0.000040,-0.000149,-0.000356,-0.000380,-0.000223,-0.000037,-0.000076,-0.000596,-0.000859,-0.000286,0.000800,0.001265,0.000604,0.000132,0.000507,0.000767,0.000417,0.000114,0.000293,0.000442,0.000200,-0.000180,-0.000278,-0.000156,-0.000056,-0.000111,-0.000173,-0.000203,-0.000319,-0.000376,-0.000347,-0.000160,0.000019,0.000249,0.000670,0.001422,0.002084,0.001615,-0.000050,-0.001436,-0.001608,-0.001273,-0.000827,-0.000369,-0.000191,-0.000330,-0.000392,-0.000301,-0.000179,-0.000057,0.000011,-0.000035,-0.000098,-0.000047,-0.000033,-0.000095,-0.000081,-0.000027,0.000047,0.000107,0.000127,0.000211,0.000189,0.000151,0.000139,0.000074,0.000052,0.000012,-0.000142,-0.000228,-0.000179,-0.000106,0.000036,0.000062,0.000095,0.000307,0.000276,0.000094,-0.000040,-0.000057,-0.000020,0.000030,0.000056,-0.000014,-0.000039,0.000107,0.000285,0.000246,0.000221,0.018690,0.009070,0.007754,0.007415,0.003812,-0.001252,-0.003877,-0.002445,0.001111,0.003916,0.003956,0.002573,0.001641,0.000722,0.000015,-0.000018,0.000198,0.000498,0.000835,0.001150,0.001130,0.000386,-0.000484,-0.000473,0.000066,0.000426,0.000486,0.000119,-0.000401,-0.000659,-0.000489,-0.000176,-0.000141,-0.000208,-0.000127,-0.000032,-0.000080,-0.000414,-0.001168,-0.001747,-0.001589,-0.000927,-0.000496,-0.000271,0.000119,0.000434,0.000388,-0.000038,-0.000305,-0.000358,-0.000325,-0.000091,0.000093,0.000003,-0.000041,-0.000037,-0.000032,0.000383,0.000903,0.000879,0.000749,0.001334,0.002015,0.001710,0.000822,0.000303,0.000255,0.000226,0.000015,-0.000278,-0.000361,-0.000286,-0.000313,-0.000473,-0.000562,-0.000510,-0.000195,0.000205,0.000355,0.000302,0.000103,-0.000076,-0.000069,0.000114,0.000157,-0.000198,-0.000866,-0.001423,-0.001407,-0.001095,-0.000737,-0.000358,-0.000062,-0.000032,0.000045,0.000185,0.000137,0.000033,-0.000068,-0.000245,-0.000309,-0.000211,-0.000164,-0.000142,-0.000187,-0.000132,0.000132,0.000274,0.000155,0.000034,0.000003,0.000048,0.000088,0.000204,0.000289,0.000224,0.000146,0.000109,0.000088,0.000029,0.000053,-0.000077,-0.000148,-0.000126,-0.000091,0.000072,0.000171,0.000152,-0.000023,-0.000098,-0.000038,-0.000037,-0.000095,-0.000124,-0.000043,0.000127,0.000252,0.000227,
0.000208,-0.001077,-0.005942,-0.006404,-0.003702,-0.001633,-0.001177,-0.001085,-0.001373,-0.001277,-0.000502,0.000117,0.000609,0.000653,0.000061,-0.000281,-0.000081,0.000289,0.000573,0.000444,0.000028,-0.000494,-0.001011,-0.001324,-0.001398,-0.001301,-0.001272,-0.001074,-0.000646,-0.000374,-0.000377,-0.000444,-0.000346,-0.000026,0.000422,0.000756,0.000780,0.000438,0.000076,-0.000090,-0.000217,-0.000293,-0.000291,-0.000379,-0.000497,-0.000290,0.000111,0.000207,0.000095,-0.000025,-0.000168,-0.000295,-0.000315,-0.000160,-0.000071,-0.000310,-0.000763,-0.000964,-0.000382,0.000752,0.001009,0.000058,-0.000545,0.000096,0.000787,0.000467,0.000052,0.000113,0.000228,0.000057,-0.000231,-0.000236,-0.000086,-0.000032,-0.000039,-0.000085,-0.000083,-0.000236,-0.000460,-0.000332,-0.000021,0.000232,0.000391,0.000680,0.001285,0.001733,0.001255,-0.000148,-0.001310,-0.001536,-0.001211,-0.000647,-0.000149,-0.000167,-0.000486,-0.000440,-0.000149,0.000020,0.000118,0.000223,0.000181,0.000062,0.000037,0.000046,0.000029,0.000115,0.000193,0.000156,0.000164,0.000227,0.000268,0.000262,0.000202,0.000152,0.000094,0.000086,0.000007,-0.000162,-0.000170,-0.000128,-0.000045,0.000004,-0.000008,0.000176,0.000328,0.000272,0.000177,0.000073,0.000060,0.000182,0.000179,0.000123,0.000061,0.000003,0.000004,0.000016,0.000173,0.000344,0.018767,0.009206,0.007768,0.007399,0.003925,-0.001128,-0.003973,-0.002509,0.001208,0.003875,0.003905,0.002545,0.001552,0.000738,0.000076,-0.000014,0.000215,0.000456,0.000736,0.001135,0.001134,0.000382,-0.000461,-0.000453,0.000049,0.000386,0.000470,0.000121,-0.000460,-0.000836,-0.000724,-0.000345,-0.000165,-0.000118,0.000015,0.000132,-0.000000,-0.000438,-0.001219,-0.001872,-0.001690,-0.000977,-0.000525,-0.000290,0.000176,0.000528,0.000367,-0.000063,-0.000286,-0.000347,-0.000351,-0.000194,0.000015,0.000080,-0.000005,-0.000142,-0.000157,0.000196,0.000622,0.000706,0.000801,0.001474,0.002254,0.002018,0.000889,0.000149,0.000068,0.000060,-0.000098,-0.000315,-0.000435,-0.000403,-0.000351,-0.000397,-0.000417,-0.000450,-0.000171,0.000281,0.000428,0.000216,-0.000075,-0.000136,-0.000017,0.000204,0.000261,-0.000158,-0.000834,-0.001427,-0.001500,-0.001183,-0.000830,-0.000298,-0.000002,0.000042,0.000197,0.000393,0.000326,0.000107,-0.000071,-0.000259,-0.000328,-0.000210,-0.000135,-0.000126,-0.000191,-0.000086,0.000185,0.000257,0.000242,0.000123,-0.000119,-0.000060,0.000161,0.000246,0.000305,0.000300,0.000253,0.000212,0.000195,0.000111,0.000001,-0.000024,-0.000149,-0.000097,-0.000035,-0.000107,-0.000048,0.000031,-0.000052,-0.000179,-0.000221,-0.000143,-0.000097,-0.000093,0.000015,0.000133,0.000255,0.000252,
0.000786,-0.000572,-0.005480,-0.006151,-0.003705,-0.001637,-0.001082,-0.000900,-0.001134,-0.001129,-0.000362,0.000296,0.000725,0.000717,0.000155,-0.000265,-0.000020,0.000575,0.000823,0.000570,0.000147,-0.000378,-0.001058,-0.001476,-0.001412,-0.001174,-0.001027,-0.000928,-0.000684,-0.000319,-0.000283,-0.000429,-0.000374,-0.000083,0.000357,0.000744,0.000730,0.000445,0.000218,-0.000007,-0.000232,-0.000284,-0.000254,-0.000330,-0.000412,-0.000253,0.000028,0.000186,0.000138,-0.000073,-0.000211,-0.000234,-0.000254,-0.000189,-0.000149,-0.000211,-0.000553,-0.000885,-0.000417,0.000625,0.001147,0.000503,-0.000234,0.000109,0.000726,0.000789,0.000565,0.000540,0.000516,0.000238,-0.000180,-0.000312,-0.000083,0.000058,-0.000127,-0.000193,-0.000065,-0.000171,-0.000373,-0.000361,-0.000110,0.000252,0.000534,0.000756,0.001291,0.001877,0.001486,-0.000074,-0.001407,-0.001697,-0.001384,-0.000806,-0.000253,-0.000135,-0.000316,-0.000338,-0.000188,-0.000096,-0.000016,0.000087,0.000081,0.000005,-0.000163,-0.000059,0.000177,0.000108,0.000055,0.000105,0.000126,0.000163,0.000190,0.000176,0.000143,0.000168,0.000217,0.000086,-0.000129,-0.000216,-0.000222,-0.000113,0.000078,0.000105,0.000102,0.000177,0.000191,0.000174,0.000237,0.000276,0.000200,0.000134,0.000129,0.000105,0.000021,-0.000128,-0.000094,0.000081,0.000193,0.000314,0.018889,0.009451,0.008131,0.007716,0.003999,-0.001189,-0.003965,-0.002582,0.001124,0.003967,0.003905,0.002481,0.001585,0.000687,0.000060,0.000040,0.000188,0.000342,0.000645,0.001018,0.001031,0.000355,-0.000484,-0.000518,-0.000022,0.000367,0.000414,0.000034,-0.000536,-0.000759,-0.000536,-0.000172,0.000026,-0.000051,-0.000102,0.000029,0.000070,-0.000391,-0.001197,-0.001790,-0.001641,-0.001015,-0.000639,-0.000365,0.000067,0.000406,0.000315,-0.000117,-0.000387,-0.000483,-0.000440,-0.000228,-0.000080,-0.000004,-0.000056,-0.000226,-0.000117,0.000298,0.000672,0.000698,0.000707,0.001184,0.001636,0.001489,0.000773,0.000139,-0.000109,-0.000128,-0.000255,-0.000452,-0.000406,-0.000245,-0.000186,-0.000413,-0.000658,-0.000700,-0.000463,-0.000097,0.000214,0.000248,-0.000082,-0.000292,-0.000160,0.000113,0.000207,-0.000128,-0.000873,-0.001584,-0.001564,-0.001061,-0.000756,-0.000372,-0.000006,0.000068,0.000177,0.000321,0.000295,0.000212,0.000094,-0.000041,-0.000209,-0.000350,-0.000304,-0.000255,-0.000282,-0.000256,-0.000052,0.000197,0.000168,0.000086,0.000024,-0.000034,0.000058,0.000178,0.000196,0.000175,0.000144,0.000219,0.000295,0.000240,0.000076,-0.000078,-0.000121,-0.000048,-0.000012,0.000039,0.000072,0.000070,0.000049,-0.000051,-0.000258,-0.000424,-0.000381,-0.000159,0.000078,0.000196,0.000272,0.000298,
0.001611,-0.000119,-0.005383,-0.006122,-0.003605,-0.001639,-0.001322,-0.001219,-0.001244,-0.000951,-0.000232,0.000227,0.000703,0.000737,0.000134,-0.000201,0.000021,0.000483,0.000706,0.000457,0.000078,-0.000393,-0.001096,-0.001638,-0.001621,-0.001354,-0.001310,-0.001264,-0.000856,-0.000413,-0.000316,-0.000310,-0.000184,-0.000066,0.000291,0.000693,0.000665,0.000411,0.000171,-0.000056,-0.000218,-0.000328,-0.000294,-0.000175,-0.000203,-0.000203,0.000002,0.000093,-0.000001,-0.000073,-0.000150,-0.000253,-0.000214,-0.000049,-0.000063,-0.000287,-0.000596,-0.000702,-0.000151,0.000838,0.001095,0.000302,-0.000190,0.000140,0.000437,0.000269,0.000232,0.000539,0.000741,0.000425,-0.000096,-0.000284,-0.000188,-0.000046,-0.000019,-0.000073,-0.000129,-0.000296,-0.000501,-0.000387,-0.000094,0.000105,0.000274,0.000663,0.001295,0.001864,0.001470,-0.000086,-0.001312,-0.001479,-0.001174,-0.000676,-0.000243,-0.000242,-0.000369,-0.000271,-0.000185,-0.000113,0.000004,0.000098,0.000094,0.000040,-0.000105,-0.000138,0.000058,0.000144,0.000085,0.000084,0.000065,0.000152,0.000287,0.000243,0.000103,0.000112,0.000199,0.000073,-0.000142,-0.000195,-0.000022,0.000069,0.000061,0.000073,0.000053,0.000102,0.000184,0.000215,0.000177,0.000085,0.000029,0.000142,0.000162,0.000117,0.000141,0.000053,0.000006,0.000036,0.000047,0.000104,0.019136,0.009810,0.008399,0.007850,0.004035,-0.001291,-0.004142,-0.002599,0.001197,0.003985,0.003968,0.002632,0.001682,0.000853,0.000319,0.000186,0.000154,0.000317,0.000720,0.001116,0.001047,0.000343,-0.000490,-0.000533,0.000043,0.000391,0.000430,0.000097,-0.000476,-0.000755,-0.000591,-0.000203,-0.000036,-0.000154,-0.000192,-0.000070,-0.000072,-0.000436,-0.001067,-0.001694,-0.001598,-0.000928,-0.000573,-0.000239,0.000351,0.000588,0.000397,-0.000042,-0.000399,-0.000507,-0.000375,-0.000121,-0.000081,-0.000166,-0.000221,-0.000276,-0.000146,0.000320,0.000763,0.000763,0.000778,0.001409,0.002029,0.001551,0.000364,-0.000161,0.000063,0.000231,-0.000089,-0.000523,-0.000471,-0.000219,-0.000098,-0.000211,-0.000404,-0.000423,-0.000213,0.000058,0.000172,0.000205,0.000077,-0.000121,-0.000079,0.000178,0.000355,0.000019,-0.000745,-0.001498,-0.001711,-0.001364,-0.000922,-0.000440,-0.000161,-0.000155,-0.000011,0.000210,0.000164,-0.000073,-0.000175,-0.000185,-0.000251,-0.000223,-0.000170,-0.000210,-0.000201,-0.000048,0.000071,0.000173,0.000208,0.000128,0.000055,0.000051,0.000115,0.000189,0.000239,0.000236,0.000228,0.000222,0.000169,0.000100,-0.000044,-0.000055,-0.000043,-0.000079,-0.000038,0.000004,0.000108,0.000203,0.000101,-0.000191,-0.000341,-0.000287,-0.000225,-0.000161,-0.000037,0.000156,0.000385,0.000383,
0.001483,-0.000047,-0.005357,-0.006003,-0.003507,-0.001635,-0.001189,-0.000988,-0.001194,-0.001032,-0.000228,0.000251,0.000630,0.000712,0.000122,-0.000264,0.000044,0.000511,0.000674,0.000576,0.000267,-0.000290,-0.001011,-0.001406,-0.001281,-0.001195,-0.001312,-0.001242,-0.001008,-0.000662,-0.000313,-0.000105,0.000161,0.000348,0.000439,0.000638,0.000618,0.000361,0.000079,-0.000251,-0.000399,-0.000336,-0.000286,-0.000320,-0.000345,-0.000245,0.000041,0.000162,0.000025,-0.000053,-0.000128,-0.000255,-0.000268,-0.000221,-0.000108,-0.000220,-0.000567,-0.000710,-0.000201,0.000896,0.001218,0.000335,-0.000177,0.000483,0.001113,0.000896,0.000468,0.000591,0.000608,0.000145,-0.000262,-0.000381,-0.000227,-0.000032,0.000014,0.000091,0.000121,-0.000156,-0.000460,-0.000470,-0.000228,-0.000056,0.000199,0.000718,0.001425,0.001993,0.001638,0.000137,-0.001294,-0.001615,-0.001246,-0.000737,-0.000287,-0.000187,-0.000322,-0.000274,-0.000128,-0.000055,0.000041,0.000198,0.000198,0.000019,-0.000074,-0.000096,-0.000108,-0.000010,0.000086,0.000067,0.000051,0.000161,0.000232,0.000164,0.000103,0.000079,0.000087,0.000128,-0.000042,-0.000218,-0.000212,-0.000137,0.000008,0.000201,0.000188,0.000217,0.000377,0.000362,0.000223,0.000040,-0.000045,0.000030,0.000130,0.000088,-0.000096,-0.000150,0.000068,0.000312,0.000332,0.000275,0.019322,0.010162,0.008711,0.007951,0.004026,-0.001258,-0.004052,-0.002657,0.000990,0.003792,0.003854,0.002493,0.001547,0.000787,0.000192,0.000154,0.000299,0.000479,0.000806,0.001178,0.001221,0.000506,-0.000414,-0.000582,-0.000160,0.000244,0.000364,0.000045,-0.000443,-0.000706,-0.000523,0.000001,0.000220,0.000048,-0.000057,-0.000041,-0.000071,-0.000381,-0.000977,-0.001552,-0.001487,-0.000813,-0.000365,-0.000119,0.000254,0.000483,0.000305,-0.000099,-0.000272,-0.000327,-0.000271,-0.000175,-0.000025,0.000085,-0.000099,-0.000240,-0.000045,0.000398,0.000785,0.000673,0.000591,0.001247,0.001990,0.001825,0.000915,0.000216,0.000056,0.000104,-0.000097,-0.000390,-0.000510,-0.000455,-0.000380,-0.000458,-0.000581,-0.000571,-0.000363,-0.000037,0.000267,0.000244,0.000014,0.000011,0.000049,0.000094,0.000162,-0.000219,-0.000919,-0.001515,-0.001535,-0.001193,-0.000880,-0.000346,0.000026,-0.000001,0.000135,0.000275,0.000201,0.000036,-0.000111,-0.000156,-0.000164,-0.000241,-0.000190,-0.000062,-0.000089,-0.000062,0.000097,0.000153,0.000197,0.000235,0.000133,0.000038,0.000071,0.000193,0.000255,0.000206,0.000213,0.000288,0.000253,0.000106,-0.000072,-0.000164,-0.000099,0.000056,0.000076,0.000029,0.000030,0.000077,0.000096,-0.000061,-0.000270,-0.000214,-0.000019,0.000065,0.000051,0.000122,0.000220,0.000236,
0.001577,0.000064,-0.005644,-0.006496,-0.003718,-0.001591,-0.001145,-0.001040,-0.001263,-0.001111,-0.000360,0.000116,0.000495,0.000600,0.000066,-0.000327,-0.000027,0.000502,0.000728,0.000514,0.000157,-0.000329,-0.001063,-0.001533,-0.001441,-0.001305,-0.001394,-0.001266,-0.000799,-0.000395,-0.000330,-0.000384,-0.000421,-0.000293,0.000067,0.000572,0.000730,0.000479,0.000205,-0.000068,-0.000305,-0.000380,-0.000353,-0.000494,-0.000574,-0.000310,0.000010,0.000177,0.000236,0.000145,0.000037,-0.000072,-0.000212,-0.000200,-0.000110,-0.000257,-0.000672,-0.000876,-0.000189,0.000985,0.001278,0.000324,-0.000321,0.000245,0.000877,0.000717,0.000409,0.000535,0.000563,0.000132,-0.000243,-0.000223,0.000037,0.000192,0.000037,-0.000104,-0.000074,-0.000136,-0.000326,-0.000347,-0.000131,0.000157,0.000329,0.000634,0.001271,0.001903,0.001616,0.000191,-0.001161,-0.001458,-0.001212,-0.000812,-0.000373,-0.000266,-0.000372,-0.000360,-0.000191,-0.000048,0.000048,0.000082,0.000106,0.000059,-0.000063,-0.000031,0.000088,0.000107,0.000087,0.000129,0.000267,0.000265,0.000214,0.000189,0.000068,0.000082,0.000217,0.000130,-0.000059,-0.000105,-0.000051,-0.000050,-0.000046,0.000010,0.000052,0.000085,0.000070,0.000057,0.000067,0.000121,0.000196,0.000135,0.000137,0.000095,0.000003,-0.000010,-0.000007,0.000098,0.000202,0.000248,0.019649,0.010585,0.009088,0.008286,0.004208,-0.001123,-0.003902,-0.002546,0.001056,0.003822,0.003895,0.002492,0.001496,0.000698,0.000131,0.000071,0.000258,0.000486,0.000728,0.001007,0.001015,0.000345,-0.000530,-0.000587,-0.000032,0.000290,0.000315,0.000041,-0.000487,-0.000754,-0.000596,-0.000258,-0.000092,-0.000173,-0.000146,0.000067,0.000123,-0.000295,-0.001047,-0.001616,-0.001466,-0.000879,-0.000502,-0.000236,0.000220,0.000527,0.000346,0.000001,-0.000249,-0.000380,-0.000402,-0.000337,-0.000168,-0.000038,-0.000109,-0.000238,-0.000216,0.000166,0.000698,0.000754,0.000722,0.001450,0.002354,0.002340,0.001457,0.000613,0.000365,0.000319,-0.000048,-0.000368,-0.000269,-0.000044,-0.000057,-0.000347,-0.000698,-0.000801,-0.000504,0.000000,0.000307,0.000338,0.000175,-0.000005,-0.000027,0.000151,0.000245,-0.000062,-0.000761,-0.001331,-0.001395,-0.001109,-0.000815,-0.000435,-0.000049,-0.000003,0.000068,0.000260,0.000262,0.000142,0.000020,-0.000084,-0.000193,-0.000203,-0.000149,-0.000162,-0.000180,-0.000039,0.000145,0.000124,0.000078,0.000145,0.000119,0.000067,0.000100,0.000233,0.000281,0.000297,0.000327,0.000243,0.000121,0.000056,0.000004,-0.000049,-0.000028,-0.000026,0.000036,0.000079,0.000128,0.000212,0.000050,-0.000173,-0.000224,-0.000250,-0.000185,-0.000108,-0.000023,0.000109,0.000191,0.000223,
0.001368,-0.000214,-0.005785,-0.006432,-0.003621,-0.001535,-0.001090,-0.001009,-0.001316,-0.001107,-0.000335,0.000108,0.000476,0.000549,0.000070,-0.000208,-0.000013,0.000401,0.000578,0.000231,-0.000077,-0.000370,-0.000965,-0.001428,-0.001343,-0.001208,-0.001163,-0.000998,-0.000678,-0.000423,-0.000305,-0.000260,-0.000132,0.000121,0.000384,0.000709,0.000714,0.000388,0.000174,-0.000004,-0.000289,-0.000429,-0.000386,-0.000465,-0.000554,-0.000380,-0.000005,0.000219,0.000206,0.000053,-0.000096,-0.000120,-0.000134,-0.000122,-0.000051,-0.000117,-0.000495,-0.000734,-0.000189,0.000823,0.001193,0.000499,-0.000063,0.000257,0.000593,0.000366,0.000190,0.000363,0.000432,0.000253,0.000033,-0.000122,-0.000132,-0.000019,-0.000104,-0.000245,-0.000245,-0.000334,-0.000480,-0.000427,-0.000193,0.000095,0.000378,0.000674,0.001265,0.001927,0.001614,0.000119,-0.001215,-0.001507,-0.001224,-0.000723,-0.000244,-0.000155,-0.000260,-0.000236,-0.000201,-0.000182,-0.000032,0.000109,0.000191,0.000069,-0.000173,-0.000179,0.000050,0.000171,0.000051,-0.000006,0.000081,0.000201,0.000270,0.000233,0.000177,0.000100,0.000011,-0.000050,-0.000059,-0.000094,-0.000115,-0.000139,-0.000089,-0.000036,0.000039,0.000131,0.000211,0.000244,0.000165,-0.000011,-0.000010,0.000125,0.000237,0.000162,0.000020,-0.000004,0.000080,0.000102,0.000052,0.000098,0.019987,0.010929,0.009219,0.008191,0.004157,-0.001165,-0.004066,-0.002616,0.001074,0.003869,0.003914,0.002494,0.001637,0.000883,0.000275,0.000129,0.000158,0.000394,0.000788,0.001145,0.001044,0.000384,-0.000395,-0.000491,-0.000014,0.000420,0.000478,0.000009,-0.000620,-0.000867,-0.000604,-0.000282,-0.000218,-0.000217,-0.000220,-0.000169,-0.000203,-0.000525,-0.001186,-0.001774,-0.001617,-0.000952,-0.000549,-0.000357,0.000103,0.000571,0.000425,0.000016,-0.000244,-0.000409,-0.000311,-0.000214,-0.000080,-0.000003,-0.000145,-0.000216,-0.000146,0.000230,0.000685,0.000754,0.000783,0.001207,0.001635,0.001380,0.000694,0.000246,0.000218,0.000165,-0.000156,-0.000409,-0.000313,-0.000125,-0.000278,-0.000568,-0.000659,-0.000595,-0.000380,-0.000049,0.000193,0.000210,-0.000025,-0.000031,0.000174,0.000227,0.000152,-0.000109,-0.000785,-0.001391,-0.001380,-0.001128,-0.000835,-0.000344,-0.000076,-0.000047,0.000178,0.000426,0.000339,0.000069,-0.000094,-0.000212,-0.000243,-0.000275,-0.000229,-0.000107,-0.000075,-0.000027,0.000162,0.000247,0.000141,0.000106,0.000075,0.000047,0.000124,0.000225,0.000217,0.000147,0.000160,0.000114,0.000122,0.000071,0.000041,0.000089,-0.000025,-0.000083,-0.000036,0.000044,0.000142,0.000191,0.000173,-0.000029,-0.000220,-0.000280,-0.000241,-0.000132,0.000031,0.000231,0.000345,0.000341,
0.001854,0.000171,-0.005540,-0.006403,-0.003671,-0.001499,-0.000996,-0.000878,-0.001160,-0.001138,-0.000439,0.000158,0.000473,0.000500,0.000075,-0.000205,-0.000015,0.000398,0.000633,0.000464,0.000161,-0.000347,-0.001031,-0.001469,-0.001456,-0.001212,-0.001075,-0.000812,-0.000465,-0.000346,-0.000428,-0.000493,-0.000372,-0.000039,0.000311,0.000633,0.000657,0.000381,0.000161,-0.000148,-0.000387,-0.000365,-0.000370,-0.000512,-0.000550,-0.000328,0.000098,0.000249,0.000088,-0.000024,-0.000121,-0.000195,-0.000164,-0.000081,-0.000053,-0.000223,-0.000571,-0.000766,-0.000310,0.000788,0.001190,0.000254,-0.000399,0.000174,0.000753,0.000527,0.000120,0.000162,0.000339,0.000138,-0.000123,-0.000158,-0.000022,0.000131,0.000058,0.000031,0.000044,-0.000217,-0.000437,-0.000368,-0.000127,0.000126,0.000339,0.000714,0.001261,0.001837,0.001652,0.000132,-0.001309,-0.001555,-0.001191,-0.000811,-0.000405,-0.000179,-0.000295,-0.000395,-0.000181,0.000007,0.000108,0.000162,0.000108,0.000047,-0.000050,-0.000113,-0.000116,-0.000134,-0.000054,0.000044,0.000139,0.000275,0.000292,0.000155,0.000056,0.000017,0.000008,-0.000053,-0.000168,-0.000158,-0.000074,-0.000090,-0.000096,0.000082,0.000214,0.000261,0.000270,0.000274,0.000258,0.000186,0.000077,0.000077,0.000178,0.000163,-0.000045,-0.000085,0.000098,0.000206,0.000162,0.000129,0.020256,0.011246,0.009430,0.008353,0.004211,-0.001194,-0.004057,-0.002678,0.001039,0.003889,0.003866,0.002386,0.001444,0.000714,0.000167,0.000099,0.000218,0.000423,0.000702,0.001008,0.001010,0.000278,-0.000511,-0.000478,-0.000053,0.000349,0.000473,0.000141,-0.000429,-0.000824,-0.000703,-0.000277,-0.000205,-0.000288,-0.000100,0.000002,-0.000105,-0.000527,-0.001187,-0.001680,-0.001582,-0.001026,-0.000642,-0.000370,0.000083,0.000496,0.000470,-0.000033,-0.000393,-0.000473,-0.000338,-0.000129,-0.000041,-0.000105,-0.000156,-0.000191,-0.000097,0.000306,0.000761,0.000791,0.000762,0.001470,0.002342,0.002078,0.000975,0.000346,0.000285,0.000240,-0.000026,-0.000306,-0.000456,-0.000413,-0.000380,-0.000423,-0.000540,-0.000499,-0.000255,0.000033,0.000259,0.000314,0.000141,-0.000142,-0.000084,0.000181,0.000236,-0.000033,-0.000664,-0.001273,-0.001411,-0.001251,-0.000919,-0.000412,-0.000132,-0.000054,0.000149,0.000310,0.000239,0.000047,-0.000080,-0.000197,-0.000270,-0.000291,-0.000236,-0.000115,-0.000098,-0.000046,0.000094,0.000217,0.000157,0.000038,-0.000009,-0.000021,-0.000005,0.000216,0.000395,0.000241,0.000164,0.000134,0.000057,-0.000010,-0.000141,-0.000237,-0.000179,-0.000006,0.000147,0.000207,0.000139,0.000097,0.000043,-0.000037,-0.000183,-0.000233,-0.000224,-0.000129,0.000117,0.000214,0.000276,0.000344,
0.002371,0.000416,-0.005478,-0.006383,-0.003775,-0.001792,-0.001227,-0.000987,-0.001184,-0.000968,-0.000213,0.000251,0.000504,0.000438,-0.000024,-0.000212,0.000089,0.000532,0.000705,0.000504,0.000118,-0.000414,-0.000976,-0.001361,-0.001412,-0.001257,-0.001130,-0.000942,-0.000511,-0.000164,-0.000206,-0.000335,-0.000196,0.000081,0.000449,0.000769,0.000771,0.000559,0.000344,0.000015,-0.000324,-0.000345,-0.000246,-0.000301,-0.000390,-0.000274,0.000034,0.000240,0.000108,-0.000108,-0.000284,-0.000392,-0.000401,-0.000329,-0.000062,-0.000037,-0.000520,-0.000820,-0.000290,0.000782,0.001219,0.000344,-0.000426,0.000095,0.000948,0.000890,0.000400,0.000351,0.000395,0.000062,-0.000269,-0.000363,-0.000280,-0.000095,0.000034,-0.000026,-0.000057,-0.000136,-0.000274,-0.000157,0.000032,0.000136,0.000258,0.000560,0.001139,0.001840,0.001586,-0.000038,-0.001480,-0.001727,-0.001328,-0.000739,-0.000212,-0.000202,-0.000431,-0.000275,0.000025,0.000028,-0.000078,0.000009,0.000157,0.000113,-0.000047,-0.000094,-0.000030,0.000053,0.000102,0.000117,0.000149,0.000106,0.000088,0.000148,0.000184,0.000126,0.000142,0.000108,-0.000102,-0.000191,-0.000126,-0.000057,0.000029,0.000077,0.000113,0.000166,0.000198,0.000222,0.000197,0.000122,0.000140,0.000124,0.000084,0.000078,-0.000020,-0.000119,-0.000126,-0.000002,0.000180,0.000336,0.020679,0.011555,0.009583,0.008400,0.004406,-0.000971,-0.003956,-0.002536,0.001147,0.003873,0.003872,0.002493,0.001538,0.000747,0.000181,0.000081,0.000073,0.000196,0.000541,0.000976,0.001007,0.000237,-0.000528,-0.000460,0.000004,0.000343,0.000479,0.000125,-0.000493,-0.000853,-0.000649,-0.000298,-0.000196,-0.000103,0.000055,0.000081,-0.000124,-0.000609,-0.001229,-0.001647,-0.001476,-0.000853,-0.000576,-0.000447,0.000072,0.000459,0.000394,0.000078,-0.000230,-0.000417,-0.000444,-0.000289,-0.000085,-0.000006,-0.000063,-0.000116,-0.000039,0.000289,0.000777,0.000832,0.000735,0.001203,0.001710,0.001468,0.000605,-0.000096,-0.000255,-0.000096,-0.000065,-0.000277,-0.000357,-0.000195,-0.000200,-0.000407,-0.000552,-0.000544,-0.000318,0.000078,0.000359,0.000264,0.000034,-0.000088,-0.000064,0.000025,0.000217,0.000024,-0.000716,-0.001373,-0.001455,-0.001108,-0.000706,-0.000230,0.000039,-0.000080,0.000067,0.000333,0.000364,0.000202,0.000002,-0.000051,-0.000086,-0.000299,-0.000331,-0.000155,-0.000128,-0.000116,0.000031,0.000165,0.000151,0.000023,-0.000129,-0.000065,0.000176,0.000312,0.000316,0.000244,0.000082,0.000069,0.000104,0.000007,-0.000085,-0.000066,-0.000075,-0.000172,-0.000087,0.000008,-0.000025,-0.000051,-0.000048,-0.000115,-0.000270,-0.000290,-0.000234,-0.000134,0.000026,0.000196,0.000247,0.000226,
0.003191,0.000932,-0.005120,-0.006130,-0.003679,-0.001791,-0.001283,-0.001013,-0.001151,-0.000940,-0.000247,0.000125,0.000493,0.000562,0.000067,-0.000176,0.000134,0.000453,0.000601,0.000492,0.000260,-0.000237,-0.001018,-0.001465,-0.001339,-0.001116,-0.001133,-0.001032,-0.000718,-0.000477,-0.000367,-0.000261,-0.000084,0.000126,0.000390,0.000721,0.000782,0.000519,0.000212,-0.000094,-0.000386,-0.000421,-0.000355,-0.000336,-0.000345,-0.000143,0.000130,0.000149,0.000050,0.000015,-0.000090,-0.000272,-0.000336,-0.000243,-0.000116,-0.000163,-0.000528,-0.000780,-0.000266,0.000833,0.001311,0.000697,0.000151,0.000296,0.000284,-0.000086,0.000005,0.000497,0.000602,0.000297,0.000045,-0.000088,-0.000138,-0.000032,0.000061,0.000025,-0.000059,-0.000245,-0.000454,-0.000367,-0.000021,0.000201,0.000254,0.000529,0.001169,0.001865,0.001556,0.000013,-0.001353,-0.001573,-0.001170,-0.000755,-0.000329,-0.000191,-0.000414,-0.000419,-0.000132,0.000038,0.000062,0.000145,0.000187,0.000000,-0.000089,-0.000065,-0.000054,-0.000034,0.000137,0.000295,0.000289,0.000244,0.000320,0.000349,0.000209,0.000160,0.000229,0.000144,0.000010,-0.000109,-0.000207,-0.000119,0.000058,0.000172,0.000169,0.000207,0.000225,0.000170,0.000136,0.000147,0.000130,0.000077,-0.000017,-0.000013,0.000044,0.000008,0.000108,0.000199,0.000187,0.000315,0.020584,0.011659,0.009843,0.008814,0.004616,-0.001025,-0.004004,-0.002616,0.001135,0.003996,0.003925,0.002377,0.001433,0.000743,0.000282,0.000178,0.000149,0.000278,0.000574,0.000965,0.001041,0.000329,-0.000466,-0.000474,0.000029,0.000370,0.000430,0.000194,-0.000289,-0.000655,-0.000641,-0.000392,-0.000282,-0.000252,-0.000131,-0.000035,-0.000208,-0.000631,-0.001172,-0.001592,-0.001497,-0.001007,-0.000576,-0.000205,0.000243,0.000538,0.000406,0.000016,-0.000278,-0.000333,-0.000217,-0.000077,0.000020,-0.000024,-0.000091,-0.000095,-0.000013,0.000312,0.000750,0.000740,0.000754,0.001509,0.002092,0.001741,0.000981,0.000417,0.000103,-0.000057,-0.000266,-0.000597,-0.000648,-0.000417,-0.000270,-0.000330,-0.000422,-0.000383,-0.000215,0.000041,0.000241,0.000264,0.000078,-0.000112,-0.000066,0.000150,0.000187,-0.000246,-0.000919,-0.001409,-0.001369,-0.001134,-0.000953,-0.000502,-0.000141,-0.000034,0.000190,0.000346,0.000203,0.000078,-0.000014,-0.000117,-0.000179,-0.000217,-0.000184,-0.000170,-0.000161,-0.000025,0.000133,0.000203,0.000169,0.000077,0.000048,0.000042,0.000074,0.000164,0.000235,0.000215,0.000188,0.000257,0.000148,0.000075,0.000119,-0.000036,-0.000177,-0.000116,-0.000021,-0.000038,-0.000069,-0.000049,-0.000051,-0.000099,-0.000180,-0.000315,-0.000339,-0.000218,0.000071,0.000356,0.000335,0.000138,
0.002856,0.000620,-0.005584,-0.006587,-0.003854,-0.001781,-0.001390,-0.001117,-0.001160,-0.000902,-0.000217,0.000114,0.000495,0.000638,0.000206,-0.000124,0.000054,0.000437,0.000705,0.000457,0.000039,-0.000376,-0.001061,-0.001471,-0.001377,-0.001249,-0.001298,-0.001267,-0.000878,-0.000445,-0.000390,-0.000420,-0.000262,0.000084,0.000483,0.000653,0.000583,0.000375,0.000140,-0.000106,-0.000300,-0.000362,-0.000315,-0.000311,-0.000360,-0.000206,0.000024,0.000152,0.000052,-0.000081,-0.000133,-0.000211,-0.000288,-0.000255,-0.000206,-0.000275,-0.000545,-0.000787,-0.000310,0.000829,0.001205,0.000385,-0.000071,0.000553,0.001063,0.000808,0.000550,0.000694,0.000722,0.000299,-0.000202,-0.000364,-0.000212,0.000001,0.000120,0.000172,0.000114,-0.000105,-0.000315,-0.000298,-0.000091,0.000174,0.000395,0.000736,0.001349,0.001879,0.001518,0.000056,-0.001262,-0.001529,-0.001230,-0.000692,-0.000154,-0.000119,-0.000290,-0.000178,-0.000019,0.000047,0.000136,0.000259,0.000201,0.000028,-0.000097,-0.000076,0.000128,0.000232,0.000167,0.000174,0.000190,0.000118,0.000089,0.000174,0.000157,0.000110,0.000126,0.000094,-0.000057,-0.000131,-0.000098,-0.000066,-0.000051,0.000007,0.000115,0.000211,0.000261,0.000259,0.000186,0.000149,0.000211,0.000234,0.000115,0.000068,0.000025,-0.000078,0.000005,0.000194,0.000297,0.000307,0.020920,0.011897,0.009884,0.008594,0.004471,-0.000935,-0.003957,-0.002683,0.001001,0.003849,0.003881,0.002539,0.001597,0.000714,0.000129,0.000009,0.000030,0.000231,0.000650,0.001097,0.001026,0.000315,-0.000372,-0.000432,-0.000075,0.000311,0.000456,0.000233,-0.000270,-0.000628,-0.000452,-0.000066,0.000009,-0.000153,-0.000111,0.000007,-0.000026,-0.000435,-0.001259,-0.001845,-0.001699,-0.000971,-0.000439,-0.000249,0.000086,0.000468,0.000467,0.000121,-0.000235,-0.000382,-0.000311,-0.000126,0.000003,-0.000022,-0.000079,-0.000154,-0.000061,0.000397,0.000748,0.000649,0.000661,0.001270,0.001925,0.001643,0.000705,0.000069,0.000064,0.000091,-0.000263,-0.000605,-0.000596,-0.000310,-0.000099,-0.000141,-0.000343,-0.000498,-0.000329,0.000094,0.000323,0.000169,-0.000026,-0.000071,0.000043,0.000237,0.000344,0.000036,-0.000759,-0.001298,-0.001379,-0.001168,-0.000832,-0.000305,-0.000034,-0.000127,0.000072,0.000354,0.000256,-0.000066,-0.000185,-0.000213,-0.000225,-0.000244,-0.000253,-0.000203,-0.000184,-0.000136,0.000064,0.000148,0.000043,-0.000033,-0.000186,-0.000129,0.000123,0.000273,0.000285,0.000275,0.000272,0.000255,0.000151,0.000031,0.000025,-0.000052,-0.000135,-0.000023,0.000077,0.000080,0.000051,0.000071,-0.000013,-0.000208,-0.000281,-0.000304,-0.000161,-0.000033,0.000089,0.000287,0.000320,0.000376,
0.002875,0.000805,-0.005627,-0.006819,-0.004068,-0.001942,-0.001409,-0.001172,-0.001210,-0.000985,-0.000287,0.000121,0.000390,0.000409,-0.000081,-0.000344,0.000000,0.000457,0.000618,0.000441,0.000163,-0.000299,-0.000972,-0.001451,-0.001409,-0.001214,-0.001175,-0.001018,-0.000689,-0.000479,-0.000360,-0.000160,0.000117,0.000264,0.000470,0.000645,0.000572,0.000302,-0.000045,-0.000302,-0.000448,-0.000389,-0.000312,-0.000316,-0.000309,-0.000116,0.000124,0.000125,0.000043,0.000045,-0.000089,-0.000334,-0.000459,-0.000331,-0.000179,-0.000256,-0.000582,-0.000822,-0.000359,0.000640,0.001098,0.000403,-0.000176,0.000345,0.001060,0.000986,0.000615,0.000692,0.000621,0.000286,-0.000031,-0.000205,-0.000141,0.000072,0.000182,0.000234,0.000199,-0.000133,-0.000478,-0.000494,-0.000180,0.000150,0.000303,0.000588,0.001359,0.002028,0.001649,0.000056,-0.001378,-0.001636,-0.001230,-0.000698,-0.000232,-0.000063,-0.000292,-0.000312,-0.000185,-0.000104,0.000046,0.000140,0.000081,-0.000009,-0.000097,-0.000154,-0.000040,0.000083,0.000075,0.000134,0.000237,0.000227,0.000265,0.000309,0.000292,0.000262,0.000187,0.000060,-0.000075,-0.000133,-0.000092,-0.000085,-0.000039,-0.000059,-0.000037,0.000179,0.000246,0.000164,0.000101,0.000047,0.000051,0.000117,0.000150,0.000016,-0.000123,-0.000095,0.000057,0.000121,0.000155,0.000240,0.021203,0.012148,0.010033,0.008660,0.004427,-0.001032,-0.003987,-0.002713,0.001043,0.003931,0.003927,0.002535,0.001600,0.000836,0.000221,0.000112,0.000185,0.000327,0.000609,0.000913,0.000993,0.000280,-0.000652,-0.000548,-0.000009,0.000288,0.000373,0.000011,-0.000419,-0.000547,-0.000414,-0.000017,0.000167,-0.000015,-0.000139,-0.000117,-0.000152,-0.000442,-0.001130,-0.001703,-0.001613,-0.000938,-0.000497,-0.000253,0.000177,0.000468,0.000296,-0.000169,-0.000377,-0.000395,-0.000326,-0.000102,0.000014,-0.000023,-0.000093,-0.000044,0.000077,0.000370,0.000854,0.000852,0.000781,0.001507,0.002297,0.002025,0.001118,0.000575,0.000459,0.000296,-0.000113,-0.000394,-0.000367,-0.000219,-0.000128,-0.000225,-0.000409,-0.000471,-0.000266,0.000051,0.000181,0.000148,0.000007,-0.000219,-0.000110,0.000272,0.000379,-0.000003,-0.000679,-0.001303,-0.001441,-0.001277,-0.000974,-0.000409,-0.000034,-0.000044,0.000106,0.000349,0.000227,0.000003,-0.000085,-0.000114,-0.000227,-0.000299,-0.000278,-0.000250,-0.000214,-0.000131,0.000062,0.000138,0.000090,0.000058,0.000085,0.000042,0.000080,0.000269,0.000321,0.000198,0.000177,0.000219,0.000051,-0.000075,0.000002,-0.000015,-0.000048,-0.000052,-0.000079,0.000008,0.000074,0.000038,-0.000015,-0.000138,-0.000267,-0.000293,-0.000241,-0.000168,-0.000070,0.000095,0.000194,0.000233,
0.003455,0.001164,-0.005465,-0.006723,-0.003976,-0.001930,-0.001509,-0.001267,-0.001353,-0.001099,-0.000374,0.000028,0.000449,0.000590,0.000065,-0.000297,0.000021,0.000451,0.000660,0.000412,0.000051,-0.000464,-0.001166,-0.001515,-0.001416,-0.001134,-0.000962,-0.000872,-0.000645,-0.000372,-0.000277,-0.000299,-0.000320,-0.000157,0.000248,0.000705,0.000850,0.000562,0.000159,-0.000142,-0.000286,-0.000350,-0.000355,-0.000474,-0.000624,-0.000415,-0.000025,0.000129,0.000132,-0.000005,-0.000183,-0.000358,-0.000379,-0.000175,0.000014,-0.000095,-0.000542,-0.000788,-0.000219,0.000886,0.001254,0.000349,-0.000339,0.000074,0.000560,0.000372,0.000159,0.000475,0.000597,0.000257,-0.000117,-0.000259,-0.000166,-0.000130,-0.000119,-0.000048,0.000004,-0.000120,-0.000207,-0.000185,-0.000190,-0.000098,0.000170,0.000614,0.001334,0.001988,0.001679,0.000117,-0.001270,-0.001520,-0.001240,-0.000788,-0.000245,-0.000131,-0.000354,-0.000389,-0.000190,-0.000069,0.000028,0.000083,0.000121,0.000122,0.000075,-0.000010,-0.000011,0.000075,0.000168,0.000209,0.000139,0.000097,0.000097,0.000137,0.000143,0.000020,0.000001,0.000131,0.000042,-0.000161,-0.000137,-0.000039,0.000011,0.000050,0.000068,0.000121,0.000239,0.000328,0.000187,0.000065,0.000053,0.000052,0.000158,0.000105,-0.000048,-0.000135,-0.000033,0.000128,0.000140,0.000190,0.021341,0.012254,0.010168,0.008818,0.004632,-0.000854,-0.003988,-0.002830,0.000808,0.003802,0.003975,0.002551,0.001518,0.000704,0.000114,-0.000061,0.000022,0.000316,0.000735,0.001068,0.000979,0.000233,-0.000584,-0.000622,-0.000100,0.000326,0.000367,-0.000044,-0.000620,-0.000896,-0.000697,-0.000256,-0.000039,-0.000063,-0.000044,-0.000077,-0.000260,-0.000579,-0.001188,-0.001794,-0.001737,-0.001098,-0.000643,-0.000377,0.000041,0.000444,0.000369,0.000008,-0.000208,-0.000362,-0.000434,-0.000243,-0.000023,0.000044,-0.000005,-0.000007,0.000140,0.000360,0.000729,0.000793,0.000723,0.001335,0.002081,0.001885,0.001049,0.000429,0.000240,0.000134,-0.000146,-0.000420,-0.000467,-0.000253,-0.000115,-0.000245,-0.000461,-0.000496,-0.000251,0.000105,0.000242,0.000157,-0.000043,-0.000227,-0.000149,0.000026,0.000108,-0.000101,-0.000795,-0.001417,-0.001499,-0.001137,-0.000732,-0.000312,0.000015,0.000016,0.000170,0.000368,0.000259,0.000036,-0.000024,0.000016,-0.000081,-0.000183,-0.000126,-0.000096,-0.000090,-0.000035,0.000081,0.000293,0.000244,-0.000007,-0.000156,-0.000152,0.000025,0.000200,0.000197,0.000152,0.000188,0.000222,0.000209,0.000161,0.000029,-0.000080,-0.000115,-0.000155,-0.000145,0.000053,0.000215,0.000131,-0.000057,-0.000249,-0.000312,-0.000314,-0.000363,-0.000150,0.000043,0.000144,0.000256,0.000202,
0.003891,0.001370,-0.005246,-0.006454,-0.003870,-0.002012,-0.001771,-0.001457,-0.001370,-0.001069,-0.000276,0.000141,0.000374,0.000427,0.000053,-0.000191,-0.000035,0.000366,0.000690,0.000515,0.000051,-0.000489,-0.001148,-0.001556,-0.001462,-0.001243,-0.001175,-0.000969,-0.000618,-0.000356,-0.000226,-0.000169,-0.000088,0.000053,0.000373,0.000770,0.000824,0.000512,0.000115,-0.000159,-0.000365,-0.000387,-0.000253,-0.000374,-0.000531,-0.000364,0.000056,0.000269,0.000161,0.000050,-0.000084,-0.000255,-0.000274,-0.000095,0.000053,-0.000109,-0.000612,-0.000923,-0.000352,0.000678,0.001055,0.000439,-0.000059,0.000453,0.000964,0.000623,0.000210,0.000304,0.000356,0.000107,-0.000221,-0.000359,-0.000272,-0.000067,0.000064,-0.000042,-0.000160,-0.000286,-0.000508,-0.000483,-0.000139,0.000171,0.000326,0.000654,0.001381,0.002059,0.001679,0.000047,-0.001284,-0.001572,-0.001277,-0.000820,-0.000294,-0.000102,-0.000297,-0.000340,-0.000206,-0.000086,-0.000008,0.000027,-0.000043,-0.000145,-0.000108,0.000004,0.000126,0.000169,0.000172,0.000134,0.000144,0.000157,0.000152,0.000170,0.000239,0.000225,0.000131,0.000046,-0.000099,-0.000203,-0.000196,-0.000159,-0.000054,0.000062,0.000115,0.000162,0.000382,0.000390,0.000203,0.000072,0.000087,0.000156,0.000117,0.000020,-0.000134,-0.000200,-0.000122,0.000051,0.000215,0.000287,0.021299,0.012175,0.009998,0.008780,0.004724,-0.000790,-0.003954,-0.002816,0.000807,0.003859,0.004088,0.002545,0.001396,0.000639,0.000158,0.000114,0.000247,0.000439,0.000796,0.001124,0.001086,0.000354,-0.000537,-0.000566,-0.000048,0.000317,0.000475,0.000236,-0.000337,-0.000721,-0.000636,-0.000350,-0.000197,-0.000230,-0.000180,-0.000091,-0.000235,-0.000638,-0.001308,-0.001856,-0.001623,-0.000947,-0.000628,-0.000342,0.000163,0.000549,0.000415,-0.000086,-0.000346,-0.000319,-0.000227,-0.000060,0.000088,0.000169,-0.000021,-0.000199,-0.000028,0.000353,0.000720,0.000796,0.000883,0.001405,0.002038,0.001713,0.000731,0.000272,0.000326,0.000306,-0.000003,-0.000273,-0.000351,-0.000269,-0.000190,-0.000343,-0.000555,-0.000531,-0.000304,0.000014,0.000192,0.000225,0.000053,-0.000071,-0.000035,0.000047,0.000161,-0.000182,-0.000927,-0.001426,-0.001328,-0.000991,-0.000723,-0.000400,-0.000053,0.000142,0.000322,0.000342,0.000120,-0.000072,-0.000159,-0.000232,-0.000273,-0.000186,-0.000164,-0.000113,-0.000063,-0.000021,0.000059,0.000123,0.000066,-0.000028,0.000037,0.000057,0.000021,0.000146,0.000258,0.000265,0.000244,0.000299,0.000263,0.000107,0.000009,-0.000004,-0.000041,-0.000094,-0.000008,0.000050,0.000080,0.000083,-0.000052,-0.000107,-0.000177,-0.000236,-0.000254,-0.000148,0.000081,0.000257,0.000423,0.000399,
0.003800,0.001403,-0.005354,-0.006620,-0.004069,-0.002132,-0.001712,-0.001469,-0.001305,-0.000989,-0.000253,0.000187,0.000346,0.000418,0.000086,-0.000258,0.000004,0.000506,0.000713,0.000470,0.000091,-0.000385,-0.001049,-0.001417,-0.001359,-0.001135,-0.000993,-0.000832,-0.000528,-0.000240,-0.000121,-0.000177,-0.000206,0.000009,0.000406,0.000714,0.000670,0.000371,0.000057,-0.000177,-0.000347,-0.000418,-0.000368,-0.000365,-0.000455,-0.000334,-0.000024,0.000092,0.000090,0.000051,-0.000128,-0.000314,-0.000354,-0.000206,-0.000111,-0.000315,-0.000739,-0.000859,-0.000293,0.000709,0.001019,0.000086,-0.000552,0.000085,0.000786,0.000544,0.000023,0.000132,0.000385,0.000151,-0.000186,-0.000222,-0.000113,-0.000045,-0.000051,0.000019,0.000048,-0.000139,-0.000368,-0.000342,-0.000033,0.000221,0.000294,0.000619,0.001397,0.001978,0.001527,0.000120,-0.001266,-0.001622,-0.001140,-0.000504,-0.000117,-0.000059,-0.000297,-0.000323,-0.000155,-0.000035,0.000048,0.000085,0.000201,0.000140,-0.000114,-0.000137,0.000017,0.000006,-0.000028,0.000129,0.000249,0.000134,0.000118,0.000168,0.000142,0.000222,0.000205,0.000116,-0.000040,-0.000190,-0.000139,-0.000001,0.000113,0.000080,-0.000017,0.000009,0.000189,0.000272,0.000145,0.000035,0.000037,0.000046,0.000031,-0.000066,-0.000163,-0.000154,-0.000059,0.000116,0.000201,0.000261,0.021325,0.012308,0.010096,0.008830,0.004824,-0.000620,-0.003786,-0.002781,0.000723,0.003707,0.003915,0.002530,0.001520,0.000626,0.000116,0.000061,0.000012,0.000218,0.000615,0.001035,0.001027,0.000305,-0.000584,-0.000628,-0.000032,0.000449,0.000441,-0.000007,-0.000544,-0.000831,-0.000527,-0.000159,-0.000176,-0.000209,-0.000153,-0.000157,-0.000231,-0.000594,-0.001264,-0.001728,-0.001522,-0.000941,-0.000560,-0.000310,0.000047,0.000340,0.000361,-0.000022,-0.000383,-0.000393,-0.000296,-0.000099,0.000091,0.000131,-0.000012,-0.000279,-0.000246,0.000209,0.000711,0.000696,0.000606,0.001277,0.002046,0.001935,0.000952,0.000114,0.000050,0.000113,-0.000111,-0.000373,-0.000469,-0.000406,-0.000337,-0.000316,-0.000312,-0.000353,-0.000267,0.000113,0.000410,0.000342,0.000142,-0.000064,-0.000117,0.000194,0.000325,0.000054,-0.000605,-0.001313,-0.001396,-0.001055,-0.000806,-0.000367,-0.000072,-0.000053,0.000120,0.000254,0.000086,-0.000062,-0.000150,-0.000249,-0.000221,-0.000123,-0.000105,-0.000049,-0.000036,-0.000192,-0.000073,0.000175,0.000186,0.000115,0.000135,0.000112,0.000089,0.000230,0.000230,0.000120,0.000097,0.000154,0.000210,0.000170,0.000022,-0.000138,-0.000146,-0.000082,-0.000038,0.000049,0.000100,0.000047,-0.000006,-0.000183,-0.000425,-0.000519,-0.000479,-0.000243,0.000081,0.000227,0.000283,0.000278,
0.004206,0.001498,-0.005432,-0.006645,-0.004069,-0.002173,-0.001691,-0.001406,-0.001410,-0.001119,-0.000339,0.000110,0.000485,0.000552,0.000070,-0.000237,-0.000129,0.000177,0.000455,0.000385,0.000137,-0.000418,-0.001239,-0.001619,-0.001396,-0.001191,-0.001223,-0.001095,-0.000729,-0.000372,-0.000280,-0.000244,-0.000118,0.000144,0.000502,0.000787,0.000800,0.000546,0.000267,-0.000025,-0.000294,-0.000293,-0.000194,-0.000328,-0.000485,-0.000334,0.000068,0.000231,0.000151,0.000012,-0.000164,-0.000296,-0.000336,-0.000220,-0.000125,-0.000353,-0.000711,-0.000853,-0.000337,0.000807,0.001272,0.000623,0.000027,0.000220,0.000580,0.000589,0.000455,0.000531,0.000568,0.000261,-0.000155,-0.000271,-0.000206,-0.000160,-0.000049,0.000081,0.000174,0.000015,-0.000336,-0.000303,0.000008,0.000229,0.000291,0.000534,0.001218,0.001869,0.001500,-0.000014,-0.001335,-0.001592,-0.001234,-0.000751,-0.000236,-0.000090,-0.000299,-0.000318,-0.000183,-0.000099,-0.000083,-0.000053,0.000031,-0.000000,-0.000065,0.000009,0.000083,0.000100,0.000144,0.000152,0.000103,0.000155,0.000185,0.000129,0.000044,0.000108,0.000143,0.000013,-0.000090,-0.000099,-0.000097,-0.000025,0.000013,0.000022,0.000048,0.000090,0.000245,0.000331,0.000166,0.000046,0.000052,0.000063,0.000044,0.000035,-0.000032,-0.000061,0.000118,0.000325,0.000382,0.000329,0.021673,0.012611,0.010314,0.008996,0.004955,-0.000510,-0.003882,-0.002867,0.000850,0.003830,0.003949,0.002548,0.001498,0.000639,0.000116,0.000031,0.000080,0.000273,0.000635,0.000934,0.000911,0.000213,-0.000555,-0.000490,-0.000081,0.000295,0.000605,0.000317,-0.000287,-0.000672,-0.000683,-0.000401,-0.000248,-0.000127,-0.000077,-0.000131,-0.000185,-0.000501,-0.001208,-0.001750,-0.001541,-0.000941,-0.000591,-0.000340,0.000109,0.000486,0.000337,-0.000078,-0.000320,-0.000387,-0.000312,-0.000198,-0.000077,0.000034,0.000039,-0.000043,0.000006,0.000359,0.000711,0.000689,0.000678,0.001227,0.001714,0.001516,0.000912,0.000432,0.000281,0.000103,-0.000257,-0.000481,-0.000491,-0.000364,-0.000255,-0.000343,-0.000484,-0.000427,-0.000218,0.000141,0.000344,0.000245,0.000002,-0.000114,-0.000001,0.000186,0.000165,-0.000194,-0.000819,-0.001438,-0.001565,-0.001178,-0.000698,-0.000223,-0.000005,-0.000117,-0.000007,0.000171,0.000150,0.000075,-0.000053,-0.000117,-0.000113,-0.000162,-0.000163,-0.000146,-0.000174,-0.000065,0.000074,0.000036,-0.000053,-0.000080,-0.000011,0.000057,0.000199,0.000323,0.000317,0.000313,0.000264,0.000208,0.000158,0.000096,-0.000007,-0.000009,0.000067,0.000080,0.000055,-0.000030,-0.000061,0.000077,0.000061,-0.000102,-0.000176,-0.000223,-0.000186,-0.000119,-0.000050,0.000128,0.000291,0.000289,
0.004651,0.001962,-0.005014,-0.006474,-0.004042,-0.002266,-0.001951,-0.001633,-0.001527,-0.001136,-0.000313,0.000131,0.000455,0.000483,0.000059,-0.000119,0.000151,0.000468,0.000652,0.000502,0.000150,-0.000449,-0.001158,-0.001488,-0.001465,-0.001348,-0.001345,-0.001352,-0.001020,-0.000677,-0.000559,-0.000366,-0.000052,0.000160,0.000400,0.000643,0.000680,0.000454,0.000031,-0.000223,-0.000403,-0.000494,-0.000343,-0.000175,-0.000208,-0.000176,0.000023,0.000063,-0.000152,-0.000258,-0.000274,-0.000306,-0.000324,-0.000256,-0.000122,-0.000167,-0.000529,-0.000796,-0.000362,0.000629,0.000894,0.000090,-0.000400,0.000164,0.000592,0.000383,0.000312,0.000557,0.000609,0.000159,-0.000288,-0.000438,-0.000440,-0.000254,0.000041,0.000141,-0.000055,-0.000364,-0.000509,-0.000409,-0.000155,0.000120,0.000294,0.000611,0.001254,0.001839,0.001521,0.000064,-0.001211,-0.001421,-0.001233,-0.000831,-0.000251,-0.000135,-0.000284,-0.000160,0.000004,0.000000,0.000050,0.000097,0.000075,0.000063,-0.000038,-0.000037,0.000133,0.000167,0.000229,0.000409,0.000406,0.000228,0.000197,0.000228,0.000150,0.000154,0.000242,0.000233,0.000011,-0.000103,-0.000093,-0.000022,0.000134,0.000091,0.000070,0.000249,0.000336,0.000249,0.000107,0.000090,0.000154,0.000212,0.000216,0.000136,-0.000021,-0.000151,-0.000043,0.000117,0.000170,0.000296,0.021651,0.012593,0.010366,0.009061,0.004890,-0.000608,-0.003867,-0.002978,0.000676,0.003875,0.004076,0.002539,0.001527,0.000709,0.000169,0.000085,0.000136,0.000301,0.000612,0.001021,0.001010,0.000347,-0.000405,-0.000472,-0.000015,0.000346,0.000390,0.000107,-0.000388,-0.000752,-0.000637,-0.000220,-0.000009,-0.000101,-0.000139,-0.000029,-0.000092,-0.000510,-0.001247,-0.001730,-0.001471,-0.000887,-0.000657,-0.000406,0.000180,0.000577,0.000306,-0.000187,-0.000437,-0.000459,-0.000349,-0.000179,-0.000047,-0.000060,-0.000123,-0.000162,-0.000038,0.000381,0.000863,0.000830,0.000713,0.001421,0.002081,0.001558,0.000381,-0.000168,0.000028,0.000082,-0.000232,-0.000479,-0.000391,-0.000199,-0.000103,-0.000254,-0.000446,-0.000429,-0.000304,0.000028,0.000302,0.000178,-0.000125,-0.000190,-0.000010,0.000212,0.000323,-0.000050,-0.000789,-0.001342,-0.001403,-0.001168,-0.000868,-0.000424,-0.000081,0.000010,0.000139,0.000236,0.000222,0.000099,-0.000068,-0.000191,-0.000295,-0.000267,-0.000190,-0.000118,0.000004,0.000015,0.000011,0.000061,0.000060,0.000013,-0.000125,-0.000144,0.000048,0.000178,0.000216,0.000199,0.000256,0.000255,0.000123,-0.000007,-0.000034,-0.000144,-0.000194,-0.000082,0.000031,0.000054,0.000058,-0.000013,-0.000123,-0.000132,-0.000119,-0.000121,-0.000148,-0.000096,0.000049,0.000230,0.000391,0.000400,
0.004661,0.001936,-0.005158,-0.006589,-0.004060,-0.002344,-0.002067,-0.001730,-0.001639,-0.001197,-0.000254,0.000193,0.000439,0.000469,-0.000067,-0.000338,0.000025,0.000431,0.000563,0.000293,-0.000129,-0.000556,-0.001103,-0.001447,-0.001395,-0.001228,-0.001118,-0.001042,-0.000806,-0.000469,-0.000302,-0.000159,0.000093,0.000351,0.000511,0.000642,0.000551,0.000235,-0.000024,-0.000244,-0.000444,-0.000431,-0.000263,-0.000201,-0.000273,-0.000200,0.000019,0.000092,-0.000073,-0.000222,-0.000243,-0.000249,-0.000185,-0.000110,-0.000162,-0.000280,-0.000579,-0.000814,-0.000377,0.000683,0.001132,0.000383,-0.000157,0.000527,0.001143,0.000919,0.000587,0.000660,0.000643,0.000265,-0.000191,-0.000379,-0.000250,0.000024,0.000181,0.000095,0.000032,-0.000117,-0.000310,-0.000231,0.000037,0.000241,0.000387,0.000689,0.001345,0.001993,0.001575,-0.000039,-0.001414,-0.001676,-0.001235,-0.000679,-0.000264,-0.000179,-0.000296,-0.000193,-0.000008,0.000021,-0.000033,0.000016,0.000036,-0.000019,-0.000023,0.000024,0.000148,0.000111,0.000092,0.000191,0.000199,0.000135,0.000119,0.000211,0.000223,0.000111,0.000019,0.000028,0.000055,-0.000017,-0.000080,-0.000017,0.000071,0.000059,-0.000054,0.000012,0.000172,0.000250,0.000178,0.000061,0.000082,0.000180,0.000213,0.000112,-0.000053,-0.000103,0.000026,0.000182,0.000185,0.000128,0.021988,0.012730,0.010372,0.009127,0.005038,-0.000528,-0.003824,-0.002857,0.000802,0.003885,0.003995,0.002585,0.001663,0.000869,0.000320,0.000192,0.000148,0.000283,0.000662,0.001083,0.001000,0.000158,-0.000658,-0.000627,-0.000121,0.000294,0.000543,0.000324,-0.000281,-0.000643,-0.000416,0.000150,0.000354,0.000059,-0.000165,-0.000075,-0.000028,-0.000311,-0.000950,-0.001651,-0.001550,-0.000810,-0.000379,-0.000158,0.000285,0.000511,0.000266,-0.000111,-0.000391,-0.000460,-0.000338,-0.000124,-0.000021,-0.000045,-0.000096,-0.000102,0.000009,0.000325,0.000737,0.000816,0.000818,0.001430,0.002149,0.001931,0.000958,0.000344,0.000315,0.000196,-0.000121,-0.000351,-0.000381,-0.000260,-0.000197,-0.000380,-0.000580,-0.000569,-0.000360,-0.000015,0.000309,0.000377,0.000187,-0.000105,-0.000098,0.000128,0.000180,-0.000169,-0.000836,-0.001463,-0.001559,-0.001291,-0.000962,-0.000409,-0.000039,0.000072,0.000271,0.000344,0.000139,0.000036,-0.000041,-0.000181,-0.000216,-0.000242,-0.000231,-0.000150,-0.000079,0.000012,0.000063,0.000036,-0.000038,-0.000120,-0.000127,-0.000123,0.000022,0.000196,0.000173,0.000216,0.000260,0.000084,-0.000004,0.000125,0.000135,0.000021,-0.000053,-0.000086,-0.000104,-0.000110,-0.000054,-0.000021,-0.000072,-0.000166,-0.000309,-0.000385,-0.000258,-0.000068,0.000113,0.000235,0.000266,0.000114,
0.004573,0.001778,-0.005377,-0.006888,-0.004189,-0.002142,-0.001891,-0.001656,-0.001486,-0.001068,-0.000316,0.000053,0.000413,0.000449,-0.000108,-0.000311,0.000065,0.000399,0.000505,0.000388,0.000106,-0.000453,-0.001122,-0.001516,-0.001524,-0.001334,-0.001224,-0.001125,-0.000820,-0.000427,-0.000265,-0.000289,-0.000210,0.000008,0.000315,0.000666,0.000770,0.000557,0.000214,-0.000121,-0.000357,-0.000347,-0.000283,-0.000371,-0.000376,-0.000119,0.000157,0.000199,0.000038,-0.000044,-0.000045,-0.000176,-0.000264,-0.000096,-0.000041,-0.000241,-0.000590,-0.000828,-0.000281,0.000891,0.001289,0.000393,-0.000374,0.000027,0.000670,0.000512,0.000187,0.000484,0.000731,0.000355,-0.000062,-0.000111,-0.000075,0.000007,0.000063,0.000019,-0.000032,-0.000195,-0.000306,-0.000269,-0.000090,0.000105,0.000243,0.000578,0.001353,0.002064,0.001731,0.000203,-0.001156,-0.001564,-0.001385,-0.000871,-0.000326,-0.000148,-0.000306,-0.000322,-0.000133,-0.000058,-0.000064,0.000044,0.000075,-0.000056,-0.000060,0.000009,-0.000076,-0.000008,0.000147,0.000205,0.000205,0.000122,0.000127,0.000198,0.000260,0.000316,0.000308,0.000177,0.000036,-0.000076,-0.000092,-0.000004,-0.000003,-0.000076,0.000065,0.000198,0.000183,0.000104,0.000009,-0.000074,-0.000062,0.000032,0.000011,0.000040,-0.000002,-0.000059,0.000002,0.000144,0.000263,0.000265,0.022056,0.012806,0.010303,0.009009,0.004961,-0.000469,-0.003781,-0.002936,0.000658,0.003759,0.004035,0.002617,0.001534,0.000765,0.000166,-0.000042,0.000037,0.000373,0.000797,0.001046,0.000942,0.000235,-0.000563,-0.000615,-0.000100,0.000336,0.000431,0.000025,-0.000493,-0.000714,-0.000552,-0.000207,-0.000078,-0.000125,-0.000040,0.000151,0.000079,-0.000368,-0.001080,-0.001597,-0.001426,-0.000844,-0.000581,-0.000436,0.000100,0.000549,0.000314,-0.000154,-0.000322,-0.000247,-0.000187,-0.000155,-0.000132,-0.000132,-0.000151,-0.000138,0.000078,0.000495,0.000781,0.000730,0.000747,0.001382,0.002156,0.002137,0.001337,0.000575,0.000270,0.000245,0.000011,-0.000309,-0.000230,0.000028,0.000077,-0.000167,-0.000518,-0.000535,-0.000238,0.000079,0.000324,0.000278,0.000048,0.000011,0.000063,0.000134,0.000193,-0.000084,-0.000794,-0.001468,-0.001495,-0.001166,-0.000792,-0.000317,-0.000008,0.000000,0.000049,0.000279,0.000271,0.000058,-0.000113,-0.000199,-0.000217,-0.000253,-0.000205,-0.000137,-0.000106,-0.000011,0.000149,0.000147,0.000175,0.000167,0.000126,0.000154,0.000233,0.000277,0.000247,0.000229,0.000264,0.000340,0.000347,0.000173,0.000044,0.000027,-0.000050,-0.000006,0.000042,0.000022,0.000060,0.000154,0.000138,-0.000040,-0.000272,-0.000398,-0.000274,-0.000108,-0.000066,0.000074,0.000279,0.000310,
0.005157,0.002157,-0.005037,-0.006534,-0.004100,-0.002377,-0.002132,-0.001855,-0.001653,-0.001052,-0.000138,0.000246,0.000496,0.000561,0.000146,-0.000188,0.000007,0.000375,0.000613,0.000454,0.000084,-0.000445,-0.001136,-0.001540,-0.001453,-0.001260,-0.001193,-0.001014,-0.000605,-0.000293,-0.000342,-0.000409,-0.000226,0.000042,0.000367,0.000656,0.000719,0.000471,0.000140,-0.000169,-0.000462,-0.000544,-0.000436,-0.000369,-0.000446,-0.000276,0.000098,0.000269,0.000195,0.000005,-0.000201,-0.000302,-0.000304,-0.000217,-0.000102,-0.000158,-0.000531,-0.000762,-0.000272,0.000783,0.001214,0.000617,0.000113,0.000508,0.000950,0.000584,0.000229,0.000341,0.000475,0.000305,-0.000040,-0.000278,-0.000274,-0.000181,-0.000220,-0.000131,-0.000076,-0.000210,-0.000385,-0.000398,-0.000163,0.000127,0.000323,0.000694,0.001429,0.002088,0.001634,-0.000057,-0.001388,-0.001613,-0.001357,-0.000892,-0.000331,-0.000142,-0.000251,-0.000195,-0.000095,-0.000081,-0.000098,-0.000032,-0.000010,-0.000070,-0.000111,-0.000156,0.000005,0.000088,0.000091,0.000166,0.000165,0.000100,-0.000012,-0.000042,0.000146,0.000200,0.000087,-0.000033,-0.000156,-0.000203,-0.000148,-0.000031,0.000001,0.000014,-0.000028,0.000037,0.000168,0.000196,0.000148,0.000050,-0.000028,-0.000007,0.000110,0.000049,-0.000200,-0.000188,0.000033,0.000075,0.000141,0.000314,0.022064,0.012700,0.010444,0.009219,0.005067,-0.000445,-0.003861,-0.002988,0.000622,0.003695,0.003989,0.002703,0.001620,0.000746,0.000249,0.000066,-0.000018,0.000306,0.000735,0.001016,0.000954,0.000230,-0.000456,-0.000468,-0.000118,0.000325,0.000538,0.000147,-0.000508,-0.000851,-0.000693,-0.000294,-0.000164,-0.000255,-0.000155,-0.000055,-0.000159,-0.000476,-0.001149,-0.001792,-0.001621,-0.001014,-0.000740,-0.000445,0.000089,0.000446,0.000284,-0.000201,-0.000453,-0.000544,-0.000505,-0.000239,-0.000078,-0.000003,0.000001,-0.000040,0.000098,0.000421,0.000802,0.000779,0.000623,0.001247,0.001908,0.001552,0.000664,0.000138,0.000167,0.000213,-0.000030,-0.000266,-0.000265,-0.000223,-0.000362,-0.000618,-0.000733,-0.000579,-0.000171,0.000176,0.000381,0.000386,0.000134,-0.000075,-0.000056,0.000041,0.000099,-0.000212,-0.000830,-0.001432,-0.001491,-0.001136,-0.000833,-0.000380,-0.000028,0.000016,0.000114,0.000234,0.000100,-0.000041,-0.000113,-0.000198,-0.000226,-0.000295,-0.000276,-0.000199,-0.000206,-0.000162,-0.000085,-0.000118,-0.000105,-0.000035,0.000007,0.000027,0.000068,0.000154,0.000321,0.000343,0.000227,0.000215,0.000179,0.000122,0.000078,-0.000034,-0.000157,-0.000172,-0.000078,0.000014,0.000088,0.000137,0.000116,-0.000029,-0.000059,0.000031,-0.000013,-0.000041,0.000093,0.000281,0.000357,0.000341,
0.004922,0.001930,-0.005421,-0.006809,-0.004194,-0.002307,-0.001939,-0.001721,-0.001579,-0.001102,-0.000255,0.000252,0.000548,0.000506,0.000003,-0.000414,-0.000251,0.000179,0.000456,0.000434,0.000194,-0.000418,-0.001191,-0.001532,-0.001460,-0.001261,-0.001160,-0.000945,-0.000534,-0.000239,-0.000318,-0.000364,-0.000303,-0.000142,0.000214,0.000607,0.000688,0.000437,0.000103,-0.000271,-0.000475,-0.000551,-0.000412,-0.000310,-0.000412,-0.000273,-0.000038,0.000095,0.000089,-0.000034,-0.000151,-0.000259,-0.000312,-0.000235,-0.000133,-0.000174,-0.000478,-0.000711,-0.000226,0.000680,0.000947,0.000193,-0.000413,0.000129,0.000758,0.000522,0.000089,0.000193,0.000302,0.000065,-0.000156,-0.000290,-0.000230,-0.000128,-0.000061,0.000073,0.000132,0.000003,-0.000234,-0.000307,-0.000161,0.000010,0.000190,0.000522,0.001208,0.001886,0.001518,-0.000060,-0.001385,-0.001599,-0.001148,-0.000547,-0.000137,-0.000183,-0.000388,-0.000315,-0.000115,0.000033,0.000081,0.000057,0.000220,0.000183,-0.000021,-0.000021,0.000073,0.000129,0.000185,0.000199,0.000136,0.000100,0.000103,0.000126,0.000208,0.000244,0.000162,0.000095,-0.000097,-0.000237,-0.000200,-0.000166,-0.000015,0.000063,0.000055,0.000178,0.000244,0.000155,-0.000001,-0.000007,0.000105,0.000098,0.000103,0.000094,-0.000110,-0.000228,-0.000124,0.000048,0.000098,0.000200,0.022133,0.012843,0.010418,0.009266,0.005323,-0.000267,-0.003690,-0.002909,0.000541,0.003600,0.003899,0.002495,0.001410,0.000532,0.000036,0.000052,0.000078,0.000220,0.000579,0.000961,0.000952,0.000294,-0.000496,-0.000567,-0.000048,0.000457,0.000591,0.000253,-0.000332,-0.000776,-0.000774,-0.000383,-0.000191,-0.000266,-0.000150,0.000034,-0.000085,-0.000520,-0.001215,-0.001779,-0.001597,-0.000941,-0.000552,-0.000305,0.000183,0.000596,0.000403,-0.000135,-0.000409,-0.000427,-0.000328,-0.000122,0.000060,0.000054,-0.000017,0.000011,0.000070,0.000249,0.000610,0.000704,0.000678,0.001265,0.002016,0.001831,0.000907,0.000200,0.000118,0.000172,-0.000097,-0.000297,-0.000225,-0.000206,-0.000253,-0.000327,-0.000502,-0.000449,-0.000229,0.000068,0.000291,0.000199,-0.000049,-0.000194,-0.000116,0.000128,0.000226,-0.000101,-0.000791,-0.001408,-0.001407,-0.001046,-0.000735,-0.000271,0.000068,0.000009,0.000163,0.000418,0.000234,-0.000025,-0.000065,-0.000160,-0.000189,-0.000049,-0.000004,-0.000062,-0.000026,0.000008,-0.000016,0.000048,0.000050,-0.000128,-0.000190,-0.000115,0.000018,0.000169,0.000223,0.000295,0.000294,0.000160,0.000120,0.000030,-0.000050,-0.000067,-0.000127,-0.000093,0.000010,0.000037,0.000022,-0.000062,-0.000112,-0.000129,-0.000234,-0.000186,-0.000117,-0.000154,-0.000181,0.000024,0.000228,0.000291,
0.004587,0.001708,-0.005620,-0.007116,-0.004384,-0.002305,-0.001915,-0.001817,-0.001893,-0.001441,-0.000476,0.000128,0.000427,0.000424,0.000002,-0.000337,-0.000149,0.000230,0.000518,0.000443,0.000101,-0.000382,-0.001029,-0.001462,-0.001463,-0.001252,-0.001082,-0.000864,-0.000417,-0.000101,-0.000123,-0.000232,-0.000232,-0.000080,0.000240,0.000613,0.000771,0.000545,0.000221,-0.000033,-0.000206,-0.000241,-0.000216,-0.000295,-0.000380,-0.000226,0.000027,0.000095,-0.000024,-0.000157,-0.000251,-0.000370,-0.000493,-0.000440,-0.000154,-0.000161,-0.000654,-0.000896,-0.000336,0.000728,0.001253,0.000527,-0.000249,0.000081,0.000781,0.000868,0.000561,0.000442,0.000423,0.000205,-0.000094,-0.000133,-0.000061,-0.000067,-0.000177,-0.000157,-0.000064,-0.000121,-0.000309,-0.000285,-0.000003,0.000184,0.000345,0.000765,0.001347,0.001882,0.001524,-0.000109,-0.001554,-0.001745,-0.001310,-0.000731,-0.000228,-0.000196,-0.000415,-0.000429,-0.000249,-0.000026,0.000040,0.000016,0.000098,0.000134,-0.000031,-0.000054,0.000041,0.000093,0.000162,0.000268,0.000208,0.000075,0.000066,0.000089,0.000147,0.000194,0.000229,0.000271,0.000108,-0.000061,-0.000069,0.000021,0.000119,0.000089,0.000082,0.000167,0.000258,0.000313,0.000260,0.000173,0.000178,0.000216,0.000194,0.000104,-0.000004,-0.000117,-0.000075,0.000034,0.000050,0.000171,0.022528,0.013078,0.010298,0.008942,0.005120,-0.000374,-0.003816,-0.002865,0.000703,0.003696,0.003874,0.002552,0.001542,0.000599,0.000144,0.000046,0.000037,0.000408,0.000796,0.001014,0.000978,0.000266,-0.000518,-0.000507,-0.000024,0.000380,0.000511,0.000148,-0.000346,-0.000539,-0.000471,-0.000204,-0.000126,-0.000158,-0.000050,-0.000012,-0.000110,-0.000552,-0.001317,-0.001790,-0.001545,-0.000887,-0.000533,-0.000335,0.000109,0.000455,0.000194,-0.000247,-0.000458,-0.000486,-0.000389,-0.000141,0.000051,0.000079,0.000036,-0.000086,-0.000161,0.000159,0.000608,0.000708,0.000734,0.001214,0.001727,0.001516,0.000795,0.000218,0.000026,-0.000059,-0.000305,-0.000594,-0.000568,-0.000195,-0.000103,-0.000295,-0.000436,-0.000417,-0.000223,0.000040,0.000238,0.000143,-0.000051,-0.000132,-0.000041,0.000121,0.000179,-0.000128,-0.000861,-0.001473,-0.001522,-0.001091,-0.000596,-0.000119,0.000125,0.000062,0.000024,0.000105,0.000134,0.000049,-0.000112,-0.000325,-0.000289,-0.000192,-0.000217,-0.000133,-0.000084,-0.000108,-0.000068,0.000016,0.000083,-0.000004,-0.000126,-0.000058,0.000066,0.000151,0.000137,0.000169,0.000213,0.000213,0.000198,0.000079,0.000033,0.000057,-0.000006,-0.000054,-0.000116,-0.000149,-0.000106,0.000020,0.000004,-0.000091,-0.000179,-0.000292,-0.000202,-0.000093,0.000030,0.000243,0.000264,0.000190,
0.005199,0.002133,-0.005359,-0.006881,-0.004269,-0.002389,-0.002109,-0.001865,-0.001698,-0.001101,-0.000252,0.000150,0.000482,0.000441,-0.000108,-0.000400,-0.000116,0.000300,0.000487,0.000364,0.000012,-0.000543,-0.001175,-0.001506,-0.001388,-0.001248,-0.001206,-0.001077,-0.000782,-0.000397,-0.000270,-0.000333,-0.000287,-0.000119,0.000199,0.000642,0.000725,0.000481,0.000194,-0.000146,-0.000441,-0.000487,-0.000317,-0.000312,-0.000352,-0.000195,0.000000,0.000070,-0.000011,-0.000174,-0.000248,-0.000324,-0.000339,-0.000200,-0.000160,-0.000349,-0.000624,-0.000830,-0.000319,0.000841,0.001200,0.000359,-0.000126,0.000305,0.000536,0.000183,0.000165,0.000665,0.000847,0.000445,-0.000054,-0.000153,-0.000070,-0.000015,-0.000056,-0.000041,-0.000027,-0.000192,-0.000369,-0.000349,-0.000116,0.000104,0.000244,0.000681,0.001402,0.001980,0.001554,-0.000033,-0.001383,-0.001624,-0.001263,-0.000738,-0.000256,-0.000160,-0.000225,-0.000145,-0.000070,-0.000089,0.000002,0.000154,0.000165,0.000091,-0.000033,-0.000115,-0.000047,-0.000038,0.000000,0.000126,0.000203,0.000120,0.000102,0.000143,0.000062,-0.000057,0.000054,0.000111,0.000046,0.000022,-0.000047,-0.000059,0.000063,0.000151,0.000159,0.000220,0.000313,0.000323,0.000171,0.000058,0.000090,0.000121,0.000104,0.000069,-0.000003,-0.000049,-0.000049,0.000060,0.000184,0.000304,0.022367,0.012965,0.010513,0.009310,0.005329,-0.000261,-0.003657,-0.002887,0.000581,0.003790,0.004086,0.002529,0.001334,0.000533,0.000093,-0.000008,-0.000010,0.000195,0.000669,0.001048,0.000960,0.000255,-0.000552,-0.000473,0.000037,0.000372,0.000443,0.000124,-0.000356,-0.000649,-0.000577,-0.000334,-0.000297,-0.000263,-0.000069,0.000048,-0.000111,-0.000580,-0.001224,-0.001747,-0.001593,-0.000995,-0.000548,-0.000190,0.000228,0.000441,0.000274,-0.000107,-0.000365,-0.000362,-0.000236,-0.000057,0.000013,-0.000039,-0.000101,-0.000058,0.000132,0.000442,0.000780,0.000870,0.001030,0.001737,0.002264,0.001731,0.000657,0.000046,0.000072,0.000167,-0.000104,-0.000478,-0.000569,-0.000410,-0.000313,-0.000388,-0.000477,-0.000400,-0.000067,0.000225,0.000311,0.000274,0.000034,-0.000153,-0.000092,0.000080,0.000187,-0.000044,-0.000614,-0.001245,-0.001422,-0.001190,-0.000872,-0.000456,-0.000129,-0.000088,0.000027,0.000190,0.000202,0.000086,-0.000093,-0.000177,-0.000175,-0.000115,-0.000106,-0.000161,-0.000093,-0.000061,0.000053,0.000143,0.000046,0.000038,0.000042,-0.000006,0.000041,0.000119,0.000192,0.000220,0.000274,0.000263,0.000048,-0.000124,-0.000187,-0.000188,-0.000200,-0.000151,0.000005,0.000045,0.000027,0.000050,-0.000066,-0.000172,-0.000234,-0.000325,-0.000294,-0.000179,0.000050,0.000273,0.000301,0.000295,
0.004809,0.001962,-0.005439,-0.006912,-0.004341,-0.002550,-0.002196,-0.001997,-0.001887,-0.001297,-0.000422,0.000023,0.000294,0.000252,-0.000198,-0.000409,-0.000108,0.000330,0.000637,0.000533,0.000122,-0.000540,-0.001237,-0.001593,-0.001542,-0.001345,-0.001314,-0.001301,-0.000977,-0.000477,-0.000221,-0.000092,0.000103,0.000356,0.000546,0.000531,0.000396,0.000106,-0.000162,-0.000313,-0.000419,-0.000367,-0.000338,-0.000340,-0.000323,-0.000160,0.000115,0.000153,0.000040,-0.000080,-0.000232,-0.000266,-0.000222,-0.000147,-0.000089,-0.000181,-0.000557,-0.000877,-0.000370,0.000761,0.001144,0.000327,-0.000267,0.000425,0.001104,0.000849,0.000529,0.000673,0.000673,0.000275,-0.000177,-0.000408,-0.000287,-0.000113,-0.000046,0.000008,0.000002,-0.000106,-0.000312,-0.000443,-0.000229,0.000098,0.000324,0.000578,0.001179,0.001919,0.001667,0.000116,-0.001296,-0.001554,-0.001213,-0.000734,-0.000302,-0.000165,-0.000241,-0.000272,-0.000148,-0.000080,-0.000020,0.000008,0.000019,0.000025,-0.000043,-0.000078,0.000056,0.000147,0.000171,0.000161,0.000150,0.000113,0.000105,0.000156,0.000228,0.000216,0.000103,0.000071,0.000044,-0.000025,-0.000042,0.000012,0.000008,0.000016,0.000086,0.000161,0.000239,0.000244,0.000082,-0.000095,-0.000037,0.000143,0.000181,0.000084,-0.000116,-0.000204,-0.000052,0.000102,0.000093,0.000181,0.022459,0.012900,0.010214,0.008953,0.005113,-0.000306,-0.003646,-0.002910,0.000432,0.003491,0.003901,0.002645,0.001592,0.000736,0.000157,-0.000025,0.000003,0.000269,0.000618,0.000946,0.000888,0.000175,-0.000527,-0.000545,-0.000116,0.000369,0.000581,0.000222,-0.000335,-0.000558,-0.000333,0.000185,0.000327,0.000009,-0.000091,0.000003,-0.000025,-0.000376,-0.001057,-0.001612,-0.001524,-0.000937,-0.000531,-0.000274,0.000088,0.000406,0.000350,-0.000094,-0.000388,-0.000454,-0.000356,-0.000143,0.000034,0.000157,0.000079,-0.000087,-0.000011,0.000360,0.000697,0.000726,0.000676,0.001250,0.001982,0.001735,0.000747,0.000111,0.000123,0.000167,-0.000172,-0.000476,-0.000373,-0.000123,-0.000045,-0.000210,-0.000467,-0.000448,-0.000275,-0.000004,0.000263,0.000238,0.000003,-0.000140,0.000013,0.000237,0.000196,-0.000174,-0.000784,-0.001413,-0.001520,-0.001252,-0.000972,-0.000442,-0.000112,-0.000113,0.000081,0.000335,0.000241,-0.000005,-0.000131,-0.000211,-0.000301,-0.000306,-0.000233,-0.000185,-0.000072,0.000046,-0.000004,-0.000080,-0.000070,-0.000001,0.000028,-0.000002,0.000019,0.000186,0.000304,0.000253,0.000277,0.000316,0.000256,0.000158,0.000088,0.000032,-0.000089,-0.000088,-0.000039,0.000065,0.000134,0.000086,0.000033,-0.000075,-0.000186,-0.000248,-0.000252,-0.000132,0.000079,0.000220,0.000274,0.000208,
0.004247,0.001623,-0.005769,-0.007296,-0.004512,-0.002395,-0.001996,-0.001777,-0.001695,-0.001279,-0.000469,0.000029,0.000366,0.000368,-0.000086,-0.000377,-0.000148,0.000167,0.000407,0.000296,-0.000118,-0.000599,-0.001282,-0.001678,-0.001551,-0.001421,-0.001350,-0.001193,-0.000747,-0.000265,-0.000071,-0.000080,0.000015,0.000146,0.000311,0.000571,0.000595,0.000401,0.000168,-0.000089,-0.000329,-0.000429,-0.000331,-0.000300,-0.000369,-0.000237,0.000118,0.000270,0.000111,-0.000066,-0.000210,-0.000288,-0.000265,-0.000220,-0.000123,-0.000189,-0.000586,-0.000849,-0.000398,0.000704,0.001220,0.000341,-0.000353,0.000282,0.000921,0.000734,0.000471,0.000699,0.000639,0.000173,-0.000133,-0.000223,-0.000127,0.000073,0.000150,0.000087,-0.000061,-0.000331,-0.000535,-0.000479,-0.000154,0.000110,0.000300,0.000657,0.001326,0.002020,0.001701,0.000093,-0.001245,-0.001465,-0.001192,-0.000738,-0.000270,-0.000259,-0.000430,-0.000294,-0.000064,-0.000045,-0.000034,0.000042,0.000160,0.000115,-0.000026,-0.000052,-0.000027,0.000002,0.000058,0.000050,-0.000019,-0.000041,0.000019,0.000175,0.000239,0.000187,0.000167,0.000129,0.000042,-0.000020,0.000015,0.000012,0.000018,0.000012,-0.000037,0.000031,0.000118,0.000128,0.000059,0.000051,0.000131,0.000085,0.000019,0.000092,0.000098,0.000011,0.000093,0.000149,0.000097,0.000221,0.022642,0.013108,0.010288,0.008876,0.004979,-0.000310,-0.003605,-0.002831,0.000645,0.003708,0.003966,0.002612,0.001577,0.000702,0.000072,-0.000124,0.000037,0.000438,0.000793,0.001053,0.000947,0.000209,-0.000535,-0.000542,-0.000079,0.000365,0.000504,0.000122,-0.000421,-0.000620,-0.000375,0.000006,0.000084,-0.000076,-0.000122,0.000033,0.000130,-0.000204,-0.000965,-0.001571,-0.001521,-0.001015,-0.000576,-0.000290,0.000102,0.000457,0.000323,-0.000121,-0.000396,-0.000475,-0.000409,-0.000272,-0.000201,-0.000126,-0.000100,-0.000099,-0.000017,0.000316,0.000792,0.000808,0.000719,0.001397,0.002280,0.002259,0.001372,0.000708,0.000594,0.000493,0.000088,-0.000215,-0.000238,-0.000051,-0.000029,-0.000383,-0.000630,-0.000548,-0.000308,0.000055,0.000308,0.000247,0.000029,-0.000060,-0.000006,0.000221,0.000394,0.000008,-0.000698,-0.001277,-0.001357,-0.001173,-0.000914,-0.000443,-0.000134,-0.000110,0.000074,0.000255,0.000264,0.000077,-0.000122,-0.000236,-0.000346,-0.000366,-0.000296,-0.000135,0.000047,0.000028,-0.000058,0.000042,0.000097,0.000112,0.000069,0.000057,0.000139,0.000196,0.000223,0.000210,0.000136,0.000044,-0.000010,0.000036,0.000083,-0.000050,-0.000152,-0.000128,-0.000117,-0.000099,0.000018,0.000041,-0.000020,-0.000093,-0.000103,-0.000167,-0.000272,-0.000134,0.000107,0.000273,0.000297,0.000246,
0.005111,0.002124,-0.005306,-0.006914,-0.004322,-0.002501,-0.002286,-0.002018,-0.001788,-0.001128,-0.000134,0.000310,0.000498,0.000390,-0.000147,-0.000469,-0.000265,0.000190,0.000567,0.000466,0.000019,-0.000559,-0.001228,-0.001603,-0.001553,-0.001359,-0.001217,-0.000989,-0.000701,-0.000419,-0.000245,-0.000273,-0.000249,-0.000087,0.000285,0.000650,0.000661,0.000405,0.000198,-0.000001,-0.000255,-0.000260,-0.000189,-0.000383,-0.000499,-0.000240,0.000168,0.000294,0.000057,-0.000167,-0.000191,-0.000226,-0.000305,-0.000297,-0.000190,-0.000215,-0.000511,-0.000809,-0.000310,0.000853,0.001329,0.000596,-0.000039,0.000298,0.000621,0.000419,0.000172,0.000286,0.000425,0.000125,-0.000249,-0.000289,-0.000198,-0.000116,-0.000149,-0.000177,-0.000109,-0.000180,-0.000354,-0.000309,-0.000130,0.000037,0.000247,0.000524,0.001181,0.001923,0.001655,0.000238,-0.001219,-0.001653,-0.001345,-0.000839,-0.000333,-0.000126,-0.000271,-0.000414,-0.000249,-0.000139,-0.000073,0.000062,0.000084,-0.000015,-0.000105,-0.000172,-0.000121,0.000021,0.000082,0.000087,0.000051,-0.000018,0.000064,0.000206,0.000230,0.000167,0.000159,0.000064,-0.000098,-0.000196,-0.000173,-0.000120,-0.000048,-0.000056,-0.000044,0.000067,0.000175,0.000145,0.000091,0.000048,0.000098,0.000206,0.000180,0.000070,-0.000070,-0.000137,-0.000008,0.000152,0.000264,0.000306,0.022540,0.012961,0.010387,0.009215,0.005413,-0.000074,-0.003674,-0.002917,0.000708,0.003826,0.004025,0.002602,0.001475,0.000619,0.000154,-0.000027,-0.000022,0.000328,0.000794,0.001155,0.001003,0.000177,-0.000551,-0.000526,0.000010,0.000451,0.000515,0.000133,-0.000422,-0.000754,-0.000643,-0.000200,-0.000094,-0.000278,-0.000227,-0.000123,-0.000122,-0.000510,-0.001293,-0.001793,-0.001589,-0.001043,-0.000662,-0.000396,0.000131,0.000536,0.000363,-0.000129,-0.000442,-0.000487,-0.000427,-0.000251,-0.000016,0.000002,-0.000047,-0.000082,0.000021,0.000382,0.000742,0.000771,0.000668,0.001159,0.001827,0.001603,0.000670,0.000091,0.000125,0.000186,-0.000064,-0.000333,-0.000355,-0.000288,-0.000279,-0.000269,-0.000433,-0.000504,-0.000201,0.000145,0.000264,0.000234,0.000096,-0.000104,-0.000070,0.000221,0.000271,-0.000117,-0.000821,-0.001419,-0.001379,-0.001060,-0.000822,-0.000423,-0.000056,-0.000008,0.000091,0.000192,0.000106,0.000033,-0.000000,-0.000062,-0.000109,-0.000193,-0.000209,-0.000130,-0.000134,-0.000190,-0.000098,0.000069,0.000114,0.000096,0.000066,0.000066,0.000181,0.000247,0.000226,0.000231,0.000231,0.000211,0.000143,0.000020,-0.000022,-0.000030,-0.000045,-0.000034,0.000044,0.000167,0.000170,0.000123,0.000040,-0.000097,-0.000216,-0.000198,-0.000152,-0.000147,0.000033,0.000245,0.000281,0.000228,
0.005494,0.002321,-0.005136,-0.006602,-0.004060,-0.002449,-0.002332,-0.002064,-0.001696,-0.001025,-0.000207,0.000169,0.000406,0.000446,0.000093,-0.000243,-0.000152,0.000200,0.000553,0.000513,0.000139,-0.000427,-0.001163,-0.001688,-0.001696,-0.001424,-0.001191,-0.001018,-0.000659,-0.000285,-0.000186,-0.000217,-0.000232,-0.000088,0.000201,0.000582,0.000633,0.000264,-0.000065,-0.000179,-0.000329,-0.000393,-0.000276,-0.000320,-0.000459,-0.000262,0.000074,0.000082,-0.000098,-0.000123,-0.000194,-0.000338,-0.000375,-0.000274,-0.000175,-0.000223,-0.000569,-0.000802,-0.000239,0.000774,0.000996,0.000170,-0.000364,0.000252,0.000808,0.000562,0.000245,0.000250,0.000199,-0.000080,-0.000265,-0.000227,-0.000185,-0.000139,-0.000149,-0.000160,-0.000144,-0.000212,-0.000322,-0.000336,-0.000068,0.000162,0.000234,0.000587,0.001270,0.001852,0.001528,-0.000048,-0.001427,-0.001569,-0.001261,-0.000961,-0.000511,-0.000364,-0.000442,-0.000301,-0.000153,-0.000152,-0.000038,0.000238,0.000213,0.000058,-0.000021,0.000009,0.000119,0.000134,0.000175,0.000139,0.000082,0.000139,0.000160,0.000205,0.000283,0.000271,0.000136,0.000024,-0.000031,-0.000113,-0.000148,-0.000036,0.000155,0.000082,-0.000076,0.000058,0.000185,0.000220,0.000120,0.000020,-0.000013,-0.000065,-0.000022,0.000016,-0.000070,-0.000109,-0.000074,0.000062,0.000146,0.000194,0.022348,0.012931,0.010602,0.009454,0.005490,-0.000028,-0.003479,-0.002811,0.000649,0.003669,0.003964,0.002615,0.001603,0.000728,0.000135,0.000068,0.000033,0.000226,0.000646,0.001012,0.000871,0.000177,-0.000483,-0.000566,-0.000116,0.000470,0.000677,0.000248,-0.000403,-0.000745,-0.000536,-0.000253,-0.000345,-0.000474,-0.000379,-0.000224,-0.000244,-0.000556,-0.001213,-0.001747,-0.001568,-0.000876,-0.000490,-0.000384,0.000020,0.000428,0.000259,-0.000170,-0.000363,-0.000374,-0.000341,-0.000242,-0.000078,-0.000016,-0.000040,0.000088,0.000227,0.000474,0.000800,0.000748,0.000729,0.001455,0.002255,0.001866,0.000697,0.000114,0.000151,0.000245,0.000131,-0.000047,-0.000142,-0.000195,-0.000234,-0.000339,-0.000525,-0.000489,-0.000288,-0.000037,0.000277,0.000381,0.000177,-0.000063,-0.000093,0.000084,0.000279,0.000007,-0.000769,-0.001364,-0.001407,-0.001050,-0.000637,-0.000193,0.000044,-0.000008,0.000107,0.000301,0.000214,0.000033,-0.000182,-0.000251,-0.000250,-0.000296,-0.000318,-0.000196,-0.000039,-0.000029,-0.000094,-0.000112,-0.000005,0.000151,0.000191,0.000068,0.000096,0.000211,0.000272,0.000337,0.000320,0.000214,0.000073,0.000037,-0.000059,-0.000096,-0.000100,0.000036,0.000200,0.000181,0.000116,0.000043,-0.000046,-0.000154,-0.000214,-0.000202,-0.000219,-0.000133,0.000114,0.000262,0.000311,0.000229,
0.005308,0.002216,-0.005452,-0.007011,-0.004335,-0.002502,-0.002261,-0.002054,-0.001876,-0.001195,-0.000222,0.000187,0.000467,0.000395,-0.000177,-0.000410,-0.000195,0.000213,0.000537,0.000361,0.000000,-0.000461,-0.001074,-0.001509,-0.001577,-0.001408,-0.001291,-0.001042,-0.000497,-0.000112,-0.000112,-0.000200,-0.000111,0.000100,0.000317,0.000604,0.000610,0.000323,-0.000006,-0.000309,-0.000544,-0.000577,-0.000482,-0.000488,-0.000542,-0.000273,0.000056,0.000199,0.000271,0.000143,-0.000051,-0.000400,-0.000538,-0.000302,-0.000097,-0.000183,-0.000532,-0.000690,-0.000220,0.000751,0.001103,0.000181,-0.000511,0.000125,0.000912,0.000804,0.000388,0.000330,0.000285,0.000054,-0.000185,-0.000197,-0.000043,0.000057,0.000104,0.000168,0.000109,-0.000047,-0.000284,-0.000323,-0.000029,0.000178,0.000235,0.000585,0.001327,0.001984,0.001583,0.000037,-0.001330,-0.001534,-0.001106,-0.000723,-0.000237,-0.000063,-0.000284,-0.000337,-0.000211,-0.000083,-0.000013,-0.000018,0.000063,0.000136,-0.000032,-0.000090,0.000020,-0.000001,0.000042,0.000111,0.000092,-0.000025,-0.000131,0.000023,0.000227,0.000387,0.000373,0.000144,-0.000061,-0.000112,-0.000042,-0.000003,0.000037,0.000111,0.000087,0.000099,0.000161,0.000199,0.000142,0.000046,0.000027,0.000162,0.000169,-0.000021,-0.000192,-0.000182,-0.000055,0.000036,0.000087,0.000180,0.022556,0.013121,0.010480,0.009280,0.005340,-0.000168,-0.003599,-0.002807,0.000694,0.003755,0.004051,0.002656,0.001601,0.000694,0.000038,-0.000113,0.000027,0.000389,0.000801,0.001104,0.000955,0.000181,-0.000580,-0.000560,0.000040,0.000464,0.000431,-0.000018,-0.000452,-0.000628,-0.000483,-0.000266,-0.000279,-0.000284,-0.000173,0.000006,-0.000012,-0.000459,-0.001166,-0.001660,-0.001550,-0.000983,-0.000616,-0.000367,0.000123,0.000446,0.000319,-0.000084,-0.000305,-0.000390,-0.000403,-0.000168,0.000038,0.000019,-0.000093,-0.000210,-0.000165,0.000268,0.000786,0.000728,0.000635,0.001136,0.001788,0.001621,0.000682,-0.000048,-0.000258,-0.000187,-0.000216,-0.000440,-0.000444,-0.000284,-0.000189,-0.000229,-0.000382,-0.000442,-0.000321,-0.000032,0.000196,0.000071,-0.000179,-0.000219,-0.000049,0.000201,0.000259,-0.000071,-0.000820,-0.001424,-0.001360,-0.001070,-0.000854,-0.000399,-0.000055,-0.000094,-0.000012,0.000168,0.000183,0.000015,-0.000111,-0.000090,-0.000181,-0.000279,-0.000231,-0.000154,-0.000054,-0.000026,0.000044,0.000086,-0.000049,-0.000108,-0.000034,0.000048,0.000184,0.000277,0.000250,0.000168,0.000096,0.000150,0.000199,0.000156,0.000032,-0.000061,-0.000185,-0.000211,-0.000047,0.000009,-0.000020,-0.000055,-0.000088,-0.000236,-0.000367,-0.000299,-0.000200,-0.000133,-0.000037,0.000079,0.000205,0.000332,
0.004867,0.001721,-0.005726,-0.007233,-0.004440,-0.002436,-0.002237,-0.001955,-0.001723,-0.001195,-0.000300,0.000165,0.000527,0.000504,-0.000038,-0.000361,-0.000111,0.000313,0.000559,0.000466,0.000098,-0.000461,-0.001185,-0.001682,-0.001625,-0.001373,-0.001203,-0.001015,-0.000747,-0.000391,-0.000224,-0.000192,-0.000045,0.000134,0.000353,0.000587,0.000616,0.000389,0.000090,-0.000197,-0.000509,-0.000511,-0.000406,-0.000476,-0.000465,-0.000262,-0.000025,0.000096,-0.000028,-0.000214,-0.000266,-0.000300,-0.000364,-0.000276,-0.000104,-0.000131,-0.000487,-0.000777,-0.000334,0.000751,0.001218,0.000563,0.000031,0.000213,0.000354,0.000185,0.000212,0.000631,0.000761,0.000407,-0.000081,-0.000313,-0.000251,-0.000078,0.000012,-0.000055,-0.000082,-0.000166,-0.000387,-0.000384,-0.000033,0.000269,0.000311,0.000566,0.001253,0.001887,0.001520,-0.000008,-0.001301,-0.001531,-0.001239,-0.000817,-0.000327,-0.000165,-0.000310,-0.000306,-0.000254,-0.000150,0.000006,0.000013,0.000027,0.000021,-0.000063,0.000035,0.000123,0.000071,0.000061,0.000137,0.000125,0.000063,0.000026,0.000069,0.000170,0.000267,0.000242,0.000081,0.000031,-0.000066,-0.000195,-0.000096,0.000091,0.000117,0.000045,0.000088,0.000096,0.000070,0.000123,0.000073,-0.000025,-0.000030,0.000041,0.000085,-0.000071,-0.000104,0.000018,0.000057,0.000155,0.000247,0.022800,0.013334,0.010425,0.009009,0.005223,-0.000122,-0.003605,-0.002936,0.000578,0.003698,0.004023,0.002725,0.001660,0.000647,0.000028,-0.000085,-0.000091,0.000224,0.000722,0.001047,0.000924,0.000201,-0.000611,-0.000669,-0.000127,0.000428,0.000594,0.000174,-0.000390,-0.000699,-0.000559,-0.000190,-0.000118,-0.000158,-0.000045,0.000108,0.000043,-0.000427,-0.001164,-0.001716,-0.001462,-0.000749,-0.000382,-0.000179,0.000145,0.000415,0.000157,-0.000328,-0.000513,-0.000489,-0.000315,-0.000134,-0.000086,-0.000009,-0.000005,-0.000051,0.000064,0.000316,0.000660,0.000744,0.000866,0.001507,0.001964,0.001654,0.000900,0.000353,0.000207,0.000093,-0.000247,-0.000480,-0.000496,-0.000347,-0.000242,-0.000320,-0.000430,-0.000411,-0.000189,0.000116,0.000282,0.000302,0.000071,-0.000199,-0.000058,0.000249,0.000306,-0.000041,-0.000678,-0.001339,-0.001520,-0.001219,-0.000828,-0.000404,-0.000087,-0.000058,0.000024,0.000194,0.000051,-0.000167,-0.000164,-0.000275,-0.000308,-0.000269,-0.000343,-0.000284,-0.000181,-0.000233,-0.000161,0.000014,0.000120,0.000156,0.000101,0.000061,0.000130,0.000253,0.000334,0.000291,0.000227,0.000273,0.000199,-0.000009,-0.000040,-0.000035,-0.000082,-0.000133,-0.000137,-0.000084,-0.000014,-0.000012,-0.000082,-0.000054,-0.000132,-0.000209,-0.000182,-0.000081,0.000140,0.000313,0.000381,0.000357,
0.005047,0.001827,-0.005766,-0.007201,-0.004394,-0.002493,-0.002202,-0.001937,-0.001717,-0.001178,-0.000403,0.000033,0.000377,0.000331,-0.000096,-0.000299,-0.000210,0.000157,0.000557,0.000439,-0.000014,-0.000542,-0.001211,-0.001572,-0.001449,-0.001319,-0.001357,-0.001215,-0.000874,-0.000452,-0.000244,-0.000284,-0.000207,0.000051,0.000342,0.000569,0.000447,0.000144,-0.000023,-0.000194,-0.000346,-0.000305,-0.000218,-0.000309,-0.000386,-0.000201,0.000008,0.000137,0.000023,-0.000124,-0.000247,-0.000356,-0.000365,-0.000272,-0.000185,-0.000317,-0.000653,-0.000853,-0.000327,0.000662,0.000956,0.000206,-0.000259,0.000385,0.000954,0.000646,0.000391,0.000614,0.000614,0.000230,-0.000222,-0.000445,-0.000364,-0.000119,0.000117,0.000151,0.000009,-0.000257,-0.000458,-0.000422,-0.000248,-0.000022,0.000300,0.000687,0.001222,0.001797,0.001476,-0.000034,-0.001370,-0.001551,-0.001238,-0.000910,-0.000424,-0.000260,-0.000427,-0.000392,-0.000235,-0.000206,-0.000166,-0.000069,0.000031,0.000062,-0.000114,-0.000138,0.000013,-0.000003,-0.000018,0.000077,0.000090,0.000095,0.000100,0.000084,0.000113,0.000100,0.000113,0.000195,0.000115,-0.000105,-0.000191,-0.000059,0.000084,0.000084,0.000034,0.000118,0.000242,0.000239,0.000165,0.000080,0.000068,0.000161,0.000205,0.000082,-0.000013,0.000011,0.000070,0.000140,0.000206,0.000235,0.022844,0.013218,0.010418,0.009139,0.005293,-0.000184,-0.003593,-0.002806,0.000675,0.003681,0.003936,0.002526,0.001466,0.000615,0.000030,-0.000001,0.000160,0.000425,0.000775,0.001041,0.000967,0.000172,-0.000583,-0.000485,-0.000017,0.000356,0.000527,0.000302,-0.000220,-0.000628,-0.000583,-0.000204,-0.000111,-0.000148,0.000008,0.000049,-0.000114,-0.000552,-0.001240,-0.001725,-0.001602,-0.000978,-0.000615,-0.000305,0.000177,0.000484,0.000338,-0.000123,-0.000300,-0.000301,-0.000344,-0.000138,0.000130,0.000120,-0.000018,-0.000106,-0.000068,0.000340,0.000813,0.000655,0.000484,0.001206,0.002077,0.001742,0.000546,-0.000104,0.000001,0.000113,-0.000199,-0.000466,-0.000354,-0.000112,-0.000091,-0.000261,-0.000303,-0.000178,-0.000001,0.000162,0.000241,0.000230,0.000084,-0.000086,0.000040,0.000385,0.000435,-0.000049,-0.000892,-0.001444,-0.001445,-0.001197,-0.000854,-0.000405,-0.000103,-0.000166,-0.000063,0.000210,0.000119,-0.000188,-0.000270,-0.000206,-0.000161,-0.000198,-0.000268,-0.000156,-0.000051,-0.000057,-0.000068,-0.000084,-0.000065,-0.000030,0.000022,0.000038,0.000045,0.000162,0.000270,0.000291,0.000357,0.000243,0.000132,0.000116,0.000082,0.000055,-0.000039,-0.000088,0.000004,0.000048,0.000088,0.000134,0.000076,-0.000141,-0.000338,-0.000276,-0.000205,-0.000191,-0.000036,0.000094,0.000165,0.000216,
0.004928,0.001854,-0.005650,-0.007093,-0.004342,-0.002460,-0.002178,-0.001940,-0.001704,-0.001163,-0.000376,-0.000001,0.000336,0.000316,-0.000162,-0.000419,-0.000191,0.000163,0.000398,0.000346,0.000096,-0.000474,-0.001222,-0.001603,-0.001533,-0.001341,-0.001275,-0.001202,-0.000848,-0.000374,-0.000169,-0.000019,0.000223,0.000349,0.000530,0.000642,0.000513,0.000171,-0.000155,-0.000319,-0.000430,-0.000410,-0.000318,-0.000309,-0.000344,-0.000180,0.000012,0.000075,-0.000022,-0.000173,-0.000260,-0.000390,-0.000472,-0.000292,-0.000080,-0.000248,-0.000666,-0.000842,-0.000236,0.000869,0.001225,0.000435,-0.000193,0.000361,0.001046,0.000956,0.000704,0.000819,0.000802,0.000293,-0.000230,-0.000388,-0.000236,0.000032,0.000132,0.000176,0.000089,-0.000265,-0.000432,-0.000376,-0.000147,0.000128,0.000294,0.000598,0.001345,0.002049,0.001616,0.000088,-0.001226,-0.001541,-0.001272,-0.000753,-0.000265,-0.000187,-0.000254,-0.000246,-0.000189,-0.000131,-0.000067,-0.000001,0.000019,0.000009,-0.000046,-0.000137,-0.000061,0.000025,0.000076,0.000097,0.000088,0.000047,0.000122,0.000195,0.000137,0.000123,0.000143,0.000010,-0.000120,-0.000107,-0.000057,-0.000018,0.000076,0.000188,0.000174,0.000162,0.000180,0.000221,0.000120,-0.000004,0.000082,0.000111,0.000036,-0.000035,-0.000078,-0.000101,-0.000004,0.000161,0.000182,0.000182,0.022795,0.013237,0.010469,0.009182,0.005263,-0.000274,-0.003648,-0.002898,0.000640,0.003740,0.004005,0.002586,0.001458,0.000594,-0.000038,-0.000216,-0.000110,0.000273,0.000684,0.001021,0.000968,0.000185,-0.000659,-0.000658,-0.000078,0.000414,0.000494,0.000156,-0.000412,-0.000643,-0.000334,0.000236,0.000318,-0.000057,-0.000187,-0.000075,-0.000106,-0.000384,-0.001133,-0.001773,-0.001548,-0.000861,-0.000470,-0.000250,0.000251,0.000549,0.000205,-0.000293,-0.000471,-0.000491,-0.000387,-0.000191,-0.000056,-0.000055,-0.000089,-0.000106,-0.000087,0.000255,0.000777,0.000874,0.000863,0.001480,0.002215,0.001962,0.001096,0.000515,0.000289,0.000149,-0.000086,-0.000286,-0.000267,-0.000173,-0.000260,-0.000425,-0.000452,-0.000403,-0.000235,0.000025,0.000221,0.000179,0.000020,-0.000102,-0.000065,0.000092,0.000226,-0.000009,-0.000678,-0.001309,-0.001445,-0.001285,-0.001039,-0.000533,-0.000148,-0.000068,0.000061,0.000167,0.000008,-0.000141,-0.000117,-0.000222,-0.000300,-0.000301,-0.000303,-0.000223,-0.000163,-0.000143,-0.000010,0.000057,0.000063,0.000086,0.000066,-0.000057,-0.000056,0.000096,0.000140,0.000158,0.000249,0.000319,0.000204,0.000080,0.000065,-0.000005,-0.000083,-0.000017,0.000016,0.000073,0.000117,0.000046,0.000017,-0.000011,-0.000154,-0.000252,-0.000234,-0.000144,0.000007,0.000210,0.000333,0.000254,
0.005516,0.002012,-0.005472,-0.006791,-0.004101,-0.002477,-0.002409,-0.002110,-0.001702,-0.001024,-0.000298,0.000103,0.000545,0.000566,-0.000068,-0.000505,-0.000318,0.000244,0.000581,0.000396,0.000014,-0.000521,-0.001200,-0.001621,-0.001513,-0.001269,-0.001281,-0.001121,-0.000683,-0.000338,-0.000232,-0.000240,-0.000222,-0.000035,0.000358,0.000771,0.000807,0.000503,0.000114,-0.000262,-0.000486,-0.000409,-0.000232,-0.000290,-0.000413,-0.000218,0.000059,0.000091,0.000053,-0.000001,-0.000103,-0.000301,-0.000397,-0.000231,-0.000099,-0.000294,-0.000686,-0.000817,-0.000194,0.000838,0.001210,0.000488,-0.000176,0.000103,0.000513,0.000309,0.000144,0.000406,0.000489,0.000196,-0.000106,-0.000199,-0.000026,0.000094,-0.000049,-0.000049,0.000013,-0.000117,-0.000353,-0.000358,-0.000132,0.000040,0.000283,0.000756,0.001412,0.002019,0.001672,-0.000028,-0.001477,-0.001689,-0.001348,-0.000845,-0.000230,-0.000072,-0.000314,-0.000324,-0.000144,-0.000094,-0.000069,-0.000067,-0.000063,0.000005,-0.000020,-0.000016,0.000030,-0.000023,-0.000016,0.000077,0.000071,0.000050,0.000109,0.000152,0.000225,0.000193,0.000060,0.000044,-0.000040,-0.000075,-0.000047,-0.000045,-0.000033,-0.000093,-0.000026,0.000192,0.000381,0.000293,0.000076,0.000056,0.000071,0.000061,0.000028,-0.000037,-0.000048,-0.000051,0.000060,0.000278,0.000339,0.000257,0.022824,0.013163,0.010521,0.009203,0.005244,-0.000146,-0.003497,-0.002790,0.000673,0.003757,0.004045,0.002686,0.001524,0.000656,0.000079,-0.000136,-0.000130,0.000214,0.000795,0.001121,0.000950,0.000180,-0.000667,-0.000585,0.000008,0.000440,0.000548,0.000200,-0.000390,-0.000802,-0.000674,-0.000188,-0.000095,-0.000200,-0.000184,-0.000100,-0.000052,-0.000399,-0.001171,-0.001674,-0.001415,-0.000815,-0.000488,-0.000324,0.000065,0.000388,0.000241,-0.000159,-0.000342,-0.000390,-0.000383,-0.000233,-0.000079,0.000028,-0.000011,-0.000176,-0.000055,0.000381,0.000780,0.000713,0.000698,0.001373,0.002100,0.002021,0.001169,0.000364,0.000190,0.000160,-0.000112,-0.000366,-0.000257,-0.000063,-0.000143,-0.000308,-0.000525,-0.000586,-0.000367,-0.000009,0.000240,0.000209,0.000004,-0.000100,-0.000114,-0.000026,0.000081,-0.000237,-0.000853,-0.001375,-0.001325,-0.001050,-0.000742,-0.000220,-0.000017,-0.000090,0.000031,0.000175,0.000162,0.000127,0.000043,-0.000057,-0.000246,-0.000317,-0.000202,-0.000116,-0.000081,-0.000062,-0.000082,-0.000019,0.000042,-0.000027,-0.000059,0.000021,0.000073,0.000141,0.000259,0.000292,0.000301,0.000261,0.000128,0.000076,0.000039,-0.000008,0.000005,-0.000061,-0.000058,-0.000052,-0.000039,-0.000009,-0.000059,-0.000067,-0.000185,-0.000320,-0.000273,-0.000132,0.000055,0.000254,0.000245,0.000188,
0.004732,0.001452,-0.006008,-0.007143,-0.004227,-0.002413,-0.002268,-0.002064,-0.001791,-0.001109,-0.000211,0.000142,0.000375,0.000421,-0.000082,-0.000414,-0.000114,0.000347,0.000601,0.000349,0.000008,-0.000386,-0.001118,-0.001601,-0.001587,-0.001429,-0.001289,-0.001106,-0.000726,-0.000204,0.000074,0.000028,-0.000050,0.000047,0.000394,0.000740,0.000732,0.000421,-0.000005,-0.000349,-0.000463,-0.000430,-0.000365,-0.000314,-0.000286,-0.000218,-0.000004,0.000115,0.000042,-0.000104,-0.000191,-0.000266,-0.000307,-0.000221,-0.000110,-0.000266,-0.000703,-0.000892,-0.000307,0.000776,0.001161,0.000526,0.000133,0.000691,0.001073,0.000713,0.000325,0.000457,0.000535,0.000221,-0.000151,-0.000345,-0.000295,-0.000155,-0.000081,-0.000092,-0.000136,-0.000223,-0.000304,-0.000263,-0.000113,0.000016,0.000167,0.000543,0.001252,0.001987,0.001693,0.000057,-0.001385,-0.001636,-0.001208,-0.000627,-0.000237,-0.000192,-0.000331,-0.000384,-0.000227,-0.000097,-0.000005,0.000067,0.000044,-0.000025,-0.000138,-0.000035,0.000158,0.000141,0.000088,0.000061,0.000030,0.000038,0.000085,0.000146,0.000184,0.000203,0.000152,0.000082,-0.000017,-0.000112,-0.000148,-0.000131,-0.000086,-0.000029,0.000077,0.000131,0.000191,0.000240,0.000159,0.000051,-0.000009,0.000064,0.000231,0.000265,0.000031,-0.000124,0.000028,0.000143,0.000203,0.000336,0.023018,0.013373,0.010559,0.009274,0.005332,-0.000190,-0.003635,-0.002924,0.000630,0.003795,0.004053,0.002657,0.001536,0.000624,0.000169,0.000071,0.000039,0.000323,0.000786,0.001098,0.001004,0.000279,-0.000534,-0.000625,-0.000205,0.000338,0.000608,0.000236,-0.000326,-0.000666,-0.000488,-0.000238,-0.000288,-0.000271,-0.000090,0.000009,-0.000072,-0.000506,-0.001203,-0.001695,-0.001569,-0.000976,-0.000528,-0.000354,0.000052,0.000376,0.000231,-0.000157,-0.000382,-0.000332,-0.000263,-0.000187,-0.000026,-0.000028,-0.000152,-0.000143,0.000062,0.000386,0.000665,0.000744,0.000783,0.001355,0.001959,0.001557,0.000628,0.000249,0.000227,0.000168,0.000054,-0.000188,-0.000234,-0.000130,-0.000098,-0.000397,-0.000631,-0.000484,-0.000182,0.000111,0.000262,0.000226,0.000072,-0.000057,-0.000051,0.000074,0.000176,-0.000059,-0.000667,-0.001270,-0.001290,-0.000975,-0.000745,-0.000362,-0.000080,-0.000086,-0.000002,0.000188,0.000132,-0.000119,-0.000263,-0.000313,-0.000247,-0.000202,-0.000198,-0.000158,-0.000071,-0.000028,-0.000045,-0.000060,-0.000067,0.000009,0.000061,0.000082,0.000128,0.000113,0.000236,0.000261,0.000169,0.000198,0.000182,0.000090,0.000028,0.000047,0.000004,-0.000040,-0.000032,0.000012,0.000035,-0.000039,-0.000091,-0.000103,-0.000162,-0.000269,-0.000205,-0.000061,0.000067,0.000237,0.000276,0.000201,
0.004515,0.001227,-0.006048,-0.007242,-0.004421,-0.002563,-0.002391,-0.002153,-0.001888,-0.001252,-0.000337,0.000136,0.000480,0.000374,-0.000164,-0.000348,-0.000087,0.000287,0.000629,0.000529,0.000063,-0.000537,-0.001243,-0.001710,-0.001612,-0.001405,-0.001244,-0.000913,-0.000438,-0.000110,-0.000066,-0.000217,-0.000176,0.000055,0.000349,0.000669,0.000695,0.000382,0.000020,-0.000288,-0.000384,-0.000300,-0.000262,-0.000381,-0.000490,-0.000299,0.000023,0.000167,0.000101,-0.000102,-0.000240,-0.000302,-0.000306,-0.000244,-0.000197,-0.000328,-0.000649,-0.000742,-0.000259,0.000670,0.000983,0.000085,-0.000487,0.000195,0.000789,0.000400,-0.000025,0.000145,0.000340,0.000064,-0.000212,-0.000173,-0.000026,0.000056,-0.000075,-0.000085,0.000016,-0.000083,-0.000269,-0.000228,-0.000041,0.000117,0.000311,0.000606,0.001259,0.001978,0.001589,-0.000036,-0.001382,-0.001535,-0.001128,-0.000668,-0.000201,-0.000114,-0.000301,-0.000271,-0.000141,-0.000075,0.000016,0.000096,0.000162,0.000162,0.000041,-0.000071,-0.000019,0.000077,0.000099,0.000114,0.000087,0.000021,0.000036,0.000084,0.000197,0.000278,0.000212,0.000081,-0.000038,-0.000157,-0.000162,-0.000091,-0.000053,-0.000011,0.000001,0.000129,0.000336,0.000352,0.000299,0.000193,0.000054,0.000074,0.000136,0.000109,0.000032,-0.000041,-0.000034,0.000070,0.000194,0.000247,0.023306,0.013508,0.010459,0.009135,0.005175,-0.000322,-0.003718,-0.002827,0.000707,0.003649,0.004046,0.002722,0.001614,0.000690,0.000032,-0.000119,-0.000089,0.000201,0.000781,0.001178,0.000941,0.000131,-0.000639,-0.000722,-0.000161,0.000430,0.000566,0.000166,-0.000435,-0.000794,-0.000693,-0.000284,-0.000089,-0.000174,-0.000152,-0.000078,-0.000240,-0.000491,-0.001175,-0.001859,-0.001648,-0.000985,-0.000570,-0.000327,0.000088,0.000452,0.000291,-0.000163,-0.000317,-0.000335,-0.000373,-0.000229,-0.000012,0.000110,-0.000040,-0.000210,-0.000117,0.000320,0.000804,0.000726,0.000681,0.001391,0.002260,0.002069,0.000958,0.000095,-0.000045,0.000135,-0.000004,-0.000338,-0.000412,-0.000308,-0.000247,-0.000268,-0.000324,-0.000365,-0.000220,0.000050,0.000221,0.000181,0.000019,-0.000069,0.000037,0.000255,0.000239,-0.000138,-0.000835,-0.001398,-0.001420,-0.001178,-0.000784,-0.000226,-0.000011,-0.000069,0.000065,0.000252,0.000254,0.000196,0.000079,-0.000081,-0.000197,-0.000222,-0.000196,-0.000130,0.000002,-0.000005,-0.000046,-0.000056,-0.000070,-0.000067,-0.000011,0.000022,0.000048,0.000148,0.000185,0.000184,0.000227,0.000253,0.000144,-0.000000,-0.000139,-0.000213,-0.000125,-0.000083,-0.000031,0.000143,0.000172,0.000128,0.000045,-0.000158,-0.000301,-0.000225,-0.000075,0.000038,0.000142,0.000294,0.000305,0.000179,
0.004235,0.000854,-0.006379,-0.007293,-0.004382,-0.002508,-0.002200,-0.001954,-0.001902,-0.001280,-0.000162,0.000198,0.000441,0.000382,-0.000270,-0.000513,-0.000124,0.000232,0.000496,0.000476,0.000042,-0.000465,-0.001128,-0.001658,-0.001541,-0.001229,-0.001217,-0.001023,-0.000492,-0.000127,-0.000161,-0.000240,-0.000240,-0.000055,0.000336,0.000612,0.000641,0.000470,0.000241,-0.000104,-0.000393,-0.000404,-0.000275,-0.000261,-0.000323,-0.000164,0.000080,0.000127,0.000019,-0.000125,-0.000165,-0.000233,-0.000213,-0.000131,-0.000199,-0.000287,-0.000614,-0.000889,-0.000401,0.000649,0.001149,0.000522,-0.000120,0.000219,0.000780,0.000813,0.000575,0.000554,0.000548,0.000154,-0.000265,-0.000298,-0.000190,-0.000102,-0.000077,-0.000141,-0.000114,-0.000185,-0.000284,-0.000187,-0.000075,0.000036,0.000213,0.000562,0.001235,0.001938,0.001621,0.000051,-0.001320,-0.001608,-0.001304,-0.000871,-0.000369,-0.000192,-0.000272,-0.000238,-0.000201,-0.000229,-0.000062,0.000140,0.000158,0.000001,-0.000128,-0.000027,0.000103,0.000176,0.000122,0.000075,0.000072,0.000047,0.000106,0.000190,0.000186,0.000211,0.000349,0.000288,0.000020,-0.000115,-0.000070,-0.000073,-0.000054,0.000055,0.000088,0.000023,0.000099,0.000170,0.000105,0.000037,0.000034,0.000096,0.000154,0.000148,-0.000014,-0.000120,-0.000012,0.000112,0.000173,0.000179,0.023146,0.013554,0.010553,0.009049,0.005163,-0.000186,-0.003586,-0.002882,0.000555,0.003612,0.003994,0.002642,0.001520,0.000652,0.000204,0.000025,-0.000103,0.000232,0.000731,0.000943,0.000760,0.000046,-0.000594,-0.000563,-0.000060,0.000441,0.000547,0.000253,-0.000302,-0.000717,-0.000592,-0.000186,-0.000100,-0.000201,-0.000028,0.000061,-0.000021,-0.000451,-0.001301,-0.001821,-0.001596,-0.000925,-0.000472,-0.000266,0.000109,0.000462,0.000345,-0.000032,-0.000339,-0.000561,-0.000533,-0.000237,-0.000029,-0.000015,-0.000106,-0.000185,-0.000060,0.000283,0.000739,0.000814,0.000787,0.001268,0.001723,0.001466,0.000838,0.000365,0.000159,0.000017,-0.000139,-0.000343,-0.000503,-0.000348,-0.000239,-0.000467,-0.000589,-0.000504,-0.000294,0.000107,0.000284,0.000174,-0.000043,-0.000083,0.000072,0.000178,0.000214,-0.000112,-0.000802,-0.001358,-0.001386,-0.001051,-0.000722,-0.000319,-0.000152,-0.000247,-0.000064,0.000166,0.000122,0.000027,-0.000014,-0.000086,-0.000198,-0.000218,-0.000216,-0.000186,-0.000044,0.000076,0.000063,-0.000019,0.000006,0.000064,0.000122,0.000155,0.000117,0.000197,0.000273,0.000268,0.000244,0.000215,0.000158,0.000006,-0.000014,-0.000025,-0.000155,-0.000061,0.000052,-0.000045,-0.000055,0.000036,0.000046,-0.000039,-0.000135,-0.000175,-0.000191,-0.000120,0.000115,0.000270,0.000289,0.000218,
0.003668,0.000401,-0.006609,-0.007439,-0.004344,-0.002420,-0.002133,-0.001876,-0.001766,-0.001260,-0.000427,-0.000026,0.000271,0.000233,-0.000283,-0.000500,-0.000169,0.000364,0.000614,0.000411,0.000072,-0.000493,-0.001287,-0.001781,-0.001666,-0.001451,-0.001338,-0.001134,-0.000740,-0.000366,-0.000211,-0.000251,-0.000149,0.000112,0.000364,0.000585,0.000693,0.000603,0.000259,-0.000143,-0.000397,-0.000446,-0.000354,-0.000249,-0.000315,-0.000108,0.000197,0.000182,0.000027,-0.000157,-0.000269,-0.000299,-0.000294,-0.000200,-0.000158,-0.000153,-0.000490,-0.000824,-0.000337,0.000731,0.001033,0.000185,-0.000297,0.000167,0.000405,0.000143,0.000172,0.000606,0.000781,0.000413,-0.000140,-0.000448,-0.000364,-0.000181,-0.000108,-0.000058,-0.000071,-0.000281,-0.000490,-0.000452,-0.000266,-0.000040,0.000248,0.000591,0.001260,0.001996,0.001650,0.000115,-0.001220,-0.001439,-0.001025,-0.000607,-0.000269,-0.000189,-0.000286,-0.000236,-0.000131,-0.000088,-0.000038,0.000102,0.000196,0.000097,-0.000038,-0.000098,-0.000002,0.000043,0.000030,0.000063,0.000113,0.000107,0.000053,0.000166,0.000280,0.000214,0.000283,0.000312,-0.000007,-0.000212,-0.000064,0.000090,0.000066,-0.000012,-0.000049,0.000102,0.000268,0.000255,0.000142,0.000087,0.000102,0.000112,0.000130,0.000104,-0.000037,-0.000012,0.000100,0.000132,0.000201,0.000290,0.023284,0.013448,0.010272,0.008825,0.005002,-0.000414,-0.003943,-0.003123,0.000506,0.003762,0.004140,0.002771,0.001653,0.000755,0.000196,0.000006,-0.000014,0.000276,0.000787,0.001100,0.000968,0.000173,-0.000575,-0.000542,-0.000110,0.000346,0.000602,0.000254,-0.000433,-0.000760,-0.000587,-0.000196,-0.000107,-0.000151,-0.000096,0.000004,-0.000062,-0.000474,-0.001162,-0.001657,-0.001506,-0.000847,-0.000447,-0.000184,0.000221,0.000364,0.000222,-0.000190,-0.000479,-0.000536,-0.000433,-0.000188,-0.000062,-0.000021,-0.000040,-0.000121,-0.000038,0.000387,0.000774,0.000844,0.001038,0.001678,0.002080,0.001505,0.000519,0.000057,0.000030,0.000042,-0.000217,-0.000446,-0.000354,-0.000221,-0.000153,-0.000252,-0.000388,-0.000364,-0.000186,0.000141,0.000324,0.000155,-0.000011,-0.000110,-0.000057,0.000200,0.000298,0.000086,-0.000546,-0.001295,-0.001553,-0.001357,-0.000870,-0.000284,-0.000051,-0.000141,-0.000011,0.000270,0.000342,0.000238,0.000086,-0.000071,-0.000194,-0.000243,-0.000156,-0.000105,-0.000111,-0.000016,0.000096,0.000123,0.000045,0.000037,0.000024,0.000006,0.000055,0.000174,0.000350,0.000422,0.000442,0.000349,0.000123,-0.000025,-0.000037,-0.000033,-0.000055,-0.000020,0.000121,0.000135,0.000073,0.000090,0.000040,-0.000117,-0.000223,-0.000192,-0.000130,-0.000094,0.000037,0.000203,0.000244,0.000155,
0.003320,0.000026,-0.006874,-0.007533,-0.004390,-0.002592,-0.002438,-0.002099,-0.001809,-0.001233,-0.000350,0.000082,0.000370,0.000352,-0.000177,-0.000338,-0.000141,0.000156,0.000544,0.000532,0.000111,-0.000505,-0.001257,-0.001712,-0.001582,-0.001302,-0.001259,-0.001201,-0.000858,-0.000560,-0.000337,-0.000042,0.000117,0.000348,0.000627,0.000655,0.000449,0.000131,-0.000186,-0.000447,-0.000559,-0.000474,-0.000336,-0.000267,-0.000339,-0.000300,-0.000083,0.000037,0.000057,-0.000135,-0.000360,-0.000375,-0.000312,-0.000137,-0.000044,-0.000286,-0.000692,-0.000867,-0.000324,0.000745,0.001157,0.000376,-0.000218,0.000431,0.001097,0.000903,0.000552,0.000515,0.000440,0.000104,-0.000158,-0.000235,-0.000242,-0.000196,-0.000079,0.000020,0.000026,-0.000113,-0.000409,-0.000495,-0.000218,0.000078,0.000327,0.000617,0.001229,0.001869,0.001598,0.000034,-0.001342,-0.001619,-0.001342,-0.000831,-0.000350,-0.000227,-0.000256,-0.000144,-0.000018,0.000017,0.000060,0.000053,0.000067,0.000166,0.000052,-0.000045,0.000139,0.000233,0.000197,0.000191,0.000123,-0.000007,0.000007,0.000182,0.000356,0.000361,0.000283,0.000115,-0.000116,-0.000229,-0.000176,-0.000014,0.000062,0.000008,-0.000023,0.000079,0.000210,0.000262,0.000158,0.000059,0.000165,0.000270,0.000213,0.000089,0.000016,-0.000033,0.000044,0.000112,0.000177,0.000285,0.023260,0.013297,0.010248,0.008931,0.005142,-0.000249,-0.003597,-0.002897,0.000497,0.003663,0.004040,0.002708,0.001616,0.000766,0.000227,0.000011,0.000016,0.000254,0.000628,0.000980,0.000984,0.000252,-0.000579,-0.000543,-0.000040,0.000419,0.000670,0.000319,-0.000344,-0.000635,-0.000347,0.000131,0.000257,-0.000013,-0.000165,-0.000073,-0.000090,-0.000422,-0.001119,-0.001721,-0.001541,-0.000864,-0.000498,-0.000313,0.000132,0.000414,0.000218,-0.000111,-0.000286,-0.000387,-0.000321,-0.000127,-0.000043,-0.000008,-0.000025,0.000018,0.000141,0.000376,0.000743,0.000675,0.000677,0.001432,0.002133,0.001788,0.000844,0.000282,0.000149,0.000237,0.000122,-0.000345,-0.000472,-0.000310,-0.000272,-0.000363,-0.000425,-0.000408,-0.000291,0.000019,0.000317,0.000241,0.000003,-0.000076,-0.000031,0.000111,0.000213,-0.000069,-0.000805,-0.001408,-0.001473,-0.001276,-0.000961,-0.000417,0.000012,0.000034,0.000096,0.000283,0.000268,0.000075,-0.000054,-0.000087,-0.000143,-0.000215,-0.000301,-0.000244,-0.000134,-0.000116,-0.000034,-0.000023,-0.000048,-0.000010,0.000035,0.000053,0.000049,0.000092,0.000106,0.000070,0.000144,0.000243,0.000257,0.000162,0.000035,-0.000041,-0.000064,-0.000013,0.000022,-0.000005,-0.000061,-0.000078,-0.000072,-0.000187,-0.000212,-0.000141,-0.000050,-0.000006,0.000003,0.000073,0.000248,0.000284,
0.002579,-0.000701,-0.007311,-0.007712,-0.004429,-0.002542,-0.002367,-0.002080,-0.001831,-0.001302,-0.000395,0.000081,0.000295,0.000262,-0.000140,-0.000319,-0.000130,0.000146,0.000349,0.000381,0.000111,-0.000468,-0.001188,-0.001528,-0.001389,-0.001162,-0.001044,-0.000969,-0.000694,-0.000400,-0.000426,-0.000455,-0.000228,0.000051,0.000282,0.000575,0.000648,0.000427,0.000223,-0.000110,-0.000380,-0.000322,-0.000230,-0.000280,-0.000407,-0.000261,0.000079,0.000176,0.000031,-0.000066,-0.000216,-0.000407,-0.000472,-0.000380,-0.000236,-0.000246,-0.000593,-0.000925,-0.000437,0.000708,0.001194,0.000367,-0.000265,0.000358,0.001051,0.000768,0.000386,0.000738,0.000860,0.000366,-0.000135,-0.000188,0.000024,0.000103,0.000051,-0.000020,-0.000096,-0.000228,-0.000384,-0.000361,-0.000132,0.000075,0.000230,0.000570,0.001281,0.001897,0.001581,0.000124,-0.001286,-0.001527,-0.001187,-0.000849,-0.000355,-0.000088,-0.000212,-0.000233,-0.000065,0.000042,0.000049,0.000125,0.000144,0.000047,-0.000067,-0.000039,0.000030,0.000037,-0.000000,0.000009,-0.000014,-0.000047,0.000010,0.000067,0.000067,0.000098,0.000150,0.000135,-0.000060,-0.000166,-0.000107,-0.000030,0.000016,0.000019,0.000112,0.000158,0.000144,0.000124,0.000007,-0.000030,0.000036,0.000065,0.000044,0.000020,-0.000043,-0.000072,0.000023,0.000128,0.000244,0.000310,0.022987,0.012972,0.009841,0.008605,0.004908,-0.000297,-0.003600,-0.003007,0.000428,0.003637,0.004055,0.002703,0.001495,0.000664,0.000182,0.000038,0.000028,0.000301,0.000705,0.000998,0.000939,0.000301,-0.000426,-0.000494,-0.000022,0.000386,0.000568,0.000221,-0.000440,-0.000696,-0.000459,-0.000092,0.000014,-0.000074,-0.000126,-0.000032,-0.000011,-0.000299,-0.000995,-0.001658,-0.001464,-0.000843,-0.000552,-0.000355,0.000113,0.000496,0.000319,-0.000020,-0.000214,-0.000369,-0.000401,-0.000251,-0.000002,0.000033,-0.000116,-0.000149,0.000010,0.000353,0.000743,0.000808,0.000852,0.001477,0.002270,0.002339,0.001480,0.000629,0.000371,0.000297,0.000057,-0.000229,-0.000207,0.000006,-0.000047,-0.000364,-0.000660,-0.000704,-0.000422,0.000012,0.000257,0.000230,0.000075,0.000028,0.000119,0.000202,0.000341,0.000094,-0.000698,-0.001428,-0.001569,-0.001349,-0.001017,-0.000459,-0.000054,-0.000026,-0.000008,0.000124,0.000113,-0.000054,-0.000182,-0.000298,-0.000348,-0.000333,-0.000360,-0.000340,-0.000274,-0.000172,0.000102,0.000122,-0.000093,-0.000130,0.000036,0.000158,0.000156,0.000171,0.000181,0.000161,0.000153,0.000115,0.000076,0.000044,0.000071,-0.000013,-0.000032,-0.000058,-0.000084,0.000007,0.000113,0.000135,0.000021,-0.000111,-0.000146,-0.000154,-0.000136,-0.000098,-0.000021,0.000239,0.000396,0.000296,
0.002008,-0.001287,-0.007681,-0.007869,-0.004598,-0.002689,-0.002308,-0.001994,-0.001825,-0.001349,-0.000569,-0.000090,0.000256,0.000236,-0.000316,-0.000486,-0.000185,0.000169,0.000500,0.000429,0.000102,-0.000524,-0.001271,-0.001631,-0.001533,-0.001244,-0.001064,-0.000877,-0.000576,-0.000284,-0.000221,-0.000219,-0.000082,0.000168,0.000524,0.000694,0.000666,0.000539,0.000283,0.000008,-0.000213,-0.000290,-0.000277,-0.000433,-0.000565,-0.000391,-0.000029,0.000155,0.000098,0.000028,-0.000147,-0.000204,-0.000299,-0.000333,-0.000106,-0.000203,-0.000474,-0.000607,-0.000302,0.000685,0.001185,0.000492,-0.000060,0.000366,0.000778,0.000507,0.000245,0.000350,0.000322,0.000097,-0.000127,-0.000272,-0.000237,-0.000151,-0.000085,-0.000005,0.000020,-0.000118,-0.000358,-0.000434,-0.000134,0.000174,0.000252,0.000647,0.001448,0.002042,0.001647,0.000113,-0.001299,-0.001634,-0.001331,-0.000865,-0.000404,-0.000229,-0.000309,-0.000286,-0.000165,-0.000122,-0.000010,0.000119,0.000212,0.000115,-0.000112,-0.000102,0.000106,0.000134,0.000032,0.000024,-0.000010,-0.000058,-0.000007,0.000031,0.000054,0.000117,0.000058,-0.000002,-0.000010,-0.000099,-0.000147,-0.000062,-0.000005,0.000013,0.000049,0.000144,0.000265,0.000214,0.000105,0.000002,0.000009,0.000073,0.000079,0.000066,-0.000041,-0.000096,0.000029,0.000081,0.000080,0.000249,0.022946,0.012753,0.009581,0.008441,0.004935,-0.000382,-0.003718,-0.002946,0.000519,0.003688,0.004084,0.002691,0.001619,0.000811,0.000212,0.000023,0.000158,0.000523,0.000886,0.001108,0.000907,0.000100,-0.000610,-0.000532,-0.000042,0.000421,0.000616,0.000283,-0.000268,-0.000619,-0.000612,-0.000295,-0.000065,-0.000115,-0.000042,0.000115,-0.000008,-0.000548,-0.001272,-0.001833,-0.001679,-0.000969,-0.000584,-0.000437,0.000026,0.000460,0.000389,-0.000108,-0.000473,-0.000494,-0.000428,-0.000341,-0.000136,-0.000011,-0.000039,-0.000068,0.000005,0.000364,0.000773,0.000797,0.000825,0.001361,0.001910,0.001657,0.000712,0.000174,0.000211,0.000174,-0.000115,-0.000418,-0.000436,-0.000298,-0.000366,-0.000440,-0.000469,-0.000416,-0.000120,0.000187,0.000342,0.000256,-0.000020,-0.000138,0.000013,0.000264,0.000428,0.000066,-0.000787,-0.001410,-0.001291,-0.000893,-0.000600,-0.000239,-0.000020,-0.000027,0.000140,0.000255,0.000193,0.000086,-0.000086,-0.000223,-0.000254,-0.000187,-0.000134,-0.000124,-0.000108,-0.000131,-0.000050,0.000113,0.000126,-0.000016,-0.000064,-0.000029,0.000030,0.000153,0.000299,0.000272,0.000152,0.000120,0.000131,0.000030,-0.000027,-0.000067,-0.000131,-0.000126,0.000001,0.000119,0.000062,-0.000078,-0.000049,-0.000028,-0.000205,-0.000370,-0.000273,-0.000115,0.000054,0.000189,0.000221,0.000217,
0.002344,-0.001128,-0.007540,-0.007643,-0.004368,-0.002576,-0.002445,-0.002188,-0.001968,-0.001450,-0.000571,0.000007,0.000252,0.000060,-0.000391,-0.000492,-0.000248,0.000175,0.000494,0.000327,-0.000055,-0.000513,-0.001205,-0.001624,-0.001552,-0.001319,-0.001070,-0.000815,-0.000455,-0.000233,-0.000323,-0.000457,-0.000450,-0.000189,0.000249,0.000580,0.000604,0.000281,-0.000025,-0.000254,-0.000373,-0.000320,-0.000377,-0.000539,-0.000440,-0.000002,0.000239,0.000204,0.000103,-0.000109,-0.000263,-0.000370,-0.000297,-0.000142,-0.000132,-0.000327,-0.000702,-0.000876,-0.000347,0.000654,0.000953,0.000171,-0.000323,0.000264,0.000847,0.000534,0.000108,0.000235,0.000358,0.000098,-0.000248,-0.000312,-0.000191,-0.000061,-0.000038,-0.000098,-0.000095,-0.000240,-0.000379,-0.000285,-0.000037,0.000130,0.000263,0.000640,0.001274,0.001864,0.001531,-0.000006,-0.001290,-0.001524,-0.001284,-0.000844,-0.000373,-0.000231,-0.000271,-0.000212,-0.000102,-0.000046,0.000057,0.000066,0.000081,0.000077,-0.000088,-0.000102,-0.000026,0.000039,0.000115,0.000093,0.000089,0.000135,0.000170,0.000203,0.000122,0.000062,0.000044,-0.000030,-0.000121,-0.000107,-0.000081,-0.000092,-0.000003,0.000038,0.000073,0.000144,0.000235,0.000234,0.000120,0.000170,0.000263,0.000155,0.000010,0.000003,-0.000010,-0.000111,-0.000095,0.000128,0.000234,0.000227,0.022412,0.012286,0.009457,0.008548,0.005024,-0.000251,-0.003604,-0.002888,0.000555,0.003676,0.004090,0.002786,0.001829,0.000963,0.000253,-0.000005,-0.000063,0.000195,0.000705,0.001078,0.000982,0.000187,-0.000609,-0.000528,-0.000088,0.000299,0.000562,0.000338,-0.000259,-0.000735,-0.000627,-0.000311,-0.000185,-0.000118,-0.000126,-0.000169,-0.000192,-0.000519,-0.001177,-0.001734,-0.001625,-0.000977,-0.000544,-0.000297,0.000110,0.000411,0.000350,-0.000039,-0.000430,-0.000540,-0.000422,-0.000242,-0.000102,-0.000050,-0.000074,-0.000035,0.000057,0.000394,0.000859,0.000810,0.000851,0.001640,0.002327,0.001995,0.000855,0.000033,-0.000059,0.000067,-0.000020,-0.000154,-0.000218,-0.000239,-0.000270,-0.000483,-0.000592,-0.000474,-0.000252,0.000047,0.000250,0.000177,0.000067,-0.000060,-0.000073,0.000172,0.000334,-0.000042,-0.000710,-0.001308,-0.001433,-0.001191,-0.000899,-0.000413,-0.000031,-0.000057,-0.000017,0.000148,0.000176,0.000036,-0.000183,-0.000247,-0.000244,-0.000326,-0.000323,-0.000315,-0.000338,-0.000251,-0.000065,0.000055,0.000007,0.000028,0.000159,0.000135,0.000083,0.000186,0.000177,0.000164,0.000265,0.000318,0.000155,-0.000000,0.000007,-0.000070,-0.000122,-0.000079,0.000039,0.000103,0.000055,-0.000017,0.000019,-0.000018,-0.000168,-0.000233,-0.000153,-0.000073,0.000025,0.000179,0.000307,0.000329,
0.002168,-0.001290,-0.007450,-0.007503,-0.004405,-0.002686,-0.002484,-0.002085,-0.001810,-0.001248,-0.000306,0.000144,0.000369,0.000232,-0.000311,-0.000458,-0.000192,0.000148,0.000383,0.000259,-0.000060,-0.000557,-0.001224,-0.001575,-0.001452,-0.001292,-0.001186,-0.000904,-0.000521,-0.000182,-0.000179,-0.000268,-0.000124,0.000060,0.000233,0.000554,0.000680,0.000436,0.000027,-0.000376,-0.000526,-0.000412,-0.000284,-0.000298,-0.000338,-0.000112,0.000208,0.000260,0.000077,-0.000235,-0.000392,-0.000439,-0.000401,-0.000300,-0.000212,-0.000279,-0.000594,-0.000801,-0.000264,0.000705,0.001175,0.000388,-0.000490,0.000034,0.000896,0.000887,0.000483,0.000397,0.000437,0.000108,-0.000189,-0.000259,-0.000246,-0.000238,-0.000153,0.000005,-0.000056,-0.000204,-0.000343,-0.000376,-0.000179,0.000019,0.000206,0.000622,0.001284,0.001772,0.001356,-0.000129,-0.001494,-0.001757,-0.001376,-0.000772,-0.000148,0.000004,-0.000188,-0.000250,-0.000181,-0.000052,0.000019,0.000024,0.000027,0.000066,0.000007,-0.000097,-0.000066,0.000000,0.000104,0.000120,0.000084,0.000048,-0.000017,0.000048,0.000210,0.000274,0.000267,0.000224,0.000176,0.000070,-0.000029,0.000007,-0.000013,-0.000054,-0.000034,0.000057,0.000191,0.000238,0.000204,0.000076,0.000018,0.000085,0.000057,0.000042,0.000059,0.000080,0.000117,0.000155,0.000173,0.000243,0.022282,0.011949,0.009321,0.008571,0.005062,-0.000317,-0.003665,-0.002901,0.000503,0.003624,0.004104,0.002803,0.001575,0.000631,0.000073,-0.000123,-0.000064,0.000321,0.000768,0.000967,0.000839,0.000246,-0.000435,-0.000415,0.000026,0.000403,0.000505,0.000195,-0.000346,-0.000644,-0.000501,-0.000185,-0.000084,-0.000125,-0.000065,0.000017,-0.000118,-0.000503,-0.001205,-0.001826,-0.001704,-0.001146,-0.000820,-0.000530,0.000051,0.000489,0.000335,-0.000174,-0.000447,-0.000618,-0.000574,-0.000233,-0.000048,-0.000102,-0.000215,-0.000249,-0.000032,0.000307,0.000688,0.000653,0.000460,0.000972,0.001646,0.001549,0.000660,-0.000215,-0.000324,-0.000153,-0.000211,-0.000435,-0.000570,-0.000382,-0.000112,-0.000194,-0.000339,-0.000297,-0.000162,0.000148,0.000289,0.000235,0.000066,-0.000097,-0.000052,0.000197,0.000353,-0.000085,-0.000797,-0.001285,-0.001338,-0.001041,-0.000760,-0.000325,0.000002,0.000005,0.000079,0.000284,0.000340,0.000075,-0.000198,-0.000219,-0.000121,-0.000156,-0.000285,-0.000294,-0.000257,-0.000199,-0.000042,-0.000028,-0.000068,0.000048,0.000109,0.000045,0.000064,0.000167,0.000296,0.000315,0.000223,0.000076,0.000017,0.000097,0.000202,0.000109,-0.000099,-0.000189,-0.000086,0.000023,0.000020,-0.000021,-0.000086,-0.000181,-0.000243,-0.000208,-0.000171,-0.000134,-0.000091,0.000067,0.000257,0.000307,
0.001921,-0.001498,-0.007535,-0.007480,-0.004233,-0.002514,-0.002493,-0.002315,-0.001992,-0.001312,-0.000334,0.000141,0.000247,0.000059,-0.000446,-0.000679,-0.000340,0.000263,0.000593,0.000368,-0.000070,-0.000538,-0.001199,-0.001567,-0.001359,-0.001185,-0.001222,-0.001002,-0.000551,-0.000260,-0.000198,-0.000184,-0.000101,0.000069,0.000418,0.000702,0.000662,0.000402,0.000128,-0.000159,-0.000446,-0.000495,-0.000410,-0.000327,-0.000336,-0.000310,-0.000121,-0.000027,-0.000131,-0.000147,-0.000153,-0.000294,-0.000302,-0.000264,-0.000144,-0.000191,-0.000553,-0.000784,-0.000299,0.000822,0.001253,0.000580,0.000120,0.000288,0.000323,0.000104,0.000172,0.000535,0.000597,0.000207,-0.000200,-0.000338,-0.000362,-0.000288,-0.000117,0.000045,-0.000018,-0.000237,-0.000287,-0.000274,-0.000141,0.000157,0.000385,0.000716,0.001328,0.001900,0.001560,0.000051,-0.001328,-0.001581,-0.001221,-0.000789,-0.000359,-0.000162,-0.000257,-0.000283,-0.000182,-0.000194,-0.000169,-0.000071,0.000082,0.000139,0.000005,0.000013,0.000182,0.000163,0.000091,0.000117,0.000133,0.000100,0.000201,0.000218,0.000056,0.000009,0.000066,0.000099,0.000056,-0.000016,0.000021,0.000161,0.000150,0.000055,0.000027,0.000058,0.000191,0.000210,0.000114,0.000005,0.000017,0.000096,0.000040,0.000027,0.000020,-0.000022,0.000035,0.000247,0.000424,0.000416,0.021733,0.011532,0.009100,0.008511,0.005029,-0.000247,-0.003519,-0.002925,0.000492,0.003735,0.004122,0.002795,0.001641,0.000747,0.000268,0.000042,0.000103,0.000450,0.000827,0.001048,0.000856,0.000207,-0.000470,-0.000511,-0.000140,0.000282,0.000443,0.000200,-0.000293,-0.000609,-0.000450,-0.000134,-0.000080,-0.000189,-0.000169,-0.000018,-0.000111,-0.000611,-0.001378,-0.001951,-0.001813,-0.001107,-0.000640,-0.000405,0.000032,0.000341,0.000224,-0.000147,-0.000453,-0.000481,-0.000325,-0.000228,-0.000157,-0.000051,-0.000017,-0.000089,-0.000053,0.000323,0.000778,0.000761,0.000750,0.001375,0.001928,0.001675,0.000864,0.000309,0.000120,-0.000012,-0.000315,-0.000555,-0.000475,-0.000272,-0.000182,-0.000212,-0.000313,-0.000359,-0.000200,0.000124,0.000346,0.000322,0.000053,-0.000141,-0.000069,0.000163,0.000282,-0.000065,-0.000797,-0.001414,-0.001351,-0.001054,-0.000808,-0.000411,-0.000205,-0.000201,-0.000034,0.000175,0.000187,0.000004,-0.000183,-0.000263,-0.000324,-0.000287,-0.000274,-0.000250,-0.000112,-0.000085,-0.000169,-0.000165,-0.000036,0.000030,-0.000019,0.000001,0.000108,0.000200,0.000228,0.000197,0.000205,0.000215,0.000031,-0.000117,-0.000120,-0.000140,-0.000102,-0.000027,-0.000045,-0.000072,-0.000080,-0.000094,-0.000211,-0.000263,-0.000263,-0.000336,-0.000284,-0.000207,-0.000075,0.000047,0.000131,0.000250,
0.001776,-0.001653,-0.007755,-0.007546,-0.004244,-0.002607,-0.002547,-0.002299,-0.001888,-0.001160,-0.000173,0.000215,0.000340,0.000247,-0.000243,-0.000439,-0.000107,0.000319,0.000571,0.000391,0.000015,-0.000459,-0.001165,-0.001581,-0.001558,-0.001328,-0.001199,-0.001142,-0.000858,-0.000540,-0.000466,-0.000370,-0.000073,0.000180,0.000351,0.000552,0.000566,0.000368,0.000077,-0.000189,-0.000467,-0.000558,-0.000399,-0.000283,-0.000265,-0.000073,0.000100,0.000107,-0.000021,-0.000134,-0.000278,-0.000352,-0.000305,-0.000274,-0.000252,-0.000272,-0.000499,-0.000793,-0.000371,0.000752,0.001126,0.000322,-0.000188,0.000416,0.001025,0.000808,0.000490,0.000694,0.000823,0.000385,-0.000175,-0.000387,-0.000366,-0.000249,-0.000124,0.000067,0.000028,-0.000297,-0.000357,-0.000198,0.000019,0.000236,0.000384,0.000646,0.001224,0.001763,0.001432,-0.000040,-0.001391,-0.001604,-0.001236,-0.000848,-0.000390,-0.000242,-0.000381,-0.000296,-0.000109,-0.000130,-0.000164,0.000023,0.000149,0.000138,0.000082,0.000094,0.000158,0.000144,0.000175,0.000308,0.000287,0.000178,0.000195,0.000206,0.000136,0.000110,0.000094,0.000051,-0.000018,-0.000100,-0.000046,-0.000004,-0.000102,-0.000067,0.000074,0.000160,0.000205,0.000204,0.000108,0.000067,0.000165,0.000154,0.000040,0.000026,-0.000059,-0.000172,-0.000041,0.000102,0.000148,0.000226,0.021338,0.011033,0.008688,0.008314,0.005035,-0.000174,-0.003505,-0.002833,0.000616,0.003692,0.004016,0.002721,0.001672,0.000830,0.000285,0.000115,0.000088,0.000371,0.000783,0.000993,0.000910,0.000293,-0.000392,-0.000446,-0.000104,0.000296,0.000561,0.000334,-0.000348,-0.000735,-0.000510,-0.000039,0.000067,-0.000064,-0.000011,0.000163,0.000105,-0.000418,-0.001213,-0.001803,-0.001644,-0.000913,-0.000481,-0.000238,0.000201,0.000439,0.000236,-0.000295,-0.000623,-0.000521,-0.000312,-0.000148,0.000023,0.000086,-0.000005,-0.000067,0.000020,0.000332,0.000738,0.000701,0.000539,0.001160,0.001866,0.001570,0.000566,0.000053,0.000136,0.000082,-0.000276,-0.000524,-0.000436,-0.000217,-0.000113,-0.000144,-0.000165,-0.000229,-0.000091,0.000161,0.000303,0.000278,0.000061,-0.000143,-0.000071,0.000183,0.000272,0.000045,-0.000586,-0.001288,-0.001444,-0.001146,-0.000757,-0.000282,-0.000042,-0.000061,0.000068,0.000190,0.000091,0.000038,-0.000102,-0.000260,-0.000255,-0.000238,-0.000201,-0.000113,-0.000056,-0.000043,-0.000000,0.000038,0.000078,0.000062,-0.000004,-0.000008,0.000061,0.000217,0.000396,0.000397,0.000276,0.000324,0.000229,0.000119,0.000061,-0.000067,-0.000124,-0.000096,0.000013,0.000131,0.000168,0.000108,0.000058,-0.000066,-0.000251,-0.000248,-0.000100,-0.000064,0.000029,0.000174,0.000231,0.000244,
0.001843,-0.001386,-0.007433,-0.007413,-0.004216,-0.002583,-0.002582,-0.002313,-0.001915,-0.001216,-0.000275,0.000151,0.000240,0.000081,-0.000339,-0.000420,-0.000109,0.000186,0.000549,0.000480,-0.000024,-0.000524,-0.001082,-0.001519,-0.001485,-0.001246,-0.001151,-0.000999,-0.000623,-0.000289,-0.000145,-0.000035,0.000138,0.000344,0.000467,0.000629,0.000604,0.000337,-0.000001,-0.000350,-0.000509,-0.000502,-0.000447,-0.000409,-0.000357,-0.000144,0.000195,0.000256,0.000109,0.000022,-0.000074,-0.000246,-0.000347,-0.000280,-0.000212,-0.000342,-0.000657,-0.000786,-0.000255,0.000743,0.001139,0.000423,-0.000081,0.000553,0.001136,0.000878,0.000552,0.000695,0.000719,0.000353,-0.000086,-0.000277,-0.000125,0.000041,0.000035,-0.000001,-0.000101,-0.000368,-0.000535,-0.000425,-0.000057,0.000186,0.000321,0.000584,0.001193,0.001946,0.001611,0.000021,-0.001271,-0.001493,-0.001194,-0.000756,-0.000408,-0.000270,-0.000297,-0.000258,-0.000193,-0.000160,-0.000184,-0.000119,0.000068,0.000022,-0.000144,-0.000028,0.000135,0.000065,0.000004,0.000065,0.000072,0.000042,0.000084,0.000130,0.000134,0.000152,0.000180,0.000160,0.000069,-0.000015,-0.000094,-0.000076,-0.000043,-0.000079,-0.000076,0.000017,0.000142,0.000201,0.000082,-0.000039,0.000043,0.000045,-0.000020,0.000012,0.000006,-0.000083,-0.000047,0.000063,0.000146,0.000261,0.020931,0.010479,0.008458,0.008304,0.005067,-0.000163,-0.003507,-0.002907,0.000374,0.003393,0.003833,0.002674,0.001714,0.000844,0.000207,0.000059,0.000061,0.000368,0.000766,0.001012,0.000927,0.000270,-0.000389,-0.000326,-0.000021,0.000373,0.000611,0.000205,-0.000395,-0.000649,-0.000383,0.000136,0.000318,0.000011,-0.000192,-0.000109,-0.000071,-0.000314,-0.000970,-0.001629,-0.001541,-0.000892,-0.000583,-0.000318,0.000223,0.000450,0.000200,-0.000137,-0.000278,-0.000361,-0.000296,-0.000119,0.000037,0.000107,-0.000005,-0.000156,-0.000063,0.000381,0.000747,0.000580,0.000598,0.001363,0.002165,0.002141,0.001254,0.000516,0.000398,0.000259,-0.000124,-0.000409,-0.000396,-0.000313,-0.000258,-0.000337,-0.000511,-0.000530,-0.000336,0.000009,0.000280,0.000290,0.000134,-0.000035,-0.000034,0.000164,0.000235,-0.000159,-0.000733,-0.001363,-0.001546,-0.001266,-0.000909,-0.000374,-0.000018,0.000010,0.000174,0.000343,0.000085,-0.000101,-0.000075,-0.000168,-0.000251,-0.000297,-0.000351,-0.000316,-0.000225,-0.000120,0.000001,0.000087,0.000057,0.000046,0.000018,-0.000032,0.000011,0.000177,0.000304,0.000227,0.000240,0.000218,0.000089,0.000097,0.000061,-0.000089,-0.000135,-0.000080,-0.000044,0.000059,0.000162,0.000049,-0.000059,-0.000189,-0.000407,-0.000453,-0.000269,-0.000071,0.000033,0.000118,0.000214,0.000290,
0.001305,-0.001697,-0.007670,-0.007606,-0.004345,-0.002557,-0.002538,-0.002294,-0.001957,-0.001411,-0.000560,-0.000073,0.000251,0.000165,-0.000324,-0.000530,-0.000204,0.000238,0.000484,0.000378,0.000094,-0.000492,-0.001209,-0.001580,-0.001468,-0.001189,-0.001093,-0.000964,-0.000591,-0.000250,-0.000303,-0.000378,-0.000224,0.000053,0.000409,0.000722,0.000764,0.000541,0.000143,-0.000255,-0.000389,-0.000352,-0.000366,-0.000420,-0.000418,-0.000181,0.000191,0.000269,0.000044,-0.000129,-0.000214,-0.000253,-0.000240,-0.000228,-0.000112,-0.000138,-0.000581,-0.000858,-0.000362,0.000702,0.001291,0.000540,-0.000304,0.000012,0.000541,0.000357,0.000138,0.000378,0.000507,0.000238,-0.000052,-0.000157,-0.000246,-0.000225,-0.000178,-0.000060,-0.000083,-0.000273,-0.000426,-0.000423,-0.000198,0.000020,0.000291,0.000806,0.001542,0.002120,0.001639,0.000033,-0.001356,-0.001631,-0.001271,-0.000763,-0.000303,-0.000218,-0.000358,-0.000342,-0.000242,-0.000174,-0.000119,-0.000025,0.000008,0.000005,-0.000036,-0.000037,0.000025,0.000021,0.000081,0.000118,0.000052,0.000041,0.000209,0.000312,0.000223,0.000189,0.000201,0.000079,-0.000124,-0.000241,-0.000119,0.000069,0.000049,-0.000028,0.000051,0.000158,0.000273,0.000266,0.000069,-0.000047,0.000036,0.000128,0.000121,0.000100,-0.000059,-0.000256,-0.000223,0.000051,0.000187,0.000206,0.020585,0.010181,0.008107,0.008066,0.005016,-0.000012,-0.003327,-0.002852,0.000495,0.003617,0.003969,0.002670,0.001614,0.000776,0.000241,0.000029,-0.000078,0.000139,0.000629,0.000980,0.000952,0.000222,-0.000598,-0.000568,-0.000068,0.000377,0.000548,0.000180,-0.000311,-0.000622,-0.000592,-0.000301,-0.000134,-0.000086,-0.000049,-0.000022,-0.000169,-0.000593,-0.001236,-0.001838,-0.001752,-0.001031,-0.000560,-0.000285,0.000211,0.000526,0.000295,-0.000107,-0.000299,-0.000409,-0.000383,-0.000243,-0.000098,0.000040,-0.000061,-0.000156,-0.000065,0.000252,0.000785,0.000837,0.000750,0.001228,0.001816,0.001584,0.000833,0.000373,0.000216,0.000126,-0.000217,-0.000424,-0.000259,-0.000084,-0.000119,-0.000361,-0.000578,-0.000610,-0.000285,0.000120,0.000251,0.000177,0.000014,-0.000118,-0.000078,0.000141,0.000216,-0.000166,-0.000881,-0.001499,-0.001540,-0.001281,-0.000915,-0.000264,0.000095,0.000011,0.000120,0.000261,0.000161,0.000105,-0.000012,-0.000125,-0.000193,-0.000290,-0.000247,-0.000102,-0.000084,-0.000106,-0.000046,-0.000023,0.000003,0.000042,0.000052,0.000010,0.000015,0.000117,0.000237,0.000276,0.000232,0.000188,0.000112,-0.000031,-0.000076,-0.000014,0.000022,0.000051,-0.000001,-0.000011,-0.000002,-0.000006,-0.000046,-0.000128,-0.000240,-0.000353,-0.000372,-0.000216,-0.000015,0.000125,0.000206,0.000157,
0.001080,-0.001760,-0.007759,-0.007803,-0.004477,-0.002530,-0.002458,-0.002354,-0.002089,-0.001467,-0.000550,-0.000083,0.000164,0.000133,-0.000311,-0.000455,-0.000159,0.000233,0.000550,0.000431,0.000042,-0.000464,-0.001169,-0.001626,-0.001507,-0.001350,-0.001333,-0.001018,-0.000545,-0.000225,-0.000139,-0.000231,-0.000181,0.000050,0.000364,0.000725,0.000785,0.000551,0.000241,-0.000113,-0.000383,-0.000446,-0.000352,-0.000347,-0.000376,-0.000140,0.000180,0.000282,0.000235,0.000029,-0.000199,-0.000276,-0.000323,-0.000254,-0.000146,-0.000257,-0.000665,-0.000995,-0.000442,0.000759,0.001152,0.000400,-0.000076,0.000450,0.000887,0.000570,0.000157,0.000216,0.000309,0.000086,-0.000177,-0.000235,-0.000173,-0.000049,-0.000011,-0.000025,0.000031,-0.000175,-0.000387,-0.000299,-0.000130,0.000035,0.000248,0.000650,0.001381,0.002015,0.001564,0.000048,-0.001289,-0.001576,-0.001266,-0.000872,-0.000367,-0.000157,-0.000239,-0.000306,-0.000329,-0.000172,0.000077,0.000104,0.000081,0.000074,-0.000046,-0.000160,-0.000022,0.000117,0.000083,0.000025,0.000007,0.000043,0.000098,0.000057,0.000076,0.000171,0.000170,-0.000036,-0.000199,-0.000182,-0.000099,-0.000056,-0.000075,-0.000013,0.000105,0.000171,0.000169,0.000164,0.000115,0.000021,0.000031,0.000100,0.000151,0.000180,0.000136,-0.000009,0.000000,0.000081,0.000114,0.000177,0.020394,0.009893,0.007890,0.008020,0.005028,-0.000123,-0.003436,-0.002833,0.000475,0.003553,0.004045,0.002762,0.001652,0.000835,0.000336,0.000209,0.000159,0.000319,0.000704,0.001067,0.000927,0.000052,-0.000708,-0.000552,0.000027,0.000455,0.000524,0.000169,-0.000244,-0.000628,-0.000716,-0.000366,-0.000162,-0.000141,-0.000027,-0.000003,-0.000141,-0.000479,-0.001185,-0.001773,-0.001555,-0.000941,-0.000639,-0.000439,0.000082,0.000484,0.000392,-0.000066,-0.000466,-0.000534,-0.000448,-0.000270,-0.000042,0.000094,0.000002,-0.000162,-0.000117,0.000263,0.000773,0.000849,0.000841,0.001535,0.002241,0.001863,0.000852,0.000281,0.000210,0.000174,-0.000016,-0.000291,-0.000279,-0.000125,-0.000236,-0.000387,-0.000467,-0.000414,-0.000147,0.000164,0.000255,0.000168,0.000036,-0.000053,-0.000076,0.000108,0.000280,0.000013,-0.000740,-0.001460,-0.001457,-0.001128,-0.000836,-0.000387,-0.000044,-0.000013,0.000121,0.000273,0.000113,-0.000118,-0.000177,-0.000241,-0.000239,-0.000210,-0.000148,-0.000106,-0.000136,-0.000059,-0.000025,-0.000059,-0.000022,0.000043,-0.000006,-0.000067,0.000023,0.000140,0.000220,0.000323,0.000315,0.000196,0.000099,0.000021,-0.000106,-0.000122,0.000001,0.000027,-0.000046,-0.000089,-0.000069,0.000025,0.000060,-0.000063,-0.000089,-0.000110,-0.000178,-0.000104,0.000048,0.000145,0.000216,0.000319,
0.001138,-0.001705,-0.007761,-0.007779,-0.004419,-0.002612,-0.002530,-0.002248,-0.001955,-0.001470,-0.000559,-0.000005,0.000297,0.000224,-0.000305,-0.000533,-0.000201,0.000277,0.000509,0.000331,-0.000014,-0.000543,-0.001194,-0.001514,-0.001364,-0.001183,-0.001209,-0.000911,-0.000367,-0.000113,-0.000172,-0.000199,-0.000177,-0.000031,0.000350,0.000620,0.000676,0.000462,0.000146,-0.000141,-0.000362,-0.000356,-0.000191,-0.000314,-0.000472,-0.000292,0.000029,0.000197,0.000114,0.000013,-0.000125,-0.000318,-0.000333,-0.000157,-0.000044,-0.000269,-0.000683,-0.000921,-0.000449,0.000684,0.001106,0.000195,-0.000581,-0.000063,0.000735,0.000691,0.000330,0.000391,0.000586,0.000314,-0.000192,-0.000295,-0.000173,-0.000057,-0.000090,-0.000091,-0.000001,-0.000111,-0.000210,-0.000199,-0.000002,0.000155,0.000268,0.000671,0.001412,0.002090,0.001633,-0.000073,-0.001431,-0.001595,-0.001252,-0.000809,-0.000242,-0.000046,-0.000286,-0.000383,-0.000295,-0.000171,-0.000069,0.000039,0.000134,0.000038,-0.000112,-0.000065,0.000008,-0.000032,0.000047,0.000169,0.000158,0.000037,-0.000002,0.000041,0.000184,0.000317,0.000227,0.000066,-0.000071,-0.000200,-0.000236,-0.000142,0.000012,0.000115,0.000130,-0.000003,-0.000036,0.000062,0.000110,0.000052,-0.000089,-0.000003,0.000138,0.000063,-0.000098,-0.000152,-0.000058,0.000197,0.000228,0.000151,0.020124,0.009632,0.007825,0.008036,0.005060,-0.000009,-0.003282,-0.002621,0.000648,0.003687,0.004032,0.002709,0.001690,0.000786,0.000278,0.000192,0.000164,0.000450,0.000848,0.001123,0.000978,0.000144,-0.000587,-0.000515,-0.000038,0.000436,0.000584,0.000173,-0.000387,-0.000768,-0.000809,-0.000427,-0.000133,-0.000077,-0.000037,0.000011,-0.000032,-0.000455,-0.001184,-0.001759,-0.001622,-0.001060,-0.000724,-0.000420,0.000160,0.000583,0.000429,-0.000033,-0.000367,-0.000504,-0.000470,-0.000298,-0.000204,-0.000151,-0.000097,-0.000027,0.000097,0.000435,0.000796,0.000725,0.000573,0.001185,0.001979,0.001782,0.000667,-0.000254,-0.000266,0.000113,0.000074,-0.000319,-0.000496,-0.000370,-0.000370,-0.000495,-0.000415,-0.000274,-0.000122,0.000134,0.000327,0.000201,-0.000023,-0.000123,-0.000130,0.000041,0.000197,-0.000013,-0.000665,-0.001359,-0.001448,-0.001232,-0.000909,-0.000365,-0.000019,-0.000028,0.000064,0.000305,0.000315,0.000059,-0.000129,-0.000221,-0.000312,-0.000251,-0.000231,-0.000247,-0.000182,-0.000071,0.000029,0.000016,-0.000027,-0.000115,-0.000127,-0.000029,-0.000001,0.000068,0.000164,0.000214,0.000257,0.000276,0.000229,0.000142,0.000067,-0.000098,-0.000162,0.000012,0.000079,0.000001,-0.000006,0.000009,-0.000064,-0.000199,-0.000264,-0.000290,-0.000342,-0.000227,0.000075,0.000270,0.000389,0.000332,
0.001422,-0.001549,-0.007413,-0.007424,-0.004386,-0.002733,-0.002738,-0.002445,-0.001985,-0.001256,-0.000364,0.000037,0.000205,0.000106,-0.000275,-0.000395,-0.000107,0.000296,0.000551,0.000413,0.000067,-0.000490,-0.001232,-0.001531,-0.001387,-0.001237,-0.001141,-0.000836,-0.000380,-0.000097,-0.000149,-0.000291,-0.000175,0.000096,0.000391,0.000652,0.000579,0.000412,0.000230,-0.000115,-0.000379,-0.000304,-0.000223,-0.000267,-0.000285,-0.000117,0.000137,0.000131,-0.000020,-0.000179,-0.000262,-0.000282,-0.000273,-0.000206,-0.000170,-0.000289,-0.000565,-0.000730,-0.000323,0.000684,0.001202,0.000642,0.000053,0.000334,0.000606,0.000397,0.000343,0.000635,0.000699,0.000289,-0.000148,-0.000351,-0.000304,-0.000154,-0.000153,-0.000063,-0.000000,-0.000058,-0.000205,-0.000359,-0.000167,0.000151,0.000463,0.000846,0.001349,0.001907,0.001592,0.000042,-0.001368,-0.001593,-0.001258,-0.000860,-0.000415,-0.000262,-0.000411,-0.000389,-0.000193,-0.000121,-0.000094,0.000030,0.000109,0.000062,-0.000087,-0.000053,0.000071,0.000099,0.000090,0.000115,0.000174,0.000073,0.000062,0.000155,0.000120,0.000198,0.000331,0.000194,-0.000133,-0.000127,0.000028,0.000048,0.000073,0.000074,-0.000017,0.000103,0.000326,0.000322,0.000235,0.000126,0.000034,0.000159,0.000168,0.000032,-0.000107,-0.000167,-0.000034,0.000147,0.000180,0.000228,0.020024,0.009540,0.007804,0.008060,0.005103,0.000051,-0.003314,-0.002726,0.000539,0.003520,0.003955,0.002772,0.001773,0.000908,0.000288,0.000069,0.000030,0.000358,0.000732,0.000981,0.000899,0.000267,-0.000419,-0.000515,-0.000051,0.000411,0.000471,0.000180,-0.000269,-0.000635,-0.000617,-0.000303,-0.000127,-0.000081,0.000036,0.000074,-0.000082,-0.000545,-0.001275,-0.001826,-0.001619,-0.000982,-0.000617,-0.000324,0.000175,0.000432,0.000205,-0.000291,-0.000594,-0.000588,-0.000355,-0.000089,-0.000017,0.000015,-0.000071,-0.000221,-0.000131,0.000254,0.000646,0.000623,0.000746,0.001411,0.001758,0.001398,0.000813,0.000432,0.000257,0.000097,-0.000144,-0.000464,-0.000504,-0.000302,-0.000216,-0.000268,-0.000375,-0.000434,-0.000269,0.000052,0.000264,0.000252,-0.000002,-0.000150,-0.000036,0.000190,0.000246,-0.000113,-0.000816,-0.001457,-0.001577,-0.001294,-0.000878,-0.000361,-0.000061,-0.000028,0.000084,0.000231,0.000195,-0.000009,-0.000152,-0.000203,-0.000258,-0.000205,-0.000184,-0.000152,-0.000144,-0.000190,-0.000085,-0.000003,0.000022,0.000019,-0.000030,-0.000009,0.000121,0.000244,0.000330,0.000327,0.000161,0.000083,0.000090,0.000096,0.000083,0.000067,0.000046,0.000009,-0.000017,0.000014,0.000030,0.000045,0.000047,0.000034,-0.000149,-0.000315,-0.000308,-0.000091,0.000154,0.000269,0.000315,0.000236,
0.001534,-0.001487,-0.007397,-0.007313,-0.004289,-0.002811,-0.002786,-0.002412,-0.001907,-0.001218,-0.000345,0.000019,0.000172,0.000043,-0.000295,-0.000315,-0.000070,0.000274,0.000587,0.000499,0.000056,-0.000492,-0.001203,-0.001645,-0.001576,-0.001406,-0.001323,-0.001097,-0.000746,-0.000379,-0.000182,-0.000184,-0.000095,0.000111,0.000407,0.000675,0.000606,0.000299,-0.000036,-0.000333,-0.000498,-0.000416,-0.000245,-0.000291,-0.000397,-0.000184,0.000164,0.000204,-0.000100,-0.000321,-0.000362,-0.000338,-0.000318,-0.000306,-0.000117,-0.000153,-0.000673,-0.000973,-0.000450,0.000693,0.001119,0.000264,-0.000236,0.000414,0.000850,0.000503,0.000288,0.000495,0.000562,0.000111,-0.000335,-0.000337,-0.000252,-0.000142,0.000024,0.000099,0.000052,-0.000120,-0.000335,-0.000337,-0.000124,0.000042,0.000218,0.000553,0.001206,0.001948,0.001615,0.000078,-0.001212,-0.001490,-0.001139,-0.000711,-0.000277,-0.000168,-0.000324,-0.000323,-0.000198,-0.000106,-0.000013,0.000049,0.000040,0.000015,-0.000110,-0.000118,-0.000005,0.000078,0.000117,0.000120,0.000096,0.000070,0.000181,0.000202,0.000122,0.000170,0.000214,0.000061,-0.000052,-0.000094,-0.000128,-0.000124,-0.000000,0.000035,-0.000061,-0.000090,0.000065,0.000159,0.000078,0.000056,0.000075,0.000108,0.000148,-0.000026,-0.000221,-0.000189,-0.000010,0.000068,0.000109,0.000234,0.019566,0.009123,0.007550,0.008080,0.005239,0.000033,-0.003323,-0.002762,0.000520,0.003633,0.004076,0.002804,0.001700,0.000759,0.000227,0.000069,0.000124,0.000411,0.000762,0.001025,0.000905,0.000254,-0.000409,-0.000390,-0.000000,0.000474,0.000665,0.000343,-0.000235,-0.000637,-0.000535,-0.000218,0.000034,0.000095,0.000131,0.000123,-0.000043,-0.000460,-0.001181,-0.001776,-0.001571,-0.000918,-0.000529,-0.000276,0.000128,0.000413,0.000256,-0.000056,-0.000367,-0.000558,-0.000482,-0.000247,-0.000051,0.000076,0.000076,0.000029,0.000088,0.000385,0.000767,0.000789,0.000761,0.001374,0.002115,0.001677,0.000457,-0.000123,0.000093,0.000133,-0.000261,-0.000508,-0.000393,-0.000199,-0.000189,-0.000358,-0.000426,-0.000314,-0.000076,0.000209,0.000330,0.000292,0.000027,-0.000275,-0.000243,0.000087,0.000304,-0.000049,-0.000836,-0.001471,-0.001477,-0.001174,-0.000809,-0.000261,-0.000024,-0.000069,0.000084,0.000259,0.000137,-0.000058,-0.000114,-0.000198,-0.000331,-0.000215,-0.000128,-0.000146,-0.000113,-0.000047,0.000043,0.000049,-0.000046,-0.000089,-0.000071,-0.000055,0.000022,0.000208,0.000336,0.000276,0.000178,0.000140,0.000043,-0.000004,0.000077,0.000062,-0.000126,-0.000140,-0.000003,-0.000012,-0.000064,-0.000063,-0.000062,-0.000192,-0.000259,-0.000174,-0.000108,-0.000097,0.000053,0.000231,0.000281,0.000282,
0.001314,-0.001477,-0.007379,-0.007518,-0.004421,-0.002701,-0.002545,-0.002227,-0.001845,-0.001320,-0.000559,-0.000164,0.000060,0.000080,-0.000276,-0.000394,-0.000185,0.000126,0.000456,0.000441,0.000039,-0.000545,-0.001206,-0.001605,-0.001465,-0.001238,-0.001223,-0.001058,-0.000733,-0.000480,-0.000217,0.000061,0.000274,0.000326,0.000350,0.000473,0.000594,0.000407,0.000036,-0.000205,-0.000373,-0.000369,-0.000294,-0.000261,-0.000253,-0.000059,0.000096,0.000027,-0.000135,-0.000146,-0.000161,-0.000309,-0.000302,-0.000217,-0.000183,-0.000232,-0.000589,-0.000870,-0.000300,0.000798,0.001174,0.000419,-0.000124,0.000504,0.001117,0.000836,0.000477,0.000577,0.000594,0.000175,-0.000255,-0.000420,-0.000366,-0.000133,0.000052,0.000157,0.000090,-0.000166,-0.000396,-0.000404,-0.000086,0.000224,0.000333,0.000611,0.001348,0.001942,0.001594,0.000111,-0.001328,-0.001581,-0.001351,-0.000907,-0.000289,-0.000173,-0.000341,-0.000303,-0.000181,-0.000140,-0.000138,-0.000043,-0.000015,0.000030,0.000079,0.000057,0.000037,-0.000027,-0.000040,0.000078,0.000076,0.000064,0.000178,0.000164,0.000078,-0.000014,-0.000049,-0.000007,0.000018,-0.000047,-0.000100,-0.000011,0.000009,-0.000072,-0.000072,0.000062,0.000169,0.000264,0.000277,0.000114,0.000066,0.000137,0.000104,0.000104,0.000060,-0.000032,0.000053,0.000253,0.000301,0.000343,0.019521,0.008989,0.007284,0.007793,0.005011,-0.000002,-0.003312,-0.002891,0.000343,0.003485,0.003977,0.002702,0.001598,0.000767,0.000209,0.000069,0.000098,0.000437,0.000833,0.001008,0.000847,0.000137,-0.000547,-0.000537,-0.000068,0.000362,0.000614,0.000381,-0.000239,-0.000606,-0.000292,0.000289,0.000429,0.000111,-0.000183,-0.000198,-0.000080,-0.000245,-0.000981,-0.001721,-0.001663,-0.000905,-0.000419,-0.000171,0.000165,0.000444,0.000280,-0.000130,-0.000356,-0.000485,-0.000422,-0.000151,0.000046,0.000036,-0.000027,-0.000080,-0.000036,0.000321,0.000740,0.000779,0.000812,0.001465,0.002112,0.001873,0.001044,0.000392,0.000241,0.000210,-0.000163,-0.000576,-0.000583,-0.000396,-0.000371,-0.000600,-0.000686,-0.000556,-0.000326,0.000035,0.000304,0.000293,0.000026,-0.000111,0.000051,0.000275,0.000286,-0.000091,-0.000763,-0.001358,-0.001514,-0.001368,-0.001023,-0.000425,-0.000163,-0.000190,0.000067,0.000342,0.000266,0.000013,-0.000119,-0.000169,-0.000289,-0.000317,-0.000244,-0.000101,-0.000016,-0.000016,0.000061,0.000074,-0.000029,-0.000074,-0.000074,-0.000125,-0.000057,0.000179,0.000280,0.000216,0.000268,0.000398,0.000300,0.000046,-0.000002,0.000040,-0.000071,-0.000071,0.000058,0.000074,0.000116,0.000110,0.000008,-0.000023,-0.000128,-0.000247,-0.000250,-0.000149,0.000046,0.000207,0.000262,0.000297,
0.001289,-0.001312,-0.007175,-0.007356,-0.004378,-0.002795,-0.002728,-0.002390,-0.002018,-0.001344,-0.000454,0.000034,0.000228,0.000064,-0.000328,-0.000363,-0.000110,0.000148,0.000407,0.000334,-0.000002,-0.000568,-0.001219,-0.001527,-0.001316,-0.001083,-0.001095,-0.000928,-0.000612,-0.000273,-0.000210,-0.000288,-0.000265,-0.000096,0.000226,0.000668,0.000787,0.000534,0.000239,-0.000057,-0.000345,-0.000355,-0.000320,-0.000401,-0.000466,-0.000273,0.000029,0.000123,0.000068,-0.000057,-0.000302,-0.000399,-0.000317,-0.000276,-0.000223,-0.000328,-0.000740,-0.000923,-0.000358,0.000694,0.001203,0.000417,-0.000347,0.000076,0.000642,0.000486,0.000200,0.000404,0.000610,0.000267,-0.000184,-0.000309,-0.000271,-0.000102,-0.000090,-0.000051,0.000004,-0.000172,-0.000308,-0.000268,-0.000102,0.000070,0.000290,0.000774,0.001479,0.002006,0.001501,-0.000090,-0.001280,-0.001415,-0.001112,-0.000680,-0.000332,-0.000287,-0.000402,-0.000297,-0.000112,-0.000085,-0.000078,-0.000010,0.000076,0.000085,-0.000031,-0.000085,0.000010,0.000052,0.000052,0.000092,0.000100,0.000114,0.000165,0.000243,0.000314,0.000291,0.000168,-0.000000,-0.000140,-0.000124,-0.000023,-0.000104,-0.000221,-0.000134,0.000021,0.000122,0.000259,0.000229,0.000067,-0.000077,-0.000040,0.000069,0.000103,0.000150,0.000116,0.000064,0.000106,0.000085,0.000075,0.000202,0.019344,0.008805,0.007314,0.008036,0.005284,0.000098,-0.003396,-0.002820,0.000525,0.003621,0.004023,0.002872,0.001849,0.000828,0.000174,0.000079,0.000099,0.000266,0.000697,0.001032,0.000842,0.000158,-0.000524,-0.000499,-0.000006,0.000378,0.000432,0.000157,-0.000256,-0.000611,-0.000571,-0.000230,-0.000079,-0.000068,-0.000022,0.000052,-0.000016,-0.000409,-0.001053,-0.001586,-0.001553,-0.000971,-0.000576,-0.000365,0.000113,0.000506,0.000359,-0.000201,-0.000604,-0.000584,-0.000366,-0.000126,-0.000013,-0.000014,-0.000127,-0.000082,0.000124,0.000369,0.000719,0.000680,0.000595,0.001273,0.002158,0.002107,0.001232,0.000522,0.000323,0.000298,-0.000050,-0.000337,-0.000250,0.000009,-0.000043,-0.000286,-0.000496,-0.000520,-0.000178,0.000197,0.000343,0.000275,0.000089,0.000038,0.000094,0.000109,0.000199,-0.000093,-0.000807,-0.001362,-0.001386,-0.001077,-0.000833,-0.000364,-0.000001,-0.000034,0.000098,0.000178,-0.000001,-0.000092,-0.000162,-0.000259,-0.000271,-0.000208,-0.000191,-0.000206,-0.000109,-0.000057,0.000058,0.000066,-0.000062,-0.000043,0.000056,0.000088,0.000103,0.000141,0.000156,0.000223,0.000327,0.000297,0.000206,0.000132,-0.000035,-0.000141,-0.000114,-0.000134,-0.000125,-0.000026,0.000076,0.000122,0.000078,-0.000044,-0.000106,-0.000125,-0.000112,-0.000065,0.000034,0.000203,0.000315,0.000233,
0.001476,-0.001127,-0.007196,-0.007534,-0.004607,-0.002850,-0.002603,-0.002364,-0.002125,-0.001449,-0.000526,-0.000119,0.000129,0.000077,-0.000409,-0.000558,-0.000178,0.000223,0.000460,0.000381,-0.000022,-0.000574,-0.001213,-0.001557,-0.001434,-0.001229,-0.001084,-0.000796,-0.000449,-0.000271,-0.000284,-0.000224,-0.000106,0.000037,0.000398,0.000748,0.000778,0.000508,0.000180,-0.000153,-0.000407,-0.000534,-0.000459,-0.000401,-0.000464,-0.000300,-0.000087,-0.000092,-0.000083,-0.000054,-0.000154,-0.000287,-0.000347,-0.000223,-0.000073,-0.000193,-0.000578,-0.000768,-0.000268,0.000779,0.001175,0.000519,0.000090,0.000526,0.000921,0.000633,0.000263,0.000299,0.000455,0.000241,-0.000261,-0.000392,-0.000213,-0.000060,-0.000066,-0.000005,0.000065,-0.000261,-0.000580,-0.000527,-0.000265,0.000098,0.000414,0.000747,0.001393,0.002080,0.001801,0.000099,-0.001404,-0.001637,-0.001319,-0.000747,-0.000165,-0.000094,-0.000298,-0.000350,-0.000329,-0.000287,-0.000069,0.000138,0.000088,-0.000071,-0.000190,-0.000143,0.000019,0.000103,0.000074,0.000051,0.000050,-0.000028,0.000001,0.000106,0.000185,0.000266,0.000234,0.000076,-0.000191,-0.000309,-0.000147,0.000045,0.000043,0.000038,0.000168,0.000196,0.000232,0.000228,0.000101,-0.000009,-0.000023,0.000035,0.000059,0.000052,-0.000061,-0.000102,-0.000006,0.000104,0.000226,0.000279,0.019130,0.008627,0.007170,0.007783,0.005027,0.000033,-0.003411,-0.002956,0.000349,0.003472,0.003935,0.002633,0.001558,0.000768,0.000230,0.000079,0.000134,0.000384,0.000719,0.000915,0.000778,0.000118,-0.000567,-0.000559,-0.000044,0.000351,0.000468,0.000253,-0.000289,-0.000747,-0.000700,-0.000301,-0.000139,-0.000181,-0.000169,-0.000047,-0.000105,-0.000513,-0.001184,-0.001772,-0.001634,-0.000998,-0.000700,-0.000504,-0.000066,0.000292,0.000183,-0.000230,-0.000410,-0.000445,-0.000426,-0.000302,-0.000170,-0.000143,-0.000206,-0.000218,-0.000133,0.000186,0.000698,0.000763,0.000748,0.001384,0.001988,0.001651,0.000755,0.000224,0.000075,0.000085,-0.000050,-0.000191,-0.000159,-0.000256,-0.000373,-0.000485,-0.000545,-0.000433,-0.000194,0.000144,0.000349,0.000205,0.000025,-0.000009,0.000012,0.000184,0.000270,-0.000029,-0.000768,-0.001442,-0.001529,-0.001167,-0.000777,-0.000315,0.000009,-0.000038,-0.000071,0.000124,0.000131,-0.000118,-0.000266,-0.000286,-0.000257,-0.000206,-0.000181,-0.000116,-0.000146,-0.000177,-0.000094,-0.000011,-0.000056,-0.000103,-0.000026,0.000115,0.000181,0.000273,0.000311,0.000276,0.000270,0.000257,0.000146,0.000060,0.000102,0.000063,-0.000064,-0.000098,-0.000090,-0.000001,0.000095,0.000056,-0.000073,-0.000124,-0.000159,-0.000315,-0.000344,-0.000152,0.000122,0.000313,0.000361,0.000317,
0.001688,-0.000990,-0.007068,-0.007435,-0.004478,-0.002820,-0.002734,-0.002424,-0.002010,-0.001332,-0.000573,-0.000210,0.000107,0.000088,-0.000342,-0.000535,-0.000337,0.000115,0.000492,0.000439,0.000136,-0.000486,-0.001240,-0.001573,-0.001465,-0.001206,-0.001016,-0.000710,-0.000194,0.000017,-0.000266,-0.000409,-0.000227,-0.000031,0.000218,0.000514,0.000620,0.000388,0.000057,-0.000124,-0.000274,-0.000351,-0.000315,-0.000350,-0.000400,-0.000209,0.000090,0.000119,-0.000136,-0.000267,-0.000228,-0.000326,-0.000303,-0.000239,-0.000225,-0.000335,-0.000641,-0.000834,-0.000287,0.000828,0.001072,0.000073,-0.000659,-0.000086,0.000547,0.000233,-0.000121,0.000175,0.000433,0.000138,-0.000181,-0.000087,0.000045,-0.000058,-0.000192,-0.000078,-0.000028,-0.000269,-0.000357,-0.000255,-0.000078,0.000090,0.000225,0.000610,0.001386,0.001979,0.001517,0.000012,-0.001351,-0.001546,-0.001141,-0.000638,-0.000162,-0.000088,-0.000220,-0.000334,-0.000199,0.000022,0.000048,0.000064,0.000089,0.000025,-0.000084,-0.000069,0.000071,0.000078,0.000102,0.000190,0.000142,0.000045,0.000048,0.000133,0.000206,0.000203,0.000267,0.000167,-0.000032,-0.000124,-0.000116,-0.000068,0.000039,0.000099,0.000104,0.000183,0.000215,0.000147,0.000117,0.000097,0.000086,0.000167,0.000140,0.000007,-0.000108,-0.000107,0.000016,0.000058,0.000130,0.000215,0.019000,0.008361,0.006981,0.007857,0.005308,0.000259,-0.003261,-0.002903,0.000306,0.003479,0.003954,0.002674,0.001608,0.000781,0.000233,0.000062,0.000127,0.000474,0.000897,0.001071,0.000852,0.000113,-0.000541,-0.000514,-0.000054,0.000365,0.000534,0.000257,-0.000380,-0.000777,-0.000636,-0.000301,-0.000107,-0.000072,-0.000006,0.000027,-0.000050,-0.000430,-0.001129,-0.001831,-0.001764,-0.001055,-0.000732,-0.000462,0.000135,0.000485,0.000381,0.000017,-0.000333,-0.000413,-0.000339,-0.000222,-0.000191,-0.000148,-0.000056,-0.000082,0.000018,0.000299,0.000680,0.000787,0.000727,0.001309,0.002054,0.001870,0.000905,0.000090,0.000015,0.000141,-0.000110,-0.000331,-0.000422,-0.000437,-0.000412,-0.000481,-0.000525,-0.000438,-0.000163,0.000133,0.000373,0.000384,0.000106,-0.000077,-0.000065,0.000139,0.000347,-0.000044,-0.000855,-0.001381,-0.001424,-0.001147,-0.000859,-0.000357,0.000020,0.000006,0.000100,0.000242,0.000168,0.000023,-0.000111,-0.000220,-0.000278,-0.000280,-0.000137,-0.000080,-0.000120,-0.000142,-0.000066,0.000017,0.000017,0.000060,0.000056,0.000002,0.000055,0.000115,0.000125,0.000163,0.000202,0.000205,0.000135,0.000013,-0.000047,-0.000025,-0.000024,-0.000078,0.000002,0.000129,0.000110,0.000079,0.000044,-0.000054,-0.000164,-0.000285,-0.000283,-0.000120,0.000063,0.000192,0.000264,0.000277,
0.001837,-0.000893,-0.006934,-0.007210,-0.004431,-0.003091,-0.003079,-0.002566,-0.001957,-0.001295,-0.000437,-0.000086,0.000148,0.000161,-0.000326,-0.000420,-0.000103,0.000193,0.000335,0.000189,-0.000124,-0.000600,-0.001209,-0.001563,-0.001518,-0.001254,-0.001023,-0.000856,-0.000506,-0.000196,-0.000198,-0.000258,-0.000217,-0.000095,0.000221,0.000666,0.000861,0.000621,0.000274,-0.000056,-0.000338,-0.000313,-0.000283,-0.000401,-0.000429,-0.000135,0.000162,0.000140,-0.000040,-0.000143,-0.000183,-0.000342,-0.000397,-0.000216,-0.000020,-0.000175,-0.000654,-0.000859,-0.000350,0.000770,0.001353,0.000644,-0.000080,0.000266,0.000885,0.000856,0.000562,0.000467,0.000357,0.000109,-0.000175,-0.000266,-0.000160,-0.000069,-0.000069,-0.000100,-0.000139,-0.000233,-0.000335,-0.000238,-0.000044,0.000131,0.000305,0.000639,0.001356,0.001947,0.001533,-0.000068,-0.001496,-0.001733,-0.001277,-0.000725,-0.000175,0.000009,-0.000258,-0.000339,-0.000180,-0.000174,-0.000094,0.000019,-0.000026,-0.000121,-0.000127,-0.000077,0.000048,0.000140,0.000115,0.000132,0.000195,0.000173,0.000188,0.000235,0.000309,0.000340,0.000262,0.000089,-0.000069,-0.000001,0.000065,0.000067,0.000049,0.000020,0.000071,0.000177,0.000223,0.000256,0.000307,0.000242,0.000160,0.000254,0.000208,0.000005,-0.000105,-0.000129,0.000003,0.000156,0.000240,0.000277,0.018712,0.008224,0.007070,0.008085,0.005431,0.000345,-0.003184,-0.002955,0.000289,0.003522,0.004026,0.002745,0.001652,0.000739,0.000196,0.000063,0.000036,0.000408,0.000864,0.001026,0.000838,0.000159,-0.000477,-0.000437,-0.000051,0.000301,0.000569,0.000413,-0.000222,-0.000709,-0.000626,-0.000433,-0.000309,-0.000206,-0.000194,-0.000053,0.000041,-0.000370,-0.001185,-0.001825,-0.001724,-0.001039,-0.000609,-0.000404,0.000026,0.000434,0.000317,-0.000030,-0.000310,-0.000549,-0.000481,-0.000349,-0.000230,-0.000149,-0.000114,-0.000093,-0.000012,0.000324,0.000718,0.000706,0.000625,0.001041,0.001514,0.001430,0.000815,0.000286,-0.000071,-0.000261,-0.000385,-0.000672,-0.000622,-0.000341,-0.000288,-0.000326,-0.000419,-0.000315,-0.000044,0.000145,0.000294,0.000334,0.000164,-0.000056,-0.000042,0.000165,0.000238,-0.000141,-0.000835,-0.001376,-0.001363,-0.001098,-0.000837,-0.000366,-0.000067,-0.000112,0.000053,0.000230,0.000136,-0.000075,-0.000221,-0.000314,-0.000259,-0.000175,-0.000188,-0.000203,-0.000157,-0.000074,-0.000055,-0.000052,-0.000045,-0.000030,-0.000028,-0.000016,0.000051,0.000136,0.000188,0.000218,0.000229,0.000232,0.000103,0.000066,0.000039,-0.000058,-0.000117,-0.000111,-0.000041,-0.000045,-0.000043,0.000023,0.000029,-0.000070,-0.000174,-0.000308,-0.000380,-0.000280,-0.000021,0.000320,0.000400,0.000230,
0.002074,-0.000647,-0.006769,-0.007253,-0.004388,-0.002961,-0.003072,-0.002712,-0.002134,-0.001272,-0.000373,-0.000052,0.000135,0.000052,-0.000358,-0.000490,-0.000230,0.000193,0.000527,0.000434,0.000045,-0.000523,-0.001275,-0.001698,-0.001606,-0.001274,-0.001120,-0.001021,-0.000643,-0.000380,-0.000342,-0.000312,-0.000271,-0.000119,0.000302,0.000682,0.000721,0.000528,0.000237,-0.000134,-0.000450,-0.000418,-0.000253,-0.000211,-0.000262,-0.000155,0.000038,0.000062,-0.000003,-0.000100,-0.000202,-0.000348,-0.000422,-0.000275,-0.000124,-0.000319,-0.000657,-0.000808,-0.000251,0.000792,0.001111,0.000359,-0.000085,0.000218,0.000369,0.000189,0.000200,0.000594,0.000736,0.000340,-0.000158,-0.000252,-0.000226,-0.000155,-0.000037,0.000026,-0.000013,-0.000228,-0.000450,-0.000319,0.000008,0.000209,0.000299,0.000646,0.001293,0.001836,0.001457,-0.000108,-0.001359,-0.001487,-0.001184,-0.000770,-0.000258,-0.000117,-0.000304,-0.000302,-0.000077,0.000003,-0.000061,-0.000033,0.000070,0.000068,-0.000031,-0.000018,0.000096,0.000044,-0.000004,0.000114,0.000251,0.000178,0.000116,0.000126,0.000110,0.000148,0.000080,0.000033,0.000065,0.000020,0.000002,-0.000008,0.000026,-0.000011,0.000023,0.000178,0.000338,0.000393,0.000207,0.000027,0.000154,0.000224,0.000117,0.000003,-0.000108,-0.000124,-0.000006,0.000054,0.000114,0.000286,0.018510,0.008004,0.006973,0.008049,0.005370,0.000231,-0.003139,-0.002743,0.000350,0.003383,0.003810,0.002627,0.001580,0.000607,0.000140,0.000051,-0.000029,0.000276,0.000770,0.001043,0.000885,0.000147,-0.000520,-0.000462,0.000006,0.000384,0.000482,0.000150,-0.000425,-0.000788,-0.000721,-0.000421,-0.000226,-0.000103,0.000063,0.000100,-0.000108,-0.000568,-0.001264,-0.001844,-0.001618,-0.000889,-0.000513,-0.000293,0.000109,0.000384,0.000284,-0.000065,-0.000366,-0.000541,-0.000489,-0.000234,-0.000026,-0.000026,-0.000101,-0.000124,-0.000053,0.000327,0.000785,0.000775,0.000831,0.001553,0.002112,0.001551,0.000467,-0.000007,0.000090,-0.000014,-0.000384,-0.000591,-0.000421,-0.000216,-0.000240,-0.000391,-0.000461,-0.000343,-0.000127,0.000178,0.000384,0.000329,0.000055,-0.000067,0.000059,0.000282,0.000381,0.000045,-0.000663,-0.001369,-0.001479,-0.001172,-0.000960,-0.000457,-0.000018,-0.000037,0.000018,0.000181,0.000131,-0.000047,-0.000171,-0.000183,-0.000223,-0.000228,-0.000169,-0.000142,-0.000082,-0.000061,-0.000030,0.000064,0.000098,0.000034,-0.000057,-0.000037,0.000072,0.000111,0.000115,0.000205,0.000320,0.000271,0.000071,-0.000076,-0.000029,0.000013,-0.000142,-0.000210,-0.000110,0.000040,0.000083,-0.000028,-0.000067,-0.000114,-0.000171,-0.000246,-0.000329,-0.000202,-0.000012,0.000138,0.000273,0.000231,
0.002295,-0.000465,-0.006773,-0.007222,-0.004344,-0.002978,-0.003085,-0.002630,-0.002040,-0.001285,-0.000421,-0.000131,0.000092,0.000140,-0.000300,-0.000535,-0.000232,0.000217,0.000615,0.000488,-0.000040,-0.000667,-0.001341,-0.001677,-0.001512,-0.001209,-0.001107,-0.000996,-0.000655,-0.000360,-0.000302,-0.000105,0.000171,0.000332,0.000452,0.000561,0.000480,0.000118,-0.000245,-0.000492,-0.000618,-0.000578,-0.000378,-0.000271,-0.000203,-0.000050,0.000147,0.000150,0.000024,-0.000176,-0.000311,-0.000267,-0.000299,-0.000316,-0.000258,-0.000373,-0.000708,-0.000928,-0.000314,0.000863,0.001188,0.000328,-0.000176,0.000474,0.001106,0.000926,0.000602,0.000644,0.000583,0.000110,-0.000274,-0.000397,-0.000336,-0.000233,-0.000162,-0.000020,0.000068,-0.000112,-0.000346,-0.000325,-0.000147,0.000083,0.000352,0.000745,0.001329,0.001877,0.001565,-0.000045,-0.001455,-0.001642,-0.001263,-0.000926,-0.000499,-0.000175,-0.000221,-0.000227,-0.000029,0.000013,-0.000038,-0.000065,0.000024,0.000050,-0.000071,-0.000087,-0.000021,-0.000011,0.000124,0.000305,0.000210,0.000065,0.000089,0.000219,0.000375,0.000343,0.000156,0.000031,-0.000024,0.000002,0.000003,-0.000045,0.000047,0.000166,0.000211,0.000243,0.000203,0.000169,0.000061,-0.000059,0.000102,0.000236,0.000195,0.000056,-0.000011,-0.000086,-0.000043,0.000088,0.000064,0.000218,0.018430,0.007991,0.006975,0.007908,0.005345,0.000407,-0.003084,-0.002785,0.000420,0.003529,0.003947,0.002639,0.001575,0.000806,0.000283,0.000043,0.000013,0.000274,0.000670,0.000956,0.000844,0.000131,-0.000593,-0.000596,-0.000166,0.000217,0.000419,0.000186,-0.000226,-0.000417,-0.000265,0.000112,0.000240,0.000010,-0.000115,-0.000011,-0.000029,-0.000401,-0.001113,-0.001750,-0.001554,-0.000811,-0.000380,-0.000249,0.000165,0.000524,0.000341,-0.000141,-0.000483,-0.000524,-0.000428,-0.000234,-0.000101,-0.000037,0.000032,-0.000032,0.000030,0.000361,0.000780,0.000747,0.000664,0.001344,0.002150,0.001911,0.000864,0.000136,0.000072,0.000066,-0.000217,-0.000551,-0.000538,-0.000280,-0.000192,-0.000413,-0.000617,-0.000461,-0.000193,0.000081,0.000458,0.000459,0.000107,-0.000067,0.000021,0.000138,0.000179,-0.000190,-0.000966,-0.001462,-0.001416,-0.001154,-0.000871,-0.000388,-0.000031,-0.000028,0.000080,0.000161,0.000076,-0.000068,-0.000236,-0.000324,-0.000401,-0.000387,-0.000169,-0.000029,-0.000039,-0.000002,0.000054,0.000099,0.000067,-0.000052,-0.000100,-0.000071,0.000036,0.000120,0.000120,0.000195,0.000322,0.000303,0.000117,-0.000030,-0.000018,0.000050,0.000030,-0.000042,-0.000010,0.000082,0.000089,0.000093,0.000077,-0.000089,-0.000271,-0.000314,-0.000241,-0.000055,0.000155,0.000289,0.000262,0.000115,
0.002058,-0.000500,-0.006875,-0.007501,-0.004565,-0.003026,-0.003005,-0.002552,-0.002036,-0.001251,-0.000462,-0.000210,0.000037,-0.000009,-0.000452,-0.000460,-0.000155,0.000127,0.000360,0.000311,-0.000035,-0.000556,-0.001149,-0.001490,-0.001438,-0.001246,-0.001153,-0.000985,-0.000605,-0.000399,-0.000380,-0.000359,-0.000273,-0.000105,0.000217,0.000638,0.000751,0.000521,0.000228,-0.000103,-0.000470,-0.000551,-0.000344,-0.000354,-0.000547,-0.000399,-0.000063,0.000023,-0.000085,-0.000138,-0.000128,-0.000325,-0.000378,-0.000212,-0.000197,-0.000339,-0.000673,-0.000916,-0.000423,0.000668,0.001074,0.000268,-0.000309,0.000205,0.000815,0.000724,0.000509,0.000727,0.000821,0.000422,-0.000083,-0.000207,-0.000052,0.000101,0.000147,0.000073,-0.000009,-0.000210,-0.000346,-0.000358,-0.000207,0.000043,0.000183,0.000588,0.001380,0.001904,0.001497,-0.000001,-0.001362,-0.001573,-0.001087,-0.000572,-0.000135,-0.000064,-0.000225,-0.000187,-0.000081,-0.000022,0.000088,0.000136,0.000109,-0.000010,-0.000090,-0.000018,0.000069,0.000019,0.000024,0.000163,0.000238,0.000206,0.000127,0.000164,0.000247,0.000296,0.000341,0.000255,0.000002,-0.000095,-0.000045,-0.000019,0.000008,0.000051,0.000030,0.000116,0.000302,0.000253,0.000141,0.000181,0.000161,0.000060,0.000060,-0.000039,-0.000304,-0.000275,-0.000007,0.000168,0.000145,0.000172,0.018436,0.007914,0.006774,0.007767,0.005293,0.000329,-0.003242,-0.002888,0.000397,0.003463,0.003908,0.002586,0.001481,0.000707,0.000134,0.000007,0.000072,0.000434,0.000867,0.001032,0.000866,0.000150,-0.000514,-0.000452,-0.000064,0.000411,0.000617,0.000242,-0.000355,-0.000678,-0.000505,-0.000112,-0.000055,-0.000170,-0.000136,-0.000078,-0.000138,-0.000374,-0.001041,-0.001664,-0.001487,-0.000856,-0.000553,-0.000404,0.000094,0.000456,0.000242,-0.000206,-0.000440,-0.000518,-0.000442,-0.000260,-0.000109,-0.000143,-0.000227,-0.000167,0.000050,0.000337,0.000724,0.000784,0.000720,0.001321,0.002198,0.002282,0.001497,0.000729,0.000450,0.000343,-0.000059,-0.000335,-0.000234,-0.000113,-0.000155,-0.000393,-0.000550,-0.000485,-0.000260,0.000064,0.000319,0.000382,0.000208,0.000030,-0.000021,0.000090,0.000201,-0.000016,-0.000643,-0.001276,-0.001315,-0.001043,-0.000802,-0.000360,-0.000027,0.000029,0.000188,0.000274,0.000183,-0.000045,-0.000213,-0.000232,-0.000299,-0.000277,-0.000187,-0.000146,-0.000207,-0.000326,-0.000158,-0.000019,0.000004,0.000037,-0.000033,-0.000054,0.000067,0.000233,0.000338,0.000310,0.000199,0.000096,0.000087,0.000011,0.000021,0.000045,-0.000076,-0.000016,0.000110,0.000183,0.000151,-0.000019,-0.000099,-0.000223,-0.000377,-0.000360,-0.000253,-0.000117,0.000075,0.000270,0.000345,0.000276,
0.002675,-0.000249,-0.006704,-0.007196,-0.004414,-0.003101,-0.003172,-0.002736,-0.002088,-0.001180,-0.000295,0.000065,0.000251,0.000088,-0.000394,-0.000539,-0.000289,0.000125,0.000545,0.000517,0.000030,-0.000635,-0.001242,-0.001478,-0.001426,-0.001186,-0.001017,-0.000862,-0.000520,-0.000324,-0.000320,-0.000303,-0.000222,0.000066,0.000425,0.000652,0.000633,0.000420,0.000119,-0.000156,-0.000392,-0.000411,-0.000220,-0.000235,-0.000403,-0.000217,0.000192,0.000348,0.000177,-0.000098,-0.000251,-0.000368,-0.000395,-0.000261,-0.000202,-0.000306,-0.000671,-0.000945,-0.000373,0.000773,0.001257,0.000594,0.000039,0.000436,0.000773,0.000453,0.000216,0.000414,0.000462,0.000128,-0.000245,-0.000268,-0.000189,-0.000221,-0.000232,-0.000188,-0.000201,-0.000363,-0.000544,-0.000547,-0.000287,0.000105,0.000370,0.000681,0.001309,0.001938,0.001592,0.000036,-0.001292,-0.001684,-0.001472,-0.000909,-0.000246,-0.000077,-0.000314,-0.000271,-0.000157,-0.000124,-0.000064,-0.000085,-0.000059,-0.000006,-0.000039,-0.000111,-0.000007,0.000096,0.000051,0.000028,0.000021,-0.000006,0.000061,0.000128,0.000091,0.000132,0.000152,0.000115,0.000021,-0.000101,-0.000078,-0.000098,-0.000081,0.000104,0.000226,0.000225,0.000243,0.000227,0.000130,0.000035,-0.000035,-0.000008,0.000111,0.000019,-0.000109,-0.000062,0.000032,0.000096,0.000128,0.000199,0.018230,0.007813,0.007002,0.008236,0.005597,0.000451,-0.003009,-0.002607,0.000456,0.003409,0.003879,0.002730,0.001676,0.000695,0.000120,0.000073,0.000194,0.000482,0.000847,0.001062,0.000911,0.000239,-0.000444,-0.000430,0.000023,0.000447,0.000606,0.000279,-0.000234,-0.000505,-0.000487,-0.000234,-0.000042,-0.000059,0.000013,0.000111,-0.000024,-0.000435,-0.001103,-0.001707,-0.001574,-0.000928,-0.000579,-0.000301,0.000238,0.000584,0.000410,-0.000083,-0.000455,-0.000473,-0.000396,-0.000235,-0.000067,-0.000026,-0.000049,-0.000070,-0.000011,0.000352,0.000889,0.000833,0.000714,0.001314,0.001803,0.001425,0.000707,0.000287,0.000205,0.000182,-0.000072,-0.000370,-0.000417,-0.000322,-0.000338,-0.000484,-0.000603,-0.000534,-0.000237,0.000113,0.000344,0.000322,-0.000006,-0.000279,-0.000221,0.000051,0.000220,-0.000119,-0.000809,-0.001454,-0.001461,-0.001030,-0.000769,-0.000357,-0.000094,-0.000090,0.000112,0.000312,0.000185,-0.000089,-0.000251,-0.000245,-0.000180,-0.000146,-0.000167,-0.000174,-0.000225,-0.000204,-0.000067,0.000009,0.000040,-0.000009,-0.000033,-0.000036,0.000002,0.000069,0.000072,0.000039,0.000079,0.000104,-0.000037,-0.000079,0.000041,-0.000018,-0.000155,-0.000117,0.000003,0.000032,-0.000055,-0.000047,-0.000021,-0.000084,-0.000221,-0.000276,-0.000182,0.000037,0.000180,0.000266,0.000311,0.000147,
0.002764,-0.000031,-0.006430,-0.007173,-0.004622,-0.003344,-0.003372,-0.002810,-0.002195,-0.001404,-0.000486,-0.000153,0.000080,0.000079,-0.000319,-0.000499,-0.000257,0.000147,0.000449,0.000464,0.000107,-0.000549,-0.001244,-0.001597,-0.001559,-0.001313,-0.001109,-0.000824,-0.000387,-0.000180,-0.000326,-0.000477,-0.000448,-0.000194,0.000261,0.000582,0.000593,0.000405,0.000027,-0.000236,-0.000352,-0.000344,-0.000303,-0.000369,-0.000435,-0.000278,-0.000009,0.000094,0.000058,-0.000054,-0.000224,-0.000372,-0.000311,-0.000235,-0.000254,-0.000373,-0.000665,-0.000868,-0.000413,0.000699,0.001115,0.000274,-0.000351,0.000190,0.000808,0.000533,0.000103,0.000188,0.000296,0.000083,-0.000096,-0.000004,0.000065,-0.000019,-0.000047,0.000029,-0.000011,-0.000213,-0.000328,-0.000268,0.000039,0.000241,0.000286,0.000654,0.001387,0.001968,0.001556,-0.000031,-0.001394,-0.001521,-0.001158,-0.000758,-0.000300,-0.000192,-0.000321,-0.000257,-0.000118,-0.000041,0.000138,0.000246,0.000079,-0.000099,-0.000037,-0.000018,0.000021,0.000047,0.000076,0.000164,0.000131,0.000049,0.000090,0.000166,0.000295,0.000393,0.000299,0.000130,0.000043,-0.000073,-0.000160,-0.000085,0.000016,0.000090,0.000060,0.000052,0.000146,0.000213,0.000214,0.000163,0.000125,0.000138,0.000087,-0.000016,-0.000134,-0.000170,0.000021,0.000134,0.000126,0.000233,0.017999,0.007446,0.006593,0.007988,0.005510,0.000429,-0.003196,-0.002977,0.000266,0.003475,0.004008,0.002739,0.001655,0.000731,0.000231,0.000113,0.000048,0.000297,0.000719,0.001039,0.000843,0.000013,-0.000656,-0.000509,-0.000078,0.000325,0.000667,0.000450,-0.000247,-0.000813,-0.000832,-0.000486,-0.000298,-0.000331,-0.000247,-0.000045,-0.000099,-0.000546,-0.001274,-0.001828,-0.001710,-0.001083,-0.000583,-0.000336,0.000095,0.000374,0.000185,-0.000131,-0.000364,-0.000546,-0.000484,-0.000294,-0.000210,-0.000128,-0.000137,-0.000169,-0.000029,0.000435,0.000907,0.000937,0.000968,0.001586,0.002229,0.001903,0.000947,0.000312,0.000174,0.000133,-0.000172,-0.000346,-0.000264,-0.000290,-0.000507,-0.000681,-0.000590,-0.000416,-0.000210,0.000095,0.000270,0.000178,-0.000001,-0.000079,-0.000081,-0.000002,0.000170,-0.000005,-0.000661,-0.001316,-0.001444,-0.001165,-0.000778,-0.000344,-0.000143,-0.000210,-0.000042,0.000186,0.000157,-0.000039,-0.000155,-0.000240,-0.000268,-0.000315,-0.000344,-0.000203,-0.000110,-0.000157,-0.000085,0.000041,0.000090,0.000067,0.000068,0.000103,0.000117,0.000225,0.000205,0.000129,0.000204,0.000271,0.000198,0.000180,0.000117,0.000031,-0.000026,-0.000077,0.000001,0.000033,0.000018,0.000064,-0.000030,-0.000168,-0.000208,-0.000209,-0.000228,-0.000175,0.000061,0.000277,0.000318,0.000248,
0.003346,0.000534,-0.006164,-0.007061,-0.004472,-0.003284,-0.003393,-0.002981,-0.002346,-0.001364,-0.000454,-0.000138,0.000117,0.000065,-0.000378,-0.000442,-0.000202,0.000057,0.000357,0.000374,0.000043,-0.000553,-0.001236,-0.001537,-0.001431,-0.001238,-0.001162,-0.000896,-0.000370,-0.000082,-0.000177,-0.000392,-0.000340,-0.000092,0.000305,0.000618,0.000613,0.000380,0.000006,-0.000243,-0.000314,-0.000376,-0.000379,-0.000395,-0.000414,-0.000140,0.000169,0.000110,0.000031,0.000016,-0.000106,-0.000315,-0.000381,-0.000186,-0.000018,-0.000195,-0.000775,-0.001067,-0.000434,0.000703,0.001140,0.000359,-0.000364,0.000094,0.000842,0.000832,0.000520,0.000496,0.000464,0.000114,-0.000173,-0.000165,-0.000182,-0.000161,-0.000171,-0.000170,-0.000085,-0.000133,-0.000251,-0.000200,-0.000043,0.000075,0.000169,0.000522,0.001199,0.001770,0.001494,0.000006,-0.001476,-0.001836,-0.001392,-0.000717,-0.000142,-0.000029,-0.000247,-0.000244,-0.000207,-0.000213,-0.000159,-0.000094,0.000006,-0.000084,-0.000141,-0.000035,-0.000006,-0.000011,0.000070,0.000145,0.000163,0.000079,0.000076,0.000117,0.000092,0.000085,0.000078,0.000090,0.000018,-0.000142,-0.000198,-0.000064,0.000124,0.000132,0.000121,0.000200,0.000308,0.000250,0.000168,0.000187,0.000128,0.000137,0.000141,-0.000005,-0.000205,-0.000174,0.000036,0.000246,0.000333,0.000363,0.017756,0.007278,0.006654,0.008055,0.005564,0.000597,-0.002917,-0.002788,0.000324,0.003474,0.003993,0.002762,0.001621,0.000656,0.000111,0.000084,0.000149,0.000410,0.000885,0.001105,0.000816,0.000099,-0.000499,-0.000467,-0.000079,0.000346,0.000494,0.000278,-0.000140,-0.000592,-0.000636,-0.000264,-0.000074,-0.000154,-0.000109,-0.000063,-0.000170,-0.000560,-0.001211,-0.001806,-0.001654,-0.000969,-0.000579,-0.000324,0.000103,0.000363,0.000153,-0.000323,-0.000521,-0.000573,-0.000485,-0.000257,-0.000082,0.000051,-0.000007,-0.000133,0.000006,0.000359,0.000737,0.000563,0.000296,0.000920,0.001633,0.001416,0.000637,-0.000025,-0.000233,-0.000138,-0.000204,-0.000416,-0.000435,-0.000257,-0.000227,-0.000301,-0.000321,-0.000325,-0.000151,0.000060,0.000180,0.000114,-0.000164,-0.000292,-0.000134,0.000127,0.000226,-0.000203,-0.000940,-0.001440,-0.001377,-0.001074,-0.000890,-0.000489,-0.000172,-0.000186,-0.000003,0.000201,0.000139,0.000007,-0.000066,-0.000171,-0.000267,-0.000255,-0.000227,-0.000200,-0.000222,-0.000148,0.000046,0.000069,0.000037,0.000025,0.000038,0.000065,0.000057,0.000143,0.000232,0.000298,0.000272,0.000192,0.000178,0.000152,0.000058,-0.000105,-0.000153,-0.000077,0.000079,0.000099,0.000003,-0.000069,-0.000136,-0.000164,-0.000221,-0.000334,-0.000373,-0.000229,0.000041,0.000287,0.000314,0.000289,
0.003446,0.000677,-0.006081,-0.007128,-0.004680,-0.003389,-0.003454,-0.002923,-0.002272,-0.001334,-0.000346,-0.000015,0.000136,-0.000008,-0.000351,-0.000461,-0.000259,0.000124,0.000540,0.000521,0.000066,-0.000633,-0.001315,-0.001604,-0.001427,-0.001206,-0.001096,-0.000908,-0.000586,-0.000233,-0.000189,-0.000259,-0.000197,-0.000048,0.000307,0.000688,0.000650,0.000362,0.000089,-0.000161,-0.000322,-0.000196,-0.000129,-0.000205,-0.000277,-0.000230,-0.000061,-0.000018,-0.000135,-0.000248,-0.000331,-0.000367,-0.000398,-0.000367,-0.000229,-0.000229,-0.000619,-0.000893,-0.000336,0.000803,0.001208,0.000468,0.000003,0.000301,0.000336,-0.000036,-0.000001,0.000560,0.000725,0.000314,-0.000074,-0.000266,-0.000204,-0.000041,-0.000076,-0.000109,-0.000082,-0.000260,-0.000458,-0.000361,-0.000085,0.000130,0.000327,0.000623,0.001264,0.001935,0.001479,-0.000152,-0.001505,-0.001636,-0.001182,-0.000647,-0.000160,-0.000105,-0.000347,-0.000413,-0.000240,-0.000025,0.000085,0.000142,0.000207,0.000128,-0.000063,-0.000057,0.000032,0.000079,0.000174,0.000205,0.000166,0.000090,0.000033,0.000072,0.000122,0.000135,0.000176,0.000144,-0.000067,-0.000135,-0.000058,-0.000003,-0.000074,-0.000003,0.000115,0.000208,0.000284,0.000319,0.000184,0.000055,0.000070,0.000192,0.000223,0.000097,0.000017,0.000066,0.000097,0.000097,0.000190,0.000308,0.017653,0.007025,0.006331,0.007895,0.005476,0.000346,-0.003203,-0.002897,0.000315,0.003395,0.003774,0.002561,0.001639,0.000791,0.000276,0.000158,0.000050,0.000314,0.000815,0.001150,0.000990,0.000233,-0.000468,-0.000462,0.000028,0.000500,0.000537,0.000158,-0.000326,-0.000629,-0.000566,-0.000322,-0.000153,-0.000211,-0.000161,0.000025,-0.000084,-0.000519,-0.001183,-0.001748,-0.001621,-0.000925,-0.000550,-0.000406,0.000022,0.000335,0.000181,-0.000172,-0.000340,-0.000386,-0.000391,-0.000181,0.000102,0.000001,-0.000226,-0.000226,-0.000046,0.000337,0.000720,0.000777,0.000886,0.001535,0.002010,0.001644,0.000821,0.000236,0.000051,-0.000032,-0.000251,-0.000469,-0.000380,-0.000192,-0.000245,-0.000376,-0.000414,-0.000356,-0.000138,0.000108,0.000260,0.000280,0.000033,-0.000105,0.000035,0.000273,0.000340,0.000061,-0.000643,-0.001383,-0.001620,-0.001284,-0.000818,-0.000380,-0.000068,0.000038,0.000117,0.000182,0.000015,-0.000169,-0.000233,-0.000208,-0.000170,-0.000130,-0.000078,-0.000089,-0.000137,-0.000142,-0.000004,0.000125,0.000101,0.000029,-0.000017,0.000082,0.000196,0.000227,0.000236,0.000260,0.000277,0.000291,0.000192,0.000118,0.000033,-0.000182,-0.000267,-0.000140,0.000016,0.000031,0.000044,0.000085,-0.000009,-0.000190,-0.000301,-0.000263,-0.000164,-0.000126,-0.000007,0.000191,0.000229,0.000139,
0.003815,0.000806,-0.006142,-0.007085,-0.004538,-0.003295,-0.003429,-0.003024,-0.002333,-0.001282,-0.000321,-0.000033,0.000181,0.000032,-0.000499,-0.000584,-0.000235,0.000119,0.000426,0.000359,-0.000073,-0.000679,-0.001341,-0.001674,-0.001482,-0.001206,-0.001242,-0.001122,-0.000824,-0.000583,-0.000418,-0.000284,-0.000039,0.000342,0.000535,0.000535,0.000476,0.000264,0.000016,-0.000235,-0.000414,-0.000461,-0.000357,-0.000299,-0.000234,0.000012,0.000203,0.000194,0.000026,-0.000171,-0.000281,-0.000348,-0.000379,-0.000328,-0.000235,-0.000370,-0.000663,-0.000831,-0.000293,0.000719,0.000971,0.000205,-0.000147,0.000536,0.001049,0.000790,0.000436,0.000555,0.000684,0.000273,-0.000275,-0.000459,-0.000329,-0.000202,-0.000160,-0.000060,0.000003,-0.000165,-0.000347,-0.000265,-0.000049,0.000136,0.000336,0.000715,0.001348,0.001879,0.001483,0.000071,-0.001282,-0.001655,-0.001396,-0.000879,-0.000273,-0.000039,-0.000190,-0.000117,0.000004,-0.000153,-0.000112,0.000074,0.000134,0.000027,-0.000021,-0.000028,0.000020,0.000077,0.000061,0.000152,0.000246,0.000165,0.000057,0.000030,0.000152,0.000228,0.000215,0.000205,0.000121,-0.000056,-0.000089,0.000050,0.000041,-0.000039,0.000056,0.000242,0.000278,0.000213,0.000201,0.000192,0.000114,0.000069,0.000140,0.000137,-0.000022,-0.000031,0.000130,0.000181,0.000142,0.000245,0.017598,0.006985,0.006449,0.008038,0.005564,0.000571,-0.002956,-0.002795,0.000327,0.003428,0.003926,0.002653,0.001561,0.000651,0.000096,-0.000021,-0.000036,0.000253,0.000785,0.001093,0.000868,0.000205,-0.000425,-0.000371,0.000082,0.000468,0.000618,0.000304,-0.000215,-0.000546,-0.000502,-0.000117,0.000040,-0.000139,-0.000168,-0.000009,0.000002,-0.000463,-0.001221,-0.001768,-0.001640,-0.000968,-0.000576,-0.000346,0.000140,0.000468,0.000236,-0.000166,-0.000363,-0.000383,-0.000323,-0.000245,-0.000127,-0.000023,-0.000004,-0.000057,0.000074,0.000465,0.000846,0.000777,0.000694,0.001326,0.002015,0.001653,0.000558,-0.000060,-0.000009,0.000012,-0.000352,-0.000637,-0.000519,-0.000274,-0.000176,-0.000272,-0.000356,-0.000304,-0.000066,0.000264,0.000397,0.000320,0.000039,-0.000165,-0.000058,0.000218,0.000314,-0.000023,-0.000736,-0.001324,-0.001296,-0.001080,-0.000882,-0.000326,0.000086,0.000049,0.000152,0.000322,0.000237,0.000016,-0.000188,-0.000365,-0.000411,-0.000360,-0.000364,-0.000300,-0.000229,-0.000156,-0.000039,0.000009,-0.000067,-0.000078,-0.000066,-0.000060,0.000104,0.000229,0.000142,0.000076,0.000136,0.000261,0.000309,0.000194,-0.000002,-0.000108,-0.000207,-0.000181,-0.000041,-0.000024,0.000014,0.000109,0.000052,-0.000200,-0.000298,-0.000302,-0.000440,-0.000281,0.000033,0.000201,0.000163,0.000138,
0.003712,0.001122,-0.005852,-0.007051,-0.004591,-0.003389,-0.003410,-0.002990,-0.002427,-0.001382,-0.000407,-0.000210,-0.000105,-0.000166,-0.000517,-0.000486,-0.000207,0.000045,0.000283,0.000259,-0.000049,-0.000629,-0.001312,-0.001640,-0.001509,-0.001270,-0.001217,-0.001110,-0.000758,-0.000408,-0.000257,-0.000110,0.000091,0.000223,0.000275,0.000354,0.000357,0.000137,-0.000097,-0.000304,-0.000471,-0.000421,-0.000347,-0.000376,-0.000362,-0.000150,0.000128,0.000187,0.000046,-0.000180,-0.000333,-0.000400,-0.000435,-0.000371,-0.000194,-0.000201,-0.000620,-0.000948,-0.000399,0.000734,0.001094,0.000375,-0.000077,0.000430,0.000973,0.000863,0.000689,0.000837,0.000783,0.000293,-0.000107,-0.000166,-0.000219,-0.000088,-0.000015,-0.000121,-0.000097,-0.000199,-0.000446,-0.000387,-0.000072,0.000153,0.000354,0.000748,0.001364,0.002040,0.001625,0.000041,-0.001254,-0.001475,-0.001249,-0.000902,-0.000262,0.000052,-0.000114,-0.000207,-0.000090,0.000066,0.000057,0.000015,0.000124,0.000057,-0.000058,-0.000033,0.000065,0.000203,0.000171,0.000098,0.000233,0.000282,0.000146,0.000026,0.000051,0.000137,0.000153,0.000164,0.000090,-0.000040,-0.000010,0.000011,0.000056,0.000161,0.000178,0.000185,0.000232,0.000261,0.000178,0.000115,0.000059,0.000070,0.000129,0.000093,-0.000055,-0.000095,0.000051,0.000227,0.000279,0.000235,0.017468,0.006781,0.006146,0.007848,0.005546,0.000542,-0.003205,-0.003089,0.000071,0.003232,0.003817,0.002675,0.001644,0.000841,0.000266,0.000048,0.000113,0.000401,0.000833,0.001105,0.000930,0.000177,-0.000520,-0.000421,0.000029,0.000425,0.000518,0.000252,-0.000217,-0.000638,-0.000517,-0.000007,0.000163,-0.000073,-0.000169,-0.000084,-0.000051,-0.000304,-0.000998,-0.001715,-0.001632,-0.000992,-0.000586,-0.000391,0.000062,0.000361,0.000120,-0.000209,-0.000380,-0.000486,-0.000455,-0.000226,-0.000007,0.000037,-0.000035,-0.000059,0.000101,0.000502,0.000913,0.000902,0.000858,0.001510,0.002280,0.002093,0.001157,0.000553,0.000486,0.000342,-0.000073,-0.000384,-0.000388,-0.000246,-0.000216,-0.000429,-0.000589,-0.000568,-0.000338,0.000050,0.000309,0.000374,0.000118,-0.000086,-0.000017,0.000072,0.000170,-0.000034,-0.000742,-0.001521,-0.001644,-0.001321,-0.000961,-0.000434,0.000011,0.000095,0.000115,0.000170,0.000072,-0.000003,-0.000046,-0.000164,-0.000277,-0.000293,-0.000238,-0.000212,-0.000196,-0.000147,-0.000100,0.000002,0.000002,-0.000115,-0.000068,-0.000004,0.000004,0.000081,0.000201,0.000172,0.000100,0.000074,0.000058,0.000099,0.000117,0.000019,-0.000078,-0.000074,0.000002,0.000112,0.000188,0.000153,0.000108,-0.000020,-0.000229,-0.000337,-0.000320,-0.000205,-0.000009,0.000164,0.000244,0.000211,
0.004156,0.001499,-0.005876,-0.007331,-0.004773,-0.003509,-0.003575,-0.002908,-0.002252,-0.001428,-0.000463,-0.000051,0.000231,0.000137,-0.000373,-0.000584,-0.000412,-0.000046,0.000325,0.000433,0.000005,-0.000619,-0.001217,-0.001648,-0.001543,-0.001245,-0.001193,-0.001151,-0.000803,-0.000387,-0.000269,-0.000261,-0.000192,-0.000018,0.000309,0.000642,0.000728,0.000526,0.000231,-0.000038,-0.000311,-0.000412,-0.000356,-0.000379,-0.000377,-0.000119,0.000209,0.000235,0.000156,0.000052,-0.000167,-0.000376,-0.000427,-0.000259,-0.000148,-0.000267,-0.000570,-0.000788,-0.000341,0.000698,0.001142,0.000383,-0.000295,0.000068,0.000492,0.000285,0.000102,0.000312,0.000385,0.000085,-0.000248,-0.000269,-0.000201,-0.000241,-0.000251,-0.000223,-0.000098,-0.000124,-0.000258,-0.000214,-0.000072,0.000111,0.000334,0.000710,0.001416,0.002094,0.001720,0.000151,-0.001191,-0.001572,-0.001389,-0.000922,-0.000363,-0.000094,-0.000182,-0.000181,-0.000069,-0.000029,-0.000085,-0.000027,0.000137,0.000129,0.000044,0.000004,0.000091,0.000133,0.000100,0.000073,0.000085,0.000125,0.000128,0.000223,0.000254,0.000137,0.000037,-0.000004,0.000043,0.000017,0.000032,0.000029,-0.000016,0.000017,0.000049,0.000130,0.000263,0.000352,0.000285,0.000149,0.000182,0.000266,0.000250,0.000133,0.000048,0.000025,0.000007,0.000105,0.000133,0.000127,0.017306,0.006635,0.005948,0.007584,0.005388,0.000461,-0.003134,-0.003000,0.000187,0.003487,0.004087,0.002732,0.001506,0.000612,0.000138,-0.000018,0.000007,0.000450,0.000905,0.001042,0.000872,0.000284,-0.000405,-0.000488,-0.000074,0.000351,0.000560,0.000337,-0.000156,-0.000578,-0.000609,-0.000335,-0.000148,-0.000123,-0.000099,-0.000136,-0.000269,-0.000601,-0.001225,-0.001778,-0.001667,-0.000983,-0.000534,-0.000306,0.000186,0.000503,0.000315,-0.000135,-0.000447,-0.000582,-0.000512,-0.000210,-0.000007,0.000036,-0.000048,-0.000108,0.000018,0.000322,0.000739,0.000779,0.000745,0.001232,0.001802,0.001571,0.000854,0.000387,0.000271,0.000246,-0.000089,-0.000358,-0.000235,-0.000070,-0.000205,-0.000508,-0.000767,-0.000705,-0.000258,0.000200,0.000421,0.000285,-0.000012,-0.000036,0.000010,0.000166,0.000307,-0.000101,-0.000876,-0.001436,-0.001430,-0.001115,-0.000745,-0.000263,0.000050,0.000071,0.000173,0.000300,0.000200,0.000011,-0.000127,-0.000207,-0.000228,-0.000289,-0.000258,-0.000147,-0.000159,-0.000156,-0.000019,0.000147,0.000153,0.000029,0.000046,0.000082,0.000164,0.000264,0.000265,0.000188,0.000173,0.000237,0.000319,0.000241,0.000031,-0.000170,-0.000215,-0.000079,0.000071,0.000102,0.000140,0.000154,0.000116,0.000007,-0.000156,-0.000285,-0.000245,-0.000061,0.000109,0.000259,0.000352,0.000270,
0.004773,0.001956,-0.005430,-0.006886,-0.004608,-0.003577,-0.003724,-0.003211,-0.002452,-0.001354,-0.000313,-0.000045,0.000175,0.000090,-0.000458,-0.000623,-0.000368,0.000070,0.000536,0.000492,-0.000015,-0.000654,-0.001382,-0.001718,-0.001461,-0.001187,-0.001125,-0.000983,-0.000622,-0.000246,-0.000175,-0.000253,-0.000153,-0.000084,0.000162,0.000536,0.000632,0.000347,-0.000129,-0.000435,-0.000527,-0.000511,-0.000359,-0.000335,-0.000359,-0.000126,0.000093,0.000112,-0.000010,-0.000138,-0.000158,-0.000255,-0.000387,-0.000287,-0.000106,-0.000276,-0.000733,-0.000935,-0.000435,0.000648,0.001184,0.000469,-0.000044,0.000452,0.000885,0.000640,0.000397,0.000503,0.000497,0.000166,-0.000215,-0.000252,-0.000163,-0.000112,-0.000097,-0.000110,-0.000121,-0.000263,-0.000472,-0.000400,-0.000084,0.000193,0.000401,0.000756,0.001300,0.001868,0.001488,-0.000087,-0.001401,-0.001642,-0.001206,-0.000679,-0.000283,-0.000124,-0.000200,-0.000177,-0.000095,-0.000115,-0.000075,-0.000013,0.000057,0.000063,-0.000067,-0.000081,0.000034,0.000102,0.000072,0.000032,-0.000004,0.000012,-0.000005,0.000063,0.000173,0.000150,0.000066,0.000135,0.000144,-0.000040,-0.000105,-0.000032,0.000076,0.000133,0.000099,0.000153,0.000240,0.000209,0.000096,0.000056,0.000074,0.000040,0.000165,0.000160,-0.000091,-0.000144,0.000017,0.000169,0.000255,0.000248,0.017062,0.006547,0.006174,0.007995,0.005630,0.000487,-0.003261,-0.003052,0.000151,0.003315,0.003903,0.002740,0.001658,0.000751,0.000286,0.000124,0.000045,0.000361,0.000816,0.001082,0.000981,0.000227,-0.000483,-0.000340,0.000136,0.000476,0.000585,0.000387,-0.000076,-0.000514,-0.000573,-0.000352,-0.000222,-0.000242,-0.000280,-0.000169,-0.000118,-0.000441,-0.001172,-0.001786,-0.001647,-0.000928,-0.000480,-0.000265,0.000151,0.000400,0.000143,-0.000299,-0.000475,-0.000520,-0.000433,-0.000185,0.000005,-0.000063,-0.000150,-0.000030,0.000067,0.000299,0.000709,0.000711,0.000733,0.001502,0.002190,0.001814,0.000813,0.000181,0.000172,0.000258,0.000026,-0.000236,-0.000237,-0.000171,-0.000347,-0.000582,-0.000630,-0.000541,-0.000312,0.000047,0.000338,0.000313,0.000110,-0.000012,0.000020,0.000146,0.000185,-0.000081,-0.000785,-0.001463,-0.001477,-0.001103,-0.000841,-0.000403,-0.000081,-0.000060,0.000052,0.000144,0.000085,-0.000076,-0.000169,-0.000176,-0.000182,-0.000169,-0.000073,-0.000022,-0.000129,-0.000180,-0.000025,0.000105,-0.000010,-0.000112,-0.000088,-0.000068,0.000006,0.000130,0.000253,0.000258,0.000191,0.000082,0.000041,0.000122,0.000099,0.000029,-0.000080,-0.000086,0.000067,0.000121,0.000045,0.000044,0.000005,-0.000186,-0.000363,-0.000400,-0.000369,-0.000245,0.000011,0.000199,0.000281,0.000275,
0.005625,0.002601,-0.004993,-0.006629,-0.004451,-0.003525,-0.003745,-0.003229,-0.002467,-0.001366,-0.000289,0.000074,0.000221,0.000016,-0.000493,-0.000606,-0.000328,0.000057,0.000429,0.000477,0.000074,-0.000611,-0.001320,-0.001656,-0.001452,-0.001171,-0.001163,-0.001006,-0.000564,-0.000257,-0.000226,-0.000202,-0.000140,-0.000038,0.000298,0.000582,0.000497,0.000301,0.000054,-0.000298,-0.000525,-0.000445,-0.000368,-0.000433,-0.000454,-0.000217,0.000116,0.000167,-0.000016,-0.000161,-0.000191,-0.000249,-0.000287,-0.000255,-0.000158,-0.000328,-0.000725,-0.000836,-0.000223,0.000854,0.001089,0.000136,-0.000430,0.000175,0.000820,0.000523,-0.000016,0.000232,0.000541,0.000244,-0.000160,-0.000197,-0.000136,-0.000141,-0.000184,-0.000102,0.000028,-0.000081,-0.000224,-0.000125,0.000022,0.000092,0.000267,0.000720,0.001380,0.001905,0.001516,-0.000005,-0.001338,-0.001643,-0.001326,-0.000752,-0.000172,-0.000036,-0.000216,-0.000222,-0.000146,-0.000120,-0.000021,0.000056,0.000081,-0.000006,-0.000138,-0.000092,0.000126,0.000229,0.000128,0.000055,-0.000003,-0.000069,0.000072,0.000255,0.000303,0.000194,0.000083,-0.000099,-0.000272,-0.000166,-0.000082,-0.000085,0.000010,0.000089,0.000080,0.000142,0.000215,0.000224,0.000125,0.000008,0.000022,0.000169,0.000243,0.000112,-0.000042,-0.000172,-0.000134,0.000132,0.000253,0.000195,0.016886,0.006265,0.005925,0.007749,0.005372,0.000383,-0.003067,-0.002795,0.000310,0.003414,0.003999,0.002870,0.001699,0.000764,0.000210,0.000046,0.000009,0.000264,0.000703,0.000997,0.000899,0.000223,-0.000434,-0.000409,0.000057,0.000508,0.000665,0.000346,-0.000176,-0.000575,-0.000561,-0.000278,-0.000074,-0.000025,-0.000031,0.000056,0.000008,-0.000444,-0.001232,-0.001873,-0.001799,-0.001142,-0.000711,-0.000456,0.000047,0.000381,0.000229,-0.000191,-0.000457,-0.000451,-0.000295,-0.000168,-0.000053,-0.000011,-0.000059,-0.000070,0.000039,0.000445,0.000812,0.000594,0.000504,0.001095,0.001805,0.001654,0.000690,-0.000053,-0.000109,0.000098,-0.000113,-0.000447,-0.000424,-0.000210,-0.000203,-0.000317,-0.000356,-0.000238,-0.000036,0.000197,0.000374,0.000330,0.000109,-0.000146,-0.000149,0.000131,0.000224,-0.000138,-0.000777,-0.001293,-0.001266,-0.000972,-0.000690,-0.000225,0.000088,0.000088,0.000243,0.000375,0.000240,0.000016,-0.000130,-0.000239,-0.000282,-0.000231,-0.000140,-0.000100,-0.000083,-0.000098,0.000005,0.000070,-0.000086,-0.000254,-0.000257,-0.000174,0.000076,0.000251,0.000253,0.000240,0.000198,0.000193,0.000229,0.000125,0.000037,0.000032,0.000006,-0.000101,0.000004,0.000156,0.000054,-0.000033,-0.000094,-0.000186,-0.000290,-0.000248,-0.000230,-0.000169,0.000055,0.000194,0.000311,0.000340,
0.006068,0.003011,-0.004836,-0.006751,-0.004636,-0.003706,-0.004021,-0.003445,-0.002529,-0.001342,-0.000349,-0.000035,0.000020,-0.000089,-0.000478,-0.000632,-0.000390,-0.000062,0.000394,0.000437,-0.000010,-0.000674,-0.001391,-0.001653,-0.001440,-0.001226,-0.001111,-0.000848,-0.000443,-0.000250,-0.000275,-0.000318,-0.000269,-0.000152,0.000139,0.000597,0.000728,0.000505,0.000085,-0.000266,-0.000441,-0.000448,-0.000299,-0.000221,-0.000233,-0.000065,0.000201,0.000150,-0.000021,-0.000075,-0.000162,-0.000206,-0.000256,-0.000200,-0.000167,-0.000426,-0.000755,-0.000866,-0.000296,0.000851,0.001356,0.000638,0.000066,0.000426,0.000714,0.000488,0.000396,0.000644,0.000695,0.000233,-0.000335,-0.000492,-0.000352,-0.000291,-0.000170,-0.000058,-0.000142,-0.000230,-0.000293,-0.000281,-0.000036,0.000217,0.000369,0.000733,0.001293,0.001828,0.001442,-0.000182,-0.001631,-0.001787,-0.001322,-0.000776,-0.000297,-0.000177,-0.000308,-0.000357,-0.000306,-0.000168,-0.000061,0.000055,0.000163,0.000037,-0.000097,-0.000073,-0.000018,0.000009,0.000012,0.000084,0.000103,0.000070,0.000091,0.000113,0.000169,0.000231,0.000205,0.000064,-0.000102,-0.000092,-0.000103,-0.000058,0.000068,0.000124,0.000019,0.000027,0.000175,0.000233,0.000218,0.000242,0.000158,0.000072,0.000060,0.000019,-0.000051,-0.000130,-0.000051,0.000115,0.000181,0.000283,0.016767,0.006193,0.005922,0.007886,0.005632,0.000561,-0.003050,-0.002798,0.000312,0.003378,0.003969,0.002782,0.001642,0.000732,0.000311,0.000109,-0.000031,0.000405,0.000942,0.001188,0.000900,0.000062,-0.000701,-0.000638,-0.000009,0.000502,0.000685,0.000410,-0.000142,-0.000515,-0.000479,-0.000276,-0.000138,-0.000042,0.000043,0.000066,-0.000113,-0.000631,-0.001316,-0.001828,-0.001599,-0.000961,-0.000564,-0.000340,0.000066,0.000396,0.000238,-0.000183,-0.000454,-0.000482,-0.000439,-0.000192,-0.000074,-0.000057,-0.000012,-0.000117,-0.000078,0.000343,0.000783,0.000761,0.000764,0.001378,0.001839,0.001464,0.000843,0.000551,0.000354,0.000118,-0.000202,-0.000471,-0.000456,-0.000238,-0.000135,-0.000253,-0.000349,-0.000314,-0.000230,0.000014,0.000255,0.000316,0.000144,-0.000034,-0.000003,0.000123,0.000234,-0.000055,-0.000781,-0.001371,-0.001362,-0.001060,-0.000846,-0.000451,-0.000078,-0.000049,0.000141,0.000330,0.000153,-0.000150,-0.000238,-0.000221,-0.000318,-0.000226,-0.000094,-0.000133,-0.000218,-0.000223,-0.000085,0.000014,-0.000006,-0.000042,-0.000111,-0.000052,-0.000013,0.000033,0.000135,0.000196,0.000227,0.000236,0.000197,0.000138,0.000222,0.000159,-0.000067,-0.000114,-0.000121,-0.000054,0.000071,0.000033,-0.000054,-0.000128,-0.000207,-0.000243,-0.000195,-0.000097,0.000008,0.000175,0.000293,0.000311,
0.006574,0.003345,-0.004743,-0.006681,-0.004523,-0.003641,-0.003885,-0.003357,-0.002607,-0.001522,-0.000443,0.000000,0.000136,-0.000066,-0.000490,-0.000560,-0.000409,-0.000102,0.000382,0.000378,-0.000050,-0.000696,-0.001371,-0.001613,-0.001451,-0.001207,-0.001236,-0.001207,-0.000831,-0.000465,-0.000301,-0.000244,-0.000105,0.000139,0.000369,0.000577,0.000615,0.000306,-0.000080,-0.000357,-0.000466,-0.000403,-0.000215,-0.000194,-0.000305,-0.000176,0.000044,0.000028,-0.000043,-0.000167,-0.000245,-0.000214,-0.000277,-0.000242,-0.000087,-0.000209,-0.000590,-0.000849,-0.000342,0.000709,0.001000,0.000157,-0.000380,0.000083,0.000549,0.000311,0.000125,0.000486,0.000632,0.000264,-0.000233,-0.000455,-0.000402,-0.000287,-0.000155,-0.000071,-0.000032,-0.000135,-0.000379,-0.000387,-0.000125,0.000163,0.000353,0.000705,0.001404,0.001943,0.001590,0.000146,-0.001255,-0.001618,-0.001290,-0.000852,-0.000309,-0.000071,-0.000329,-0.000358,-0.000122,-0.000022,0.000038,0.000064,0.000019,0.000026,0.000009,-0.000083,0.000011,0.000187,0.000231,0.000182,0.000181,0.000178,0.000156,0.000126,0.000154,0.000166,0.000071,0.000036,0.000070,0.000053,-0.000033,-0.000057,-0.000017,-0.000018,0.000009,0.000103,0.000252,0.000329,0.000149,0.000039,0.000068,0.000014,0.000055,0.000135,0.000004,-0.000150,-0.000039,0.000105,0.000120,0.000248,0.016601,0.005940,0.005780,0.007855,0.005565,0.000547,-0.003022,-0.002818,0.000227,0.003370,0.004068,0.002825,0.001558,0.000697,0.000241,0.000029,0.000037,0.000405,0.000977,0.001218,0.000948,0.000281,-0.000372,-0.000338,0.000108,0.000463,0.000604,0.000316,-0.000253,-0.000615,-0.000512,-0.000120,-0.000005,-0.000134,-0.000059,0.000099,0.000042,-0.000490,-0.001257,-0.001802,-0.001727,-0.001069,-0.000529,-0.000224,0.000204,0.000497,0.000245,-0.000287,-0.000527,-0.000504,-0.000345,-0.000088,0.000073,0.000145,0.000049,-0.000059,0.000036,0.000354,0.000777,0.000781,0.000733,0.001423,0.002093,0.001647,0.000477,-0.000057,0.000072,0.000075,-0.000188,-0.000407,-0.000449,-0.000299,-0.000148,-0.000331,-0.000481,-0.000428,-0.000227,0.000153,0.000421,0.000377,0.000063,-0.000083,-0.000062,0.000144,0.000352,-0.000001,-0.000876,-0.001529,-0.001528,-0.001283,-0.000928,-0.000333,0.000023,0.000031,0.000114,0.000191,0.000108,-0.000073,-0.000222,-0.000294,-0.000298,-0.000320,-0.000243,-0.000105,-0.000075,-0.000077,-0.000059,-0.000015,0.000039,0.000038,-0.000014,-0.000035,0.000020,0.000159,0.000278,0.000355,0.000313,0.000240,0.000125,-0.000029,-0.000054,-0.000050,-0.000040,-0.000082,-0.000060,0.000083,0.000127,0.000053,0.000070,0.000024,-0.000117,-0.000173,-0.000245,-0.000136,0.000101,0.000194,0.000271,0.000229,
0.006452,0.003600,-0.004711,-0.006904,-0.004744,-0.003675,-0.003917,-0.003506,-0.002761,-0.001653,-0.000509,-0.000045,0.000145,-0.000027,-0.000463,-0.000638,-0.000457,-0.000096,0.000319,0.000315,-0.000173,-0.000796,-0.001391,-0.001705,-0.001506,-0.001300,-0.001312,-0.001113,-0.000714,-0.000416,-0.000276,-0.000138,0.000185,0.000427,0.000382,0.000369,0.000361,0.000159,-0.000012,-0.000234,-0.000447,-0.000372,-0.000234,-0.000331,-0.000311,-0.000083,0.000105,0.000127,-0.000005,-0.000140,-0.000270,-0.000418,-0.000396,-0.000258,-0.000174,-0.000299,-0.000675,-0.000911,-0.000369,0.000697,0.001080,0.000319,-0.000157,0.000501,0.001090,0.000959,0.000663,0.000668,0.000641,0.000311,-0.000104,-0.000319,-0.000232,-0.000092,0.000035,0.000089,0.000043,-0.000167,-0.000442,-0.000452,-0.000246,0.000031,0.000301,0.000727,0.001406,0.002052,0.001700,0.000062,-0.001425,-0.001725,-0.001372,-0.000937,-0.000432,-0.000183,-0.000233,-0.000237,-0.000112,-0.000047,0.000004,-0.000017,-0.000062,0.000007,0.000021,-0.000039,0.000013,0.000076,0.000009,-0.000073,-0.000024,0.000072,0.000089,0.000084,0.000082,0.000050,-0.000016,0.000025,0.000044,-0.000052,-0.000100,-0.000120,-0.000092,0.000046,0.000156,0.000155,0.000125,0.000081,0.000008,0.000029,0.000089,0.000159,0.000214,0.000149,0.000012,-0.000025,0.000142,0.000157,0.000080,0.000241,0.016618,0.005832,0.005610,0.007763,0.005451,0.000331,-0.003296,-0.003092,0.000087,0.003315,0.003998,0.002860,0.001733,0.000858,0.000257,-0.000011,-0.000005,0.000361,0.000808,0.000917,0.000762,0.000176,-0.000463,-0.000445,-0.000002,0.000467,0.000661,0.000365,-0.000120,-0.000418,-0.000279,0.000205,0.000419,0.000126,-0.000117,-0.000041,-0.000015,-0.000351,-0.000959,-0.001571,-0.001612,-0.001004,-0.000495,-0.000291,0.000137,0.000462,0.000230,-0.000266,-0.000493,-0.000541,-0.000443,-0.000239,-0.000051,0.000075,0.000046,-0.000045,-0.000019,0.000337,0.000809,0.000829,0.000713,0.001308,0.002099,0.001949,0.001027,0.000358,0.000293,0.000200,-0.000213,-0.000484,-0.000453,-0.000320,-0.000266,-0.000468,-0.000613,-0.000546,-0.000301,0.000095,0.000304,0.000210,0.000001,-0.000074,0.000015,0.000145,0.000284,-0.000054,-0.000812,-0.001428,-0.001544,-0.001322,-0.001004,-0.000447,-0.000033,-0.000039,0.000013,0.000096,0.000059,-0.000078,-0.000226,-0.000313,-0.000286,-0.000212,-0.000089,-0.000081,-0.000118,-0.000123,-0.000038,0.000061,0.000079,0.000099,0.000010,-0.000031,0.000091,0.000219,0.000191,0.000160,0.000123,0.000089,0.000062,0.000052,0.000056,-0.000054,-0.000011,0.000058,0.000106,0.000127,0.000014,-0.000038,-0.000060,-0.000043,-0.000110,-0.000228,-0.000228,-0.000203,0.000004,0.000209,0.000202,0.000173,
0.007626,0.004432,-0.004224,-0.006572,-0.004441,-0.003480,-0.004013,-0.003640,-0.002757,-0.001558,-0.000353,0.000057,0.000322,0.000192,-0.000366,-0.000526,-0.000373,-0.000071,0.000351,0.000372,-0.000093,-0.000796,-0.001403,-0.001576,-0.001473,-0.001382,-0.001330,-0.001068,-0.000602,-0.000297,-0.000285,-0.000326,-0.000197,-0.000018,0.000245,0.000497,0.000593,0.000486,0.000200,-0.000125,-0.000359,-0.000473,-0.000413,-0.000432,-0.000436,-0.000182,0.000062,0.000106,0.000044,-0.000098,-0.000223,-0.000290,-0.000317,-0.000301,-0.000276,-0.000345,-0.000649,-0.000859,-0.000372,0.000686,0.001162,0.000421,-0.000303,0.000196,0.000785,0.000621,0.000394,0.000460,0.000484,0.000137,-0.000263,-0.000324,-0.000148,-0.000002,0.000020,0.000047,0.000043,-0.000079,-0.000224,-0.000278,-0.000084,0.000103,0.000263,0.000647,0.001294,0.001892,0.001537,0.000046,-0.001273,-0.001493,-0.001200,-0.000828,-0.000323,-0.000120,-0.000235,-0.000230,-0.000111,-0.000155,-0.000186,0.000001,0.000083,0.000080,0.000015,-0.000055,0.000016,0.000081,0.000157,0.000205,0.000144,0.000067,0.000096,0.000088,0.000095,0.000192,0.000280,0.000291,0.000122,-0.000084,-0.000125,-0.000070,0.000011,0.000113,0.000113,0.000162,0.000249,0.000245,0.000203,0.000108,0.000066,0.000073,0.000100,0.000114,0.000044,-0.000077,-0.000006,0.000165,0.000178,0.000160,0.016446,0.005512,0.005436,0.007742,0.005478,0.000475,-0.003048,-0.002951,0.000085,0.003282,0.003966,0.002732,0.001644,0.000816,0.000235,0.000025,-0.000060,0.000145,0.000704,0.001060,0.000802,0.000046,-0.000571,-0.000460,0.000055,0.000561,0.000759,0.000412,-0.000195,-0.000647,-0.000596,-0.000253,-0.000070,-0.000078,-0.000054,0.000025,0.000022,-0.000346,-0.001049,-0.001652,-0.001483,-0.000820,-0.000538,-0.000361,0.000117,0.000481,0.000333,-0.000087,-0.000280,-0.000395,-0.000441,-0.000277,-0.000172,-0.000176,-0.000181,-0.000201,-0.000091,0.000307,0.000780,0.000701,0.000654,0.001406,0.002208,0.002159,0.001364,0.000592,0.000196,0.000091,-0.000103,-0.000226,-0.000088,-0.000071,-0.000153,-0.000343,-0.000521,-0.000380,-0.000068,0.000168,0.000235,0.000137,-0.000106,-0.000252,-0.000089,0.000177,0.000175,-0.000157,-0.000835,-0.001462,-0.001427,-0.001184,-0.000931,-0.000395,-0.000009,0.000021,0.000124,0.000194,0.000087,-0.000110,-0.000254,-0.000287,-0.000306,-0.000324,-0.000222,-0.000164,-0.000111,-0.000052,-0.000026,-0.000084,-0.000079,-0.000059,-0.000000,0.000070,0.000159,0.000271,0.000306,0.000188,0.000184,0.000275,0.000239,0.000143,0.000095,0.000043,-0.000070,-0.000055,0.000025,0.000052,0.000098,0.000063,0.000005,0.000014,-0.000109,-0.000201,-0.000112,-0.000038,0.000038,0.000187,0.000225,0.000172,
0.007794,0.004640,-0.004078,-0.006380,-0.004350,-0.003616,-0.004050,-0.003600,-0.002803,-0.001578,-0.000301,0.000089,0.000154,-0.000050,-0.000545,-0.000677,-0.000477,-0.000155,0.000219,0.000310,0.000016,-0.000680,-0.001442,-0.001836,-0.001657,-0.001304,-0.001211,-0.001003,-0.000546,-0.000189,-0.000209,-0.000283,-0.000127,0.000062,0.000230,0.000434,0.000513,0.000396,0.000205,-0.000071,-0.000314,-0.000356,-0.000367,-0.000441,-0.000501,-0.000298,0.000078,0.000120,-0.000122,-0.000199,-0.000313,-0.000536,-0.000618,-0.000455,-0.000240,-0.000249,-0.000648,-0.000940,-0.000416,0.000737,0.001162,0.000459,0.000094,0.000602,0.000931,0.000589,0.000240,0.000357,0.000443,0.000157,-0.000218,-0.000357,-0.000309,-0.000265,-0.000230,-0.000143,-0.000107,-0.000307,-0.000429,-0.000368,-0.000205,-0.000001,0.000186,0.000693,0.001478,0.002051,0.001580,-0.000009,-0.001367,-0.001625,-0.001368,-0.000875,-0.000326,-0.000115,-0.000225,-0.000326,-0.000264,-0.000128,-0.000005,0.000076,0.000050,-0.000069,-0.000193,-0.000142,0.000002,0.000084,0.000173,0.000163,0.000110,0.000146,0.000133,0.000011,0.000119,0.000203,0.000123,0.000020,-0.000112,-0.000145,-0.000076,-0.000031,-0.000131,-0.000110,0.000041,0.000120,0.000172,0.000206,0.000104,-0.000018,0.000095,0.000209,0.000149,-0.000016,-0.000087,-0.000068,0.000041,0.000108,0.000187,0.000281,0.016170,0.005291,0.005332,0.007831,0.005640,0.000534,-0.002987,-0.002806,0.000201,0.003260,0.003945,0.002855,0.001723,0.000781,0.000237,0.000014,-0.000109,0.000283,0.000839,0.001033,0.000759,0.000091,-0.000468,-0.000305,0.000221,0.000576,0.000686,0.000484,0.000008,-0.000497,-0.000586,-0.000301,-0.000197,-0.000226,-0.000009,0.000143,0.000046,-0.000465,-0.001289,-0.001805,-0.001547,-0.000892,-0.000556,-0.000373,0.000058,0.000382,0.000132,-0.000268,-0.000394,-0.000413,-0.000322,-0.000116,0.000012,0.000003,-0.000092,-0.000029,0.000084,0.000479,0.000923,0.000814,0.000841,0.001504,0.001998,0.001496,0.000625,0.000222,0.000101,0.000095,-0.000045,-0.000270,-0.000255,-0.000279,-0.000467,-0.000642,-0.000629,-0.000459,-0.000127,0.000286,0.000557,0.000507,0.000227,0.000013,-0.000024,0.000175,0.000234,-0.000193,-0.000895,-0.001473,-0.001451,-0.001044,-0.000750,-0.000300,0.000078,0.000049,0.000051,0.000196,0.000135,-0.000115,-0.000245,-0.000263,-0.000213,-0.000192,-0.000260,-0.000230,-0.000132,-0.000174,-0.000135,-0.000015,0.000036,0.000125,0.000182,0.000075,0.000028,0.000171,0.000203,0.000103,0.000103,0.000174,0.000271,0.000223,0.000111,-0.000019,-0.000198,-0.000161,0.000001,0.000023,0.000083,0.000143,0.000098,0.000001,-0.000086,-0.000222,-0.000291,-0.000184,0.000018,0.000220,0.000312,0.000250,
0.008382,0.005128,-0.003688,-0.006261,-0.004302,-0.003545,-0.004136,-0.003736,-0.002794,-0.001551,-0.000351,0.000068,0.000239,0.000103,-0.000426,-0.000683,-0.000514,-0.000118,0.000298,0.000369,0.000028,-0.000619,-0.001328,-0.001644,-0.001470,-0.001183,-0.001125,-0.000936,-0.000401,-0.000060,-0.000119,-0.000232,-0.000166,0.000025,0.000284,0.000583,0.000628,0.000427,0.000103,-0.000316,-0.000564,-0.000480,-0.000361,-0.000411,-0.000441,-0.000159,0.000122,0.000138,0.000054,0.000009,-0.000191,-0.000444,-0.000388,-0.000223,-0.000113,-0.000187,-0.000545,-0.000714,-0.000278,0.000611,0.000937,0.000101,-0.000451,0.000242,0.000861,0.000473,0.000073,0.000275,0.000352,-0.000046,-0.000404,-0.000350,-0.000166,-0.000102,-0.000192,-0.000182,-0.000062,-0.000186,-0.000355,-0.000236,0.000022,0.000205,0.000393,0.000792,0.001496,0.002082,0.001688,0.000125,-0.001297,-0.001590,-0.001306,-0.000810,-0.000210,-0.000069,-0.000300,-0.000312,-0.000083,0.000024,0.000048,0.000110,0.000116,0.000022,-0.000103,0.000018,0.000124,0.000074,0.000004,0.000063,0.000191,0.000191,0.000205,0.000206,0.000183,0.000157,0.000131,0.000053,-0.000087,-0.000098,-0.000040,-0.000018,0.000073,0.000085,0.000026,0.000030,0.000112,0.000169,0.000115,0.000049,0.000023,0.000091,0.000151,0.000149,0.000023,-0.000096,0.000049,0.000189,0.000257,0.000310,0.015963,0.005149,0.005341,0.007808,0.005519,0.000430,-0.003044,-0.002869,0.000221,0.003487,0.004116,0.002916,0.001779,0.000770,0.000292,0.000211,0.000090,0.000353,0.000777,0.000966,0.000770,0.000166,-0.000401,-0.000388,0.000051,0.000521,0.000710,0.000323,-0.000338,-0.000819,-0.000885,-0.000476,-0.000232,-0.000213,-0.000094,0.000026,-0.000006,-0.000516,-0.001201,-0.001579,-0.001482,-0.000981,-0.000552,-0.000280,0.000142,0.000473,0.000286,-0.000092,-0.000372,-0.000479,-0.000393,-0.000243,-0.000032,0.000103,-0.000076,-0.000270,-0.000154,0.000287,0.000881,0.000914,0.000752,0.001455,0.002303,0.002010,0.000929,0.000163,-0.000016,0.000083,-0.000090,-0.000371,-0.000416,-0.000305,-0.000283,-0.000374,-0.000369,-0.000201,-0.000032,0.000168,0.000264,0.000181,0.000010,-0.000121,-0.000015,0.000135,0.000208,-0.000020,-0.000674,-0.001312,-0.001411,-0.001176,-0.000822,-0.000256,0.000123,0.000111,0.000179,0.000260,0.000111,-0.000015,-0.000106,-0.000186,-0.000215,-0.000262,-0.000277,-0.000278,-0.000216,-0.000145,-0.000019,0.000108,0.000111,0.000070,-0.000004,-0.000024,0.000094,0.000171,0.000160,0.000158,0.000178,0.000190,0.000137,0.000032,0.000038,-0.000031,-0.000139,-0.000122,0.000009,0.000112,0.000075,-0.000051,-0.000132,-0.000036,0.000016,-0.000185,-0.000279,-0.000156,0.000014,0.000156,0.000223,0.000272,
0.008990,0.005777,-0.003461,-0.006168,-0.004293,-0.003565,-0.004056,-0.003734,-0.002905,-0.001607,-0.000415,0.000077,0.000251,0.000017,-0.000521,-0.000790,-0.000609,-0.000167,0.000347,0.000418,-0.000013,-0.000712,-0.001416,-0.001734,-0.001545,-0.001298,-0.001176,-0.000894,-0.000520,-0.000213,-0.000189,-0.000276,-0.000251,-0.000182,0.000136,0.000481,0.000565,0.000401,0.000139,-0.000147,-0.000449,-0.000513,-0.000323,-0.000309,-0.000307,-0.000109,0.000081,0.000129,0.000135,-0.000013,-0.000132,-0.000251,-0.000386,-0.000362,-0.000191,-0.000168,-0.000620,-0.000936,-0.000372,0.000722,0.001187,0.000506,-0.000275,0.000114,0.000858,0.000824,0.000597,0.000617,0.000526,0.000099,-0.000312,-0.000300,-0.000121,-0.000165,-0.000196,-0.000060,-0.000012,-0.000216,-0.000348,-0.000260,-0.000111,0.000050,0.000265,0.000653,0.001287,0.001880,0.001554,-0.000019,-0.001523,-0.001860,-0.001398,-0.000765,-0.000208,-0.000044,-0.000254,-0.000306,-0.000204,-0.000130,-0.000113,0.000013,0.000011,-0.000076,-0.000019,0.000036,0.000123,0.000159,0.000104,0.000154,0.000151,0.000150,0.000184,0.000175,0.000217,0.000342,0.000349,0.000168,-0.000025,-0.000120,-0.000111,0.000043,0.000204,0.000169,0.000074,-0.000031,0.000094,0.000248,0.000160,0.000094,0.000117,0.000178,0.000184,0.000102,-0.000016,-0.000027,0.000064,0.000127,0.000168,0.000217,0.016016,0.005142,0.005293,0.007840,0.005542,0.000322,-0.003230,-0.002980,0.000104,0.003265,0.004044,0.002931,0.001733,0.000820,0.000311,0.000075,0.000019,0.000378,0.000851,0.001060,0.000906,0.000282,-0.000462,-0.000530,0.000018,0.000549,0.000763,0.000503,-0.000092,-0.000596,-0.000631,-0.000342,-0.000053,-0.000008,-0.000013,0.000058,-0.000023,-0.000533,-0.001276,-0.001729,-0.001627,-0.001141,-0.000710,-0.000355,0.000131,0.000515,0.000390,-0.000112,-0.000427,-0.000528,-0.000464,-0.000241,-0.000043,0.000025,-0.000034,-0.000082,0.000053,0.000421,0.000770,0.000718,0.000659,0.001051,0.001482,0.001369,0.000699,0.000001,-0.000357,-0.000311,-0.000283,-0.000499,-0.000552,-0.000349,-0.000218,-0.000342,-0.000444,-0.000321,-0.000129,0.000086,0.000229,0.000153,-0.000017,-0.000126,-0.000088,0.000107,0.000221,-0.000041,-0.000784,-0.001509,-0.001519,-0.001109,-0.000778,-0.000324,-0.000064,-0.000107,-0.000020,0.000129,0.000102,-0.000086,-0.000245,-0.000255,-0.000257,-0.000241,-0.000213,-0.000161,-0.000102,-0.000117,-0.000079,0.000073,0.000115,0.000062,0.000020,0.000077,0.000105,0.000172,0.000271,0.000323,0.000410,0.000360,0.000191,0.000080,0.000118,0.000081,0.000009,0.000022,0.000100,0.000113,0.000070,0.000144,0.000125,-0.000086,-0.000233,-0.000247,-0.000179,-0.000189,-0.000046,0.000252,0.000308,0.000249,
0.009069,0.006134,-0.003241,-0.006284,-0.004422,-0.003514,-0.004010,-0.003802,-0.003056,-0.001759,-0.000387,0.000154,0.000225,-0.000048,-0.000611,-0.000786,-0.000571,-0.000199,0.000209,0.000274,-0.000041,-0.000716,-0.001428,-0.001754,-0.001651,-0.001382,-0.001279,-0.001161,-0.000712,-0.000261,-0.000249,-0.000379,-0.000326,-0.000099,0.000343,0.000727,0.000687,0.000353,-0.000012,-0.000187,-0.000303,-0.000297,-0.000234,-0.000253,-0.000236,-0.000163,0.000000,0.000026,-0.000076,-0.000163,-0.000169,-0.000146,-0.000176,-0.000216,-0.000129,-0.000153,-0.000548,-0.000831,-0.000399,0.000616,0.001024,0.000366,-0.000123,0.000262,0.000520,0.000144,0.000072,0.000592,0.000847,0.000410,-0.000177,-0.000390,-0.000294,-0.000104,-0.000074,-0.000112,-0.000231,-0.000328,-0.000402,-0.000373,-0.000152,0.000063,0.000230,0.000629,0.001482,0.002179,0.001676,-0.000072,-0.001558,-0.001784,-0.001265,-0.000732,-0.000193,-0.000061,-0.000326,-0.000318,-0.000160,-0.000080,0.000021,0.000073,0.000087,0.000071,-0.000019,0.000034,0.000169,0.000181,0.000176,0.000089,0.000008,-0.000054,0.000015,0.000151,0.000218,0.000149,0.000159,0.000142,-0.000014,-0.000114,-0.000158,-0.000051,0.000094,0.000094,0.000072,0.000169,0.000268,0.000172,0.000083,0.000085,0.000155,0.000087,-0.000024,-0.000066,-0.000104,-0.000081,0.000019,0.000117,0.000183,0.000283,0.016189,0.005155,0.005075,0.007666,0.005435,0.000180,-0.003390,-0.003035,0.000090,0.003248,0.004057,0.002928,0.001667,0.000719,0.000230,-0.000039,-0.000016,0.000465,0.000931,0.001118,0.000812,0.000080,-0.000480,-0.000407,0.000067,0.000543,0.000693,0.000478,0.000014,-0.000421,-0.000453,-0.000220,-0.000152,-0.000166,-0.000051,0.000073,-0.000068,-0.000563,-0.001241,-0.001772,-0.001639,-0.001036,-0.000539,-0.000242,0.000116,0.000373,0.000215,-0.000185,-0.000430,-0.000437,-0.000290,-0.000092,-0.000071,-0.000055,-0.000130,-0.000196,-0.000016,0.000410,0.000859,0.000879,0.000939,0.001607,0.002206,0.001724,0.000575,0.000004,0.000121,0.000197,-0.000158,-0.000526,-0.000529,-0.000285,-0.000221,-0.000299,-0.000344,-0.000285,-0.000061,0.000126,0.000257,0.000303,0.000083,-0.000080,0.000082,0.000280,0.000365,0.000134,-0.000656,-0.001520,-0.001650,-0.001350,-0.001018,-0.000390,-0.000063,-0.000181,-0.000070,0.000116,0.000043,-0.000130,-0.000134,-0.000178,-0.000264,-0.000348,-0.000291,-0.000070,0.000045,-0.000004,-0.000014,0.000005,0.000131,0.000106,-0.000070,-0.000054,0.000120,0.000281,0.000248,0.000194,0.000260,0.000330,0.000251,0.000149,0.000076,-0.000030,-0.000060,-0.000031,0.000014,0.000146,0.000238,0.000180,0.000075,-0.000059,-0.000197,-0.000276,-0.000273,-0.000123,0.000003,0.000144,0.000309,0.000363,
0.009597,0.006650,-0.002992,-0.006306,-0.004401,-0.003442,-0.004073,-0.003783,-0.002902,-0.001745,-0.000565,0.000047,0.000310,0.000089,-0.000340,-0.000489,-0.000432,-0.000125,0.000254,0.000170,-0.000210,-0.000834,-0.001550,-0.001845,-0.001698,-0.001491,-0.001452,-0.001304,-0.000917,-0.000464,-0.000309,-0.000201,0.000099,0.000267,0.000387,0.000495,0.000411,0.000174,-0.000058,-0.000385,-0.000557,-0.000439,-0.000318,-0.000351,-0.000372,-0.000123,0.000141,0.000184,0.000043,-0.000114,-0.000227,-0.000344,-0.000335,-0.000226,-0.000239,-0.000423,-0.000844,-0.001084,-0.000461,0.000700,0.001131,0.000282,-0.000307,0.000324,0.001098,0.000968,0.000639,0.000695,0.000666,0.000217,-0.000311,-0.000454,-0.000253,-0.000059,-0.000009,0.000098,0.000099,-0.000162,-0.000289,-0.000263,-0.000077,0.000119,0.000300,0.000724,0.001335,0.001843,0.001474,-0.000022,-0.001277,-0.001460,-0.001138,-0.000682,-0.000211,-0.000107,-0.000193,-0.000146,-0.000054,-0.000075,-0.000057,0.000032,0.000015,-0.000035,-0.000039,0.000026,0.000129,0.000170,0.000172,0.000211,0.000170,0.000096,0.000143,0.000244,0.000223,0.000156,0.000146,0.000061,-0.000004,-0.000056,-0.000039,0.000068,0.000076,-0.000023,-0.000027,0.000106,0.000267,0.000265,0.000141,0.000099,0.000169,0.000159,0.000074,0.000045,-0.000075,-0.000107,-0.000021,0.000076,0.000170,0.000290,0.015973,0.005158,0.005093,0.007531,0.005176,-0.000078,-0.003581,-0.003270,-0.000072,0.003264,0.004144,0.003009,0.001738,0.000708,0.000211,0.000033,0.000002,0.000435,0.000947,0.001141,0.000859,0.000164,-0.000489,-0.000415,0.000082,0.000548,0.000738,0.000452,-0.000105,-0.000523,-0.000443,0.000028,0.000170,-0.000130,-0.000258,-0.000126,-0.000120,-0.000479,-0.001212,-0.001843,-0.001637,-0.000857,-0.000440,-0.000268,0.000080,0.000266,0.000056,-0.000194,-0.000387,-0.000486,-0.000402,-0.000263,-0.000076,0.000046,-0.000023,-0.000111,0.000055,0.000418,0.000850,0.000863,0.000738,0.001357,0.002073,0.001826,0.000856,0.000139,0.000055,0.000036,-0.000212,-0.000519,-0.000514,-0.000264,-0.000131,-0.000271,-0.000445,-0.000422,-0.000160,0.000085,0.000261,0.000318,0.000143,0.000028,0.000091,0.000202,0.000266,0.000018,-0.000706,-0.001415,-0.001545,-0.001318,-0.000945,-0.000309,0.000029,-0.000054,0.000110,0.000307,0.000102,-0.000079,-0.000121,-0.000252,-0.000282,-0.000244,-0.000175,-0.000087,-0.000078,-0.000076,-0.000057,0.000063,0.000116,0.000013,-0.000065,0.000003,0.000184,0.000292,0.000234,0.000167,0.000196,0.000291,0.000285,0.000180,0.000075,-0.000030,-0.000088,-0.000105,-0.000024,0.000117,0.000187,0.000124,0.000076,-0.000058,-0.000235,-0.000238,-0.000165,-0.000112,-0.000008,0.000161,0.000315,0.000252,
0.010017,0.006868,-0.002832,-0.006015,-0.004212,-0.003433,-0.003923,-0.003634,-0.002926,-0.001647,-0.000295,0.000251,0.000354,0.000040,-0.000524,-0.000614,-0.000423,-0.000158,0.000255,0.000350,-0.000035,-0.000799,-0.001562,-0.001830,-0.001635,-0.001407,-0.001356,-0.001139,-0.000690,-0.000323,-0.000086,0.000013,0.000059,0.000152,0.000312,0.000538,0.000547,0.000304,0.000011,-0.000290,-0.000475,-0.000374,-0.000171,-0.000210,-0.000266,-0.000086,0.000154,0.000175,-0.000066,-0.000330,-0.000450,-0.000377,-0.000333,-0.000419,-0.000407,-0.000423,-0.000700,-0.000866,-0.000347,0.000832,0.001327,0.000498,-0.000122,0.000482,0.001135,0.000939,0.000577,0.000659,0.000674,0.000177,-0.000311,-0.000365,-0.000225,-0.000023,0.000051,0.000052,-0.000069,-0.000272,-0.000390,-0.000362,-0.000111,0.000131,0.000251,0.000535,0.001182,0.001891,0.001439,-0.000172,-0.001366,-0.001566,-0.001230,-0.000759,-0.000298,-0.000068,-0.000106,-0.000130,-0.000086,-0.000026,-0.000070,-0.000020,0.000173,0.000191,0.000052,0.000038,-0.000022,-0.000085,-0.000076,0.000021,0.000112,0.000078,-0.000017,-0.000049,-0.000016,0.000024,0.000059,0.000031,-0.000040,-0.000148,-0.000188,-0.000047,0.000035,-0.000059,-0.000144,-0.000015,0.000135,0.000170,0.000181,0.000167,0.000138,0.000175,0.000192,0.000061,-0.000006,0.000000,0.000061,0.000187,0.000167,0.000187,0.015881,0.005018,0.005164,0.007704,0.005326,0.000086,-0.003423,-0.003055,0.000128,0.003337,0.004047,0.002915,0.001734,0.000729,0.000250,0.000136,0.000008,0.000304,0.000883,0.001182,0.000908,0.000129,-0.000554,-0.000489,0.000137,0.000632,0.000686,0.000430,-0.000129,-0.000640,-0.000545,-0.000042,0.000035,-0.000237,-0.000258,-0.000030,0.000099,-0.000246,-0.001036,-0.001685,-0.001558,-0.000926,-0.000479,-0.000171,0.000259,0.000521,0.000181,-0.000383,-0.000563,-0.000543,-0.000490,-0.000275,-0.000039,0.000038,-0.000006,-0.000105,-0.000004,0.000419,0.000865,0.000775,0.000637,0.001330,0.002240,0.002275,0.001316,0.000476,0.000360,0.000249,-0.000220,-0.000467,-0.000287,-0.000076,-0.000213,-0.000530,-0.000644,-0.000395,-0.000119,0.000150,0.000338,0.000305,0.000107,-0.000020,0.000102,0.000300,0.000411,0.000079,-0.000705,-0.001455,-0.001524,-0.001191,-0.000915,-0.000356,0.000100,0.000129,0.000184,0.000264,0.000102,-0.000140,-0.000250,-0.000293,-0.000320,-0.000332,-0.000344,-0.000255,-0.000177,-0.000178,-0.000151,-0.000129,-0.000138,-0.000110,0.000003,0.000053,0.000062,0.000137,0.000278,0.000342,0.000300,0.000195,0.000067,0.000009,0.000005,-0.000021,-0.000077,-0.000138,-0.000068,0.000007,0.000013,0.000024,0.000009,-0.000032,-0.000200,-0.000326,-0.000243,-0.000132,-0.000025,0.000180,0.000230,0.000154,
0.010093,0.006929,-0.002764,-0.005924,-0.004042,-0.003384,-0.004045,-0.003781,-0.002953,-0.001691,-0.000363,0.000239,0.000339,0.000039,-0.000488,-0.000673,-0.000466,-0.000133,0.000256,0.000285,-0.000167,-0.000805,-0.001466,-0.001737,-0.001460,-0.001158,-0.001137,-0.001093,-0.000737,-0.000426,-0.000333,-0.000285,-0.000246,-0.000058,0.000279,0.000592,0.000658,0.000412,0.000051,-0.000222,-0.000378,-0.000365,-0.000323,-0.000506,-0.000517,-0.000218,0.000118,0.000225,0.000069,-0.000074,-0.000161,-0.000340,-0.000330,-0.000273,-0.000282,-0.000305,-0.000607,-0.000820,-0.000282,0.000828,0.001253,0.000449,-0.000215,0.000157,0.000568,0.000327,0.000052,0.000265,0.000403,0.000070,-0.000285,-0.000274,-0.000127,-0.000079,-0.000122,-0.000145,-0.000151,-0.000271,-0.000386,-0.000258,-0.000102,0.000002,0.000299,0.000759,0.001386,0.001930,0.001605,0.000108,-0.001369,-0.001621,-0.001250,-0.000809,-0.000322,-0.000227,-0.000265,-0.000142,-0.000112,-0.000141,-0.000012,0.000068,0.000060,0.000052,0.000021,-0.000006,0.000009,-0.000001,-0.000002,0.000180,0.000245,0.000085,0.000032,0.000094,0.000138,0.000148,0.000124,0.000203,0.000206,0.000032,-0.000019,0.000059,0.000071,0.000000,0.000010,0.000176,0.000247,0.000160,0.000098,0.000117,0.000090,0.000080,0.000107,0.000069,-0.000024,-0.000074,-0.000045,0.000059,0.000141,0.000222,0.015822,0.004950,0.005002,0.007572,0.005255,-0.000001,-0.003389,-0.002935,0.000152,0.003209,0.003984,0.003006,0.001841,0.000753,0.000165,-0.000086,-0.000125,0.000370,0.000888,0.001109,0.000932,0.000241,-0.000318,-0.000340,0.000072,0.000654,0.000919,0.000544,-0.000089,-0.000496,-0.000427,-0.000103,-0.000125,-0.000345,-0.000249,-0.000079,-0.000138,-0.000492,-0.001219,-0.001789,-0.001674,-0.001113,-0.000681,-0.000353,0.000078,0.000338,0.000142,-0.000242,-0.000475,-0.000505,-0.000392,-0.000168,0.000074,0.000102,-0.000079,-0.000183,-0.000115,0.000307,0.000805,0.000759,0.000658,0.001206,0.001826,0.001558,0.000739,0.000203,0.000085,0.000084,-0.000155,-0.000426,-0.000378,-0.000245,-0.000330,-0.000549,-0.000557,-0.000402,-0.000097,0.000304,0.000384,0.000214,0.000078,0.000020,0.000031,0.000152,0.000202,-0.000233,-0.000894,-0.001469,-0.001549,-0.001206,-0.000929,-0.000438,0.000051,0.000068,0.000106,0.000232,0.000134,-0.000049,-0.000125,-0.000148,-0.000198,-0.000219,-0.000255,-0.000312,-0.000263,-0.000219,-0.000167,-0.000021,0.000045,0.000049,0.000093,0.000052,0.000074,0.000172,0.000222,0.000240,0.000326,0.000384,0.000308,0.000144,-0.000004,-0.000088,-0.000112,-0.000034,0.000084,0.000144,0.000146,0.000184,0.000108,-0.000049,-0.000111,-0.000185,-0.000241,-0.000128,0.000061,0.000171,0.000244,0.000222,
0.010363,0.007440,-0.002455,-0.005941,-0.004096,-0.003387,-0.004041,-0.003803,-0.003098,-0.001897,-0.000453,0.000213,0.000327,0.000056,-0.000491,-0.000644,-0.000390,-0.000056,0.000335,0.000494,0.000078,-0.000737,-0.001437,-0.001703,-0.001622,-0.001441,-0.001252,-0.000937,-0.000477,-0.000204,-0.000286,-0.000233,-0.000049,0.000103,0.000316,0.000495,0.000541,0.000391,0.000020,-0.000253,-0.000380,-0.000382,-0.000379,-0.000407,-0.000354,-0.000201,0.000089,0.000167,0.000028,-0.000006,-0.000018,-0.000216,-0.000242,-0.000112,-0.000111,-0.000279,-0.000648,-0.000888,-0.000320,0.000792,0.001062,0.000212,-0.000215,0.000436,0.001004,0.000668,0.000167,0.000307,0.000336,0.000027,-0.000124,-0.000079,0.000048,0.000087,-0.000083,-0.000188,-0.000194,-0.000315,-0.000405,-0.000274,0.000008,0.000258,0.000436,0.000772,0.001384,0.001944,0.001547,-0.000069,-0.001396,-0.001575,-0.001228,-0.000715,-0.000090,-0.000039,-0.000317,-0.000319,-0.000168,0.000019,0.000085,0.000076,0.000065,0.000014,0.000031,-0.000043,-0.000099,-0.000015,0.000077,0.000068,0.000023,0.000056,0.000122,0.000266,0.000309,0.000199,0.000125,0.000053,-0.000051,-0.000118,-0.000179,-0.000139,-0.000029,0.000038,0.000086,0.000079,0.000157,0.000215,0.000101,0.000008,0.000032,0.000031,-0.000061,-0.000072,-0.000026,-0.000039,-0.000039,0.000025,0.000111,0.000172,0.016134,0.005255,0.005142,0.007652,0.005267,-0.000212,-0.003642,-0.003121,0.000042,0.003189,0.003928,0.002914,0.001740,0.000725,0.000157,-0.000104,-0.000067,0.000302,0.000735,0.001031,0.000796,0.000040,-0.000563,-0.000426,0.000143,0.000604,0.000729,0.000453,-0.000090,-0.000451,-0.000564,-0.000519,-0.000454,-0.000439,-0.000302,-0.000094,-0.000046,-0.000360,-0.001037,-0.001687,-0.001714,-0.001098,-0.000640,-0.000461,-0.000019,0.000417,0.000304,-0.000100,-0.000279,-0.000409,-0.000426,-0.000237,-0.000032,-0.000081,-0.000223,-0.000123,0.000122,0.000454,0.000845,0.000892,0.000907,0.001608,0.002258,0.001794,0.000636,-0.000013,-0.000012,0.000126,-0.000007,-0.000224,-0.000205,-0.000139,-0.000180,-0.000372,-0.000509,-0.000400,-0.000141,0.000084,0.000208,0.000327,0.000253,0.000068,0.000073,0.000260,0.000376,-0.000078,-0.000919,-0.001512,-0.001534,-0.001220,-0.000834,-0.000326,0.000070,0.000117,0.000076,0.000105,-0.000006,-0.000156,-0.000142,-0.000218,-0.000281,-0.000208,-0.000151,-0.000186,-0.000209,-0.000089,0.000051,0.000054,0.000008,0.000058,0.000123,0.000144,0.000079,0.000081,0.000202,0.000247,0.000177,0.000212,0.000218,0.000115,0.000047,0.000002,-0.000066,-0.000030,0.000047,0.000133,0.000157,0.000075,-0.000030,-0.000141,-0.000181,-0.000111,-0.000081,-0.000067,0.000077,0.000295,0.000329,0.000314,
0.010642,0.007799,-0.002305,-0.005963,-0.004183,-0.003349,-0.003961,-0.003674,-0.002924,-0.001840,-0.000560,-0.000009,0.000106,-0.000065,-0.000478,-0.000641,-0.000494,-0.000176,0.000291,0.000317,-0.000141,-0.000820,-0.001547,-0.001870,-0.001765,-0.001529,-0.001411,-0.001114,-0.000498,-0.000110,-0.000162,-0.000237,-0.000106,0.000083,0.000338,0.000640,0.000676,0.000387,0.000015,-0.000243,-0.000413,-0.000456,-0.000401,-0.000489,-0.000570,-0.000214,0.000127,0.000242,0.000172,0.000016,-0.000128,-0.000395,-0.000493,-0.000360,-0.000212,-0.000338,-0.000686,-0.000852,-0.000328,0.000793,0.001198,0.000273,-0.000441,0.000194,0.000950,0.000776,0.000412,0.000510,0.000585,0.000164,-0.000252,-0.000327,-0.000203,-0.000135,-0.000154,-0.000063,0.000036,-0.000143,-0.000363,-0.000348,-0.000147,0.000060,0.000242,0.000568,0.001273,0.001962,0.001558,-0.000024,-0.001350,-0.001688,-0.001310,-0.000679,-0.000126,-0.000027,-0.000260,-0.000314,-0.000269,-0.000211,-0.000156,-0.000012,0.000182,0.000096,-0.000055,-0.000023,0.000030,0.000051,0.000127,0.000126,0.000099,0.000075,0.000128,0.000226,0.000247,0.000176,0.000097,0.000033,-0.000030,-0.000078,-0.000083,-0.000067,-0.000054,-0.000027,0.000078,0.000156,0.000202,0.000132,0.000028,-0.000039,-0.000047,0.000057,0.000214,0.000144,-0.000062,-0.000112,0.000027,0.000133,0.000194,0.000312,0.016403,0.005470,0.005192,0.007527,0.005109,-0.000322,-0.003791,-0.003229,0.000134,0.003407,0.004144,0.002947,0.001652,0.000702,0.000265,0.000148,0.000051,0.000264,0.000777,0.001052,0.000815,0.000113,-0.000386,-0.000265,0.000086,0.000467,0.000680,0.000434,-0.000124,-0.000584,-0.000637,-0.000312,-0.000121,-0.000068,0.000020,-0.000030,-0.000184,-0.000471,-0.001108,-0.001797,-0.001715,-0.001035,-0.000665,-0.000358,0.000137,0.000414,0.000281,-0.000172,-0.000497,-0.000587,-0.000519,-0.000262,-0.000030,0.000062,-0.000006,-0.000106,-0.000070,0.000237,0.000657,0.000674,0.000629,0.001179,0.001871,0.001576,0.000561,-0.000162,-0.000268,-0.000018,-0.000053,-0.000471,-0.000616,-0.000379,-0.000235,-0.000358,-0.000390,-0.000302,-0.000118,0.000125,0.000255,0.000179,-0.000071,-0.000148,0.000057,0.000277,0.000373,0.000001,-0.000844,-0.001492,-0.001436,-0.001052,-0.000726,-0.000244,-0.000031,-0.000211,-0.000048,0.000278,0.000229,0.000005,-0.000110,-0.000146,-0.000155,-0.000181,-0.000144,-0.000114,-0.000171,-0.000238,-0.000118,0.000016,-0.000034,-0.000087,-0.000011,0.000023,0.000049,0.000164,0.000191,0.000184,0.000229,0.000236,0.000211,0.000185,0.000161,0.000052,-0.000052,0.000017,0.000148,0.000190,0.000113,0.000070,0.000032,-0.000098,-0.000201,-0.000239,-0.000242,-0.000095,0.000136,0.000233,0.000253,0.000286,
0.010879,0.007877,-0.002247,-0.006004,-0.004235,-0.003270,-0.003869,-0.003718,-0.003078,-0.001927,-0.000543,0.000090,0.000308,0.000098,-0.000397,-0.000594,-0.000360,0.000025,0.000377,0.000377,-0.000024,-0.000648,-0.001420,-0.001826,-0.001676,-0.001394,-0.001300,-0.001140,-0.000687,-0.000288,-0.000175,-0.000210,-0.000145,0.000087,0.000366,0.000628,0.000654,0.000457,0.000144,-0.000188,-0.000371,-0.000312,-0.000230,-0.000311,-0.000297,-0.000101,-0.000003,-0.000004,-0.000066,-0.000200,-0.000295,-0.000289,-0.000266,-0.000222,-0.000158,-0.000309,-0.000664,-0.000880,-0.000271,0.000876,0.001293,0.000613,0.000066,0.000299,0.000475,0.000250,0.000242,0.000563,0.000586,0.000112,-0.000303,-0.000377,-0.000292,-0.000133,-0.000003,-0.000015,-0.000118,-0.000320,-0.000478,-0.000405,-0.000111,0.000225,0.000449,0.000720,0.001320,0.001951,0.001587,0.000040,-0.001291,-0.001573,-0.001230,-0.000731,-0.000268,-0.000129,-0.000357,-0.000380,-0.000185,-0.000016,0.000058,0.000074,-0.000002,-0.000016,-0.000021,-0.000046,0.000033,0.000103,0.000121,0.000197,0.000223,0.000144,0.000170,0.000215,0.000234,0.000192,0.000184,0.000150,-0.000030,-0.000040,0.000100,0.000182,0.000065,0.000009,0.000082,0.000151,0.000207,0.000224,0.000141,0.000020,0.000002,-0.000025,0.000007,0.000041,-0.000063,-0.000092,-0.000014,0.000030,0.000201,0.000363,0.016434,0.005553,0.005336,0.007631,0.005192,-0.000283,-0.003769,-0.003246,0.000077,0.003399,0.004138,0.002986,0.001857,0.000861,0.000192,-0.000094,-0.000147,0.000306,0.000868,0.001043,0.000807,0.000140,-0.000409,-0.000326,0.000183,0.000667,0.000763,0.000498,-0.000009,-0.000524,-0.000624,-0.000204,0.000003,-0.000057,0.000005,0.000081,0.000040,-0.000415,-0.001047,-0.001538,-0.001559,-0.001037,-0.000631,-0.000346,0.000053,0.000357,0.000247,-0.000095,-0.000284,-0.000353,-0.000361,-0.000154,0.000031,0.000064,-0.000032,-0.000198,-0.000017,0.000445,0.000781,0.000761,0.000925,0.001536,0.001899,0.001531,0.000784,0.000337,0.000112,0.000002,-0.000248,-0.000516,-0.000469,-0.000329,-0.000278,-0.000386,-0.000451,-0.000406,-0.000225,0.000161,0.000507,0.000476,0.000178,-0.000026,0.000035,0.000270,0.000415,0.000050,-0.000799,-0.001473,-0.001510,-0.001272,-0.000965,-0.000435,-0.000020,-0.000007,0.000040,0.000154,0.000052,-0.000152,-0.000281,-0.000278,-0.000274,-0.000356,-0.000336,-0.000226,-0.000184,-0.000079,0.000044,0.000004,-0.000026,-0.000023,0.000002,0.000082,0.000149,0.000257,0.000279,0.000209,0.000184,0.000154,0.000106,0.000032,0.000014,-0.000017,-0.000116,-0.000007,0.000103,-0.000005,-0.000005,0.000098,0.000044,-0.000085,-0.000169,-0.000240,-0.000250,-0.000155,0.000030,0.000151,0.000132,0.000060,
0.011198,0.008348,-0.001757,-0.005649,-0.004101,-0.003266,-0.003846,-0.003614,-0.002910,-0.001738,-0.000549,-0.000035,0.000233,0.000083,-0.000410,-0.000575,-0.000378,-0.000069,0.000299,0.000319,-0.000038,-0.000720,-0.001475,-0.001873,-0.001716,-0.001487,-0.001451,-0.001233,-0.000749,-0.000334,-0.000241,-0.000200,-0.000058,0.000091,0.000306,0.000532,0.000569,0.000403,0.000194,-0.000096,-0.000402,-0.000499,-0.000366,-0.000278,-0.000266,-0.000068,0.000196,0.000151,0.000050,0.000016,-0.000134,-0.000272,-0.000252,-0.000210,-0.000150,-0.000151,-0.000474,-0.000781,-0.000298,0.000735,0.001029,0.000163,-0.000432,0.000270,0.000976,0.000718,0.000419,0.000648,0.000693,0.000200,-0.000319,-0.000472,-0.000344,-0.000160,-0.000006,0.000172,0.000125,-0.000176,-0.000460,-0.000413,-0.000102,0.000139,0.000340,0.000723,0.001278,0.001842,0.001583,0.000176,-0.001238,-0.001599,-0.001266,-0.000758,-0.000231,-0.000036,-0.000147,-0.000049,0.000123,0.000086,0.000049,0.000108,0.000142,0.000070,-0.000024,0.000051,0.000119,0.000102,0.000089,0.000120,0.000150,0.000080,0.000161,0.000245,0.000216,0.000194,0.000156,0.000154,0.000100,-0.000100,-0.000213,-0.000097,-0.000003,0.000055,0.000088,0.000122,0.000187,0.000195,0.000127,-0.000007,0.000062,0.000171,0.000097,0.000056,-0.000024,-0.000172,-0.000138,0.000048,0.000081,0.000130,0.016548,0.005809,0.005555,0.007739,0.005157,-0.000315,-0.003759,-0.003230,0.000129,0.003442,0.004161,0.003029,0.001830,0.000828,0.000276,0.000027,-0.000018,0.000344,0.000922,0.001205,0.000902,0.000179,-0.000395,-0.000374,0.000106,0.000622,0.000720,0.000382,-0.000266,-0.000743,-0.000591,-0.000137,0.000042,-0.000077,-0.000124,-0.000006,0.000023,-0.000316,-0.001125,-0.001797,-0.001676,-0.001030,-0.000593,-0.000382,0.000040,0.000459,0.000359,-0.000186,-0.000442,-0.000454,-0.000351,-0.000206,-0.000100,0.000010,-0.000115,-0.000282,-0.000183,0.000317,0.000811,0.000791,0.000685,0.001249,0.001881,0.001537,0.000541,-0.000045,-0.000082,-0.000114,-0.000271,-0.000489,-0.000549,-0.000280,-0.000210,-0.000319,-0.000294,-0.000177,0.000025,0.000355,0.000452,0.000274,0.000048,-0.000092,-0.000051,0.000160,0.000284,-0.000026,-0.000706,-0.001349,-0.001459,-0.001099,-0.000777,-0.000384,-0.000032,0.000008,0.000086,0.000158,0.000074,-0.000041,-0.000026,-0.000102,-0.000263,-0.000241,-0.000231,-0.000259,-0.000160,-0.000071,-0.000019,0.000036,0.000107,0.000167,0.000133,0.000062,0.000076,0.000154,0.000264,0.000295,0.000340,0.000238,0.000065,0.000014,0.000068,0.000044,-0.000069,-0.000047,0.000097,0.000175,0.000236,0.000221,0.000086,-0.000126,-0.000288,-0.000186,-0.000040,0.000023,0.000105,0.000226,0.000255,0.000193,
0.011702,0.008771,-0.001435,-0.005390,-0.003880,-0.003166,-0.003847,-0.003595,-0.002792,-0.001651,-0.000430,0.000178,0.000293,-0.000018,-0.000485,-0.000584,-0.000444,-0.000131,0.000386,0.000484,0.000063,-0.000675,-0.001438,-0.001700,-0.001561,-0.001427,-0.001356,-0.001189,-0.000736,-0.000300,-0.000155,-0.000078,0.000157,0.000258,0.000305,0.000418,0.000458,0.000294,-0.000024,-0.000347,-0.000536,-0.000439,-0.000296,-0.000280,-0.000315,-0.000173,0.000062,0.000141,-0.000002,-0.000106,-0.000233,-0.000403,-0.000396,-0.000182,-0.000001,-0.000004,-0.000429,-0.000814,-0.000325,0.000735,0.001133,0.000369,-0.000147,0.000414,0.001004,0.000915,0.000654,0.000768,0.000762,0.000358,-0.000090,-0.000269,-0.000199,-0.000051,0.000046,0.000056,0.000065,0.000020,-0.000291,-0.000346,-0.000055,0.000167,0.000370,0.000753,0.001389,0.001948,0.001486,-0.000027,-0.001361,-0.001651,-0.001338,-0.000831,-0.000164,-0.000002,-0.000221,-0.000185,-0.000036,-0.000032,0.000070,0.000176,0.000072,0.000049,0.000069,0.000045,0.000071,0.000153,0.000228,0.000157,0.000028,0.000050,0.000153,0.000158,0.000185,0.000241,0.000246,0.000134,-0.000014,-0.000060,-0.000056,0.000015,0.000107,0.000097,0.000039,0.000052,0.000166,0.000192,0.000221,0.000237,0.000186,0.000131,-0.000019,-0.000125,-0.000101,-0.000099,-0.000004,0.000097,0.000174,0.000269,0.016772,0.005977,0.005617,0.007767,0.005191,-0.000326,-0.003777,-0.003216,0.000053,0.003272,0.004031,0.002888,0.001717,0.000829,0.000162,-0.000172,-0.000111,0.000374,0.000817,0.000958,0.000756,0.000090,-0.000576,-0.000454,0.000174,0.000630,0.000768,0.000398,-0.000209,-0.000521,-0.000241,0.000307,0.000470,0.000177,-0.000156,-0.000127,-0.000040,-0.000336,-0.001048,-0.001717,-0.001664,-0.000980,-0.000533,-0.000265,0.000132,0.000416,0.000207,-0.000186,-0.000469,-0.000491,-0.000262,-0.000124,-0.000093,-0.000057,-0.000185,-0.000335,-0.000177,0.000278,0.000769,0.000822,0.000776,0.001352,0.002008,0.001928,0.001203,0.000566,0.000373,0.000210,-0.000108,-0.000383,-0.000428,-0.000347,-0.000326,-0.000491,-0.000613,-0.000429,-0.000149,0.000117,0.000311,0.000289,0.000086,-0.000123,-0.000122,0.000095,0.000255,-0.000059,-0.000803,-0.001519,-0.001655,-0.001363,-0.001021,-0.000470,-0.000119,-0.000098,0.000004,0.000124,0.000050,-0.000114,-0.000245,-0.000389,-0.000463,-0.000407,-0.000253,-0.000139,-0.000166,-0.000174,-0.000068,0.000087,0.000080,-0.000018,-0.000019,-0.000071,-0.000150,-0.000059,0.000095,0.000180,0.000173,0.000149,0.000174,0.000137,0.000042,-0.000061,-0.000160,-0.000075,0.000008,0.000028,0.000091,0.000203,0.000215,0.000005,-0.000225,-0.000280,-0.000193,-0.000104,-0.000026,0.000114,0.000283,0.000315,
0.012338,0.009274,-0.001166,-0.005274,-0.003860,-0.003295,-0.004049,-0.003698,-0.002798,-0.001592,-0.000364,0.000154,0.000295,0.000151,-0.000298,-0.000469,-0.000293,-0.000036,0.000328,0.000281,-0.000152,-0.000812,-0.001584,-0.001866,-0.001651,-0.001392,-0.001272,-0.001099,-0.000805,-0.000470,-0.000232,-0.000190,-0.000175,0.000055,0.000398,0.000670,0.000656,0.000443,0.000147,-0.000240,-0.000460,-0.000456,-0.000345,-0.000366,-0.000526,-0.000341,0.000031,0.000095,-0.000037,-0.000173,-0.000228,-0.000250,-0.000291,-0.000254,-0.000131,-0.000214,-0.000614,-0.000805,-0.000282,0.000633,0.001077,0.000386,-0.000330,0.000101,0.000741,0.000512,0.000260,0.000514,0.000631,0.000199,-0.000248,-0.000298,-0.000225,-0.000187,-0.000192,-0.000147,-0.000103,-0.000204,-0.000397,-0.000301,-0.000041,0.000146,0.000351,0.000752,0.001451,0.002081,0.001675,0.000013,-0.001467,-0.001688,-0.001274,-0.000730,-0.000248,-0.000132,-0.000199,-0.000123,-0.000118,-0.000230,-0.000206,-0.000127,0.000004,0.000010,-0.000085,0.000032,0.000191,0.000127,0.000032,0.000078,0.000134,0.000093,0.000126,0.000117,0.000156,0.000235,0.000154,0.000011,-0.000075,-0.000058,-0.000095,-0.000099,0.000022,0.000124,0.000088,0.000115,0.000225,0.000230,0.000133,0.000104,0.000127,0.000152,0.000090,-0.000005,-0.000078,-0.000078,0.000080,0.000305,0.000349,0.000262,0.016798,0.005960,0.005693,0.007904,0.005251,-0.000243,-0.003778,-0.003310,0.000073,0.003404,0.004019,0.002844,0.001711,0.000698,0.000193,0.000000,-0.000098,0.000307,0.000841,0.001050,0.000804,0.000183,-0.000386,-0.000285,0.000192,0.000581,0.000698,0.000380,-0.000182,-0.000662,-0.000628,-0.000215,-0.000094,-0.000228,-0.000192,-0.000134,-0.000213,-0.000562,-0.001241,-0.001775,-0.001688,-0.001112,-0.000688,-0.000396,0.000134,0.000558,0.000279,-0.000232,-0.000477,-0.000515,-0.000345,-0.000149,-0.000032,-0.000022,-0.000037,-0.000019,0.000113,0.000442,0.000846,0.000823,0.000675,0.001234,0.002011,0.001852,0.001035,0.000420,0.000160,0.000038,-0.000175,-0.000342,-0.000310,-0.000107,-0.000094,-0.000388,-0.000651,-0.000543,-0.000141,0.000196,0.000263,0.000129,-0.000066,-0.000121,0.000074,0.000246,0.000206,-0.000260,-0.000964,-0.001440,-0.001420,-0.001141,-0.000825,-0.000300,-0.000017,-0.000107,-0.000036,0.000166,0.000089,-0.000079,-0.000111,-0.000216,-0.000331,-0.000289,-0.000237,-0.000249,-0.000196,-0.000078,0.000050,0.000146,0.000149,0.000059,0.000020,-0.000026,-0.000017,0.000141,0.000260,0.000199,0.000124,0.000125,0.000084,0.000008,-0.000118,-0.000231,-0.000204,-0.000045,0.000086,0.000103,0.000055,0.000013,0.000031,-0.000024,-0.000192,-0.000282,-0.000194,-0.000056,0.000077,0.000244,0.000325,0.000239,
0.012372,0.009426,-0.001123,-0.005384,-0.003831,-0.003045,-0.003783,-0.003598,-0.002877,-0.001725,-0.000524,0.000036,0.000244,0.000070,-0.000391,-0.000584,-0.000486,-0.000119,0.000344,0.000308,-0.000076,-0.000727,-0.001437,-0.001663,-0.001542,-0.001329,-0.001147,-0.000842,-0.000363,-0.000226,-0.000426,-0.000423,-0.000216,0.000034,0.000356,0.000590,0.000590,0.000427,0.000194,-0.000116,-0.000308,-0.000383,-0.000434,-0.000465,-0.000455,-0.000213,0.000129,0.000292,0.000107,-0.000103,-0.000165,-0.000251,-0.000288,-0.000232,-0.000171,-0.000298,-0.000650,-0.000841,-0.000349,0.000622,0.001004,0.000372,-0.000022,0.000516,0.000865,0.000555,0.000287,0.000440,0.000498,0.000140,-0.000197,-0.000241,-0.000149,-0.000079,-0.000069,0.000005,-0.000019,-0.000170,-0.000357,-0.000349,-0.000113,0.000162,0.000320,0.000599,0.001288,0.001947,0.001663,0.000037,-0.001488,-0.001724,-0.001299,-0.000752,-0.000272,-0.000128,-0.000280,-0.000257,-0.000080,-0.000049,-0.000027,0.000136,0.000109,0.000016,-0.000012,-0.000086,0.000007,0.000128,0.000117,0.000157,0.000158,0.000035,0.000100,0.000197,0.000170,0.000154,0.000129,0.000042,-0.000079,-0.000126,-0.000107,-0.000018,0.000109,0.000095,0.000070,0.000163,0.000226,0.000145,0.000058,0.000118,0.000222,0.000205,0.000025,-0.000151,-0.000187,-0.000050,0.000091,0.000166,0.000189,0.000286,0.017140,0.006354,0.005892,0.007766,0.005003,-0.000470,-0.003922,-0.003317,0.000020,0.003363,0.004187,0.003091,0.001851,0.000826,0.000290,0.000048,-0.000096,0.000356,0.000840,0.000886,0.000741,0.000129,-0.000506,-0.000465,-0.000008,0.000504,0.000760,0.000489,-0.000196,-0.000631,-0.000563,-0.000402,-0.000356,-0.000405,-0.000201,0.000021,-0.000105,-0.000600,-0.001241,-0.001788,-0.001741,-0.001171,-0.000664,-0.000356,0.000055,0.000413,0.000257,-0.000216,-0.000529,-0.000532,-0.000348,-0.000133,-0.000102,-0.000119,-0.000188,-0.000257,-0.000108,0.000266,0.000702,0.000688,0.000693,0.001426,0.002063,0.001643,0.000651,0.000074,0.000003,0.000008,-0.000084,-0.000167,-0.000191,-0.000163,-0.000342,-0.000673,-0.000703,-0.000480,-0.000119,0.000217,0.000323,0.000293,0.000112,-0.000113,-0.000102,0.000139,0.000313,-0.000069,-0.000852,-0.001368,-0.001358,-0.001069,-0.000687,-0.000228,-0.000012,0.000010,0.000110,0.000187,0.000079,-0.000118,-0.000207,-0.000143,-0.000106,-0.000059,-0.000042,-0.000132,-0.000237,-0.000243,-0.000109,-0.000015,0.000018,0.000045,0.000065,-0.000007,-0.000108,0.000004,0.000193,0.000255,0.000240,0.000242,0.000179,0.000053,-0.000074,-0.000108,-0.000142,-0.000138,0.000004,0.000131,0.000152,0.000090,0.000014,-0.000078,-0.000074,-0.000011,-0.000083,-0.000125,-0.000018,0.000130,0.000231,0.000144,
0.012592,0.009640,-0.001051,-0.005405,-0.003855,-0.003022,-0.003801,-0.003743,-0.002992,-0.001683,-0.000280,0.000304,0.000368,0.000107,-0.000409,-0.000587,-0.000412,-0.000099,0.000340,0.000374,-0.000073,-0.000717,-0.001495,-0.001825,-0.001651,-0.001464,-0.001301,-0.000849,-0.000323,0.000031,0.000040,-0.000248,-0.000316,-0.000054,0.000270,0.000568,0.000570,0.000312,0.000026,-0.000262,-0.000404,-0.000342,-0.000224,-0.000314,-0.000412,-0.000233,0.000056,0.000148,0.000072,-0.000029,-0.000133,-0.000265,-0.000330,-0.000198,-0.000089,-0.000368,-0.000707,-0.000761,-0.000233,0.000756,0.001057,0.000071,-0.000672,-0.000063,0.000656,0.000418,0.000065,0.000230,0.000383,0.000032,-0.000388,-0.000371,-0.000162,-0.000121,-0.000147,-0.000171,-0.000228,-0.000376,-0.000370,-0.000227,-0.000099,0.000066,0.000319,0.000733,0.001364,0.001944,0.001517,-0.000112,-0.001460,-0.001579,-0.001173,-0.000660,-0.000189,-0.000155,-0.000365,-0.000346,-0.000135,-0.000051,-0.000070,-0.000041,0.000116,0.000222,0.000113,-0.000002,-0.000036,-0.000022,0.000036,0.000170,0.000184,0.000041,0.000031,0.000143,0.000183,0.000118,0.000088,0.000002,-0.000131,-0.000206,-0.000186,-0.000122,-0.000044,-0.000047,-0.000057,0.000055,0.000141,0.000139,0.000063,-0.000055,-0.000021,0.000128,0.000077,-0.000104,-0.000225,-0.000090,0.000160,0.000251,0.000187,0.000232,0.017236,0.006519,0.005901,0.007757,0.004963,-0.000582,-0.003985,-0.003393,-0.000065,0.003112,0.003901,0.003045,0.002026,0.000957,0.000254,0.000004,-0.000032,0.000351,0.000882,0.001058,0.000810,0.000216,-0.000469,-0.000462,0.000072,0.000577,0.000778,0.000522,-0.000124,-0.000607,-0.000606,-0.000365,-0.000180,-0.000087,0.000016,-0.000035,-0.000214,-0.000508,-0.001078,-0.001683,-0.001629,-0.000933,-0.000509,-0.000327,0.000096,0.000425,0.000295,-0.000094,-0.000290,-0.000349,-0.000318,-0.000151,0.000064,0.000181,0.000018,-0.000086,0.000076,0.000417,0.000815,0.000729,0.000621,0.001228,0.001979,0.001853,0.000841,-0.000014,-0.000178,-0.000110,-0.000231,-0.000394,-0.000423,-0.000396,-0.000466,-0.000571,-0.000525,-0.000346,-0.000140,0.000150,0.000381,0.000355,0.000071,-0.000111,-0.000039,0.000102,0.000125,-0.000114,-0.000658,-0.001296,-0.001383,-0.001083,-0.000805,-0.000309,0.000066,0.000113,0.000218,0.000284,0.000094,-0.000155,-0.000256,-0.000331,-0.000405,-0.000357,-0.000211,-0.000091,-0.000148,-0.000271,-0.000106,0.000122,0.000036,-0.000047,-0.000067,-0.000171,-0.000109,0.000123,0.000271,0.000289,0.000278,0.000242,0.000178,0.000189,0.000179,0.000097,0.000025,-0.000035,-0.000032,0.000095,0.000028,-0.000086,-0.000156,-0.000361,-0.000401,-0.000332,-0.000304,-0.000159,0.000024,0.000095,0.000254,0.000370,
0.012862,0.010166,-0.000777,-0.005385,-0.003855,-0.003017,-0.003792,-0.003732,-0.003036,-0.001950,-0.000641,0.000109,0.000304,0.000089,-0.000432,-0.000597,-0.000431,-0.000120,0.000275,0.000408,0.000122,-0.000656,-0.001440,-0.001709,-0.001528,-0.001337,-0.001325,-0.001038,-0.000494,-0.000070,-0.000063,-0.000267,-0.000220,-0.000005,0.000361,0.000746,0.000776,0.000514,0.000333,0.000011,-0.000372,-0.000410,-0.000248,-0.000199,-0.000219,-0.000142,0.000028,0.000096,0.000062,0.000021,-0.000123,-0.000214,-0.000217,-0.000240,-0.000232,-0.000455,-0.000876,-0.000982,-0.000406,0.000640,0.001202,0.000570,-0.000046,0.000241,0.000694,0.000617,0.000457,0.000650,0.000622,0.000175,-0.000257,-0.000373,-0.000254,-0.000126,-0.000155,-0.000195,-0.000137,-0.000201,-0.000289,-0.000248,-0.000036,0.000177,0.000405,0.000715,0.001300,0.001906,0.001527,-0.000078,-0.001534,-0.001762,-0.001330,-0.000821,-0.000215,-0.000117,-0.000417,-0.000409,-0.000156,-0.000025,0.000002,0.000074,0.000222,0.000186,-0.000048,0.000009,0.000171,0.000189,0.000209,0.000178,0.000059,-0.000003,0.000043,0.000131,0.000156,0.000146,0.000161,0.000067,-0.000122,-0.000124,-0.000072,-0.000127,-0.000056,0.000075,0.000121,0.000126,0.000127,0.000117,0.000078,0.000079,0.000135,0.000179,0.000226,0.000130,-0.000044,-0.000082,-0.000019,0.000084,0.000195,0.000307,0.017710,0.006979,0.006239,0.007962,0.005093,-0.000596,-0.004139,-0.003438,0.000066,0.003314,0.003969,0.002907,0.001772,0.000787,0.000284,0.000076,0.000026,0.000425,0.000880,0.001076,0.000833,0.000097,-0.000636,-0.000538,0.000101,0.000587,0.000674,0.000332,-0.000150,-0.000526,-0.000564,-0.000276,-0.000029,-0.000058,-0.000201,-0.000107,-0.000048,-0.000469,-0.001218,-0.001793,-0.001612,-0.000998,-0.000566,-0.000269,0.000208,0.000533,0.000281,-0.000248,-0.000529,-0.000556,-0.000474,-0.000230,0.000017,0.000027,-0.000085,-0.000154,-0.000141,0.000220,0.000748,0.000906,0.000901,0.001342,0.001698,0.001374,0.000767,0.000363,0.000211,0.000047,-0.000218,-0.000509,-0.000536,-0.000311,-0.000191,-0.000304,-0.000375,-0.000260,-0.000066,0.000147,0.000262,0.000248,0.000075,-0.000166,-0.000110,0.000241,0.000413,-0.000025,-0.000881,-0.001616,-0.001716,-0.001369,-0.000923,-0.000271,-0.000002,-0.000084,0.000023,0.000185,0.000090,-0.000108,-0.000239,-0.000278,-0.000242,-0.000169,-0.000185,-0.000250,-0.000283,-0.000268,-0.000112,0.000032,0.000061,0.000075,0.000122,0.000148,0.000180,0.000247,0.000307,0.000299,0.000275,0.000229,0.000213,0.000184,0.000156,0.000001,-0.000153,-0.000115,0.000081,0.000240,0.000241,0.000169,0.000064,-0.000095,-0.000209,-0.000203,-0.000098,-0.000021,0.000009,0.000107,0.000266,0.000254,
0.012980,0.010375,-0.000486,-0.005146,-0.003767,-0.003016,-0.003821,-0.003708,-0.003033,-0.001963,-0.000666,0.000011,0.000274,0.000081,-0.000391,-0.000612,-0.000486,-0.000109,0.000211,0.000258,0.000010,-0.000708,-0.001440,-0.001749,-0.001615,-0.001344,-0.001296,-0.001261,-0.000804,-0.000360,-0.000297,-0.000210,-0.000014,0.000210,0.000445,0.000592,0.000577,0.000366,0.000034,-0.000153,-0.000290,-0.000432,-0.000473,-0.000436,-0.000403,-0.000186,0.000113,0.000150,-0.000001,-0.000116,-0.000144,-0.000167,-0.000188,-0.000237,-0.000199,-0.000228,-0.000634,-0.000923,-0.000430,0.000581,0.000937,0.000193,-0.000284,0.000159,0.000656,0.000483,0.000256,0.000590,0.000791,0.000312,-0.000216,-0.000389,-0.000276,-0.000118,-0.000026,-0.000104,-0.000259,-0.000381,-0.000478,-0.000365,-0.000108,0.000024,0.000205,0.000662,0.001279,0.001863,0.001582,0.000060,-0.001324,-0.001558,-0.001165,-0.000693,-0.000264,-0.000154,-0.000269,-0.000227,-0.000088,-0.000011,0.000007,-0.000008,0.000052,0.000094,-0.000058,-0.000100,0.000022,0.000080,0.000101,0.000078,0.000041,0.000073,0.000106,0.000137,0.000180,0.000127,0.000139,0.000118,0.000001,-0.000068,-0.000120,-0.000152,-0.000051,0.000022,0.000047,0.000078,0.000168,0.000233,0.000096,0.000053,0.000095,0.000048,0.000055,-0.000023,-0.000108,-0.000118,-0.000061,0.000082,0.000120,0.000269,0.018198,0.007393,0.006214,0.007736,0.004932,-0.000752,-0.004255,-0.003501,0.000012,0.003279,0.003970,0.002885,0.001693,0.000738,0.000204,-0.000087,-0.000182,0.000291,0.000942,0.001215,0.000938,0.000187,-0.000474,-0.000444,0.000038,0.000586,0.000827,0.000423,-0.000194,-0.000615,-0.000543,-0.000177,-0.000123,-0.000214,-0.000109,0.000045,-0.000112,-0.000485,-0.001163,-0.001742,-0.001572,-0.000919,-0.000478,-0.000253,0.000225,0.000560,0.000296,-0.000068,-0.000248,-0.000412,-0.000406,-0.000225,-0.000077,0.000037,0.000032,-0.000102,-0.000049,0.000415,0.000977,0.001026,0.000984,0.001604,0.002180,0.001624,0.000394,-0.000210,-0.000084,0.000044,-0.000236,-0.000442,-0.000382,-0.000152,-0.000179,-0.000404,-0.000433,-0.000315,-0.000110,0.000140,0.000254,0.000204,0.000077,-0.000003,-0.000001,0.000204,0.000371,-0.000018,-0.000762,-0.001437,-0.001598,-0.001307,-0.000928,-0.000387,-0.000030,-0.000109,0.000004,0.000253,0.000102,-0.000106,-0.000156,-0.000236,-0.000251,-0.000149,-0.000142,-0.000231,-0.000263,-0.000209,-0.000176,-0.000072,0.000108,0.000147,0.000082,0.000015,0.000009,0.000189,0.000238,0.000102,0.000152,0.000207,0.000189,0.000131,0.000090,-0.000007,-0.000088,-0.000016,0.000018,0.000044,0.000105,0.000064,-0.000067,-0.000190,-0.000300,-0.000396,-0.000309,-0.000131,0.000068,0.000312,0.000367,0.000182,
0.013914,0.011073,-0.000113,-0.005038,-0.003665,-0.002884,-0.003785,-0.003740,-0.002962,-0.001815,-0.000497,0.000160,0.000323,0.000055,-0.000389,-0.000548,-0.000485,-0.000202,0.000243,0.000294,-0.000100,-0.000740,-0.001489,-0.001843,-0.001722,-0.001505,-0.001388,-0.001189,-0.000831,-0.000427,-0.000121,0.000102,0.000359,0.000566,0.000556,0.000453,0.000264,0.000057,-0.000135,-0.000325,-0.000484,-0.000432,-0.000298,-0.000265,-0.000233,-0.000141,0.000059,0.000116,-0.000030,-0.000113,-0.000201,-0.000321,-0.000262,-0.000185,-0.000137,-0.000237,-0.000668,-0.000838,-0.000258,0.000727,0.001147,0.000445,-0.000010,0.000725,0.001273,0.000912,0.000530,0.000694,0.000727,0.000272,-0.000149,-0.000345,-0.000305,-0.000113,0.000004,0.000004,-0.000063,-0.000179,-0.000402,-0.000496,-0.000184,0.000182,0.000367,0.000705,0.001386,0.001990,0.001590,0.000001,-0.001391,-0.001679,-0.001289,-0.000797,-0.000375,-0.000242,-0.000273,-0.000091,0.000033,0.000069,0.000056,0.000019,0.000109,0.000085,-0.000009,0.000093,0.000188,0.000237,0.000254,0.000201,0.000221,0.000046,-0.000050,0.000102,0.000178,0.000185,0.000202,0.000180,0.000007,-0.000068,0.000038,0.000068,0.000019,0.000020,0.000096,0.000195,0.000301,0.000336,0.000273,0.000222,0.000186,0.000226,0.000210,0.000083,0.000039,-0.000017,0.000001,0.000041,0.000048,0.000084,0.018012,0.007541,0.006582,0.007939,0.004864,-0.000793,-0.004095,-0.003281,0.000060,0.003348,0.004107,0.002915,0.001728,0.000868,0.000338,0.000015,-0.000128,0.000311,0.000895,0.001129,0.000937,0.000253,-0.000405,-0.000359,0.000203,0.000757,0.000948,0.000585,-0.000004,-0.000391,-0.000303,0.000244,0.000414,0.000021,-0.000215,-0.000167,-0.000218,-0.000479,-0.001113,-0.001778,-0.001669,-0.001001,-0.000608,-0.000306,0.000141,0.000378,0.000273,-0.000128,-0.000404,-0.000433,-0.000369,-0.000338,-0.000184,-0.000027,-0.000063,-0.000096,0.000017,0.000369,0.000786,0.000805,0.000824,0.001514,0.002171,0.001845,0.000871,0.000228,0.000158,0.000068,-0.000242,-0.000513,-0.000541,-0.000418,-0.000303,-0.000443,-0.000622,-0.000492,-0.000245,0.000077,0.000366,0.000366,0.000167,0.000081,0.000115,0.000265,0.000310,-0.000173,-0.000976,-0.001583,-0.001640,-0.001418,-0.001081,-0.000441,0.000048,0.000044,0.000051,0.000165,0.000025,-0.000166,-0.000179,-0.000146,-0.000082,-0.000144,-0.000207,-0.000218,-0.000260,-0.000167,0.000002,0.000047,0.000053,0.000103,0.000049,-0.000032,-0.000026,0.000136,0.000239,0.000234,0.000248,0.000213,0.000111,0.000003,-0.000009,-0.000073,-0.000084,0.000026,0.000131,0.000126,0.000101,0.000053,-0.000108,-0.000232,-0.000216,-0.000226,-0.000210,-0.000116,0.000033,0.000121,0.000188,0.000217,
0.014398,0.011511,0.000295,-0.004621,-0.003381,-0.002837,-0.003749,-0.003653,-0.002934,-0.001631,-0.000339,0.000172,0.000409,0.000241,-0.000283,-0.000574,-0.000512,-0.000214,0.000293,0.000419,-0.000077,-0.000820,-0.001552,-0.001838,-0.001542,-0.001131,-0.001068,-0.001030,-0.000686,-0.000334,-0.000256,-0.000248,-0.000148,0.000052,0.000257,0.000460,0.000592,0.000498,0.000124,-0.000170,-0.000269,-0.000310,-0.000294,-0.000292,-0.000345,-0.000167,0.000207,0.000320,0.000241,0.000113,-0.000052,-0.000151,-0.000199,-0.000265,-0.000269,-0.000284,-0.000521,-0.000686,-0.000240,0.000753,0.001143,0.000352,-0.000215,0.000306,0.000905,0.000708,0.000414,0.000663,0.000691,0.000153,-0.000201,-0.000157,-0.000026,-0.000076,-0.000167,-0.000087,-0.000047,-0.000196,-0.000414,-0.000435,-0.000181,0.000177,0.000315,0.000566,0.001311,0.001960,0.001586,-0.000033,-0.001436,-0.001694,-0.001383,-0.000851,-0.000372,-0.000192,-0.000333,-0.000334,-0.000126,-0.000066,0.000073,0.000167,0.000078,0.000069,0.000002,-0.000057,0.000062,0.000115,0.000033,0.000042,0.000118,0.000099,0.000113,0.000190,0.000234,0.000239,0.000117,0.000002,-0.000063,-0.000046,-0.000022,-0.000098,-0.000150,-0.000085,0.000004,0.000124,0.000179,0.000216,0.000116,-0.000042,-0.000033,0.000067,0.000104,0.000069,-0.000022,-0.000092,0.000131,0.000317,0.000234,0.000230,0.018260,0.007579,0.006707,0.008200,0.005103,-0.000752,-0.004213,-0.003341,0.000022,0.003216,0.004084,0.002986,0.001699,0.000720,0.000270,0.000123,0.000078,0.000407,0.000880,0.001187,0.000891,0.000046,-0.000597,-0.000397,0.000236,0.000782,0.000935,0.000527,-0.000195,-0.000655,-0.000527,-0.000217,-0.000108,-0.000260,-0.000343,-0.000183,-0.000022,-0.000308,-0.001020,-0.001627,-0.001557,-0.000962,-0.000553,-0.000379,0.000069,0.000496,0.000309,-0.000153,-0.000350,-0.000464,-0.000361,-0.000128,-0.000020,-0.000029,-0.000079,-0.000104,0.000095,0.000491,0.000867,0.000765,0.000666,0.001321,0.002105,0.002077,0.001244,0.000495,0.000309,0.000269,-0.000084,-0.000322,-0.000242,-0.000068,-0.000074,-0.000298,-0.000432,-0.000418,-0.000201,0.000201,0.000432,0.000399,0.000166,-0.000069,-0.000054,0.000193,0.000268,-0.000070,-0.000804,-0.001513,-0.001539,-0.001214,-0.000864,-0.000344,-0.000025,0.000012,0.000123,0.000230,0.000142,-0.000024,-0.000195,-0.000256,-0.000238,-0.000273,-0.000318,-0.000183,-0.000028,0.000035,0.000071,0.000169,0.000060,-0.000052,0.000038,0.000132,0.000150,0.000123,0.000252,0.000261,0.000168,0.000184,0.000102,0.000069,0.000059,-0.000113,-0.000123,-0.000003,0.000031,0.000092,0.000184,0.000156,-0.000024,-0.000220,-0.000312,-0.000352,-0.000222,-0.000007,0.000121,0.000149,0.000207,0.000280,
0.014392,0.011690,0.000330,-0.004731,-0.003564,-0.002915,-0.003785,-0.003723,-0.002986,-0.001823,-0.000541,0.000092,0.000267,0.000063,-0.000403,-0.000586,-0.000455,-0.000181,0.000213,0.000262,-0.000163,-0.000876,-0.001575,-0.001796,-0.001672,-0.001481,-0.001242,-0.000958,-0.000539,-0.000172,-0.000204,-0.000328,-0.000190,0.000071,0.000303,0.000504,0.000609,0.000519,0.000293,-0.000091,-0.000419,-0.000456,-0.000361,-0.000427,-0.000455,-0.000124,0.000159,0.000149,0.000055,-0.000070,-0.000264,-0.000382,-0.000314,-0.000300,-0.000252,-0.000333,-0.000749,-0.000914,-0.000342,0.000744,0.001247,0.000537,-0.000045,0.000520,0.000915,0.000491,0.000251,0.000509,0.000560,0.000204,-0.000132,-0.000276,-0.000233,-0.000186,-0.000209,-0.000174,-0.000110,-0.000266,-0.000472,-0.000425,-0.000205,-0.000026,0.000285,0.000779,0.001449,0.002038,0.001748,0.000182,-0.001339,-0.001758,-0.001451,-0.000849,-0.000216,-0.000108,-0.000325,-0.000349,-0.000210,-0.000061,0.000004,0.000091,0.000113,0.000059,-0.000014,0.000012,0.000115,0.000102,0.000073,0.000085,0.000001,0.000035,0.000147,0.000181,0.000271,0.000255,0.000237,0.000217,0.000086,-0.000096,-0.000176,-0.000086,0.000005,0.000071,0.000087,0.000072,0.000130,0.000175,0.000134,0.000110,0.000138,0.000128,0.000184,0.000155,0.000080,-0.000001,-0.000028,0.000003,0.000117,0.000212,0.018836,0.008129,0.006823,0.008117,0.004970,-0.000962,-0.004389,-0.003459,0.000066,0.003364,0.004063,0.002943,0.001810,0.000933,0.000392,0.000050,-0.000071,0.000302,0.000870,0.001195,0.000930,0.000191,-0.000389,-0.000290,0.000225,0.000706,0.000885,0.000504,-0.000192,-0.000663,-0.000624,-0.000227,-0.000118,-0.000261,-0.000158,0.000046,-0.000089,-0.000564,-0.001189,-0.001726,-0.001577,-0.001002,-0.000707,-0.000434,0.000083,0.000453,0.000333,-0.000123,-0.000470,-0.000479,-0.000409,-0.000299,-0.000147,0.000034,0.000056,0.000008,0.000081,0.000482,0.000887,0.000822,0.000841,0.001478,0.001998,0.001579,0.000609,0.000011,0.000011,0.000128,-0.000056,-0.000354,-0.000406,-0.000299,-0.000315,-0.000576,-0.000716,-0.000552,-0.000206,0.000146,0.000329,0.000357,0.000199,-0.000003,-0.000024,0.000109,0.000171,-0.000228,-0.000963,-0.001458,-0.001461,-0.001162,-0.000857,-0.000356,0.000042,0.000139,0.000197,0.000105,-0.000066,-0.000141,-0.000247,-0.000313,-0.000230,-0.000161,-0.000214,-0.000229,-0.000233,-0.000263,-0.000184,-0.000078,-0.000069,-0.000033,0.000021,0.000033,0.000124,0.000253,0.000349,0.000367,0.000251,0.000167,0.000185,0.000066,-0.000109,-0.000073,0.000068,0.000102,0.000038,0.000067,0.000119,0.000085,-0.000041,-0.000208,-0.000253,-0.000239,-0.000296,-0.000215,-0.000025,0.000112,0.000178,0.000175,
0.014924,0.012035,0.000439,-0.004822,-0.003520,-0.002743,-0.003718,-0.003633,-0.002841,-0.001739,-0.000499,0.000132,0.000215,0.000019,-0.000272,-0.000483,-0.000516,-0.000161,0.000298,0.000266,-0.000155,-0.000790,-0.001505,-0.001859,-0.001640,-0.001350,-0.001174,-0.000822,-0.000315,0.000014,-0.000142,-0.000322,-0.000172,0.000143,0.000429,0.000520,0.000590,0.000492,0.000066,-0.000272,-0.000361,-0.000308,-0.000233,-0.000255,-0.000374,-0.000164,0.000165,0.000232,0.000024,-0.000150,-0.000189,-0.000244,-0.000252,-0.000171,-0.000147,-0.000275,-0.000572,-0.000818,-0.000399,0.000561,0.000864,0.000032,-0.000458,0.000206,0.000846,0.000606,0.000178,0.000266,0.000283,-0.000029,-0.000306,-0.000366,-0.000233,-0.000063,-0.000106,-0.000252,-0.000279,-0.000352,-0.000395,-0.000343,-0.000183,0.000144,0.000327,0.000684,0.001416,0.002112,0.001722,0.000010,-0.001345,-0.001539,-0.001124,-0.000587,-0.000074,0.000004,-0.000264,-0.000227,-0.000041,0.000106,0.000228,0.000268,0.000206,0.000037,-0.000087,0.000023,0.000046,0.000006,0.000068,0.000037,-0.000001,0.000045,0.000145,0.000186,0.000242,0.000225,0.000156,0.000102,0.000020,-0.000093,-0.000132,-0.000005,0.000049,0.000069,0.000024,-0.000074,-0.000078,0.000021,0.000057,-0.000047,-0.000055,0.000092,0.000067,-0.000047,-0.000118,-0.000111,0.000034,0.000165,0.000181,0.000175,0.018944,0.008312,0.006997,0.008181,0.004928,-0.000994,-0.004363,-0.003359,0.000181,0.003477,0.004161,0.002919,0.001723,0.000828,0.000348,0.000054,-0.000194,0.000268,0.000859,0.001050,0.000885,0.000217,-0.000447,-0.000487,-0.000036,0.000494,0.000652,0.000240,-0.000291,-0.000636,-0.000575,-0.000207,-0.000046,-0.000197,-0.000213,-0.000110,-0.000197,-0.000581,-0.001237,-0.001869,-0.001802,-0.001116,-0.000637,-0.000378,0.000124,0.000542,0.000295,-0.000148,-0.000325,-0.000457,-0.000415,-0.000237,-0.000026,0.000098,0.000056,-0.000024,0.000064,0.000423,0.000783,0.000764,0.000829,0.001586,0.002292,0.001986,0.000931,0.000150,-0.000106,-0.000095,-0.000136,-0.000336,-0.000399,-0.000376,-0.000447,-0.000481,-0.000420,-0.000317,-0.000096,0.000157,0.000323,0.000378,0.000176,-0.000073,-0.000040,0.000110,0.000134,-0.000153,-0.000777,-0.001366,-0.001409,-0.001134,-0.000938,-0.000504,-0.000096,-0.000060,0.000058,0.000229,0.000182,-0.000067,-0.000223,-0.000232,-0.000223,-0.000169,-0.000095,-0.000145,-0.000203,-0.000163,-0.000056,0.000058,0.000074,0.000054,0.000043,0.000036,0.000012,0.000144,0.000276,0.000258,0.000298,0.000281,0.000097,-0.000055,-0.000060,0.000009,0.000069,0.000067,0.000118,0.000066,-0.000055,-0.000061,-0.000091,-0.000148,-0.000176,-0.000247,-0.000285,-0.000136,0.000054,0.000241,0.000328,0.000269,
0.015432,0.012387,0.000653,-0.004624,-0.003403,-0.002663,-0.003614,-0.003643,-0.002998,-0.001782,-0.000402,0.000221,0.000464,0.000193,-0.000331,-0.000429,-0.000319,-0.000099,0.000252,0.000246,-0.000168,-0.000874,-0.001538,-0.001757,-0.001596,-0.001394,-0.001254,-0.000886,-0.000309,-0.000012,-0.000086,-0.000251,-0.000291,-0.000036,0.000346,0.000611,0.000692,0.000493,0.000166,-0.000111,-0.000336,-0.000362,-0.000282,-0.000322,-0.000388,-0.000182,0.000097,0.000122,0.000040,0.000046,-0.000004,-0.000243,-0.000287,-0.000157,-0.000177,-0.000352,-0.000659,-0.000797,-0.000264,0.000720,0.001121,0.000380,-0.000305,0.000191,0.001025,0.001010,0.000639,0.000603,0.000514,0.000134,-0.000221,-0.000289,-0.000249,-0.000172,-0.000211,-0.000125,0.000091,-0.000018,-0.000337,-0.000407,-0.000110,0.000165,0.000309,0.000613,0.001282,0.001944,0.001516,-0.000153,-0.001539,-0.001683,-0.001231,-0.000675,-0.000112,0.000000,-0.000223,-0.000212,-0.000078,-0.000037,0.000003,0.000023,0.000111,0.000043,-0.000005,0.000099,0.000106,0.000145,0.000181,0.000103,0.000000,-0.000062,-0.000056,0.000039,0.000158,0.000283,0.000270,0.000132,0.000032,-0.000034,-0.000084,-0.000076,-0.000038,0.000046,0.000112,0.000127,0.000194,0.000239,0.000139,0.000063,0.000045,0.000040,0.000140,0.000169,-0.000043,-0.000094,0.000063,0.000197,0.000255,0.000178,0.019109,0.008523,0.007230,0.008239,0.004894,-0.001060,-0.004332,-0.003243,0.000299,0.003599,0.004240,0.002985,0.001776,0.000739,0.000122,-0.000122,-0.000102,0.000323,0.000867,0.001121,0.000874,0.000141,-0.000482,-0.000340,0.000135,0.000575,0.000799,0.000464,-0.000160,-0.000657,-0.000778,-0.000460,-0.000208,-0.000228,-0.000191,-0.000004,-0.000013,-0.000503,-0.001181,-0.001769,-0.001733,-0.001054,-0.000558,-0.000272,0.000120,0.000407,0.000222,-0.000128,-0.000293,-0.000409,-0.000407,-0.000283,-0.000126,0.000037,0.000007,-0.000061,0.000034,0.000450,0.000922,0.000793,0.000540,0.000980,0.001476,0.001233,0.000556,0.000015,-0.000207,-0.000234,-0.000327,-0.000475,-0.000432,-0.000325,-0.000319,-0.000371,-0.000491,-0.000468,-0.000190,0.000095,0.000217,0.000143,0.000024,-0.000081,-0.000077,0.000124,0.000248,-0.000116,-0.000904,-0.001477,-0.001372,-0.000978,-0.000689,-0.000239,-0.000022,-0.000163,-0.000031,0.000155,0.000064,-0.000106,-0.000049,-0.000006,-0.000070,-0.000044,-0.000044,-0.000102,-0.000185,-0.000157,-0.000054,0.000036,0.000075,0.000028,-0.000043,0.000015,0.000059,0.000060,0.000203,0.000264,0.000245,0.000255,0.000195,0.000117,0.000001,-0.000113,-0.000109,-0.000045,-0.000113,-0.000138,-0.000073,-0.000056,-0.000104,-0.000133,-0.000220,-0.000251,-0.000252,-0.000153,-0.000001,0.000144,0.000237,0.000256,
0.015372,0.012566,0.000839,-0.004568,-0.003385,-0.002630,-0.003624,-0.003671,-0.002937,-0.001776,-0.000455,0.000130,0.000283,0.000088,-0.000376,-0.000499,-0.000270,-0.000044,0.000252,0.000298,-0.000132,-0.000818,-0.001456,-0.001720,-0.001569,-0.001361,-0.001297,-0.001078,-0.000627,-0.000317,-0.000222,-0.000258,-0.000245,-0.000053,0.000188,0.000408,0.000528,0.000437,0.000223,-0.000043,-0.000291,-0.000370,-0.000390,-0.000441,-0.000395,-0.000075,0.000193,0.000091,-0.000079,-0.000126,-0.000222,-0.000308,-0.000297,-0.000213,-0.000209,-0.000449,-0.000763,-0.000846,-0.000291,0.000783,0.001215,0.000465,-0.000085,0.000194,0.000348,0.000073,0.000157,0.000650,0.000846,0.000462,-0.000088,-0.000283,-0.000124,-0.000010,-0.000031,0.000008,-0.000044,-0.000339,-0.000452,-0.000364,-0.000152,0.000095,0.000248,0.000609,0.001408,0.002054,0.001563,-0.000082,-0.001506,-0.001697,-0.001318,-0.000796,-0.000179,-0.000042,-0.000242,-0.000232,-0.000036,0.000060,0.000095,0.000115,0.000096,0.000032,0.000007,0.000036,0.000068,0.000127,0.000171,0.000182,0.000120,0.000152,0.000231,0.000251,0.000260,0.000183,0.000084,0.000040,-0.000079,-0.000122,-0.000068,-0.000065,0.000098,0.000150,0.000160,0.000321,0.000362,0.000268,0.000079,-0.000027,-0.000032,-0.000024,0.000021,0.000003,-0.000079,-0.000076,0.000006,0.000140,0.000227,0.000268,0.019260,0.008794,0.007356,0.008239,0.004878,-0.001077,-0.004331,-0.003198,0.000380,0.003670,0.004360,0.002985,0.001588,0.000665,0.000120,-0.000156,-0.000207,0.000211,0.000760,0.000989,0.000774,0.000047,-0.000552,-0.000402,0.000177,0.000697,0.000872,0.000515,-0.000095,-0.000578,-0.000602,-0.000235,-0.000056,-0.000075,-0.000121,-0.000114,-0.000173,-0.000520,-0.001198,-0.001768,-0.001657,-0.001006,-0.000507,-0.000204,0.000211,0.000458,0.000174,-0.000237,-0.000446,-0.000446,-0.000293,-0.000235,-0.000127,-0.000026,-0.000062,-0.000128,-0.000057,0.000349,0.000896,0.000924,0.000899,0.001487,0.002081,0.001668,0.000664,0.000142,0.000107,-0.000035,-0.000372,-0.000582,-0.000473,-0.000191,-0.000172,-0.000427,-0.000536,-0.000406,-0.000148,0.000302,0.000567,0.000390,0.000108,-0.000009,0.000010,0.000264,0.000416,0.000040,-0.000772,-0.001499,-0.001603,-0.001333,-0.000990,-0.000452,0.000030,0.000175,0.000178,0.000213,0.000010,-0.000240,-0.000340,-0.000334,-0.000332,-0.000300,-0.000228,-0.000190,-0.000199,-0.000212,-0.000108,0.000070,0.000063,-0.000009,0.000046,-0.000022,-0.000041,0.000123,0.000279,0.000241,0.000230,0.000204,0.000087,-0.000012,0.000000,-0.000034,-0.000165,-0.000140,0.000028,0.000070,0.000044,0.000003,-0.000018,-0.000197,-0.000300,-0.000242,-0.000131,-0.000040,0.000050,0.000101,0.000144,0.000157,
0.015774,0.012877,0.001013,-0.004506,-0.003327,-0.002554,-0.003538,-0.003645,-0.002980,-0.001768,-0.000392,0.000286,0.000431,0.000174,-0.000314,-0.000494,-0.000379,-0.000078,0.000338,0.000385,-0.000014,-0.000747,-0.001554,-0.001826,-0.001590,-0.001379,-0.001243,-0.001142,-0.000840,-0.000389,-0.000181,-0.000147,0.000072,0.000318,0.000475,0.000588,0.000510,0.000306,-0.000018,-0.000425,-0.000588,-0.000451,-0.000283,-0.000276,-0.000316,-0.000218,-0.000018,0.000081,0.000018,-0.000092,-0.000179,-0.000334,-0.000463,-0.000345,-0.000214,-0.000235,-0.000517,-0.000758,-0.000319,0.000733,0.001130,0.000392,-0.000060,0.000587,0.001199,0.001018,0.000675,0.000751,0.000718,0.000229,-0.000295,-0.000463,-0.000272,-0.000068,-0.000089,-0.000113,-0.000055,-0.000152,-0.000424,-0.000309,0.000003,0.000236,0.000460,0.000738,0.001430,0.002036,0.001625,0.000031,-0.001339,-0.001518,-0.001268,-0.000818,-0.000260,-0.000111,-0.000259,-0.000226,-0.000159,-0.000103,-0.000022,0.000038,0.000085,0.000100,-0.000035,-0.000083,-0.000028,0.000012,0.000062,0.000176,0.000200,0.000015,-0.000043,0.000125,0.000168,0.000227,0.000295,0.000188,0.000042,-0.000032,-0.000049,0.000002,0.000005,-0.000031,0.000003,0.000159,0.000329,0.000333,0.000187,0.000060,0.000053,0.000139,0.000170,0.000083,-0.000020,-0.000071,0.000021,0.000176,0.000244,0.000271,0.019406,0.008873,0.007401,0.008355,0.004991,-0.000954,-0.004324,-0.003254,0.000199,0.003355,0.004098,0.003059,0.001840,0.000747,0.000134,-0.000085,-0.000077,0.000363,0.000890,0.001064,0.000847,0.000159,-0.000446,-0.000285,0.000275,0.000698,0.000858,0.000485,-0.000170,-0.000562,-0.000358,0.000108,0.000166,-0.000059,-0.000247,-0.000216,-0.000116,-0.000420,-0.001082,-0.001710,-0.001597,-0.000944,-0.000536,-0.000278,0.000187,0.000550,0.000269,-0.000271,-0.000485,-0.000419,-0.000203,0.000063,0.000057,0.000021,0.000008,-0.000119,-0.000030,0.000362,0.000746,0.000684,0.000563,0.001200,0.002010,0.001662,0.000675,0.000095,0.000010,-0.000017,-0.000334,-0.000583,-0.000516,-0.000334,-0.000276,-0.000345,-0.000419,-0.000405,-0.000200,0.000156,0.000447,0.000507,0.000316,0.000008,-0.000030,0.000235,0.000302,-0.000206,-0.001047,-0.001553,-0.001406,-0.001148,-0.000830,-0.000322,-0.000043,-0.000001,0.000111,0.000221,0.000082,-0.000117,-0.000233,-0.000309,-0.000274,-0.000116,-0.000116,-0.000164,-0.000152,-0.000094,0.000009,0.000035,0.000066,0.000103,0.000021,-0.000048,0.000000,0.000143,0.000223,0.000212,0.000262,0.000245,0.000148,0.000020,-0.000088,-0.000101,-0.000057,0.000032,0.000103,0.000132,0.000127,0.000052,-0.000096,-0.000194,-0.000220,-0.000217,-0.000199,-0.000130,0.000006,0.000147,0.000292,0.000357,
0.015958,0.013068,0.001252,-0.004281,-0.003187,-0.002507,-0.003510,-0.003619,-0.002961,-0.001711,-0.000328,0.000306,0.000387,0.000177,-0.000215,-0.000497,-0.000450,-0.000107,0.000200,0.000107,-0.000198,-0.000836,-0.001575,-0.001808,-0.001515,-0.001298,-0.001280,-0.001025,-0.000587,-0.000286,-0.000117,-0.000070,0.000049,0.000301,0.000482,0.000570,0.000530,0.000336,0.000088,-0.000199,-0.000472,-0.000482,-0.000395,-0.000407,-0.000455,-0.000193,0.000149,0.000109,-0.000046,-0.000099,-0.000139,-0.000200,-0.000194,-0.000122,-0.000191,-0.000371,-0.000652,-0.000824,-0.000416,0.000676,0.001174,0.000362,-0.000292,0.000283,0.000990,0.000884,0.000644,0.000761,0.000801,0.000408,-0.000138,-0.000311,-0.000108,0.000099,0.000115,0.000155,0.000110,-0.000177,-0.000389,-0.000356,-0.000170,0.000083,0.000307,0.000669,0.001360,0.001942,0.001670,0.000149,-0.001326,-0.001640,-0.001308,-0.000809,-0.000354,-0.000177,-0.000223,-0.000212,-0.000179,-0.000120,0.000047,0.000228,0.000272,0.000046,-0.000160,-0.000100,0.000038,0.000009,-0.000060,0.000018,0.000089,0.000042,0.000050,0.000094,0.000065,0.000147,0.000241,0.000148,0.000036,-0.000018,-0.000054,0.000009,0.000143,0.000044,0.000015,0.000134,0.000182,0.000190,0.000097,0.000010,0.000047,0.000184,0.000230,0.000133,0.000037,-0.000021,-0.000040,0.000044,0.000118,0.000223,0.019520,0.009024,0.007466,0.008439,0.005038,-0.001073,-0.004392,-0.003251,0.000326,0.003565,0.004142,0.002948,0.001781,0.000786,0.000233,-0.000026,-0.000203,0.000170,0.000821,0.001037,0.000782,0.000237,-0.000336,-0.000335,0.000098,0.000581,0.000755,0.000460,-0.000099,-0.000552,-0.000438,-0.000021,0.000043,-0.000135,-0.000150,-0.000031,-0.000028,-0.000349,-0.001062,-0.001738,-0.001597,-0.000890,-0.000588,-0.000440,0.000066,0.000428,0.000269,-0.000170,-0.000473,-0.000526,-0.000386,-0.000180,-0.000029,-0.000062,-0.000162,-0.000172,0.000046,0.000501,0.000854,0.000804,0.000856,0.001541,0.002284,0.002120,0.001248,0.000604,0.000462,0.000362,-0.000024,-0.000345,-0.000345,-0.000183,-0.000178,-0.000439,-0.000560,-0.000470,-0.000240,0.000158,0.000504,0.000382,-0.000004,-0.000151,-0.000023,0.000228,0.000296,-0.000070,-0.000703,-0.001388,-0.001569,-0.001308,-0.000922,-0.000318,0.000024,-0.000015,0.000030,0.000093,-0.000055,-0.000162,-0.000146,-0.000183,-0.000221,-0.000264,-0.000251,-0.000203,-0.000223,-0.000166,-0.000003,0.000079,0.000033,0.000014,0.000018,-0.000074,-0.000090,0.000025,0.000157,0.000228,0.000240,0.000289,0.000252,0.000077,0.000073,0.000129,0.000037,0.000004,0.000134,0.000280,0.000180,-0.000003,0.000030,-0.000018,-0.000146,-0.000201,-0.000177,-0.000061,0.000064,0.000173,0.000260,0.000217,
0.015848,0.013271,0.001197,-0.004446,-0.003254,-0.002493,-0.003441,-0.003531,-0.002990,-0.001946,-0.000554,0.000179,0.000373,0.000186,-0.000247,-0.000541,-0.000572,-0.000229,0.000281,0.000374,-0.000083,-0.000824,-0.001545,-0.001796,-0.001560,-0.001364,-0.001319,-0.001040,-0.000522,-0.000170,-0.000201,-0.000336,-0.000284,-0.000019,0.000246,0.000464,0.000604,0.000564,0.000240,-0.000070,-0.000265,-0.000272,-0.000162,-0.000300,-0.000447,-0.000258,0.000029,0.000160,0.000111,0.000008,-0.000182,-0.000342,-0.000297,-0.000224,-0.000222,-0.000346,-0.000639,-0.000754,-0.000291,0.000643,0.001039,0.000373,-0.000158,0.000144,0.000486,0.000327,0.000200,0.000365,0.000439,0.000212,-0.000160,-0.000342,-0.000239,-0.000113,-0.000131,-0.000115,-0.000025,-0.000092,-0.000235,-0.000271,-0.000108,0.000095,0.000336,0.000805,0.001497,0.002168,0.001823,0.000156,-0.001289,-0.001570,-0.001353,-0.000926,-0.000268,-0.000043,-0.000244,-0.000235,-0.000073,-0.000007,0.000033,0.000132,0.000217,0.000109,0.000014,0.000119,0.000203,0.000110,0.000033,0.000144,0.000216,0.000154,0.000099,0.000109,0.000138,0.000179,0.000187,0.000087,-0.000108,-0.000152,-0.000084,0.000004,0.000150,0.000150,0.000123,0.000209,0.000255,0.000162,0.000033,-0.000042,0.000006,0.000152,0.000218,0.000121,-0.000035,-0.000177,-0.000149,0.000034,0.000116,0.000168,0.020358,0.009631,0.007591,0.008278,0.004869,-0.001132,-0.004416,-0.003216,0.000306,0.003480,0.004249,0.003150,0.001891,0.000780,0.000189,-0.000061,-0.000178,0.000288,0.000881,0.001105,0.000873,0.000157,-0.000527,-0.000415,0.000103,0.000516,0.000704,0.000523,-0.000065,-0.000600,-0.000581,-0.000196,-0.000092,-0.000224,-0.000177,-0.000085,-0.000199,-0.000525,-0.001157,-0.001835,-0.001757,-0.001170,-0.000806,-0.000488,0.000059,0.000442,0.000274,-0.000120,-0.000398,-0.000458,-0.000357,-0.000259,-0.000173,-0.000035,-0.000023,-0.000077,0.000048,0.000415,0.000774,0.000736,0.000694,0.001308,0.001916,0.001539,0.000702,0.000134,0.000109,0.000176,-0.000183,-0.000453,-0.000323,-0.000204,-0.000240,-0.000440,-0.000610,-0.000471,-0.000124,0.000202,0.000390,0.000338,0.000019,-0.000154,-0.000046,0.000155,0.000212,-0.000185,-0.000885,-0.001452,-0.001517,-0.001189,-0.000766,-0.000291,0.000017,0.000017,-0.000052,0.000062,0.000170,0.000015,-0.000086,-0.000139,-0.000179,-0.000133,-0.000147,-0.000084,-0.000020,-0.000055,-0.000048,0.000036,0.000182,0.000206,0.000151,0.000085,0.000025,0.000065,0.000072,0.000140,0.000268,0.000283,0.000161,0.000080,0.000038,-0.000131,-0.000092,0.000009,0.000051,0.000124,0.000088,0.000072,0.000015,-0.000147,-0.000309,-0.000322,-0.000276,-0.000211,-0.000082,0.000138,0.000337,0.000315,
0.016551,0.013585,0.001350,-0.004430,-0.003235,-0.002499,-0.003573,-0.003778,-0.003189,-0.001915,-0.000416,0.000337,0.000536,0.000271,-0.000256,-0.000482,-0.000354,-0.000083,0.000283,0.000348,-0.000087,-0.000813,-0.001546,-0.001793,-0.001645,-0.001394,-0.001272,-0.001033,-0.000556,-0.000125,-0.000051,-0.000214,-0.000228,-0.000077,0.000160,0.000460,0.000520,0.000311,0.000066,-0.000229,-0.000384,-0.000277,-0.000112,-0.000205,-0.000441,-0.000354,-0.000003,0.000152,0.000028,-0.000060,-0.000119,-0.000269,-0.000316,-0.000242,-0.000158,-0.000230,-0.000648,-0.000984,-0.000520,0.000504,0.000894,0.000177,-0.000266,0.000429,0.000954,0.000604,0.000271,0.000393,0.000413,0.000118,-0.000200,-0.000301,-0.000208,-0.000087,-0.000117,-0.000154,-0.000113,-0.000389,-0.000567,-0.000374,-0.000079,0.000219,0.000410,0.000745,0.001448,0.002036,0.001522,-0.000049,-0.001358,-0.001656,-0.001447,-0.000974,-0.000363,-0.000127,-0.000277,-0.000317,-0.000016,0.000106,-0.000023,0.000016,0.000119,0.000107,-0.000014,-0.000003,0.000082,0.000042,0.000098,0.000077,0.000017,0.000059,0.000088,0.000168,0.000205,0.000137,0.000172,0.000226,0.000033,-0.000054,0.000042,0.000010,0.000030,0.000000,-0.000039,0.000141,0.000268,0.000227,0.000145,0.000170,0.000133,0.000052,0.000163,0.000113,-0.000044,-0.000099,0.000003,0.000102,0.000171,0.000272,0.019928,0.009496,0.007762,0.008390,0.004930,-0.001033,-0.004379,-0.003262,0.000275,0.003416,0.004162,0.003077,0.001800,0.000824,0.000237,-0.000127,-0.000280,0.000156,0.000761,0.001036,0.000850,0.000127,-0.000479,-0.000377,0.000198,0.000680,0.000869,0.000655,0.000005,-0.000544,-0.000625,-0.000324,-0.000161,-0.000340,-0.000349,-0.000151,-0.000163,-0.000562,-0.001196,-0.001714,-0.001618,-0.001043,-0.000696,-0.000346,0.000121,0.000399,0.000291,-0.000160,-0.000443,-0.000373,-0.000256,-0.000112,-0.000008,-0.000062,-0.000215,-0.000260,-0.000059,0.000333,0.000708,0.000723,0.000913,0.001676,0.002236,0.001847,0.000922,0.000295,0.000119,0.000155,-0.000010,-0.000212,-0.000202,-0.000266,-0.000418,-0.000517,-0.000485,-0.000406,-0.000194,0.000220,0.000493,0.000396,0.000166,0.000058,0.000045,0.000176,0.000191,-0.000126,-0.000809,-0.001364,-0.001329,-0.001043,-0.000823,-0.000490,-0.000183,-0.000137,-0.000054,0.000082,0.000075,-0.000023,-0.000181,-0.000239,-0.000207,-0.000208,-0.000153,-0.000096,-0.000163,-0.000154,-0.000072,-0.000025,0.000052,0.000064,-0.000005,-0.000025,0.000015,0.000115,0.000183,0.000124,0.000163,0.000228,0.000175,0.000016,-0.000037,-0.000007,0.000032,0.000074,0.000138,0.000118,0.000085,0.000048,-0.000044,-0.000167,-0.000228,-0.000149,-0.000032,-0.000023,0.000015,0.000121,0.000184,0.000238,
0.016099,0.013400,0.001177,-0.004632,-0.003377,-0.002565,-0.003625,-0.003783,-0.003119,-0.001895,-0.000596,0.000162,0.000490,0.000271,-0.000165,-0.000380,-0.000335,-0.000186,0.000183,0.000369,-0.000041,-0.000791,-0.001488,-0.001725,-0.001505,-0.001381,-0.001369,-0.000993,-0.000339,-0.000014,-0.000039,-0.000179,-0.000102,0.000192,0.000418,0.000564,0.000556,0.000320,0.000127,-0.000110,-0.000363,-0.000373,-0.000304,-0.000436,-0.000472,-0.000157,0.000136,0.000157,0.000088,0.000030,-0.000095,-0.000353,-0.000414,-0.000277,-0.000177,-0.000330,-0.000723,-0.000847,-0.000311,0.000590,0.000958,0.000206,-0.000482,0.000101,0.000893,0.000767,0.000311,0.000367,0.000583,0.000265,-0.000224,-0.000282,-0.000184,-0.000127,-0.000100,-0.000044,-0.000020,-0.000145,-0.000285,-0.000262,-0.000044,0.000198,0.000328,0.000656,0.001441,0.002200,0.001768,-0.000018,-0.001506,-0.001745,-0.001285,-0.000639,-0.000124,-0.000051,-0.000228,-0.000245,-0.000182,-0.000104,0.000080,0.000224,0.000217,0.000116,-0.000015,-0.000043,0.000081,0.000141,0.000145,0.000157,0.000144,0.000111,0.000133,0.000225,0.000231,0.000202,0.000245,0.000211,0.000026,-0.000175,-0.000169,-0.000056,0.000028,0.000063,0.000082,0.000101,0.000158,0.000247,0.000129,0.000043,0.000112,0.000109,0.000082,-0.000018,-0.000143,-0.000206,-0.000095,0.000068,0.000111,0.000150,0.020431,0.009836,0.007778,0.008352,0.004982,-0.001013,-0.004429,-0.003374,0.000154,0.003419,0.004174,0.003080,0.001928,0.000943,0.000291,-0.000075,-0.000155,0.000233,0.000744,0.001040,0.000860,0.000131,-0.000425,-0.000333,0.000125,0.000569,0.000733,0.000431,-0.000121,-0.000617,-0.000591,-0.000231,-0.000057,-0.000119,-0.000094,-0.000043,-0.000151,-0.000519,-0.001142,-0.001691,-0.001527,-0.000839,-0.000466,-0.000239,0.000185,0.000425,0.000170,-0.000235,-0.000445,-0.000480,-0.000451,-0.000331,-0.000013,0.000224,0.000173,0.000012,0.000055,0.000424,0.000797,0.000711,0.000526,0.001013,0.001666,0.001502,0.000589,-0.000165,-0.000318,-0.000111,-0.000144,-0.000394,-0.000412,-0.000338,-0.000385,-0.000459,-0.000442,-0.000330,-0.000061,0.000266,0.000338,0.000240,0.000007,-0.000178,-0.000108,0.000034,0.000183,-0.000015,-0.000800,-0.001566,-0.001605,-0.001222,-0.000872,-0.000307,0.000032,-0.000014,0.000114,0.000311,0.000248,0.000011,-0.000098,-0.000178,-0.000259,-0.000262,-0.000187,-0.000161,-0.000241,-0.000288,-0.000256,-0.000064,0.000156,0.000171,0.000073,-0.000051,0.000012,0.000212,0.000134,-0.000022,0.000098,0.000226,0.000155,0.000159,0.000209,0.000062,-0.000089,-0.000128,-0.000074,0.000010,0.000078,0.000002,-0.000142,-0.000272,-0.000307,-0.000188,-0.000181,-0.000102,0.000090,0.000162,0.000153,0.000176,
0.015978,0.013374,0.001280,-0.004605,-0.003407,-0.002515,-0.003516,-0.003692,-0.003064,-0.001911,-0.000569,0.000175,0.000358,0.000157,-0.000202,-0.000447,-0.000455,-0.000217,0.000207,0.000287,-0.000143,-0.000861,-0.001510,-0.001727,-0.001509,-0.001316,-0.001219,-0.000988,-0.000510,-0.000162,-0.000103,-0.000165,-0.000138,0.000110,0.000387,0.000636,0.000680,0.000497,0.000213,-0.000115,-0.000281,-0.000253,-0.000248,-0.000337,-0.000297,0.000023,0.000252,0.000192,0.000102,-0.000006,-0.000207,-0.000314,-0.000300,-0.000330,-0.000226,-0.000259,-0.000600,-0.000802,-0.000254,0.000761,0.001125,0.000502,0.000081,0.000380,0.000493,0.000220,0.000283,0.000672,0.000722,0.000270,-0.000152,-0.000352,-0.000336,-0.000102,-0.000128,-0.000161,-0.000032,-0.000165,-0.000359,-0.000285,0.000007,0.000165,0.000282,0.000769,0.001577,0.002125,0.001575,-0.000066,-0.001454,-0.001680,-0.001327,-0.000895,-0.000333,-0.000043,-0.000168,-0.000214,-0.000199,-0.000101,0.000080,0.000078,0.000119,0.000175,0.000096,0.000104,0.000135,0.000055,0.000002,0.000024,0.000024,-0.000012,0.000031,0.000133,0.000220,0.000222,0.000229,0.000210,0.000035,-0.000073,-0.000003,0.000001,-0.000014,-0.000002,0.000062,0.000125,0.000128,0.000170,0.000168,0.000092,0.000134,0.000173,0.000133,0.000080,-0.000021,-0.000085,-0.000014,0.000124,0.000180,0.000187,0.020513,0.009984,0.007909,0.008257,0.004722,-0.001265,-0.004586,-0.003496,0.000079,0.003406,0.004214,0.003116,0.001824,0.000744,0.000240,0.000013,-0.000055,0.000366,0.000959,0.001125,0.000808,0.000055,-0.000560,-0.000377,0.000134,0.000574,0.000768,0.000440,-0.000174,-0.000686,-0.000707,-0.000321,-0.000121,-0.000181,-0.000131,-0.000079,-0.000245,-0.000618,-0.001191,-0.001736,-0.001688,-0.000938,-0.000360,-0.000129,0.000124,0.000345,0.000208,-0.000207,-0.000426,-0.000388,-0.000289,-0.000216,-0.000063,0.000083,0.000001,-0.000119,-0.000035,0.000376,0.000860,0.000822,0.000840,0.001424,0.001890,0.001612,0.000959,0.000505,0.000205,-0.000020,-0.000332,-0.000666,-0.000641,-0.000335,-0.000171,-0.000271,-0.000394,-0.000349,-0.000176,0.000183,0.000394,0.000318,0.000075,-0.000109,-0.000056,0.000225,0.000382,0.000033,-0.000766,-0.001499,-0.001593,-0.001280,-0.000917,-0.000342,0.000029,0.000017,0.000095,0.000239,0.000142,-0.000091,-0.000082,0.000006,-0.000116,-0.000248,-0.000231,-0.000159,-0.000148,-0.000145,-0.000051,0.000021,0.000062,0.000105,0.000028,-0.000048,0.000040,0.000148,0.000120,0.000065,0.000085,0.000065,0.000040,-0.000018,-0.000016,-0.000035,-0.000163,-0.000131,0.000046,0.000146,0.000112,0.000070,-0.000035,-0.000201,-0.000248,-0.000252,-0.000179,-0.000051,0.000073,0.000176,0.000290,0.000268,
0.015977,0.013357,0.001326,-0.004405,-0.003341,-0.002664,-0.003739,-0.003878,-0.003116,-0.001783,-0.000348,0.000329,0.000538,0.000334,-0.000079,-0.000331,-0.000491,-0.000358,0.000132,0.000323,-0.000070,-0.000837,-0.001644,-0.001856,-0.001541,-0.001207,-0.001081,-0.000842,-0.000456,-0.000209,-0.000216,-0.000220,-0.000040,0.000202,0.000347,0.000514,0.000603,0.000446,0.000150,-0.000148,-0.000451,-0.000548,-0.000485,-0.000376,-0.000256,-0.000157,0.000174,0.000359,0.000161,-0.000105,-0.000267,-0.000308,-0.000161,-0.000086,-0.000183,-0.000331,-0.000666,-0.000945,-0.000540,0.000450,0.000818,0.000124,-0.000273,0.000415,0.000893,0.000600,0.000429,0.000648,0.000662,0.000260,-0.000266,-0.000474,-0.000295,-0.000114,0.000030,0.000034,-0.000047,-0.000278,-0.000439,-0.000354,-0.000160,0.000090,0.000350,0.000731,0.001345,0.002011,0.001610,-0.000012,-0.001295,-0.001611,-0.001261,-0.000624,-0.000097,0.000026,-0.000199,-0.000191,0.000050,0.000015,-0.000036,0.000066,0.000068,-0.000053,-0.000126,-0.000063,0.000003,0.000051,0.000121,0.000118,0.000083,0.000058,0.000179,0.000225,0.000196,0.000164,0.000162,0.000204,0.000142,-0.000012,-0.000069,-0.000008,0.000034,0.000098,0.000123,0.000118,0.000229,0.000235,0.000099,0.000070,0.000146,0.000173,0.000071,-0.000008,-0.000010,-0.000073,-0.000031,0.000090,0.000156,0.000273,0.020683,0.009974,0.007845,0.008331,0.004847,-0.001055,-0.004402,-0.003408,0.000121,0.003400,0.004195,0.003134,0.001946,0.000936,0.000334,0.000009,-0.000129,0.000311,0.000926,0.001094,0.000806,0.000164,-0.000412,-0.000304,0.000280,0.000756,0.000759,0.000364,-0.000086,-0.000450,-0.000507,-0.000113,0.000069,-0.000093,-0.000158,0.000006,-0.000005,-0.000465,-0.001219,-0.001740,-0.001573,-0.000971,-0.000571,-0.000266,0.000260,0.000584,0.000321,-0.000210,-0.000415,-0.000410,-0.000322,-0.000194,-0.000034,0.000131,0.000019,-0.000132,-0.000126,0.000277,0.000836,0.000851,0.000785,0.001447,0.002051,0.001576,0.000536,-0.000067,0.000049,0.000160,-0.000177,-0.000534,-0.000419,-0.000129,-0.000114,-0.000305,-0.000472,-0.000389,-0.000187,0.000102,0.000278,0.000244,0.000058,-0.000100,0.000014,0.000328,0.000483,0.000011,-0.000839,-0.001464,-0.001504,-0.001139,-0.000821,-0.000357,-0.000060,-0.000078,0.000051,0.000236,0.000196,-0.000064,-0.000274,-0.000292,-0.000315,-0.000303,-0.000219,-0.000220,-0.000205,-0.000113,-0.000064,0.000010,0.000106,0.000057,0.000073,0.000140,0.000078,0.000106,0.000084,0.000072,0.000115,0.000182,0.000151,0.000107,0.000145,0.000091,0.000006,0.000037,0.000126,0.000187,0.000130,0.000049,-0.000067,-0.000124,-0.000041,-0.000069,-0.000189,-0.000050,0.000186,0.000276,0.000310,0.000274,
0.016042,0.013378,0.001085,-0.004734,-0.003454,-0.002620,-0.003666,-0.003736,-0.002994,-0.001755,-0.000359,0.000259,0.000374,0.000112,-0.000393,-0.000553,-0.000504,-0.000286,0.000188,0.000283,-0.000154,-0.000887,-0.001595,-0.001809,-0.001623,-0.001404,-0.001290,-0.001086,-0.000558,-0.000165,-0.000065,0.000049,0.000338,0.000515,0.000439,0.000362,0.000313,0.000197,0.000066,-0.000185,-0.000439,-0.000414,-0.000303,-0.000294,-0.000256,-0.000025,0.000078,-0.000068,-0.000154,-0.000152,-0.000144,-0.000226,-0.000366,-0.000295,-0.000094,-0.000186,-0.000684,-0.000888,-0.000386,0.000649,0.001052,0.000303,-0.000221,0.000416,0.001115,0.000919,0.000591,0.000682,0.000720,0.000401,-0.000150,-0.000380,-0.000320,-0.000098,0.000139,0.000175,-0.000011,-0.000317,-0.000522,-0.000436,-0.000165,-0.000022,0.000184,0.000643,0.001331,0.002017,0.001825,0.000199,-0.001305,-0.001549,-0.001243,-0.000784,-0.000249,-0.000021,-0.000211,-0.000231,0.000016,0.000054,0.000006,0.000013,0.000020,-0.000035,-0.000007,-0.000009,-0.000022,0.000015,0.000054,0.000082,0.000003,-0.000056,0.000062,0.000255,0.000322,0.000290,0.000285,0.000148,-0.000007,-0.000050,-0.000027,0.000008,0.000089,0.000091,0.000072,0.000162,0.000215,0.000131,0.000008,0.000027,0.000005,0.000017,0.000094,0.000026,-0.000063,-0.000029,0.000111,0.000196,0.000050,0.000053,0.020939,0.010272,0.008010,0.008267,0.004760,-0.001096,-0.004534,-0.003594,0.000018,0.003433,0.004140,0.002965,0.001758,0.000723,0.000192,-0.000101,-0.000177,0.000253,0.000827,0.001022,0.000744,-0.000022,-0.000655,-0.000482,0.000061,0.000533,0.000752,0.000469,-0.000108,-0.000479,-0.000318,0.000297,0.000507,0.000136,-0.000227,-0.000208,-0.000054,-0.000247,-0.000979,-0.001658,-0.001535,-0.000838,-0.000369,-0.000164,0.000203,0.000404,0.000200,-0.000187,-0.000415,-0.000406,-0.000237,-0.000051,0.000040,-0.000005,-0.000073,-0.000138,-0.000029,0.000359,0.000829,0.000878,0.000756,0.001326,0.002060,0.001940,0.001032,0.000334,0.000245,0.000129,-0.000219,-0.000449,-0.000438,-0.000269,-0.000248,-0.000481,-0.000553,-0.000430,-0.000218,0.000124,0.000332,0.000274,0.000080,-0.000038,0.000044,0.000266,0.000293,-0.000143,-0.000886,-0.001534,-0.001644,-0.001382,-0.001032,-0.000440,-0.000002,0.000020,0.000084,0.000196,0.000139,-0.000080,-0.000153,-0.000171,-0.000213,-0.000210,-0.000223,-0.000151,-0.000098,-0.000162,-0.000142,0.000026,0.000008,-0.000060,-0.000176,-0.000158,0.000055,0.000219,0.000287,0.000220,0.000270,0.000269,0.000197,0.000244,0.000199,0.000039,-0.000003,-0.000050,0.000028,0.000157,0.000033,-0.000001,0.000063,-0.000088,-0.000236,-0.000192,-0.000142,-0.000089,0.000032,0.000069,0.000172,0.000240,
0.016115,0.013426,0.001350,-0.004552,-0.003512,-0.002761,-0.003899,-0.004109,-0.003249,-0.001779,-0.000327,0.000295,0.000437,0.000120,-0.000338,-0.000500,-0.000541,-0.000409,0.000103,0.000376,0.000060,-0.000747,-0.001514,-0.001737,-0.001641,-0.001364,-0.001136,-0.000936,-0.000481,-0.000056,-0.000119,-0.000178,0.000014,0.000208,0.000393,0.000606,0.000726,0.000497,0.000076,-0.000266,-0.000361,-0.000324,-0.000304,-0.000419,-0.000596,-0.000395,0.000005,0.000117,-0.000029,-0.000076,-0.000109,-0.000313,-0.000359,-0.000234,-0.000167,-0.000293,-0.000642,-0.000871,-0.000342,0.000705,0.001079,0.000282,-0.000399,-0.000008,0.000553,0.000419,0.000261,0.000477,0.000522,0.000122,-0.000262,-0.000299,-0.000259,-0.000192,-0.000097,-0.000027,-0.000046,-0.000222,-0.000379,-0.000261,-0.000059,0.000040,0.000286,0.000783,0.001539,0.002129,0.001693,0.000104,-0.001339,-0.001697,-0.001447,-0.000951,-0.000374,-0.000165,-0.000258,-0.000190,-0.000063,-0.000083,-0.000073,0.000062,0.000121,0.000118,0.000054,-0.000043,-0.000042,-0.000048,0.000066,0.000166,0.000055,-0.000003,0.000136,0.000242,0.000182,0.000126,0.000215,0.000257,0.000077,-0.000075,0.000008,0.000098,0.000056,0.000102,0.000170,0.000186,0.000164,0.000105,0.000146,0.000167,0.000049,0.000063,0.000080,-0.000017,-0.000016,-0.000076,-0.000062,0.000077,0.000207,0.000330,0.021091,0.010429,0.008146,0.008496,0.005044,-0.000969,-0.004403,-0.003438,0.000101,0.003440,0.004280,0.003211,0.001970,0.000889,0.000261,0.000037,-0.000063,0.000326,0.000921,0.001104,0.000815,0.000099,-0.000532,-0.000312,0.000275,0.000651,0.000788,0.000548,-0.000047,-0.000524,-0.000491,-0.000104,0.000033,-0.000111,-0.000173,-0.000104,-0.000191,-0.000586,-0.001194,-0.001778,-0.001705,-0.001050,-0.000624,-0.000341,0.000033,0.000307,0.000232,-0.000147,-0.000403,-0.000462,-0.000395,-0.000212,-0.000087,-0.000044,-0.000082,-0.000112,0.000033,0.000443,0.000898,0.000907,0.000712,0.001262,0.002061,0.001962,0.001212,0.000588,0.000322,0.000188,-0.000128,-0.000385,-0.000263,-0.000019,-0.000023,-0.000345,-0.000599,-0.000530,-0.000211,0.000162,0.000357,0.000228,0.000005,-0.000076,-0.000063,0.000093,0.000203,-0.000149,-0.000832,-0.001434,-0.001555,-0.001346,-0.000980,-0.000305,0.000198,0.000174,0.000190,0.000274,0.000113,-0.000150,-0.000215,-0.000103,-0.000112,-0.000188,-0.000199,-0.000161,-0.000170,-0.000095,0.000063,0.000091,0.000066,0.000105,-0.000008,-0.000143,-0.000115,-0.000072,-0.000042,0.000025,0.000163,0.000268,0.000185,0.000002,-0.000093,-0.000203,-0.000187,-0.000055,0.000020,0.000134,0.000183,0.000161,0.000051,-0.000081,-0.000146,-0.000191,-0.000217,-0.000084,0.000128,0.000229,0.000192,0.000166,
0.016019,0.013486,0.001299,-0.004666,-0.003555,-0.002784,-0.003908,-0.004052,-0.003329,-0.001975,-0.000497,0.000245,0.000399,0.000158,-0.000332,-0.000667,-0.000628,-0.000382,0.000115,0.000251,-0.000133,-0.000861,-0.001599,-0.001841,-0.001618,-0.001313,-0.001183,-0.000898,-0.000449,-0.000075,0.000000,-0.000070,-0.000099,0.000094,0.000393,0.000638,0.000686,0.000504,0.000172,-0.000187,-0.000411,-0.000371,-0.000356,-0.000414,-0.000356,-0.000137,0.000119,0.000184,-0.000014,-0.000096,-0.000102,-0.000271,-0.000379,-0.000262,-0.000119,-0.000162,-0.000519,-0.000847,-0.000434,0.000602,0.001060,0.000453,0.000092,0.000628,0.000970,0.000622,0.000299,0.000440,0.000516,0.000200,-0.000179,-0.000271,-0.000228,-0.000164,-0.000176,-0.000226,-0.000138,-0.000256,-0.000426,-0.000364,-0.000140,0.000056,0.000252,0.000708,0.001432,0.002030,0.001729,0.000166,-0.001360,-0.001666,-0.001302,-0.000772,-0.000199,0.000003,-0.000177,-0.000217,-0.000189,-0.000083,0.000076,0.000095,0.000146,0.000082,-0.000064,-0.000047,0.000086,0.000180,0.000213,0.000146,0.000116,0.000104,0.000046,0.000009,0.000033,0.000150,0.000229,0.000099,-0.000055,-0.000130,-0.000135,-0.000074,-0.000076,0.000021,0.000092,0.000097,0.000280,0.000302,0.000172,0.000079,0.000024,0.000008,-0.000060,-0.000063,-0.000015,-0.000102,0.000009,0.000152,0.000176,0.000247,0.021346,0.010830,0.008317,0.008445,0.004905,-0.001087,-0.004506,-0.003471,0.000056,0.003344,0.004172,0.003122,0.001798,0.000728,0.000184,-0.000145,-0.000122,0.000326,0.000812,0.001112,0.000955,0.000099,-0.000600,-0.000355,0.000235,0.000691,0.000837,0.000598,0.000034,-0.000437,-0.000353,-0.000137,-0.000176,-0.000404,-0.000449,-0.000241,-0.000241,-0.000569,-0.001205,-0.001829,-0.001752,-0.001148,-0.000711,-0.000337,0.000189,0.000495,0.000214,-0.000215,-0.000397,-0.000389,-0.000197,-0.000090,-0.000037,0.000055,-0.000019,-0.000125,-0.000047,0.000347,0.000828,0.000834,0.000827,0.001432,0.002012,0.001695,0.000693,0.000135,0.000185,0.000205,-0.000034,-0.000267,-0.000281,-0.000276,-0.000418,-0.000626,-0.000646,-0.000507,-0.000201,0.000108,0.000407,0.000465,0.000206,-0.000050,-0.000103,0.000115,0.000298,-0.000073,-0.000872,-0.001483,-0.001515,-0.001233,-0.000917,-0.000349,0.000032,0.000046,0.000166,0.000303,0.000146,-0.000155,-0.000261,-0.000216,-0.000268,-0.000274,-0.000253,-0.000285,-0.000254,-0.000121,0.000043,0.000027,-0.000062,0.000016,0.000026,-0.000143,-0.000155,0.000084,0.000267,0.000186,0.000165,0.000133,0.000089,0.000082,-0.000000,-0.000115,-0.000100,-0.000029,0.000037,0.000110,0.000050,-0.000091,-0.000235,-0.000174,-0.000080,-0.000203,-0.000205,-0.000104,0.000009,0.000223,0.000307,0.000262,
0.016242,0.013606,0.001555,-0.004383,-0.003470,-0.002893,-0.004075,-0.004099,-0.003184,-0.001814,-0.000408,0.000276,0.000538,0.000366,-0.000219,-0.000527,-0.000555,-0.000323,0.000156,0.000282,-0.000165,-0.000870,-0.001573,-0.001879,-0.001625,-0.001286,-0.001108,-0.000897,-0.000371,0.000053,-0.000115,-0.000342,-0.000198,-0.000009,0.000165,0.000505,0.000613,0.000339,0.000071,-0.000176,-0.000426,-0.000468,-0.000442,-0.000479,-0.000472,-0.000315,-0.000103,0.000076,0.000028,-0.000070,-0.000076,-0.000225,-0.000347,-0.000280,-0.000143,-0.000263,-0.000580,-0.000739,-0.000207,0.000809,0.001073,0.000197,-0.000476,0.000016,0.000620,0.000328,-0.000050,0.000164,0.000340,0.000091,-0.000282,-0.000258,-0.000099,-0.000087,-0.000013,-0.000094,-0.000212,-0.000247,-0.000280,-0.000289,-0.000169,0.000064,0.000309,0.000718,0.001346,0.001924,0.001519,-0.000027,-0.001401,-0.001668,-0.001210,-0.000652,-0.000216,-0.000160,-0.000259,-0.000305,-0.000214,0.000011,0.000148,0.000210,0.000203,0.000091,-0.000034,-0.000070,0.000048,0.000145,0.000115,0.000167,0.000184,0.000085,0.000145,0.000263,0.000214,0.000105,0.000110,0.000100,-0.000059,-0.000156,-0.000173,-0.000076,0.000052,0.000123,0.000080,0.000124,0.000288,0.000307,0.000249,0.000108,0.000041,0.000101,0.000173,0.000154,-0.000014,-0.000105,-0.000006,0.000138,0.000111,0.000131,0.021384,0.010823,0.008429,0.008614,0.005095,-0.000824,-0.004377,-0.003459,0.000112,0.003400,0.004220,0.003118,0.001857,0.000812,0.000333,0.000022,-0.000218,0.000297,0.001007,0.001156,0.000886,0.000218,-0.000488,-0.000469,0.000096,0.000582,0.000795,0.000538,-0.000088,-0.000617,-0.000638,-0.000188,0.000020,-0.000120,-0.000051,0.000071,-0.000089,-0.000549,-0.001366,-0.001877,-0.001633,-0.001039,-0.000650,-0.000396,0.000179,0.000515,0.000213,-0.000280,-0.000483,-0.000386,-0.000180,-0.000037,-0.000013,0.000024,-0.000076,-0.000206,-0.000155,0.000247,0.000804,0.000814,0.000702,0.001300,0.002118,0.001959,0.000851,-0.000013,-0.000197,-0.000074,-0.000130,-0.000328,-0.000402,-0.000337,-0.000364,-0.000495,-0.000439,-0.000265,-0.000089,0.000220,0.000514,0.000484,0.000230,-0.000099,-0.000133,0.000079,0.000199,-0.000097,-0.000824,-0.001353,-0.001415,-0.001283,-0.000958,-0.000368,-0.000026,-0.000136,-0.000113,0.000123,0.000166,0.000017,-0.000123,-0.000182,-0.000233,-0.000304,-0.000330,-0.000227,-0.000139,-0.000065,0.000067,0.000144,0.000103,0.000092,0.000113,0.000011,0.000064,0.000187,0.000154,0.000207,0.000309,0.000281,0.000236,0.000216,0.000154,-0.000023,-0.000122,-0.000087,-0.000029,0.000060,0.000118,0.000004,-0.000115,-0.000147,-0.000149,-0.000207,-0.000199,-0.000056,0.000045,0.000122,0.000286,0.000285,
0.016490,0.013606,0.001490,-0.004428,-0.003517,-0.003003,-0.004233,-0.004240,-0.003277,-0.001779,-0.000302,0.000247,0.000360,0.000182,-0.000224,-0.000417,-0.000418,-0.000220,0.000321,0.000376,-0.000097,-0.000854,-0.001604,-0.001834,-0.001692,-0.001423,-0.001234,-0.000950,-0.000417,0.000011,-0.000005,-0.000230,-0.000280,-0.000118,0.000195,0.000489,0.000462,0.000366,0.000230,-0.000073,-0.000236,-0.000251,-0.000301,-0.000358,-0.000355,-0.000165,0.000106,0.000142,0.000005,-0.000088,-0.000241,-0.000410,-0.000381,-0.000276,-0.000202,-0.000263,-0.000602,-0.000773,-0.000247,0.000803,0.001244,0.000637,-0.000048,0.000245,0.000909,0.000907,0.000671,0.000719,0.000589,0.000160,-0.000184,-0.000226,-0.000142,-0.000166,-0.000151,-0.000048,-0.000027,-0.000233,-0.000532,-0.000444,-0.000043,0.000179,0.000348,0.000727,0.001352,0.001962,0.001594,-0.000043,-0.001454,-0.001689,-0.001235,-0.000748,-0.000156,0.000059,-0.000191,-0.000371,-0.000260,-0.000099,-0.000019,0.000022,0.000108,0.000064,-0.000002,0.000098,0.000228,0.000197,0.000077,0.000066,0.000099,0.000036,0.000123,0.000245,0.000205,0.000167,0.000162,0.000164,0.000077,-0.000031,-0.000134,-0.000180,-0.000072,-0.000005,0.000005,0.000073,0.000266,0.000394,0.000297,0.000132,0.000036,0.000031,0.000010,-0.000063,-0.000174,-0.000186,-0.000058,0.000067,0.000165,0.000217,0.021331,0.010878,0.008569,0.008799,0.005283,-0.000704,-0.004262,-0.003333,0.000218,0.003465,0.004211,0.003140,0.001926,0.000910,0.000349,0.000039,-0.000084,0.000268,0.000855,0.001162,0.000891,0.000141,-0.000442,-0.000320,0.000154,0.000605,0.000750,0.000505,0.000073,-0.000414,-0.000445,-0.000198,-0.000166,-0.000188,-0.000086,-0.000017,-0.000207,-0.000587,-0.001131,-0.001724,-0.001691,-0.001016,-0.000609,-0.000338,0.000105,0.000392,0.000235,-0.000125,-0.000362,-0.000379,-0.000291,-0.000186,-0.000065,-0.000025,-0.000160,-0.000161,-0.000027,0.000260,0.000756,0.000846,0.000728,0.001247,0.001776,0.001512,0.000897,0.000416,0.000116,-0.000048,-0.000225,-0.000384,-0.000340,-0.000223,-0.000296,-0.000486,-0.000526,-0.000385,-0.000088,0.000252,0.000314,0.000245,0.000045,-0.000153,-0.000021,0.000212,0.000269,-0.000092,-0.000832,-0.001475,-0.001500,-0.001192,-0.000857,-0.000349,-0.000029,-0.000130,-0.000011,0.000197,0.000029,-0.000228,-0.000191,-0.000115,-0.000109,-0.000121,-0.000180,-0.000209,-0.000205,-0.000094,0.000062,0.000084,0.000063,0.000075,0.000108,0.000090,0.000019,0.000074,0.000193,0.000202,0.000119,0.000101,0.000188,0.000262,0.000165,0.000007,-0.000070,-0.000042,0.000063,0.000093,0.000134,0.000090,-0.000058,-0.000172,-0.000241,-0.000281,-0.000291,-0.000143,0.000012,0.000025,0.000036,0.000066,
0.016232,0.013566,0.001450,-0.004575,-0.003757,-0.003137,-0.004173,-0.004137,-0.003221,-0.001870,-0.000514,0.000164,0.000406,0.000239,-0.000165,-0.000434,-0.000507,-0.000297,0.000168,0.000336,-0.000069,-0.000917,-0.001731,-0.001943,-0.001608,-0.001303,-0.001200,-0.000969,-0.000496,-0.000079,-0.000109,-0.000213,-0.000044,0.000151,0.000280,0.000447,0.000473,0.000292,0.000101,-0.000248,-0.000535,-0.000494,-0.000360,-0.000333,-0.000435,-0.000303,0.000024,0.000083,-0.000104,-0.000237,-0.000229,-0.000203,-0.000209,-0.000226,-0.000163,-0.000184,-0.000596,-0.000882,-0.000401,0.000688,0.001124,0.000356,-0.000203,0.000178,0.000490,0.000285,0.000272,0.000701,0.000833,0.000374,-0.000162,-0.000379,-0.000247,-0.000086,-0.000027,-0.000040,-0.000058,-0.000307,-0.000510,-0.000351,-0.000065,0.000115,0.000238,0.000548,0.001308,0.001896,0.001451,-0.000037,-0.001412,-0.001713,-0.001322,-0.000769,-0.000259,-0.000080,-0.000203,-0.000192,-0.000020,0.000124,0.000197,0.000237,0.000186,0.000080,-0.000027,-0.000040,0.000119,0.000212,0.000242,0.000242,0.000201,0.000171,0.000188,0.000274,0.000225,0.000076,0.000075,0.000036,-0.000041,-0.000088,-0.000208,-0.000174,-0.000026,0.000022,0.000004,0.000042,0.000258,0.000317,0.000190,0.000062,0.000026,0.000068,0.000059,0.000003,-0.000068,-0.000159,-0.000105,0.000085,0.000159,0.000238,0.021268,0.010925,0.008541,0.008783,0.005344,-0.000613,-0.004122,-0.003201,0.000278,0.003433,0.004180,0.003095,0.001861,0.000862,0.000205,-0.000109,-0.000171,0.000335,0.000946,0.001060,0.000731,0.000180,-0.000362,-0.000327,0.000190,0.000651,0.000881,0.000633,-0.000058,-0.000605,-0.000596,-0.000160,-0.000097,-0.000264,-0.000207,-0.000082,-0.000175,-0.000649,-0.001292,-0.001843,-0.001730,-0.001011,-0.000500,-0.000173,0.000203,0.000403,0.000248,-0.000153,-0.000401,-0.000418,-0.000378,-0.000261,-0.000090,0.000038,-0.000068,-0.000260,-0.000128,0.000388,0.000878,0.000791,0.000812,0.001501,0.002110,0.001607,0.000477,-0.000045,0.000042,0.000053,-0.000268,-0.000466,-0.000351,-0.000250,-0.000345,-0.000404,-0.000312,-0.000225,0.000027,0.000285,0.000417,0.000368,0.000189,0.000086,0.000089,0.000157,0.000240,0.000027,-0.000640,-0.001245,-0.001355,-0.001221,-0.000935,-0.000394,-0.000039,0.000007,0.000133,0.000244,0.000191,0.000004,-0.000183,-0.000152,-0.000157,-0.000260,-0.000212,-0.000201,-0.000244,-0.000123,0.000025,-0.000007,0.000003,-0.000039,-0.000036,0.000024,0.000123,0.000222,0.000187,0.000158,0.000248,0.000232,0.000084,-0.000035,-0.000036,-0.000064,-0.000075,-0.000025,0.000076,0.000144,0.000054,-0.000016,-0.000061,-0.000136,-0.000188,-0.000227,-0.000210,-0.000053,0.000057,0.000128,0.000244,0.000173,
0.015337,0.013005,0.000901,-0.005114,-0.004071,-0.003194,-0.004079,-0.004161,-0.003317,-0.002006,-0.000625,0.000092,0.000268,0.000103,-0.000369,-0.000672,-0.000702,-0.000444,0.000035,0.000161,-0.000225,-0.000909,-0.001591,-0.001862,-0.001699,-0.001446,-0.001377,-0.001273,-0.000855,-0.000321,-0.000102,-0.000142,0.000108,0.000397,0.000509,0.000563,0.000491,0.000292,-0.000032,-0.000378,-0.000559,-0.000511,-0.000320,-0.000245,-0.000264,-0.000078,0.000121,0.000103,-0.000054,-0.000222,-0.000232,-0.000165,-0.000277,-0.000311,-0.000259,-0.000383,-0.000674,-0.000892,-0.000386,0.000660,0.000952,0.000163,-0.000326,0.000405,0.001115,0.000941,0.000642,0.000758,0.000777,0.000372,-0.000098,-0.000396,-0.000417,-0.000167,-0.000057,-0.000021,-0.000006,-0.000225,-0.000481,-0.000492,-0.000161,0.000128,0.000270,0.000609,0.001401,0.002063,0.001645,0.000074,-0.001314,-0.001542,-0.001238,-0.000847,-0.000396,-0.000148,-0.000171,-0.000186,-0.000171,-0.000116,0.000042,0.000106,0.000167,0.000145,0.000005,0.000059,0.000189,0.000194,0.000099,0.000075,0.000087,0.000074,0.000133,0.000173,0.000129,0.000134,0.000213,0.000182,-0.000015,-0.000137,-0.000074,-0.000018,0.000033,0.000010,-0.000018,0.000116,0.000302,0.000346,0.000231,0.000093,0.000101,0.000177,0.000230,0.000184,-0.000001,-0.000068,0.000027,0.000133,0.000137,0.000175,0.022379,0.011939,0.008758,0.008421,0.005109,-0.000690,-0.004202,-0.003320,0.000128,0.003408,0.004178,0.003014,0.001848,0.000964,0.000273,-0.000132,-0.000155,0.000388,0.001007,0.001147,0.000745,-0.000028,-0.000576,-0.000467,0.000083,0.000569,0.000696,0.000462,-0.000027,-0.000463,-0.000480,-0.000024,0.000293,0.000072,-0.000262,-0.000216,-0.000116,-0.000449,-0.001131,-0.001746,-0.001700,-0.001096,-0.000618,-0.000216,0.000237,0.000450,0.000231,-0.000234,-0.000535,-0.000538,-0.000298,-0.000093,0.000021,0.000079,0.000019,-0.000044,0.000072,0.000430,0.000899,0.000868,0.000730,0.001332,0.002006,0.001888,0.000992,0.000246,0.000145,0.000091,-0.000256,-0.000631,-0.000716,-0.000466,-0.000354,-0.000613,-0.000654,-0.000465,-0.000141,0.000204,0.000365,0.000359,0.000096,-0.000146,-0.000035,0.000242,0.000351,0.000023,-0.000810,-0.001489,-0.001659,-0.001415,-0.000971,-0.000345,0.000110,-0.000044,-0.000072,0.000149,0.000133,-0.000025,-0.000191,-0.000315,-0.000358,-0.000340,-0.000270,-0.000178,-0.000147,-0.000057,0.000065,0.000135,0.000141,0.000109,0.000058,-0.000069,-0.000033,0.000097,0.000125,0.000151,0.000135,0.000152,0.000148,0.000077,0.000051,-0.000012,-0.000085,-0.000017,0.000081,0.000103,0.000114,0.000075,-0.000069,-0.000218,-0.000324,-0.000296,-0.000237,-0.000202,-0.000060,0.000127,0.000219,0.000280,
0.015899,0.013466,0.001266,-0.004819,-0.004006,-0.003313,-0.004305,-0.004315,-0.003353,-0.001914,-0.000480,0.000146,0.000344,0.000233,-0.000174,-0.000411,-0.000498,-0.000387,0.000128,0.000325,-0.000116,-0.000854,-0.001508,-0.001767,-0.001641,-0.001370,-0.001184,-0.000962,-0.000585,-0.000213,-0.000246,-0.000343,-0.000154,0.000027,0.000206,0.000432,0.000496,0.000317,0.000098,-0.000194,-0.000441,-0.000412,-0.000364,-0.000439,-0.000470,-0.000267,0.000019,0.000105,0.000086,0.000017,-0.000163,-0.000305,-0.000337,-0.000305,-0.000209,-0.000298,-0.000574,-0.000830,-0.000524,0.000455,0.000909,0.000088,-0.000470,0.000143,0.000847,0.000726,0.000450,0.000668,0.000816,0.000439,0.000011,-0.000166,-0.000230,-0.000164,-0.000065,0.000022,0.000017,-0.000148,-0.000316,-0.000314,-0.000086,0.000188,0.000353,0.000662,0.001309,0.001913,0.001559,0.000033,-0.001332,-0.001563,-0.001258,-0.000828,-0.000326,-0.000082,-0.000168,-0.000219,-0.000096,0.000073,0.000205,0.000196,0.000235,0.000251,0.000036,-0.000052,0.000044,0.000062,0.000069,0.000128,0.000157,0.000151,0.000035,-0.000051,0.000015,0.000115,0.000069,-0.000002,-0.000018,-0.000024,-0.000044,-0.000007,0.000021,0.000070,0.000223,0.000276,0.000262,0.000118,-0.000049,-0.000039,0.000045,0.000120,0.000108,0.000085,0.000034,0.000004,0.000087,0.000126,0.000117,0.000188,0.022123,0.011665,0.008928,0.008821,0.005370,-0.000542,-0.004245,-0.003517,-0.000033,0.003283,0.004142,0.003164,0.002046,0.001019,0.000353,-0.000001,-0.000094,0.000357,0.001007,0.001203,0.000907,0.000137,-0.000549,-0.000388,0.000188,0.000655,0.000760,0.000485,-0.000033,-0.000482,-0.000436,-0.000118,-0.000021,-0.000182,-0.000200,-0.000053,0.000047,-0.000265,-0.001101,-0.001734,-0.001587,-0.000967,-0.000579,-0.000420,-0.000018,0.000282,0.000093,-0.000260,-0.000400,-0.000373,-0.000310,-0.000127,0.000031,-0.000001,-0.000087,-0.000108,0.000007,0.000290,0.000757,0.000867,0.000843,0.001447,0.002211,0.002164,0.001351,0.000544,0.000285,0.000332,0.000041,-0.000312,-0.000263,-0.000076,-0.000150,-0.000422,-0.000611,-0.000539,-0.000242,0.000165,0.000399,0.000384,0.000272,0.000091,0.000016,0.000270,0.000468,0.000034,-0.000873,-0.001624,-0.001753,-0.001442,-0.001055,-0.000436,-0.000053,-0.000038,0.000070,0.000210,0.000136,-0.000094,-0.000248,-0.000181,-0.000146,-0.000211,-0.000184,-0.000189,-0.000229,-0.000210,-0.000056,0.000089,0.000086,0.000108,0.000091,-0.000066,-0.000040,0.000075,0.000091,0.000092,0.000122,0.000219,0.000170,0.000051,0.000025,-0.000100,-0.000217,-0.000122,0.000032,0.000164,0.000134,-0.000059,-0.000182,-0.000185,-0.000234,-0.000242,-0.000143,-0.000100,-0.000034,0.000110,0.000141,0.000170,
0.016305,0.013592,0.001457,-0.004704,-0.003944,-0.003412,-0.004477,-0.004401,-0.003357,-0.001822,-0.000422,0.000130,0.000323,0.000214,-0.000272,-0.000616,-0.000572,-0.000179,0.000318,0.000367,-0.000111,-0.000778,-0.001479,-0.001857,-0.001646,-0.001254,-0.001081,-0.000828,-0.000379,-0.000094,-0.000151,-0.000189,-0.000034,0.000142,0.000349,0.000520,0.000553,0.000427,0.000131,-0.000166,-0.000447,-0.000465,-0.000434,-0.000510,-0.000521,-0.000282,0.000085,0.000144,-0.000018,-0.000108,-0.000200,-0.000347,-0.000377,-0.000365,-0.000251,-0.000185,-0.000535,-0.000888,-0.000452,0.000608,0.001128,0.000522,-0.000079,0.000367,0.000773,0.000501,0.000263,0.000399,0.000493,0.000152,-0.000253,-0.000367,-0.000315,-0.000162,-0.000138,-0.000192,-0.000171,-0.000308,-0.000443,-0.000417,-0.000277,-0.000016,0.000309,0.000819,0.001515,0.002074,0.001695,0.000040,-0.001372,-0.001584,-0.001239,-0.000788,-0.000190,0.000001,-0.000189,-0.000142,-0.000041,-0.000059,-0.000069,-0.000042,0.000017,0.000003,-0.000046,-0.000037,-0.000010,0.000027,-0.000025,-0.000122,-0.000097,0.000037,0.000129,0.000156,0.000090,0.000084,0.000151,0.000180,0.000091,-0.000039,-0.000143,-0.000107,0.000046,0.000050,0.000019,0.000132,0.000228,0.000175,0.000089,0.000122,0.000080,0.000012,0.000021,0.000061,-0.000002,-0.000085,0.000003,0.000095,0.000189,0.000268,0.021911,0.011471,0.008800,0.008863,0.005509,-0.000400,-0.004068,-0.003357,0.000061,0.003322,0.004173,0.003253,0.002045,0.000912,0.000228,-0.000165,-0.000260,0.000313,0.001043,0.001292,0.000984,0.000218,-0.000350,-0.000236,0.000184,0.000640,0.000895,0.000645,-0.000000,-0.000513,-0.000580,-0.000231,0.000010,-0.000106,-0.000201,-0.000168,-0.000186,-0.000553,-0.001276,-0.001757,-0.001605,-0.000944,-0.000497,-0.000303,0.000099,0.000391,0.000213,-0.000221,-0.000502,-0.000586,-0.000534,-0.000304,-0.000127,-0.000108,-0.000114,-0.000130,-0.000083,0.000273,0.000768,0.000858,0.000792,0.001262,0.001740,0.001412,0.000612,0.000123,0.000068,0.000069,-0.000141,-0.000394,-0.000390,-0.000272,-0.000371,-0.000620,-0.000675,-0.000441,-0.000169,0.000208,0.000494,0.000474,0.000250,-0.000027,-0.000029,0.000213,0.000262,-0.000124,-0.000842,-0.001434,-0.001463,-0.001195,-0.000849,-0.000355,0.000028,0.000061,0.000068,0.000218,0.000154,-0.000084,-0.000169,-0.000196,-0.000190,-0.000253,-0.000320,-0.000156,-0.000158,-0.000193,-0.000052,0.000138,0.000237,0.000113,-0.000072,-0.000086,0.000006,0.000100,0.000232,0.000236,0.000216,0.000253,0.000219,0.000152,0.000149,0.000035,-0.000093,-0.000021,0.000105,0.000164,0.000135,0.000108,0.000064,-0.000062,-0.000122,-0.000061,-0.000013,-0.000047,0.000021,0.000140,0.000252,0.000258,
0.016592,0.013968,0.001748,-0.004442,-0.003937,-0.003666,-0.004699,-0.004460,-0.003343,-0.001761,-0.000285,0.000244,0.000301,0.000175,-0.000248,-0.000542,-0.000608,-0.000362,0.000108,0.000275,-0.000128,-0.000886,-0.001672,-0.001881,-0.001556,-0.001261,-0.001085,-0.000814,-0.000268,0.000012,-0.000182,-0.000294,-0.000219,-0.000012,0.000215,0.000450,0.000550,0.000359,-0.000063,-0.000413,-0.000483,-0.000491,-0.000481,-0.000417,-0.000355,-0.000232,-0.000065,0.000050,-0.000012,-0.000052,-0.000098,-0.000219,-0.000299,-0.000219,-0.000164,-0.000268,-0.000608,-0.000861,-0.000352,0.000659,0.001007,0.000266,-0.000220,0.000367,0.000872,0.000478,0.000028,0.000184,0.000307,0.000083,-0.000156,-0.000277,-0.000270,-0.000172,-0.000161,-0.000151,-0.000169,-0.000293,-0.000395,-0.000394,-0.000165,0.000219,0.000492,0.000779,0.001370,0.001920,0.001562,-0.000044,-0.001460,-0.001685,-0.001403,-0.000890,-0.000248,-0.000085,-0.000309,-0.000272,-0.000064,0.000008,0.000070,0.000115,0.000098,0.000028,-0.000073,-0.000079,0.000047,0.000112,0.000048,0.000013,0.000094,0.000140,0.000123,0.000178,0.000212,0.000110,0.000067,0.000063,-0.000071,-0.000199,-0.000220,-0.000047,0.000048,0.000023,0.000051,0.000112,0.000278,0.000329,0.000201,0.000240,0.000312,0.000196,0.000032,-0.000033,-0.000073,-0.000083,0.000011,0.000072,0.000049,0.000187,0.021694,0.011399,0.008948,0.009065,0.005628,-0.000317,-0.003943,-0.003191,0.000269,0.003487,0.004191,0.003088,0.001859,0.000740,0.000099,-0.000124,-0.000051,0.000520,0.001111,0.001251,0.000828,0.000131,-0.000450,-0.000382,0.000180,0.000654,0.000826,0.000501,-0.000055,-0.000601,-0.000740,-0.000387,-0.000206,-0.000251,-0.000150,-0.000031,-0.000174,-0.000527,-0.001066,-0.001620,-0.001518,-0.001029,-0.000741,-0.000445,0.000101,0.000467,0.000205,-0.000296,-0.000394,-0.000357,-0.000316,-0.000112,0.000051,0.000015,-0.000147,-0.000184,0.000015,0.000420,0.000828,0.000849,0.000849,0.001534,0.002247,0.001864,0.000801,0.000109,0.000004,0.000055,-0.000118,-0.000350,-0.000298,-0.000220,-0.000406,-0.000632,-0.000683,-0.000550,-0.000215,0.000139,0.000399,0.000405,0.000185,0.000006,-0.000049,0.000068,0.000203,-0.000056,-0.000731,-0.001374,-0.001417,-0.001116,-0.000829,-0.000369,0.000001,0.000037,0.000121,0.000192,0.000086,-0.000074,-0.000132,-0.000205,-0.000336,-0.000316,-0.000214,-0.000193,-0.000154,-0.000011,0.000000,-0.000017,-0.000019,-0.000028,-0.000116,-0.000131,-0.000074,-0.000025,0.000022,0.000124,0.000225,0.000314,0.000263,0.000110,0.000025,0.000043,0.000167,0.000146,0.000141,0.000170,0.000198,0.000079,-0.000143,-0.000215,-0.000136,-0.000079,-0.000123,-0.000051,0.000099,0.000173,0.000304,0.000276,
0.016617,0.014133,0.001899,-0.004429,-0.003833,-0.003546,-0.004843,-0.004812,-0.003572,-0.001823,-0.000242,0.000356,0.000388,0.000149,-0.000209,-0.000437,-0.000533,-0.000426,0.000133,0.000378,-0.000057,-0.000768,-0.001518,-0.001854,-0.001642,-0.001315,-0.000994,-0.000676,-0.000304,0.000038,0.000030,-0.000227,-0.000237,-0.000070,0.000155,0.000461,0.000540,0.000370,0.000095,-0.000164,-0.000316,-0.000387,-0.000439,-0.000456,-0.000431,-0.000148,0.000083,-0.000027,-0.000129,-0.000127,-0.000216,-0.000343,-0.000353,-0.000220,-0.000119,-0.000298,-0.000611,-0.000784,-0.000304,0.000740,0.001107,0.000235,-0.000490,0.000035,0.000877,0.000973,0.000648,0.000604,0.000546,0.000156,-0.000272,-0.000237,-0.000054,-0.000049,-0.000094,-0.000113,-0.000053,-0.000232,-0.000411,-0.000175,0.000126,0.000283,0.000459,0.000845,0.001506,0.002081,0.001599,-0.000040,-0.001396,-0.001725,-0.001393,-0.000794,-0.000182,0.000015,-0.000156,-0.000242,-0.000154,-0.000057,0.000106,0.000248,0.000250,0.000152,0.000027,0.000057,0.000194,0.000215,0.000221,0.000223,0.000191,0.000247,0.000247,0.000136,0.000117,0.000204,0.000265,0.000218,0.000053,-0.000030,0.000022,0.000013,-0.000037,-0.000046,0.000042,0.000165,0.000227,0.000194,0.000152,0.000133,0.000149,0.000212,0.000051,-0.000119,-0.000138,-0.000131,-0.000086,0.000061,0.000204,0.000246,0.021593,0.011243,0.008949,0.009158,0.005757,-0.000093,-0.003651,-0.002990,0.000249,0.003417,0.004249,0.003251,0.001970,0.000854,0.000258,-0.000080,-0.000089,0.000338,0.000823,0.001068,0.000821,0.000200,-0.000386,-0.000300,0.000223,0.000638,0.000751,0.000481,-0.000084,-0.000551,-0.000486,-0.000194,-0.000078,-0.000169,-0.000189,-0.000149,-0.000216,-0.000530,-0.001192,-0.001758,-0.001634,-0.000973,-0.000567,-0.000412,0.000046,0.000414,0.000208,-0.000178,-0.000379,-0.000381,-0.000235,-0.000050,0.000069,0.000036,-0.000057,-0.000072,0.000023,0.000408,0.000860,0.000757,0.000558,0.001098,0.001740,0.001535,0.000589,-0.000194,-0.000364,-0.000266,-0.000303,-0.000539,-0.000526,-0.000284,-0.000226,-0.000378,-0.000427,-0.000286,-0.000154,0.000050,0.000267,0.000294,0.000088,-0.000145,-0.000196,0.000027,0.000233,-0.000123,-0.000895,-0.001501,-0.001474,-0.001127,-0.000720,-0.000166,0.000110,0.000038,0.000056,0.000206,0.000173,-0.000049,-0.000197,-0.000293,-0.000269,-0.000193,-0.000263,-0.000241,-0.000155,-0.000031,0.000104,0.000133,0.000003,0.000022,0.000089,-0.000010,-0.000037,0.000042,0.000078,0.000118,0.000240,0.000187,0.000099,0.000085,0.000039,-0.000050,-0.000240,-0.000237,-0.000065,0.000000,0.000011,0.000009,-0.000096,-0.000098,-0.000184,-0.000299,-0.000274,-0.000257,-0.000108,0.000138,0.000281,0.000325,
0.016774,0.014267,0.001898,-0.004553,-0.004116,-0.003720,-0.004932,-0.004929,-0.003616,-0.001770,-0.000342,0.000268,0.000521,0.000352,-0.000119,-0.000479,-0.000587,-0.000318,0.000296,0.000456,-0.000004,-0.000731,-0.001477,-0.001706,-0.001375,-0.001158,-0.001130,-0.000899,-0.000446,0.000033,0.000028,-0.000224,0.000023,0.000305,0.000394,0.000571,0.000623,0.000370,0.000067,-0.000155,-0.000356,-0.000414,-0.000405,-0.000429,-0.000306,-0.000122,0.000067,0.000118,-0.000066,-0.000249,-0.000404,-0.000460,-0.000398,-0.000271,-0.000246,-0.000361,-0.000671,-0.000887,-0.000384,0.000662,0.001105,0.000550,0.000175,0.000410,0.000347,0.000049,0.000173,0.000667,0.000796,0.000365,-0.000137,-0.000370,-0.000351,-0.000254,-0.000195,-0.000090,-0.000024,-0.000179,-0.000441,-0.000463,-0.000170,0.000113,0.000279,0.000606,0.001229,0.001866,0.001497,-0.000142,-0.001471,-0.001695,-0.001353,-0.000823,-0.000282,-0.000106,-0.000218,-0.000189,-0.000035,0.000048,0.000061,0.000057,0.000059,-0.000036,-0.000073,-0.000007,0.000033,0.000033,-0.000016,0.000013,0.000103,0.000070,0.000035,0.000031,0.000044,0.000052,0.000021,-0.000080,-0.000187,-0.000222,-0.000149,-0.000045,-0.000036,0.000039,0.000128,0.000095,0.000080,0.000118,0.000158,0.000073,0.000080,0.000212,0.000249,0.000141,0.000047,0.000017,-0.000043,-0.000019,0.000065,0.000105,0.022071,0.011788,0.009080,0.008919,0.005580,-0.000122,-0.003663,-0.003008,0.000166,0.003374,0.004235,0.003159,0.001955,0.000900,0.000258,-0.000034,-0.000105,0.000364,0.001096,0.001313,0.000846,0.000105,-0.000429,-0.000237,0.000359,0.000761,0.000866,0.000632,0.000043,-0.000499,-0.000515,-0.000170,-0.000080,-0.000232,-0.000114,0.000028,-0.000082,-0.000500,-0.001207,-0.001768,-0.001644,-0.000965,-0.000501,-0.000144,0.000300,0.000562,0.000409,-0.000072,-0.000363,-0.000344,-0.000345,-0.000221,-0.000052,0.000051,0.000027,-0.000037,0.000036,0.000361,0.000818,0.000925,0.000979,0.001530,0.001938,0.001664,0.000987,0.000412,0.000162,0.000055,-0.000220,-0.000539,-0.000380,-0.000111,-0.000150,-0.000277,-0.000425,-0.000406,-0.000111,0.000272,0.000403,0.000356,0.000122,-0.000115,-0.000049,0.000158,0.000259,-0.000030,-0.000739,-0.001458,-0.001571,-0.001253,-0.000976,-0.000543,-0.000184,-0.000086,0.000068,0.000246,0.000221,-0.000013,-0.000180,-0.000251,-0.000149,-0.000150,-0.000211,-0.000138,-0.000064,-0.000060,-0.000030,0.000027,0.000097,0.000127,0.000068,0.000043,0.000100,0.000142,0.000217,0.000284,0.000243,0.000159,0.000108,0.000065,0.000049,-0.000006,-0.000106,-0.000221,-0.000166,-0.000057,-0.000034,0.000016,0.000042,0.000011,-0.000162,-0.000294,-0.000190,-0.000123,-0.000069,0.000079,0.000256,0.000236,
0.016920,0.014693,0.002137,-0.004559,-0.004108,-0.003762,-0.005016,-0.004960,-0.003717,-0.001979,-0.000476,0.000070,0.000257,0.000136,-0.000304,-0.000645,-0.000736,-0.000459,0.000239,0.000481,-0.000057,-0.000898,-0.001628,-0.001827,-0.001629,-0.001390,-0.001268,-0.001145,-0.000757,-0.000350,-0.000319,-0.000291,-0.000108,0.000112,0.000360,0.000502,0.000495,0.000325,-0.000008,-0.000426,-0.000670,-0.000652,-0.000475,-0.000325,-0.000214,-0.000008,0.000232,0.000273,0.000082,-0.000149,-0.000262,-0.000307,-0.000318,-0.000318,-0.000292,-0.000322,-0.000562,-0.000779,-0.000356,0.000615,0.000960,0.000230,-0.000222,0.000426,0.001000,0.000785,0.000547,0.000705,0.000751,0.000331,-0.000216,-0.000512,-0.000424,-0.000111,0.000071,0.000136,0.000042,-0.000187,-0.000428,-0.000511,-0.000323,-0.000034,0.000266,0.000777,0.001505,0.002030,0.001572,0.000013,-0.001357,-0.001577,-0.001164,-0.000717,-0.000241,-0.000130,-0.000297,-0.000257,-0.000106,-0.000040,0.000017,0.000103,0.000167,0.000112,0.000036,0.000120,0.000227,0.000194,0.000155,0.000177,0.000216,0.000114,0.000004,0.000088,0.000181,0.000152,0.000191,0.000138,-0.000104,-0.000195,-0.000104,0.000002,0.000123,0.000170,0.000099,0.000146,0.000215,0.000201,0.000235,0.000196,0.000125,0.000115,0.000101,0.000087,-0.000039,-0.000105,0.000005,0.000161,0.000165,0.000163,0.022376,0.011897,0.009102,0.009054,0.005849,0.000136,-0.003623,-0.003060,0.000241,0.003477,0.004319,0.003275,0.002027,0.000883,0.000170,-0.000106,-0.000047,0.000430,0.001084,0.001311,0.000875,0.000112,-0.000431,-0.000309,0.000175,0.000638,0.000879,0.000552,-0.000096,-0.000554,-0.000467,-0.000113,-0.000065,-0.000324,-0.000272,-0.000000,-0.000041,-0.000518,-0.001264,-0.001815,-0.001648,-0.001024,-0.000563,-0.000294,0.000083,0.000438,0.000238,-0.000171,-0.000352,-0.000366,-0.000215,-0.000107,-0.000018,0.000051,-0.000036,-0.000112,0.000018,0.000428,0.000863,0.000768,0.000614,0.001206,0.001946,0.001633,0.000563,-0.000022,0.000008,-0.000005,-0.000275,-0.000511,-0.000427,-0.000194,-0.000059,-0.000185,-0.000313,-0.000177,0.000037,0.000252,0.000412,0.000404,0.000189,-0.000002,0.000094,0.000270,0.000350,-0.000077,-0.000917,-0.001483,-0.001440,-0.001140,-0.000773,-0.000182,0.000182,0.000028,0.000085,0.000331,0.000248,-0.000035,-0.000116,-0.000117,-0.000229,-0.000192,-0.000132,-0.000145,-0.000182,-0.000175,-0.000003,0.000045,0.000003,0.000077,0.000037,-0.000064,0.000006,0.000010,-0.000011,0.000089,0.000268,0.000283,0.000185,0.000111,0.000002,-0.000045,0.000037,0.000067,0.000104,0.000068,0.000032,-0.000013,-0.000089,-0.000191,-0.000275,-0.000135,-0.000085,-0.000153,-0.000050,0.000077,0.000235,0.000286,
0.017340,0.014999,0.002377,-0.004425,-0.004177,-0.003879,-0.005108,-0.005070,-0.003723,-0.001867,-0.000361,0.000250,0.000396,0.000206,-0.000116,-0.000455,-0.000716,-0.000420,0.000321,0.000546,-0.000107,-0.001002,-0.001655,-0.001838,-0.001571,-0.001249,-0.001181,-0.000977,-0.000476,-0.000072,0.000022,-0.000023,0.000124,0.000248,0.000289,0.000420,0.000419,0.000232,-0.000021,-0.000326,-0.000604,-0.000567,-0.000371,-0.000429,-0.000370,-0.000117,0.000125,0.000102,-0.000099,-0.000141,-0.000154,-0.000335,-0.000489,-0.000406,-0.000210,-0.000327,-0.000741,-0.000952,-0.000358,0.000761,0.001189,0.000446,-0.000046,0.000530,0.001051,0.000858,0.000706,0.000843,0.000717,0.000266,-0.000100,-0.000187,-0.000167,-0.000069,0.000140,0.000121,0.000010,-0.000093,-0.000384,-0.000442,-0.000145,0.000156,0.000306,0.000662,0.001415,0.002117,0.001682,-0.000031,-0.001342,-0.001580,-0.001287,-0.000727,-0.000108,-0.000016,-0.000295,-0.000307,-0.000143,-0.000009,0.000086,0.000144,0.000121,0.000072,0.000048,0.000034,0.000086,0.000091,0.000135,0.000218,0.000221,0.000171,0.000206,0.000255,0.000190,0.000109,0.000245,0.000261,0.000040,-0.000158,-0.000195,-0.000105,-0.000049,0.000016,0.000080,0.000084,0.000131,0.000213,0.000230,0.000105,0.000018,0.000045,0.000123,0.000104,-0.000009,0.000020,0.000129,0.000126,0.000150,0.000252,0.022086,0.011696,0.009114,0.009287,0.005999,0.000120,-0.003532,-0.002896,0.000346,0.003551,0.004321,0.003283,0.002068,0.000911,0.000223,-0.000074,-0.000027,0.000558,0.001067,0.001066,0.000702,0.000038,-0.000468,-0.000320,0.000095,0.000563,0.000828,0.000615,0.000033,-0.000505,-0.000377,0.000144,0.000302,0.000011,-0.000212,-0.000094,0.000022,-0.000304,-0.001054,-0.001663,-0.001537,-0.000942,-0.000488,-0.000277,0.000087,0.000374,0.000223,-0.000177,-0.000418,-0.000384,-0.000294,-0.000150,-0.000025,-0.000008,-0.000049,0.000014,0.000184,0.000446,0.000826,0.000866,0.000796,0.001427,0.002268,0.002197,0.001253,0.000544,0.000399,0.000227,-0.000156,-0.000342,-0.000262,-0.000139,-0.000137,-0.000340,-0.000425,-0.000332,-0.000151,0.000170,0.000338,0.000367,0.000172,-0.000066,-0.000004,0.000244,0.000255,-0.000178,-0.000850,-0.001493,-0.001602,-0.001273,-0.000953,-0.000359,0.000060,0.000067,0.000192,0.000336,0.000182,-0.000046,-0.000136,-0.000188,-0.000282,-0.000361,-0.000335,-0.000330,-0.000344,-0.000214,-0.000026,0.000063,0.000067,0.000054,0.000047,0.000070,0.000043,0.000105,0.000162,0.000194,0.000223,0.000243,0.000210,0.000138,0.000091,0.000052,0.000025,-0.000058,0.000021,0.000176,0.000181,0.000131,0.000076,-0.000052,-0.000201,-0.000295,-0.000309,-0.000228,-0.000073,0.000119,0.000209,0.000248,
0.017067,0.014645,0.002175,-0.004532,-0.004325,-0.004143,-0.005362,-0.005136,-0.003775,-0.002028,-0.000509,0.000087,0.000284,0.000181,-0.000279,-0.000688,-0.000786,-0.000414,0.000286,0.000416,-0.000128,-0.000909,-0.001608,-0.001972,-0.001744,-0.001331,-0.001097,-0.000872,-0.000438,-0.000087,-0.000176,-0.000360,-0.000229,0.000035,0.000270,0.000474,0.000521,0.000451,0.000152,-0.000196,-0.000395,-0.000402,-0.000337,-0.000449,-0.000552,-0.000340,0.000056,0.000109,-0.000073,-0.000056,-0.000187,-0.000315,-0.000335,-0.000289,-0.000139,-0.000216,-0.000601,-0.000766,-0.000282,0.000713,0.001182,0.000349,-0.000410,0.000016,0.000585,0.000453,0.000338,0.000641,0.000621,0.000177,-0.000218,-0.000380,-0.000309,-0.000194,-0.000201,-0.000135,-0.000005,-0.000117,-0.000374,-0.000376,-0.000103,0.000051,0.000254,0.000740,0.001529,0.002169,0.001667,-0.000031,-0.001429,-0.001632,-0.001290,-0.000796,-0.000299,-0.000202,-0.000378,-0.000334,-0.000147,-0.000141,-0.000103,0.000140,0.000271,0.000130,-0.000045,-0.000103,0.000017,0.000056,-0.000006,0.000070,0.000167,0.000113,0.000057,0.000057,0.000112,0.000111,0.000154,0.000156,-0.000049,-0.000176,-0.000059,0.000076,0.000063,0.000064,0.000100,0.000073,0.000148,0.000176,0.000192,0.000163,0.000020,0.000063,0.000170,0.000121,-0.000031,-0.000062,0.000036,0.000168,0.000229,0.000254,0.022288,0.011775,0.008933,0.008998,0.005989,0.000318,-0.003528,-0.003111,0.000178,0.003455,0.004284,0.003231,0.002075,0.001028,0.000245,-0.000198,-0.000150,0.000448,0.001142,0.001247,0.000750,-0.000008,-0.000536,-0.000341,0.000284,0.000674,0.000705,0.000459,-0.000076,-0.000537,-0.000508,-0.000244,-0.000184,-0.000276,-0.000295,-0.000126,-0.000109,-0.000613,-0.001290,-0.001751,-0.001634,-0.001038,-0.000688,-0.000417,0.000145,0.000444,0.000196,-0.000168,-0.000446,-0.000597,-0.000507,-0.000176,0.000077,0.000087,0.000024,0.000073,0.000155,0.000335,0.000711,0.000802,0.000766,0.001348,0.001967,0.001743,0.000998,0.000345,0.000113,0.000226,0.000013,-0.000381,-0.000420,-0.000234,-0.000143,-0.000372,-0.000673,-0.000615,-0.000238,0.000240,0.000459,0.000282,-0.000022,-0.000126,-0.000051,0.000145,0.000330,-0.000026,-0.000816,-0.001391,-0.001435,-0.001238,-0.000935,-0.000333,0.000074,-0.000062,-0.000006,0.000216,0.000196,0.000098,-0.000184,-0.000439,-0.000362,-0.000214,-0.000158,-0.000142,-0.000043,0.000000,0.000030,0.000148,0.000095,0.000025,0.000008,-0.000008,0.000018,0.000043,0.000077,0.000183,0.000216,0.000128,0.000025,0.000048,0.000068,-0.000040,-0.000097,-0.000003,0.000162,0.000222,0.000166,0.000105,-0.000045,-0.000209,-0.000210,-0.000234,-0.000198,-0.000089,-0.000011,0.000045,0.000124,0.000117,
0.017571,0.015015,0.002371,-0.004358,-0.004085,-0.004058,-0.005400,-0.005208,-0.003777,-0.001873,-0.000290,0.000205,0.000309,0.000222,-0.000122,-0.000560,-0.000894,-0.000669,0.000108,0.000400,-0.000209,-0.001028,-0.001641,-0.001890,-0.001643,-0.001214,-0.001070,-0.000811,-0.000208,0.000095,-0.000031,-0.000146,-0.000110,-0.000000,0.000164,0.000388,0.000404,0.000191,-0.000070,-0.000394,-0.000572,-0.000495,-0.000457,-0.000492,-0.000450,-0.000210,0.000070,0.000063,-0.000014,-0.000128,-0.000299,-0.000385,-0.000378,-0.000231,-0.000081,-0.000185,-0.000559,-0.000852,-0.000430,0.000505,0.000881,0.000253,-0.000106,0.000487,0.000841,0.000482,0.000198,0.000377,0.000450,0.000233,-0.000025,-0.000176,-0.000112,-0.000057,-0.000140,-0.000162,-0.000150,-0.000193,-0.000363,-0.000372,-0.000108,0.000168,0.000387,0.000765,0.001472,0.002022,0.001524,-0.000022,-0.001446,-0.001757,-0.001404,-0.000939,-0.000434,-0.000230,-0.000337,-0.000280,0.000050,0.000187,0.000205,0.000226,0.000136,0.000027,-0.000040,-0.000013,-0.000003,-0.000059,0.000072,0.000183,0.000135,0.000066,0.000063,0.000066,0.000124,0.000147,0.000095,0.000098,0.000111,0.000018,-0.000031,-0.000018,-0.000017,0.000009,0.000061,0.000096,0.000086,0.000123,0.000063,-0.000007,0.000059,0.000078,0.000087,-0.000031,-0.000207,-0.000161,0.000038,0.000224,0.000191,0.000191,0.021774,0.011388,0.008992,0.009284,0.006177,0.000515,-0.003197,-0.002653,0.000505,0.003545,0.004183,0.003142,0.002092,0.000892,0.000125,-0.000109,-0.000084,0.000517,0.001096,0.001206,0.000883,0.000167,-0.000409,-0.000332,0.000218,0.000734,0.000827,0.000562,-0.000011,-0.000510,-0.000484,-0.000203,-0.000135,-0.000251,-0.000196,-0.000068,-0.000131,-0.000603,-0.001316,-0.001822,-0.001596,-0.000929,-0.000611,-0.000447,0.000065,0.000390,0.000145,-0.000276,-0.000479,-0.000392,-0.000200,-0.000115,-0.000034,0.000039,-0.000073,-0.000134,-0.000033,0.000317,0.000704,0.000716,0.000814,0.001552,0.002175,0.001720,0.000625,0.000033,0.000062,0.000220,0.000034,-0.000197,-0.000193,-0.000218,-0.000411,-0.000521,-0.000530,-0.000433,-0.000165,0.000164,0.000352,0.000389,0.000250,-0.000014,-0.000021,0.000233,0.000276,-0.000145,-0.000858,-0.001441,-0.001509,-0.001209,-0.000902,-0.000377,0.000064,0.000127,0.000166,0.000260,0.000132,-0.000070,-0.000157,-0.000174,-0.000276,-0.000329,-0.000225,-0.000173,-0.000124,-0.000157,-0.000171,-0.000042,0.000069,0.000117,0.000048,-0.000001,0.000111,0.000217,0.000242,0.000176,0.000166,0.000236,0.000140,0.000082,0.000062,-0.000069,-0.000039,0.000057,0.000027,0.000054,0.000060,-0.000009,-0.000027,-0.000050,-0.000100,-0.000149,-0.000191,-0.000141,-0.000048,0.000089,0.000147,0.000105,
0.017530,0.015062,0.002400,-0.004427,-0.004210,-0.004147,-0.005448,-0.005196,-0.003758,-0.001896,-0.000378,0.000170,0.000361,0.000181,-0.000311,-0.000642,-0.000815,-0.000560,0.000132,0.000387,-0.000119,-0.000969,-0.001667,-0.001844,-0.001550,-0.001235,-0.001071,-0.000810,-0.000337,-0.000001,-0.000077,-0.000200,-0.000194,-0.000034,0.000255,0.000518,0.000585,0.000384,0.000085,-0.000273,-0.000467,-0.000419,-0.000320,-0.000316,-0.000403,-0.000210,0.000080,0.000139,0.000041,-0.000160,-0.000276,-0.000377,-0.000491,-0.000303,-0.000085,-0.000156,-0.000553,-0.000854,-0.000386,0.000664,0.000984,0.000153,-0.000478,0.000060,0.000776,0.000644,0.000252,0.000369,0.000514,0.000174,-0.000215,-0.000257,-0.000164,-0.000179,-0.000190,-0.000183,-0.000227,-0.000326,-0.000428,-0.000366,-0.000125,0.000106,0.000297,0.000577,0.001214,0.001827,0.001409,-0.000170,-0.001412,-0.001526,-0.001138,-0.000648,-0.000195,-0.000087,-0.000380,-0.000446,-0.000231,-0.000087,0.000124,0.000248,0.000138,-0.000070,-0.000171,-0.000088,0.000015,0.000031,0.000065,0.000104,0.000111,0.000096,0.000178,0.000221,0.000130,0.000147,0.000214,0.000216,0.000135,-0.000078,-0.000231,-0.000148,0.000034,0.000134,0.000121,0.000137,0.000244,0.000308,0.000236,0.000066,-0.000037,-0.000002,0.000060,0.000111,-0.000056,-0.000253,-0.000146,0.000086,0.000221,0.000219,0.021755,0.011417,0.008959,0.009269,0.006190,0.000523,-0.003177,-0.002608,0.000607,0.003735,0.004463,0.003310,0.002091,0.001048,0.000296,-0.000151,-0.000155,0.000497,0.001174,0.001260,0.000850,0.000096,-0.000502,-0.000304,0.000232,0.000666,0.000822,0.000543,0.000026,-0.000578,-0.000679,-0.000322,-0.000126,-0.000041,0.000010,0.000059,-0.000122,-0.000599,-0.001218,-0.001761,-0.001601,-0.001010,-0.000630,-0.000340,0.000114,0.000406,0.000196,-0.000198,-0.000437,-0.000531,-0.000496,-0.000195,0.000021,-0.000016,-0.000108,-0.000102,0.000042,0.000356,0.000831,0.000848,0.000598,0.001124,0.001859,0.001609,0.000564,-0.000193,-0.000291,-0.000131,-0.000217,-0.000498,-0.000516,-0.000450,-0.000464,-0.000393,-0.000338,-0.000308,-0.000138,0.000136,0.000305,0.000289,0.000016,-0.000177,-0.000027,0.000189,0.000232,-0.000113,-0.000837,-0.001437,-0.001529,-0.001281,-0.000890,-0.000317,0.000071,0.000137,0.000258,0.000384,0.000269,-0.000004,-0.000112,-0.000240,-0.000419,-0.000442,-0.000263,-0.000146,-0.000114,-0.000071,-0.000021,0.000088,0.000137,0.000070,0.000076,0.000075,0.000001,-0.000010,0.000086,0.000134,0.000149,0.000292,0.000239,0.000020,-0.000056,-0.000105,-0.000156,-0.000089,0.000038,0.000122,0.000175,0.000124,0.000026,-0.000033,-0.000167,-0.000282,-0.000259,-0.000134,0.000093,0.000245,0.000208,0.000149,
0.017060,0.014911,0.002312,-0.004580,-0.004458,-0.004134,-0.005285,-0.005178,-0.003781,-0.001932,-0.000421,0.000116,0.000312,0.000239,-0.000221,-0.000605,-0.000789,-0.000569,0.000095,0.000317,-0.000139,-0.000901,-0.001615,-0.001920,-0.001735,-0.001370,-0.001145,-0.000796,-0.000208,0.000171,0.000061,-0.000124,-0.000117,-0.000022,0.000193,0.000439,0.000501,0.000357,0.000103,-0.000129,-0.000275,-0.000376,-0.000362,-0.000330,-0.000277,-0.000092,0.000135,0.000159,-0.000113,-0.000362,-0.000299,-0.000274,-0.000334,-0.000326,-0.000315,-0.000409,-0.000652,-0.000783,-0.000327,0.000703,0.001152,0.000591,0.000037,0.000339,0.000553,0.000355,0.000279,0.000468,0.000523,0.000120,-0.000418,-0.000525,-0.000286,-0.000138,-0.000097,-0.000128,-0.000213,-0.000341,-0.000470,-0.000425,-0.000241,0.000020,0.000359,0.000782,0.001339,0.001881,0.001605,0.000147,-0.001335,-0.001665,-0.001203,-0.000719,-0.000282,-0.000218,-0.000388,-0.000277,-0.000159,-0.000151,-0.000035,0.000157,0.000256,0.000150,0.000047,0.000042,0.000061,0.000093,0.000111,0.000037,0.000072,0.000169,0.000140,0.000166,0.000217,0.000232,0.000192,0.000082,-0.000048,-0.000095,0.000009,0.000126,0.000092,-0.000025,-0.000031,0.000127,0.000282,0.000339,0.000243,0.000089,0.000007,-0.000023,0.000035,0.000121,0.000098,-0.000081,-0.000081,0.000077,0.000123,0.000128,0.022134,0.011635,0.008726,0.008887,0.006002,0.000548,-0.003134,-0.002787,0.000312,0.003535,0.004367,0.003257,0.001955,0.000849,0.000232,-0.000110,-0.000154,0.000558,0.001218,0.001203,0.000783,0.000182,-0.000427,-0.000443,0.000154,0.000809,0.000947,0.000547,-0.000050,-0.000628,-0.000661,-0.000316,-0.000242,-0.000276,-0.000138,0.000039,0.000052,-0.000463,-0.001272,-0.001780,-0.001698,-0.001090,-0.000577,-0.000301,0.000135,0.000380,0.000136,-0.000303,-0.000467,-0.000435,-0.000429,-0.000258,-0.000036,0.000125,0.000106,-0.000065,-0.000054,0.000352,0.000835,0.000925,0.000950,0.001444,0.001828,0.001523,0.000942,0.000503,0.000278,0.000082,-0.000190,-0.000276,-0.000272,-0.000220,-0.000236,-0.000358,-0.000377,-0.000325,-0.000198,0.000123,0.000469,0.000456,0.000112,-0.000082,-0.000067,0.000167,0.000380,0.000089,-0.000735,-0.001474,-0.001491,-0.001283,-0.000948,-0.000229,0.000199,0.000081,0.000036,0.000121,0.000126,-0.000039,-0.000236,-0.000245,-0.000170,-0.000098,-0.000159,-0.000209,-0.000140,-0.000008,0.000204,0.000232,0.000158,0.000133,0.000059,-0.000071,-0.000041,0.000207,0.000256,0.000068,0.000164,0.000299,0.000234,0.000181,0.000116,0.000013,-0.000102,-0.000129,-0.000041,0.000055,0.000077,0.000031,-0.000003,-0.000076,-0.000135,-0.000272,-0.000287,-0.000154,0.000021,0.000150,0.000254,0.000221,
0.017839,0.015491,0.002629,-0.004365,-0.004338,-0.004275,-0.005574,-0.005454,-0.003988,-0.002002,-0.000428,0.000042,0.000249,0.000111,-0.000411,-0.000783,-0.000909,-0.000606,0.000141,0.000397,-0.000171,-0.001075,-0.001738,-0.001867,-0.001610,-0.001349,-0.001228,-0.001028,-0.000571,-0.000195,-0.000142,-0.000188,-0.000095,0.000111,0.000282,0.000349,0.000356,0.000354,0.000102,-0.000232,-0.000381,-0.000471,-0.000421,-0.000365,-0.000395,-0.000178,0.000027,0.000114,0.000006,-0.000156,-0.000215,-0.000261,-0.000322,-0.000353,-0.000313,-0.000333,-0.000626,-0.000925,-0.000386,0.000733,0.001038,0.000093,-0.000445,0.000210,0.000797,0.000518,0.000217,0.000483,0.000486,0.000018,-0.000457,-0.000508,-0.000332,-0.000225,-0.000113,-0.000046,-0.000063,-0.000277,-0.000438,-0.000332,-0.000086,0.000190,0.000419,0.000784,0.001463,0.002073,0.001555,-0.000002,-0.001313,-0.001661,-0.001256,-0.000622,-0.000164,-0.000145,-0.000244,-0.000164,-0.000056,-0.000032,-0.000051,0.000034,0.000219,0.000185,0.000023,0.000127,0.000126,0.000019,0.000063,0.000153,0.000069,-0.000031,0.000102,0.000190,0.000108,0.000098,0.000137,0.000174,0.000058,-0.000133,-0.000169,-0.000106,0.000030,0.000126,0.000113,0.000194,0.000289,0.000204,0.000055,0.000021,0.000140,0.000138,-0.000047,-0.000143,-0.000144,-0.000149,-0.000082,0.000128,0.000251,0.000252,0.021593,0.011100,0.008698,0.009131,0.006296,0.000690,-0.003108,-0.002746,0.000375,0.003462,0.004238,0.003255,0.002113,0.001012,0.000255,-0.000113,-0.000097,0.000553,0.001329,0.001396,0.000843,0.000078,-0.000456,-0.000304,0.000203,0.000663,0.000888,0.000650,-0.000031,-0.000532,-0.000456,-0.000090,-0.000025,-0.000220,-0.000148,0.000123,0.000060,-0.000452,-0.001234,-0.001820,-0.001610,-0.000934,-0.000445,-0.000161,0.000128,0.000281,-0.000004,-0.000369,-0.000517,-0.000573,-0.000453,-0.000163,-0.000032,-0.000048,0.000023,0.000063,0.000034,0.000411,0.000997,0.000962,0.000852,0.001577,0.002209,0.001649,0.000417,-0.000210,-0.000031,0.000125,-0.000145,-0.000399,-0.000451,-0.000291,-0.000123,-0.000203,-0.000422,-0.000506,-0.000238,0.000161,0.000364,0.000317,0.000046,-0.000103,-0.000040,0.000176,0.000321,0.000015,-0.000734,-0.001474,-0.001577,-0.001234,-0.000853,-0.000374,-0.000086,-0.000114,0.000019,0.000255,0.000122,-0.000027,-0.000082,-0.000292,-0.000394,-0.000330,-0.000234,-0.000158,-0.000135,-0.000138,-0.000032,0.000025,-0.000060,0.000005,0.000074,0.000084,0.000053,0.000010,0.000102,0.000289,0.000387,0.000353,0.000238,0.000149,0.000054,-0.000056,-0.000058,0.000048,0.000084,0.000038,0.000148,0.000148,-0.000067,-0.000265,-0.000248,-0.000124,-0.000028,-0.000053,-0.000006,0.000178,0.000255,0.000217,
0.017799,0.015502,0.002559,-0.004530,-0.004511,-0.004408,-0.005606,-0.005509,-0.004079,-0.002020,-0.000432,0.000122,0.000294,0.000214,-0.000326,-0.000763,-0.000844,-0.000548,0.000083,0.000303,-0.000175,-0.000952,-0.001641,-0.001863,-0.001607,-0.001321,-0.001142,-0.000963,-0.000520,-0.000067,-0.000015,-0.000029,0.000229,0.000374,0.000348,0.000415,0.000320,0.000137,-0.000025,-0.000273,-0.000489,-0.000507,-0.000422,-0.000323,-0.000255,-0.000102,0.000090,0.000043,-0.000130,-0.000130,-0.000192,-0.000430,-0.000410,-0.000253,-0.000203,-0.000245,-0.000537,-0.000814,-0.000454,0.000586,0.001119,0.000419,-0.000178,0.000424,0.001071,0.000906,0.000691,0.000834,0.000791,0.000391,-0.000110,-0.000370,-0.000337,-0.000048,0.000141,0.000096,0.000049,-0.000117,-0.000364,-0.000396,-0.000185,0.000098,0.000481,0.000941,0.001524,0.002072,0.001670,-0.000005,-0.001465,-0.001707,-0.001282,-0.000753,-0.000156,-0.000066,-0.000252,-0.000148,-0.000043,-0.000075,-0.000031,0.000126,0.000234,0.000106,-0.000088,-0.000036,0.000135,0.000076,0.000011,0.000003,0.000041,0.000052,0.000070,0.000080,0.000164,0.000272,0.000226,0.000115,0.000008,-0.000157,-0.000141,-0.000036,0.000057,0.000155,0.000179,0.000251,0.000331,0.000334,0.000209,-0.000016,0.000013,0.000147,0.000178,0.000061,-0.000038,-0.000057,0.000028,0.000151,0.000199,0.000227,0.021498,0.011084,0.008618,0.009174,0.006357,0.000777,-0.002939,-0.002572,0.000432,0.003529,0.004340,0.003296,0.002111,0.001001,0.000265,-0.000063,-0.000006,0.000642,0.001254,0.001307,0.000737,0.000023,-0.000387,-0.000244,0.000244,0.000724,0.000872,0.000502,-0.000116,-0.000452,-0.000246,0.000265,0.000394,0.000039,-0.000166,-0.000105,-0.000127,-0.000424,-0.001107,-0.001669,-0.001624,-0.001036,-0.000482,-0.000138,0.000194,0.000277,-0.000003,-0.000276,-0.000386,-0.000398,-0.000295,-0.000133,0.000038,0.000056,-0.000098,-0.000122,-0.000005,0.000354,0.000865,0.000978,0.000908,0.001531,0.002237,0.002062,0.001188,0.000491,0.000245,0.000066,-0.000323,-0.000633,-0.000607,-0.000448,-0.000384,-0.000489,-0.000552,-0.000526,-0.000340,0.000068,0.000306,0.000206,0.000000,-0.000051,0.000069,0.000287,0.000236,-0.000132,-0.000755,-0.001483,-0.001520,-0.001174,-0.000849,-0.000230,0.000120,0.000039,0.000051,0.000184,0.000135,-0.000112,-0.000244,-0.000185,-0.000140,-0.000187,-0.000213,-0.000178,-0.000142,-0.000077,0.000029,-0.000005,-0.000057,0.000023,-0.000012,-0.000021,-0.000018,0.000074,0.000250,0.000248,0.000253,0.000197,0.000040,-0.000021,-0.000001,-0.000077,-0.000158,-0.000106,0.000072,0.000142,0.000145,0.000021,-0.000107,-0.000194,-0.000279,-0.000269,-0.000180,-0.000003,0.000111,0.000087,0.000187,0.000235,
0.017860,0.015450,0.002643,-0.004428,-0.004485,-0.004459,-0.005707,-0.005469,-0.004056,-0.002089,-0.000419,0.000146,0.000278,0.000184,-0.000259,-0.000751,-0.000881,-0.000582,0.000148,0.000469,-0.000176,-0.001095,-0.001779,-0.001975,-0.001705,-0.001353,-0.001192,-0.001016,-0.000554,-0.000077,-0.000021,-0.000236,-0.000237,-0.000079,0.000158,0.000455,0.000559,0.000395,0.000092,-0.000185,-0.000426,-0.000477,-0.000393,-0.000349,-0.000382,-0.000296,-0.000054,-0.000025,-0.000098,-0.000081,-0.000165,-0.000298,-0.000312,-0.000152,-0.000043,-0.000179,-0.000553,-0.000906,-0.000512,0.000621,0.001056,0.000319,-0.000325,0.000066,0.000594,0.000410,0.000172,0.000451,0.000670,0.000317,-0.000166,-0.000318,-0.000206,-0.000006,0.000040,0.000030,0.000021,-0.000146,-0.000286,-0.000287,-0.000092,0.000173,0.000438,0.000926,0.001643,0.002118,0.001654,0.000054,-0.001364,-0.001558,-0.001167,-0.000701,-0.000164,0.000041,-0.000124,-0.000083,0.000123,0.000122,0.000091,0.000186,0.000222,0.000033,-0.000045,0.000106,0.000156,0.000094,0.000144,0.000236,0.000217,0.000162,0.000183,0.000265,0.000248,0.000157,0.000173,0.000144,0.000018,0.000014,0.000026,-0.000006,0.000017,-0.000008,0.000024,0.000167,0.000305,0.000332,0.000293,0.000142,-0.000038,-0.000002,0.000047,-0.000042,-0.000058,0.000064,0.000109,0.000176,0.000243,0.000345,0.021056,0.010688,0.008452,0.009170,0.006327,0.000791,-0.002932,-0.002687,0.000326,0.003449,0.004274,0.003226,0.002063,0.000924,0.000169,-0.000106,-0.000076,0.000582,0.001212,0.001180,0.000611,-0.000018,-0.000346,-0.000248,0.000158,0.000540,0.000719,0.000387,-0.000218,-0.000644,-0.000644,-0.000274,-0.000103,-0.000177,-0.000142,0.000057,-0.000019,-0.000459,-0.001138,-0.001740,-0.001600,-0.000928,-0.000516,-0.000374,0.000022,0.000352,0.000176,-0.000206,-0.000349,-0.000440,-0.000295,-0.000062,0.000034,0.000072,-0.000025,-0.000047,0.000037,0.000379,0.000772,0.000769,0.000853,0.001427,0.002099,0.002035,0.001174,0.000440,0.000240,0.000183,-0.000040,-0.000363,-0.000333,-0.000109,-0.000164,-0.000396,-0.000471,-0.000348,-0.000081,0.000234,0.000344,0.000223,0.000057,-0.000077,-0.000115,0.000071,0.000272,-0.000037,-0.000790,-0.001452,-0.001449,-0.001200,-0.000879,-0.000318,0.000035,0.000038,0.000027,0.000110,0.000100,-0.000021,-0.000199,-0.000296,-0.000311,-0.000286,-0.000255,-0.000210,-0.000122,-0.000152,-0.000247,-0.000073,0.000127,0.000185,0.000110,-0.000046,0.000028,0.000210,0.000246,0.000197,0.000226,0.000285,0.000173,0.000028,-0.000027,-0.000073,-0.000105,-0.000074,-0.000010,0.000027,0.000057,0.000061,-0.000037,-0.000143,-0.000134,-0.000182,-0.000203,-0.000051,0.000154,0.000231,0.000275,0.000291,
0.017828,0.015630,0.002870,-0.004200,-0.004362,-0.004486,-0.005764,-0.005598,-0.004106,-0.002001,-0.000378,0.000189,0.000397,0.000154,-0.000326,-0.000610,-0.000837,-0.000573,0.000179,0.000435,-0.000076,-0.001008,-0.001735,-0.001854,-0.001590,-0.001340,-0.001160,-0.000870,-0.000340,0.000038,-0.000050,-0.000186,-0.000188,-0.000083,0.000100,0.000377,0.000503,0.000339,0.000023,-0.000269,-0.000463,-0.000512,-0.000524,-0.000562,-0.000512,-0.000354,-0.000180,-0.000124,-0.000161,-0.000243,-0.000286,-0.000294,-0.000266,-0.000185,-0.000185,-0.000303,-0.000589,-0.000890,-0.000492,0.000560,0.000958,0.000307,0.000021,0.000547,0.000883,0.000545,0.000302,0.000494,0.000569,0.000202,-0.000224,-0.000338,-0.000206,-0.000047,-0.000038,-0.000026,0.000005,-0.000121,-0.000384,-0.000400,-0.000148,0.000070,0.000310,0.000743,0.001464,0.002070,0.001635,-0.000004,-0.001372,-0.001600,-0.001259,-0.000880,-0.000378,-0.000109,-0.000260,-0.000253,-0.000068,-0.000020,0.000037,0.000143,0.000207,0.000188,0.000104,0.000109,0.000138,0.000097,0.000042,0.000103,0.000143,0.000132,0.000078,0.000093,0.000108,0.000133,0.000176,0.000057,-0.000055,-0.000054,-0.000150,-0.000148,0.000022,0.000070,0.000078,0.000188,0.000343,0.000360,0.000162,0.000085,0.000088,0.000101,0.000048,0.000020,0.000013,-0.000096,0.000022,0.000206,0.000177,0.000222,0.020636,0.010221,0.008284,0.009211,0.006473,0.000997,-0.002618,-0.002279,0.000660,0.003623,0.004307,0.003314,0.002193,0.001055,0.000240,-0.000168,-0.000023,0.000646,0.001150,0.001163,0.000857,0.000283,-0.000299,-0.000291,0.000264,0.000772,0.000857,0.000503,-0.000132,-0.000645,-0.000707,-0.000346,-0.000081,-0.000083,-0.000027,0.000102,-0.000003,-0.000473,-0.001195,-0.001837,-0.001721,-0.000981,-0.000437,-0.000199,0.000076,0.000279,0.000061,-0.000295,-0.000462,-0.000479,-0.000326,-0.000086,0.000094,0.000116,-0.000014,-0.000087,0.000065,0.000447,0.000832,0.000784,0.000785,0.001516,0.002107,0.001595,0.000585,0.000014,-0.000020,0.000045,-0.000081,-0.000281,-0.000392,-0.000384,-0.000453,-0.000611,-0.000584,-0.000382,-0.000135,0.000180,0.000488,0.000525,0.000245,-0.000002,0.000023,0.000173,0.000179,-0.000255,-0.001031,-0.001633,-0.001492,-0.001099,-0.000791,-0.000267,0.000071,0.000100,0.000215,0.000244,0.000041,-0.000188,-0.000276,-0.000294,-0.000265,-0.000237,-0.000205,-0.000181,-0.000245,-0.000275,-0.000117,0.000013,-0.000038,-0.000046,-0.000043,-0.000037,0.000037,0.000029,0.000089,0.000204,0.000200,0.000175,0.000173,0.000143,0.000149,0.000099,0.000007,-0.000056,-0.000037,0.000083,0.000134,0.000087,0.000044,-0.000097,-0.000182,-0.000179,-0.000154,-0.000163,-0.000074,0.000130,0.000208,0.000173,
0.018131,0.015558,0.002874,-0.004098,-0.004230,-0.004465,-0.005964,-0.005759,-0.004000,-0.001724,-0.000077,0.000321,0.000419,0.000304,-0.000287,-0.000763,-0.000919,-0.000496,0.000371,0.000503,-0.000136,-0.001023,-0.001795,-0.001955,-0.001515,-0.001047,-0.000875,-0.000555,-0.000040,0.000211,0.000096,-0.000140,-0.000208,-0.000143,-0.000008,0.000238,0.000304,0.000154,-0.000046,-0.000302,-0.000458,-0.000421,-0.000421,-0.000498,-0.000504,-0.000303,0.000035,0.000109,-0.000143,-0.000287,-0.000293,-0.000354,-0.000335,-0.000296,-0.000236,-0.000247,-0.000611,-0.000861,-0.000360,0.000591,0.000867,0.000075,-0.000514,0.000071,0.000682,0.000341,-0.000028,0.000181,0.000285,-0.000075,-0.000342,-0.000229,-0.000080,-0.000036,-0.000086,-0.000133,-0.000181,-0.000328,-0.000400,-0.000291,-0.000099,0.000052,0.000208,0.000672,0.001421,0.001951,0.001519,-0.000027,-0.001462,-0.001735,-0.001314,-0.000765,-0.000231,-0.000094,-0.000290,-0.000305,-0.000129,-0.000046,0.000029,0.000109,0.000192,0.000163,0.000064,0.000029,0.000016,0.000026,0.000090,0.000140,0.000076,0.000060,0.000128,0.000210,0.000261,0.000280,0.000243,0.000200,0.000068,-0.000143,-0.000139,-0.000009,0.000033,0.000067,0.000070,0.000066,0.000104,0.000082,-0.000001,-0.000086,-0.000055,0.000027,0.000030,0.000009,-0.000093,-0.000173,-0.000099,0.000019,0.000079,0.000200,0.019970,0.009542,0.008024,0.009233,0.006694,0.001300,-0.002396,-0.002115,0.000755,0.003646,0.004411,0.003444,0.002240,0.001159,0.000306,-0.000127,0.000030,0.000729,0.001308,0.001210,0.000763,0.000197,-0.000256,-0.000141,0.000315,0.000761,0.000967,0.000618,-0.000061,-0.000569,-0.000553,-0.000222,-0.000133,-0.000178,-0.000046,0.000109,-0.000000,-0.000478,-0.001182,-0.001730,-0.001767,-0.001093,-0.000509,-0.000218,0.000249,0.000485,0.000213,-0.000205,-0.000435,-0.000495,-0.000329,-0.000073,0.000037,0.000125,0.000033,-0.000061,0.000115,0.000481,0.000825,0.000656,0.000595,0.001389,0.002266,0.002080,0.000899,0.000013,-0.000049,0.000053,-0.000140,-0.000398,-0.000452,-0.000391,-0.000405,-0.000456,-0.000485,-0.000334,0.000029,0.000313,0.000530,0.000506,0.000133,-0.000141,-0.000075,0.000175,0.000321,-0.000080,-0.000881,-0.001445,-0.001452,-0.001204,-0.000848,-0.000370,-0.000069,-0.000024,0.000191,0.000336,0.000237,0.000108,-0.000096,-0.000208,-0.000236,-0.000208,-0.000119,-0.000094,-0.000248,-0.000208,0.000011,0.000142,0.000156,0.000149,0.000092,0.000059,0.000070,0.000041,0.000154,0.000238,0.000202,0.000188,0.000093,-0.000004,-0.000038,-0.000026,0.000073,0.000048,0.000082,0.000231,0.000236,0.000147,-0.000011,-0.000234,-0.000331,-0.000235,-0.000149,-0.000123,-0.000002,0.000111,0.000163,0.000179,
0.017206,0.015125,0.002401,-0.004629,-0.004633,-0.004629,-0.006000,-0.005802,-0.004227,-0.002085,-0.000342,0.000276,0.000354,0.000081,-0.000401,-0.000800,-0.001001,-0.000729,0.000115,0.000405,-0.000142,-0.000927,-0.001607,-0.001886,-0.001671,-0.001330,-0.001112,-0.000731,-0.000220,0.000085,0.000001,-0.000134,-0.000025,0.000094,0.000187,0.000360,0.000496,0.000413,0.000181,-0.000072,-0.000291,-0.000340,-0.000351,-0.000426,-0.000473,-0.000207,0.000047,-0.000023,-0.000101,-0.000163,-0.000252,-0.000303,-0.000262,-0.000262,-0.000217,-0.000233,-0.000593,-0.000925,-0.000486,0.000585,0.001128,0.000486,-0.000137,0.000282,0.000825,0.000748,0.000449,0.000511,0.000611,0.000215,-0.000199,-0.000346,-0.000331,-0.000136,-0.000025,-0.000039,-0.000041,-0.000182,-0.000382,-0.000373,-0.000119,0.000217,0.000404,0.000722,0.001462,0.002117,0.001662,-0.000013,-0.001518,-0.001820,-0.001374,-0.000853,-0.000232,0.000066,-0.000205,-0.000333,-0.000175,-0.000086,-0.000063,0.000036,0.000122,0.000055,0.000000,0.000089,0.000121,0.000074,-0.000020,-0.000022,0.000075,0.000076,0.000100,0.000215,0.000196,0.000195,0.000186,0.000079,-0.000062,-0.000110,-0.000127,-0.000062,-0.000002,0.000028,0.000057,0.000182,0.000343,0.000296,0.000198,0.000143,0.000099,0.000055,0.000036,-0.000083,-0.000166,-0.000138,-0.000030,0.000095,0.000194,0.000267,0.020749,0.010295,0.008041,0.008860,0.006360,0.001152,-0.002494,-0.002335,0.000562,0.003586,0.004365,0.003371,0.002227,0.001088,0.000202,-0.000184,-0.000053,0.000671,0.001342,0.001257,0.000640,-0.000070,-0.000543,-0.000437,0.000157,0.000713,0.000857,0.000595,0.000069,-0.000407,-0.000487,-0.000298,-0.000212,-0.000251,-0.000172,-0.000014,-0.000044,-0.000543,-0.001272,-0.001775,-0.001542,-0.000930,-0.000501,-0.000218,0.000217,0.000503,0.000334,-0.000104,-0.000397,-0.000428,-0.000327,-0.000123,0.000113,0.000142,0.000030,-0.000038,-0.000046,0.000327,0.000801,0.000822,0.000784,0.001250,0.001715,0.001485,0.000770,0.000254,0.000096,0.000052,-0.000129,-0.000498,-0.000547,-0.000378,-0.000375,-0.000424,-0.000456,-0.000355,-0.000118,0.000166,0.000473,0.000422,0.000053,-0.000070,0.000042,0.000257,0.000378,0.000010,-0.000788,-0.001537,-0.001516,-0.001168,-0.000817,-0.000273,0.000009,-0.000018,0.000093,0.000302,0.000217,-0.000003,-0.000240,-0.000292,-0.000238,-0.000274,-0.000222,-0.000107,-0.000112,-0.000064,0.000088,0.000185,0.000199,0.000135,0.000042,0.000060,0.000176,0.000256,0.000246,0.000157,0.000164,0.000152,0.000103,0.000084,0.000023,-0.000034,-0.000051,-0.000067,-0.000012,0.000077,0.000130,0.000040,-0.000119,-0.000144,-0.000155,-0.000236,-0.000253,-0.000138,0.000104,0.000257,0.000321,0.000390,
0.016537,0.014497,0.002038,-0.004797,-0.004747,-0.004776,-0.006126,-0.005875,-0.004245,-0.002159,-0.000480,0.000057,0.000293,0.000234,-0.000252,-0.000732,-0.000964,-0.000542,0.000181,0.000403,-0.000164,-0.001069,-0.001677,-0.001769,-0.001548,-0.001272,-0.001162,-0.000984,-0.000554,-0.000245,-0.000277,-0.000363,-0.000228,-0.000056,0.000160,0.000437,0.000457,0.000306,0.000114,-0.000166,-0.000427,-0.000486,-0.000426,-0.000276,-0.000203,-0.000070,0.000060,-0.000054,-0.000211,-0.000257,-0.000296,-0.000344,-0.000349,-0.000284,-0.000211,-0.000346,-0.000656,-0.000832,-0.000404,0.000514,0.000837,0.000196,-0.000132,0.000291,0.000457,0.000201,0.000199,0.000572,0.000777,0.000330,-0.000274,-0.000471,-0.000287,-0.000011,0.000084,0.000068,-0.000108,-0.000410,-0.000568,-0.000483,-0.000279,-0.000051,0.000185,0.000624,0.001342,0.001974,0.001535,-0.000091,-0.001415,-0.001653,-0.001338,-0.000718,-0.000111,-0.000010,-0.000256,-0.000233,-0.000085,0.000013,0.000153,0.000166,0.000098,0.000073,0.000020,-0.000015,0.000010,-0.000035,-0.000006,0.000040,0.000057,0.000070,0.000114,0.000228,0.000216,0.000109,0.000151,0.000182,0.000041,-0.000051,-0.000054,-0.000068,-0.000018,0.000030,0.000084,0.000165,0.000209,0.000202,0.000109,0.000034,0.000034,0.000025,0.000070,0.000116,-0.000005,-0.000063,-0.000009,-0.000004,-0.000062,0.000062,0.020587,0.010193,0.008115,0.008976,0.006429,0.001060,-0.002578,-0.002299,0.000639,0.003667,0.004371,0.003303,0.002165,0.001005,0.000204,-0.000086,-0.000013,0.000666,0.001357,0.001390,0.000887,0.000193,-0.000306,-0.000249,0.000218,0.000640,0.000872,0.000735,0.000128,-0.000473,-0.000555,-0.000181,-0.000024,-0.000132,-0.000074,0.000213,0.000138,-0.000474,-0.001255,-0.001776,-0.001611,-0.000956,-0.000489,-0.000212,0.000094,0.000311,0.000125,-0.000305,-0.000363,-0.000237,-0.000149,-0.000072,-0.000004,0.000014,0.000012,-0.000036,0.000000,0.000362,0.000808,0.000882,0.001016,0.001725,0.002201,0.001532,0.000394,-0.000099,0.000013,0.000065,-0.000178,-0.000414,-0.000398,-0.000225,-0.000188,-0.000348,-0.000457,-0.000337,-0.000069,0.000200,0.000416,0.000352,0.000094,-0.000024,0.000031,0.000244,0.000364,0.000054,-0.000699,-0.001355,-0.001520,-0.001370,-0.000971,-0.000368,-0.000031,-0.000018,0.000146,0.000279,0.000090,-0.000240,-0.000385,-0.000317,-0.000317,-0.000325,-0.000218,-0.000195,-0.000243,-0.000202,-0.000033,0.000169,0.000165,0.000017,-0.000065,-0.000067,0.000021,0.000203,0.000326,0.000278,0.000228,0.000151,0.000168,0.000173,0.000092,0.000016,-0.000026,-0.000016,0.000032,0.000136,0.000203,0.000126,0.000020,0.000007,-0.000021,-0.000110,-0.000172,-0.000131,0.000028,0.000149,0.000193,0.000215,
0.016944,0.014642,0.002240,-0.004538,-0.004665,-0.004823,-0.006165,-0.005923,-0.004231,-0.002125,-0.000484,0.000132,0.000257,0.000095,-0.000347,-0.000758,-0.000953,-0.000576,0.000220,0.000419,-0.000201,-0.001136,-0.001824,-0.001901,-0.001552,-0.001241,-0.001247,-0.001164,-0.000673,-0.000215,0.000005,0.000108,0.000234,0.000263,0.000241,0.000319,0.000259,0.000002,-0.000179,-0.000369,-0.000527,-0.000479,-0.000386,-0.000331,-0.000313,-0.000196,0.000044,0.000032,-0.000182,-0.000280,-0.000291,-0.000316,-0.000297,-0.000301,-0.000254,-0.000288,-0.000551,-0.000802,-0.000417,0.000568,0.001054,0.000406,-0.000111,0.000456,0.001021,0.000893,0.000570,0.000619,0.000599,0.000202,-0.000278,-0.000480,-0.000381,-0.000230,-0.000088,0.000001,0.000017,-0.000198,-0.000513,-0.000414,-0.000096,0.000099,0.000305,0.000853,0.001618,0.002119,0.001652,0.000012,-0.001475,-0.001678,-0.001201,-0.000659,-0.000178,-0.000139,-0.000213,-0.000183,-0.000140,0.000005,0.000089,0.000134,0.000131,0.000099,0.000034,0.000018,0.000128,0.000172,0.000162,0.000176,0.000084,0.000070,0.000138,0.000158,0.000271,0.000237,0.000080,-0.000002,-0.000078,-0.000097,-0.000062,0.000007,0.000085,0.000141,0.000092,0.000017,0.000115,0.000249,0.000186,0.000059,0.000048,0.000090,0.000027,-0.000045,-0.000104,-0.000124,-0.000019,0.000128,0.000245,0.000291,0.020351,0.009901,0.007913,0.008868,0.006526,0.001364,-0.002359,-0.002211,0.000509,0.003395,0.004264,0.003423,0.002256,0.001079,0.000330,-0.000035,0.000100,0.000784,0.001307,0.001202,0.000775,0.000120,-0.000476,-0.000379,0.000145,0.000633,0.000824,0.000508,-0.000110,-0.000529,-0.000374,0.000145,0.000351,-0.000023,-0.000279,-0.000128,-0.000044,-0.000454,-0.001231,-0.001735,-0.001465,-0.000851,-0.000602,-0.000288,0.000309,0.000548,0.000206,-0.000204,-0.000323,-0.000422,-0.000416,-0.000155,0.000112,0.000166,0.000090,-0.000004,0.000066,0.000416,0.000695,0.000629,0.000656,0.001358,0.002249,0.002122,0.000971,0.000174,-0.000002,-0.000105,-0.000293,-0.000526,-0.000527,-0.000382,-0.000279,-0.000426,-0.000513,-0.000422,-0.000118,0.000246,0.000422,0.000421,0.000101,-0.000188,-0.000088,0.000227,0.000317,-0.000117,-0.000926,-0.001640,-0.001757,-0.001413,-0.001050,-0.000517,-0.000153,-0.000127,0.000043,0.000250,0.000056,-0.000256,-0.000406,-0.000390,-0.000420,-0.000415,-0.000280,-0.000205,-0.000218,-0.000256,-0.000086,0.000101,0.000063,0.000007,0.000015,0.000016,0.000069,0.000171,0.000201,0.000145,0.000119,0.000185,0.000195,0.000069,-0.000005,-0.000073,-0.000056,-0.000011,0.000037,0.000045,0.000020,0.000045,0.000047,-0.000076,-0.000213,-0.000328,-0.000335,-0.000253,-0.000106,0.000137,0.000227,0.000163,
0.016655,0.014640,0.002327,-0.004595,-0.004790,-0.004955,-0.006267,-0.005880,-0.004148,-0.002011,-0.000417,0.000000,0.000203,0.000183,-0.000255,-0.000727,-0.000985,-0.000616,0.000228,0.000518,-0.000049,-0.000911,-0.001610,-0.001915,-0.001649,-0.001299,-0.001154,-0.000830,-0.000379,-0.000141,-0.000159,-0.000188,-0.000176,-0.000161,0.000018,0.000393,0.000505,0.000235,-0.000044,-0.000261,-0.000393,-0.000429,-0.000365,-0.000265,-0.000258,-0.000162,0.000014,-0.000027,-0.000142,-0.000161,-0.000249,-0.000380,-0.000332,-0.000258,-0.000257,-0.000313,-0.000602,-0.000886,-0.000464,0.000566,0.001063,0.000327,-0.000221,0.000292,0.000869,0.000660,0.000324,0.000546,0.000698,0.000199,-0.000301,-0.000295,-0.000114,0.000045,0.000130,0.000133,0.000138,-0.000176,-0.000509,-0.000523,-0.000241,0.000128,0.000405,0.000778,0.001431,0.001967,0.001516,-0.000105,-0.001467,-0.001666,-0.001202,-0.000737,-0.000436,-0.000318,-0.000330,-0.000174,0.000030,0.000031,0.000067,0.000163,0.000182,0.000203,0.000164,0.000139,0.000160,0.000211,0.000176,0.000113,0.000146,0.000208,0.000142,0.000169,0.000227,0.000216,0.000309,0.000304,0.000110,-0.000032,-0.000112,-0.000051,0.000044,-0.000015,-0.000023,0.000126,0.000172,0.000114,0.000126,0.000093,0.000051,0.000067,0.000097,0.000129,0.000126,0.000086,0.000100,0.000131,0.000070,0.000106,0.020588,0.010201,0.008106,0.008969,0.006463,0.001217,-0.002418,-0.002245,0.000625,0.003580,0.004326,0.003317,0.002151,0.001035,0.000214,-0.000190,-0.000067,0.000770,0.001499,0.001467,0.000862,0.000130,-0.000420,-0.000324,0.000191,0.000592,0.000699,0.000421,-0.000124,-0.000635,-0.000668,-0.000234,-0.000114,-0.000260,-0.000135,0.000158,0.000111,-0.000365,-0.001105,-0.001703,-0.001645,-0.001140,-0.000688,-0.000270,0.000166,0.000400,0.000141,-0.000245,-0.000387,-0.000378,-0.000349,-0.000209,-0.000020,0.000063,0.000061,0.000066,0.000117,0.000440,0.000783,0.000709,0.000666,0.001335,0.002248,0.002192,0.001292,0.000550,0.000303,0.000241,-0.000049,-0.000267,-0.000107,0.000031,-0.000106,-0.000459,-0.000651,-0.000522,-0.000199,0.000190,0.000391,0.000298,0.000067,-0.000092,-0.000140,0.000040,0.000182,-0.000054,-0.000658,-0.001272,-0.001455,-0.001216,-0.000904,-0.000397,0.000064,0.000069,0.000016,0.000103,0.000121,-0.000085,-0.000269,-0.000226,-0.000222,-0.000237,-0.000279,-0.000301,-0.000224,-0.000142,0.000031,0.000112,0.000060,0.000068,0.000007,-0.000038,0.000068,0.000201,0.000275,0.000274,0.000219,0.000200,0.000087,-0.000111,-0.000160,-0.000142,-0.000153,-0.000042,0.000156,0.000190,0.000201,0.000207,0.000107,-0.000023,-0.000144,-0.000231,-0.000157,-0.000100,-0.000020,0.000209,0.000268,0.000214,
0.016697,0.014593,0.002289,-0.004597,-0.004725,-0.004835,-0.006222,-0.005939,-0.004186,-0.002022,-0.000355,0.000217,0.000300,0.000065,-0.000406,-0.000765,-0.000980,-0.000764,0.000131,0.000440,-0.000189,-0.001020,-0.001676,-0.001878,-0.001565,-0.001147,-0.001072,-0.000966,-0.000512,-0.000104,-0.000158,-0.000291,-0.000122,0.000104,0.000344,0.000540,0.000474,0.000233,-0.000002,-0.000318,-0.000541,-0.000529,-0.000447,-0.000457,-0.000442,-0.000164,0.000189,0.000179,-0.000028,-0.000151,-0.000255,-0.000373,-0.000396,-0.000263,-0.000158,-0.000244,-0.000554,-0.000804,-0.000407,0.000677,0.001133,0.000436,-0.000098,0.000338,0.000791,0.000587,0.000302,0.000333,0.000367,0.000136,-0.000148,-0.000231,-0.000179,-0.000172,-0.000206,-0.000198,-0.000218,-0.000303,-0.000453,-0.000399,-0.000185,0.000061,0.000352,0.000771,0.001425,0.002111,0.001807,0.000196,-0.001260,-0.001523,-0.001215,-0.000747,-0.000183,-0.000048,-0.000152,-0.000116,-0.000106,-0.000156,-0.000069,0.000122,0.000192,0.000037,-0.000102,-0.000060,0.000005,0.000016,0.000033,0.000081,0.000073,0.000050,0.000135,0.000218,0.000095,-0.000038,0.000111,0.000254,0.000114,0.000030,-0.000022,-0.000125,-0.000057,-0.000008,-0.000030,0.000001,0.000110,0.000241,0.000252,0.000164,0.000116,0.000106,0.000071,0.000001,-0.000125,-0.000144,0.000048,0.000179,0.000164,0.000184,0.020400,0.010097,0.008229,0.009059,0.006539,0.001352,-0.002320,-0.002090,0.000801,0.003582,0.004289,0.003393,0.002208,0.001053,0.000215,-0.000216,-0.000007,0.000781,0.001370,0.001358,0.000924,0.000231,-0.000342,-0.000249,0.000215,0.000658,0.000824,0.000633,0.000068,-0.000533,-0.000577,-0.000323,-0.000182,-0.000230,-0.000109,0.000059,0.000016,-0.000432,-0.001166,-0.001705,-0.001565,-0.000942,-0.000535,-0.000229,0.000199,0.000447,0.000220,-0.000248,-0.000402,-0.000401,-0.000325,-0.000210,-0.000094,0.000002,-0.000057,-0.000113,0.000032,0.000489,0.000925,0.000838,0.000749,0.001346,0.001917,0.001557,0.000649,0.000116,0.000110,0.000123,-0.000056,-0.000261,-0.000312,-0.000263,-0.000426,-0.000585,-0.000479,-0.000235,0.000100,0.000383,0.000513,0.000432,0.000162,0.000021,0.000070,0.000185,0.000206,-0.000185,-0.000971,-0.001535,-0.001541,-0.001284,-0.000946,-0.000344,0.000034,0.000079,0.000213,0.000323,0.000161,-0.000121,-0.000374,-0.000421,-0.000300,-0.000276,-0.000259,-0.000248,-0.000295,-0.000177,-0.000062,0.000003,0.000104,0.000088,0.000032,0.000044,0.000052,0.000075,0.000162,0.000249,0.000256,0.000231,0.000178,0.000098,0.000070,-0.000063,-0.000183,-0.000045,0.000138,0.000238,0.000155,0.000012,0.000026,0.000005,-0.000177,-0.000264,-0.000231,-0.000152,-0.000035,0.000087,0.000178,0.000168,
0.016539,0.014492,0.002258,-0.004571,-0.004813,-0.004939,-0.006251,-0.006015,-0.004289,-0.002070,-0.000473,0.000013,0.000203,0.000130,-0.000334,-0.000808,-0.000894,-0.000544,0.000158,0.000380,-0.000219,-0.001107,-0.001836,-0.001990,-0.001632,-0.001174,-0.000987,-0.000685,-0.000132,0.000115,-0.000044,-0.000260,-0.000280,-0.000037,0.000246,0.000370,0.000415,0.000266,0.000016,-0.000233,-0.000432,-0.000492,-0.000541,-0.000573,-0.000515,-0.000314,-0.000021,0.000055,-0.000067,-0.000186,-0.000353,-0.000426,-0.000391,-0.000316,-0.000233,-0.000343,-0.000676,-0.000916,-0.000441,0.000617,0.000973,0.000106,-0.000420,0.000242,0.000821,0.000516,0.000091,0.000203,0.000337,0.000109,-0.000139,-0.000187,-0.000129,-0.000003,0.000031,-0.000000,-0.000032,-0.000266,-0.000470,-0.000253,-0.000010,0.000036,0.000235,0.000740,0.001505,0.002064,0.001569,0.000066,-0.001254,-0.001486,-0.001170,-0.000718,-0.000201,-0.000047,-0.000289,-0.000328,-0.000158,-0.000032,0.000083,0.000176,0.000196,0.000083,-0.000074,-0.000019,0.000107,0.000165,0.000161,0.000162,0.000223,0.000132,0.000061,0.000168,0.000220,0.000191,0.000243,0.000180,-0.000007,-0.000093,-0.000070,0.000045,0.000094,0.000055,0.000059,0.000157,0.000276,0.000378,0.000166,0.000028,0.000082,0.000122,0.000165,0.000031,-0.000125,-0.000152,-0.000040,0.000105,0.000162,0.000241,0.020707,0.010438,0.008328,0.009108,0.006596,0.001369,-0.002318,-0.002216,0.000503,0.003493,0.004325,0.003399,0.002352,0.001192,0.000262,-0.000201,-0.000151,0.000691,0.001401,0.001330,0.000834,0.000113,-0.000458,-0.000376,0.000087,0.000530,0.000753,0.000517,-0.000069,-0.000638,-0.000752,-0.000372,-0.000225,-0.000357,-0.000272,-0.000050,-0.000086,-0.000618,-0.001288,-0.001767,-0.001679,-0.001045,-0.000572,-0.000342,0.000044,0.000370,0.000145,-0.000293,-0.000414,-0.000422,-0.000340,-0.000141,0.000031,0.000139,0.000106,0.000133,0.000240,0.000419,0.000772,0.000776,0.000802,0.001619,0.002393,0.002090,0.001038,0.000262,0.000088,0.000064,-0.000142,-0.000331,-0.000332,-0.000242,-0.000276,-0.000425,-0.000427,-0.000314,-0.000237,0.000070,0.000359,0.000357,0.000247,0.000033,0.000012,0.000256,0.000413,0.000115,-0.000730,-0.001433,-0.001419,-0.001181,-0.000929,-0.000443,-0.000077,-0.000074,0.000018,0.000220,0.000110,-0.000175,-0.000316,-0.000414,-0.000466,-0.000349,-0.000262,-0.000164,-0.000093,-0.000107,-0.000032,0.000002,-0.000019,0.000041,0.000083,-0.000043,0.000014,0.000181,0.000198,0.000209,0.000205,0.000205,0.000143,0.000036,0.000077,0.000067,-0.000027,-0.000073,0.000008,0.000157,0.000083,-0.000022,0.000003,-0.000083,-0.000223,-0.000305,-0.000261,-0.000117,0.000069,0.000168,0.000244,0.000317,
0.016940,0.014762,0.002315,-0.004676,-0.004872,-0.004963,-0.006201,-0.005877,-0.004193,-0.002033,-0.000382,0.000175,0.000299,0.000064,-0.000441,-0.000874,-0.001043,-0.000652,0.000190,0.000449,-0.000076,-0.000920,-0.001621,-0.001920,-0.001703,-0.001327,-0.001161,-0.000832,-0.000202,0.000133,0.000067,-0.000055,-0.000098,-0.000185,-0.000135,0.000161,0.000374,0.000315,0.000143,-0.000130,-0.000332,-0.000362,-0.000310,-0.000375,-0.000426,-0.000220,0.000016,0.000048,-0.000064,-0.000168,-0.000333,-0.000444,-0.000325,-0.000128,-0.000084,-0.000254,-0.000584,-0.000789,-0.000447,0.000525,0.001006,0.000219,-0.000490,0.000107,0.001067,0.001123,0.000586,0.000421,0.000495,0.000147,-0.000268,-0.000382,-0.000297,-0.000142,-0.000091,-0.000129,-0.000174,-0.000310,-0.000437,-0.000312,-0.000014,0.000231,0.000286,0.000569,0.001330,0.002039,0.001653,-0.000066,-0.001525,-0.001697,-0.001273,-0.000740,-0.000120,0.000024,-0.000236,-0.000299,-0.000154,-0.000021,0.000170,0.000288,0.000185,0.000104,0.000091,0.000011,0.000073,0.000190,0.000166,0.000153,0.000067,0.000000,0.000070,0.000220,0.000287,0.000239,0.000211,0.000152,0.000024,-0.000077,-0.000215,-0.000239,-0.000124,-0.000051,-0.000030,0.000015,0.000145,0.000225,0.000169,0.000172,0.000218,0.000208,0.000153,0.000061,-0.000123,-0.000180,-0.000019,0.000111,0.000144,0.000208,0.021004,0.010565,0.008383,0.009050,0.006543,0.001428,-0.002303,-0.002176,0.000650,0.003507,0.004301,0.003479,0.002401,0.001094,0.000120,-0.000267,-0.000049,0.000816,0.001481,0.001422,0.000908,0.000130,-0.000458,-0.000348,0.000186,0.000637,0.000790,0.000590,0.000143,-0.000384,-0.000494,-0.000277,-0.000305,-0.000521,-0.000419,-0.000100,-0.000044,-0.000445,-0.001108,-0.001699,-0.001658,-0.000999,-0.000593,-0.000365,0.000027,0.000310,0.000204,-0.000204,-0.000434,-0.000470,-0.000416,-0.000198,-0.000002,0.000075,-0.000034,-0.000100,0.000010,0.000390,0.000891,0.000850,0.000602,0.001076,0.001654,0.001434,0.000659,-0.000101,-0.000360,-0.000270,-0.000296,-0.000455,-0.000494,-0.000419,-0.000356,-0.000409,-0.000456,-0.000379,-0.000188,0.000118,0.000380,0.000310,0.000044,-0.000142,-0.000094,0.000135,0.000319,-0.000020,-0.000831,-0.001510,-0.001494,-0.001148,-0.000827,-0.000337,-0.000001,0.000012,0.000120,0.000279,0.000216,0.000047,-0.000150,-0.000228,-0.000141,-0.000187,-0.000319,-0.000251,-0.000191,-0.000157,-0.000099,-0.000084,0.000028,0.000147,0.000077,0.000015,0.000069,0.000161,0.000252,0.000198,0.000152,0.000252,0.000299,0.000196,0.000108,0.000038,-0.000034,-0.000011,0.000030,0.000186,0.000249,0.000029,-0.000175,-0.000279,-0.000240,-0.000302,-0.000425,-0.000256,0.000016,0.000199,0.000247,0.000291,
0.016764,0.014773,0.002318,-0.004582,-0.004696,-0.004833,-0.006193,-0.005948,-0.004328,-0.002074,-0.000330,0.000156,0.000262,0.000102,-0.000322,-0.000727,-0.000882,-0.000540,0.000254,0.000467,-0.000144,-0.001041,-0.001818,-0.002006,-0.001686,-0.001288,-0.001129,-0.000994,-0.000429,0.000090,0.000010,-0.000159,-0.000029,0.000079,0.000183,0.000377,0.000528,0.000420,0.000118,-0.000158,-0.000350,-0.000404,-0.000332,-0.000245,-0.000171,-0.000097,-0.000077,-0.000077,-0.000188,-0.000250,-0.000300,-0.000333,-0.000294,-0.000259,-0.000153,-0.000242,-0.000689,-0.000963,-0.000441,0.000702,0.001202,0.000576,0.000236,0.000550,0.000463,-0.000008,0.000050,0.000626,0.000867,0.000528,0.000000,-0.000300,-0.000272,-0.000104,-0.000045,-0.000083,-0.000176,-0.000326,-0.000458,-0.000361,-0.000062,0.000195,0.000343,0.000730,0.001463,0.002024,0.001549,-0.000161,-0.001615,-0.001870,-0.001424,-0.000745,-0.000235,-0.000078,-0.000290,-0.000347,-0.000145,0.000031,0.000162,0.000301,0.000305,0.000163,0.000028,0.000039,0.000106,0.000121,0.000131,0.000140,0.000118,0.000075,0.000204,0.000357,0.000265,0.000199,0.000186,0.000153,-0.000025,-0.000268,-0.000279,-0.000149,-0.000099,-0.000063,-0.000004,0.000124,0.000321,0.000401,0.000327,0.000153,0.000054,0.000078,0.000091,-0.000039,-0.000126,-0.000037,0.000102,0.000219,0.000218,0.000264,0.021101,0.010762,0.008429,0.009107,0.006686,0.001499,-0.002123,-0.002011,0.000646,0.003594,0.004465,0.003526,0.002349,0.001176,0.000224,-0.000309,-0.000194,0.000647,0.001405,0.001324,0.000687,-0.000014,-0.000406,-0.000208,0.000273,0.000654,0.000815,0.000584,-0.000008,-0.000609,-0.000657,-0.000269,-0.000071,-0.000158,-0.000184,0.000070,0.000063,-0.000416,-0.001193,-0.001770,-0.001660,-0.001015,-0.000588,-0.000374,0.000048,0.000249,0.000014,-0.000311,-0.000476,-0.000465,-0.000345,-0.000112,0.000125,0.000209,0.000109,-0.000033,0.000020,0.000386,0.000827,0.000927,0.000999,0.001613,0.002106,0.001621,0.000643,0.000136,0.000012,-0.000045,-0.000392,-0.000692,-0.000609,-0.000421,-0.000360,-0.000465,-0.000495,-0.000297,-0.000020,0.000256,0.000447,0.000391,0.000120,-0.000033,0.000099,0.000308,0.000345,-0.000018,-0.000737,-0.001428,-0.001534,-0.001284,-0.001000,-0.000480,-0.000094,0.000041,0.000091,0.000145,0.000114,-0.000108,-0.000253,-0.000300,-0.000303,-0.000292,-0.000307,-0.000326,-0.000214,-0.000100,0.000016,0.000112,0.000156,0.000016,-0.000111,-0.000010,0.000005,0.000044,0.000185,0.000259,0.000265,0.000189,0.000177,0.000170,0.000092,-0.000016,-0.000078,-0.000028,0.000033,0.000116,0.000089,0.000009,-0.000017,-0.000075,-0.000149,-0.000232,-0.000294,-0.000238,-0.000122,0.000087,0.000208,0.000131,
0.016903,0.014765,0.002244,-0.004860,-0.004931,-0.004810,-0.006138,-0.005902,-0.004209,-0.002060,-0.000482,0.000029,0.000272,0.000218,-0.000271,-0.000738,-0.001004,-0.000622,0.000282,0.000587,-0.000045,-0.001086,-0.001787,-0.001897,-0.001597,-0.001249,-0.001159,-0.001053,-0.000629,-0.000181,-0.000057,-0.000037,0.000123,0.000338,0.000401,0.000353,0.000311,0.000195,-0.000026,-0.000403,-0.000653,-0.000545,-0.000339,-0.000294,-0.000293,-0.000166,0.000018,0.000122,0.000116,-0.000012,-0.000225,-0.000293,-0.000265,-0.000271,-0.000203,-0.000247,-0.000611,-0.000894,-0.000518,0.000406,0.000868,0.000199,-0.000299,0.000414,0.000996,0.000835,0.000614,0.000792,0.000861,0.000291,-0.000284,-0.000355,-0.000190,-0.000083,-0.000107,-0.000041,0.000072,-0.000282,-0.000627,-0.000456,-0.000116,0.000218,0.000446,0.000787,0.001463,0.002050,0.001652,0.000025,-0.001325,-0.001572,-0.001205,-0.000729,-0.000291,-0.000130,-0.000260,-0.000267,-0.000103,0.000019,0.000063,0.000126,0.000114,-0.000021,-0.000031,-0.000068,-0.000049,0.000065,0.000071,0.000097,0.000210,0.000238,0.000169,0.000210,0.000266,0.000225,0.000232,0.000225,0.000111,-0.000054,-0.000209,-0.000143,0.000041,-0.000001,-0.000039,0.000134,0.000251,0.000236,0.000145,0.000019,0.000015,0.000068,0.000163,0.000108,-0.000023,-0.000001,0.000069,0.000064,0.000085,0.000171,0.021343,0.011073,0.008595,0.009062,0.006565,0.001367,-0.002289,-0.002126,0.000578,0.003477,0.004345,0.003524,0.002396,0.001102,0.000151,-0.000120,0.000104,0.000850,0.001469,0.001310,0.000780,0.000118,-0.000438,-0.000337,0.000155,0.000678,0.000888,0.000532,-0.000077,-0.000624,-0.000575,-0.000042,0.000127,-0.000104,-0.000151,0.000085,0.000081,-0.000433,-0.001148,-0.001684,-0.001673,-0.001092,-0.000537,-0.000229,0.000117,0.000311,0.000072,-0.000318,-0.000492,-0.000420,-0.000188,0.000002,0.000083,0.000079,-0.000044,-0.000137,-0.000029,0.000339,0.000836,0.000866,0.000733,0.001294,0.002030,0.001687,0.000586,-0.000033,-0.000020,-0.000055,-0.000344,-0.000650,-0.000665,-0.000388,-0.000220,-0.000310,-0.000333,-0.000259,-0.000066,0.000199,0.000447,0.000448,0.000115,-0.000205,-0.000223,0.000093,0.000285,-0.000111,-0.000858,-0.001477,-0.001568,-0.001262,-0.000933,-0.000354,0.000097,0.000057,0.000117,0.000338,0.000265,-0.000011,-0.000197,-0.000353,-0.000390,-0.000296,-0.000162,-0.000072,-0.000109,-0.000073,0.000019,0.000050,0.000066,0.000060,0.000049,0.000033,0.000038,0.000080,0.000264,0.000323,0.000302,0.000320,0.000110,-0.000026,0.000025,0.000103,0.000097,0.000065,0.000040,0.000109,0.000165,0.000080,-0.000050,-0.000165,-0.000238,-0.000218,-0.000240,-0.000299,-0.000164,0.000051,0.000148,0.000150,
0.016993,0.014867,0.002247,-0.004687,-0.004790,-0.004896,-0.006270,-0.005992,-0.004216,-0.002027,-0.000477,0.000048,0.000301,0.000195,-0.000291,-0.000768,-0.000996,-0.000646,0.000157,0.000460,-0.000131,-0.001121,-0.001847,-0.001917,-0.001498,-0.001176,-0.001116,-0.000906,-0.000390,-0.000038,-0.000103,-0.000037,0.000104,0.000085,0.000109,0.000289,0.000367,0.000095,-0.000172,-0.000315,-0.000445,-0.000434,-0.000365,-0.000313,-0.000258,-0.000067,0.000050,-0.000073,-0.000246,-0.000316,-0.000292,-0.000339,-0.000350,-0.000241,-0.000132,-0.000187,-0.000565,-0.000930,-0.000481,0.000563,0.000930,0.000154,-0.000347,0.000215,0.000884,0.000822,0.000753,0.001081,0.001049,0.000492,-0.000096,-0.000242,-0.000169,-0.000091,-0.000001,0.000124,0.000125,-0.000212,-0.000529,-0.000427,-0.000144,0.000215,0.000503,0.000880,0.001574,0.002173,0.001694,0.000028,-0.001365,-0.001605,-0.001388,-0.000863,-0.000170,-0.000054,-0.000232,-0.000226,-0.000169,-0.000016,0.000162,0.000094,-0.000017,-0.000033,-0.000082,-0.000134,-0.000160,-0.000065,0.000101,0.000153,0.000176,0.000169,0.000136,0.000251,0.000342,0.000290,0.000167,0.000054,0.000031,-0.000046,-0.000051,0.000037,0.000017,-0.000026,-0.000022,0.000126,0.000273,0.000220,0.000061,0.000069,0.000082,0.000078,0.000086,0.000087,0.000029,0.000016,0.000207,0.000289,0.000188,0.000257,0.021164,0.010977,0.008680,0.009229,0.006715,0.001445,-0.002258,-0.002169,0.000544,0.003553,0.004456,0.003539,0.002379,0.001141,0.000189,-0.000203,-0.000017,0.000797,0.001350,0.001219,0.000739,0.000090,-0.000384,-0.000296,0.000188,0.000647,0.000762,0.000424,-0.000165,-0.000618,-0.000581,-0.000123,0.000054,-0.000165,-0.000183,0.000061,0.000059,-0.000352,-0.001159,-0.001873,-0.001738,-0.001035,-0.000544,-0.000261,0.000128,0.000368,0.000116,-0.000262,-0.000410,-0.000520,-0.000421,-0.000122,0.000052,0.000107,0.000091,0.000048,0.000063,0.000324,0.000741,0.000791,0.000803,0.001489,0.002251,0.002084,0.001103,0.000400,0.000267,0.000185,-0.000055,-0.000308,-0.000320,-0.000215,-0.000261,-0.000408,-0.000531,-0.000455,-0.000139,0.000203,0.000491,0.000535,0.000195,-0.000080,-0.000023,0.000209,0.000354,-0.000030,-0.000847,-0.001518,-0.001667,-0.001382,-0.000964,-0.000379,-0.000032,-0.000113,-0.000030,0.000215,0.000103,-0.000110,-0.000174,-0.000390,-0.000438,-0.000283,-0.000217,-0.000212,-0.000237,-0.000178,-0.000101,-0.000072,0.000026,0.000106,0.000082,0.000040,0.000032,0.000093,0.000223,0.000236,0.000214,0.000181,0.000056,0.000042,0.000038,-0.000008,-0.000054,-0.000085,0.000020,0.000078,0.000058,-0.000010,-0.000085,-0.000237,-0.000293,-0.000212,-0.000209,-0.000124,-0.000032,0.000085,0.000237,0.000281,
0.017387,0.015293,0.002773,-0.004283,-0.004561,-0.004792,-0.006268,-0.006001,-0.004243,-0.002110,-0.000512,-0.000015,0.000203,0.000183,-0.000265,-0.000783,-0.001092,-0.000671,0.000235,0.000455,-0.000175,-0.001046,-0.001668,-0.001843,-0.001510,-0.001156,-0.001149,-0.000946,-0.000423,-0.000044,-0.000185,-0.000347,-0.000297,-0.000127,0.000146,0.000397,0.000473,0.000296,0.000046,-0.000230,-0.000429,-0.000366,-0.000323,-0.000375,-0.000367,-0.000189,0.000100,0.000161,0.000036,-0.000136,-0.000339,-0.000497,-0.000454,-0.000182,-0.000027,-0.000165,-0.000532,-0.000725,-0.000303,0.000613,0.001048,0.000418,-0.000163,0.000131,0.000453,0.000343,0.000238,0.000454,0.000580,0.000195,-0.000225,-0.000335,-0.000348,-0.000325,-0.000224,-0.000097,-0.000011,-0.000137,-0.000369,-0.000399,-0.000247,-0.000011,0.000311,0.000781,0.001492,0.002044,0.001651,0.000003,-0.001452,-0.001716,-0.001359,-0.000868,-0.000275,-0.000112,-0.000280,-0.000185,-0.000103,-0.000122,0.000055,0.000108,0.000038,0.000102,0.000128,0.000094,0.000086,0.000023,0.000019,0.000058,-0.000022,-0.000064,0.000068,0.000282,0.000306,0.000123,0.000129,0.000179,0.000042,-0.000089,-0.000078,-0.000136,-0.000189,-0.000075,0.000071,0.000160,0.000177,0.000123,0.000053,-0.000012,0.000013,0.000011,0.000005,0.000006,-0.000143,-0.000120,0.000069,0.000176,0.000227,0.000260,0.020917,0.010618,0.008572,0.009366,0.006869,0.001619,-0.002009,-0.001880,0.000790,0.003636,0.004368,0.003492,0.002443,0.001273,0.000384,0.000000,0.000163,0.000938,0.001447,0.001295,0.000755,0.000047,-0.000478,-0.000304,0.000234,0.000699,0.000843,0.000576,-0.000047,-0.000589,-0.000639,-0.000294,-0.000090,-0.000252,-0.000294,-0.000136,-0.000151,-0.000518,-0.001096,-0.001627,-0.001607,-0.001055,-0.000654,-0.000364,0.000079,0.000389,0.000259,-0.000134,-0.000280,-0.000270,-0.000224,0.000066,0.000122,-0.000001,0.000065,0.000084,0.000108,0.000338,0.000688,0.000688,0.000595,0.001180,0.001795,0.001525,0.000733,0.000147,-0.000071,-0.000107,-0.000238,-0.000454,-0.000409,-0.000247,-0.000160,-0.000277,-0.000391,-0.000357,-0.000125,0.000315,0.000482,0.000387,0.000226,0.000091,0.000108,0.000198,0.000138,-0.000274,-0.000943,-0.001519,-0.001593,-0.001304,-0.000779,-0.000101,0.000148,0.000064,0.000063,0.000112,0.000063,-0.000059,-0.000115,-0.000150,-0.000189,-0.000158,-0.000106,-0.000132,-0.000211,-0.000214,-0.000013,0.000170,0.000166,0.000118,0.000094,-0.000005,0.000036,0.000177,0.000210,0.000215,0.000251,0.000256,0.000139,0.000078,0.000054,-0.000104,-0.000169,-0.000066,0.000008,0.000078,0.000114,0.000101,0.000043,-0.000104,-0.000139,-0.000139,-0.000167,-0.000122,-0.000061,0.000118,0.000320,0.000334,
0.017820,0.015465,0.002899,-0.004109,-0.004577,-0.004953,-0.006362,-0.006112,-0.004287,-0.001856,-0.000128,0.000387,0.000540,0.000323,-0.000331,-0.000991,-0.001178,-0.000654,0.000263,0.000574,-0.000058,-0.000960,-0.001681,-0.001787,-0.001405,-0.001103,-0.001122,-0.000898,-0.000181,0.000226,0.000003,-0.000246,-0.000141,-0.000008,0.000197,0.000419,0.000468,0.000264,-0.000117,-0.000305,-0.000360,-0.000482,-0.000490,-0.000427,-0.000411,-0.000191,0.000121,0.000150,-0.000055,-0.000214,-0.000308,-0.000301,-0.000170,-0.000067,-0.000010,-0.000084,-0.000531,-0.000907,-0.000406,0.000731,0.001140,0.000355,-0.000174,0.000437,0.000979,0.000733,0.000372,0.000410,0.000387,0.000101,-0.000171,-0.000274,-0.000273,-0.000192,-0.000099,-0.000109,-0.000097,-0.000225,-0.000409,-0.000374,-0.000092,0.000191,0.000392,0.000773,0.001440,0.001975,0.001581,0.000038,-0.001417,-0.001709,-0.001271,-0.000680,-0.000167,-0.000149,-0.000343,-0.000278,-0.000130,0.000021,0.000169,0.000252,0.000245,0.000149,0.000008,-0.000018,0.000032,0.000026,0.000001,0.000128,0.000211,0.000063,0.000026,0.000102,0.000111,0.000125,0.000107,0.000041,-0.000065,-0.000167,-0.000130,0.000002,0.000070,0.000047,0.000067,0.000136,0.000198,0.000197,0.000166,0.000105,0.000109,0.000126,0.000136,0.000122,0.000015,-0.000015,-0.000085,-0.000090,0.000012,0.000127,0.020739,0.010565,0.008605,0.009404,0.006822,0.001570,-0.001966,-0.001796,0.000856,0.003657,0.004421,0.003468,0.002266,0.001109,0.000145,-0.000239,0.000123,0.000995,0.001527,0.001271,0.000696,0.000002,-0.000488,-0.000329,0.000221,0.000768,0.000998,0.000749,0.000063,-0.000650,-0.000737,-0.000427,-0.000238,-0.000303,-0.000296,-0.000069,-0.000102,-0.000592,-0.001265,-0.001796,-0.001639,-0.000990,-0.000575,-0.000320,0.000085,0.000245,-0.000038,-0.000278,-0.000276,-0.000311,-0.000374,-0.000149,0.000056,0.000173,0.000182,0.000048,0.000024,0.000295,0.000750,0.000875,0.000923,0.001602,0.002223,0.001709,0.000643,0.000051,0.000048,0.000109,-0.000080,-0.000214,-0.000173,-0.000155,-0.000254,-0.000420,-0.000488,-0.000363,-0.000124,0.000247,0.000514,0.000441,0.000135,-0.000117,-0.000040,0.000254,0.000321,-0.000141,-0.000822,-0.001403,-0.001509,-0.001167,-0.000819,-0.000348,0.000046,-0.000021,0.000075,0.000278,0.000013,-0.000297,-0.000241,-0.000201,-0.000302,-0.000281,-0.000259,-0.000222,-0.000211,-0.000265,-0.000215,-0.000093,0.000049,0.000031,0.000072,0.000180,0.000156,0.000142,0.000148,0.000128,0.000182,0.000242,0.000117,0.000036,0.000115,0.000067,-0.000070,-0.000056,0.000037,0.000152,0.000225,0.000112,-0.000045,-0.000110,-0.000197,-0.000233,-0.000186,-0.000069,0.000015,0.000152,0.000285,0.000347,
0.017744,0.015485,0.002721,-0.004383,-0.004592,-0.004751,-0.006340,-0.006253,-0.004442,-0.002150,-0.000374,0.000320,0.000470,0.000258,-0.000277,-0.000871,-0.001170,-0.000674,0.000287,0.000569,-0.000039,-0.001029,-0.001795,-0.001964,-0.001690,-0.001318,-0.001018,-0.000750,-0.000271,0.000146,0.000034,-0.000238,-0.000171,-0.000033,0.000080,0.000323,0.000413,0.000186,-0.000107,-0.000338,-0.000444,-0.000468,-0.000441,-0.000460,-0.000439,-0.000246,0.000105,0.000110,-0.000112,-0.000152,-0.000172,-0.000304,-0.000345,-0.000270,-0.000213,-0.000307,-0.000621,-0.000793,-0.000411,0.000556,0.001045,0.000221,-0.000489,0.000109,0.000821,0.000648,0.000307,0.000413,0.000502,0.000184,-0.000224,-0.000216,-0.000084,-0.000173,-0.000141,0.000030,-0.000012,-0.000222,-0.000359,-0.000272,-0.000161,-0.000077,0.000221,0.000731,0.001440,0.002018,0.001557,-0.000109,-0.001530,-0.001731,-0.001219,-0.000655,-0.000143,-0.000049,-0.000349,-0.000380,-0.000233,-0.000197,-0.000143,0.000026,0.000155,0.000125,0.000101,0.000111,0.000128,0.000176,0.000147,0.000180,0.000198,0.000092,0.000046,0.000171,0.000273,0.000330,0.000220,0.000032,-0.000058,-0.000153,-0.000139,-0.000090,-0.000023,0.000002,0.000030,0.000109,0.000167,0.000255,0.000131,0.000031,0.000143,0.000119,0.000077,0.000087,-0.000086,-0.000216,-0.000096,0.000012,-0.000001,0.000052,0.020927,0.010616,0.008551,0.009276,0.006728,0.001555,-0.002043,-0.001932,0.000778,0.003636,0.004386,0.003469,0.002429,0.001230,0.000246,-0.000174,0.000017,0.000800,0.001376,0.001233,0.000692,0.000079,-0.000412,-0.000323,0.000259,0.000786,0.000975,0.000667,-0.000068,-0.000694,-0.000729,-0.000271,0.000095,0.000069,-0.000125,-0.000062,-0.000019,-0.000482,-0.001223,-0.001753,-0.001545,-0.000999,-0.000617,-0.000283,0.000020,0.000246,0.000191,-0.000165,-0.000384,-0.000288,-0.000142,-0.000031,0.000099,0.000088,0.000020,0.000050,0.000154,0.000422,0.000769,0.000720,0.000529,0.001082,0.001796,0.001614,0.000653,-0.000270,-0.000413,-0.000147,-0.000276,-0.000538,-0.000541,-0.000481,-0.000365,-0.000342,-0.000376,-0.000309,-0.000170,0.000179,0.000459,0.000374,0.000073,-0.000081,-0.000002,0.000144,0.000108,-0.000333,-0.001013,-0.001444,-0.001408,-0.001180,-0.000916,-0.000444,-0.000074,0.000003,0.000154,0.000290,0.000245,0.000069,-0.000081,-0.000190,-0.000342,-0.000405,-0.000357,-0.000229,-0.000122,-0.000077,0.000004,0.000099,0.000073,-0.000073,-0.000106,-0.000068,0.000019,0.000109,0.000168,0.000173,0.000157,0.000143,0.000142,0.000115,0.000030,-0.000028,0.000019,0.000019,0.000017,0.000055,0.000102,0.000123,0.000063,-0.000032,-0.000067,-0.000059,-0.000149,-0.000103,0.000082,0.000236,0.000218,0.000144,
0.017780,0.015516,0.002640,-0.004504,-0.004705,-0.004928,-0.006416,-0.006215,-0.004413,-0.002146,-0.000530,0.000088,0.000380,0.000180,-0.000467,-0.001035,-0.001165,-0.000703,0.000181,0.000495,-0.000104,-0.000956,-0.001669,-0.001983,-0.001625,-0.001218,-0.001209,-0.000942,-0.000335,0.000062,-0.000016,-0.000195,-0.000123,-0.000018,0.000112,0.000361,0.000540,0.000331,-0.000030,-0.000267,-0.000378,-0.000383,-0.000340,-0.000298,-0.000257,-0.000140,0.000041,0.000051,-0.000167,-0.000276,-0.000324,-0.000512,-0.000588,-0.000425,-0.000215,-0.000290,-0.000701,-0.000941,-0.000383,0.000665,0.001242,0.000779,0.000279,0.000450,0.000547,0.000291,0.000146,0.000466,0.000586,0.000310,-0.000181,-0.000439,-0.000404,-0.000327,-0.000195,0.000007,-0.000027,-0.000282,-0.000468,-0.000384,-0.000086,0.000188,0.000376,0.000742,0.001396,0.001883,0.001494,-0.000011,-0.001413,-0.001588,-0.001126,-0.000682,-0.000266,-0.000182,-0.000247,-0.000188,-0.000066,0.000057,0.000156,0.000106,0.000016,0.000070,0.000058,0.000038,0.000181,0.000199,0.000061,0.000082,0.000160,0.000121,0.000220,0.000258,0.000141,0.000181,0.000201,0.000165,0.000108,0.000006,0.000039,0.000113,0.000131,0.000113,0.000151,0.000231,0.000265,0.000279,0.000243,0.000150,0.000092,0.000173,0.000220,0.000140,-0.000041,-0.000179,-0.000071,0.000043,0.000116,0.000206,0.021167,0.010807,0.008528,0.009282,0.006807,0.001522,-0.002201,-0.002055,0.000695,0.003562,0.004344,0.003552,0.002361,0.001053,0.000238,-0.000160,-0.000023,0.000892,0.001573,0.001336,0.000674,-0.000071,-0.000483,-0.000322,0.000203,0.000714,0.000822,0.000505,0.000040,-0.000544,-0.000746,-0.000351,-0.000150,-0.000190,-0.000028,0.000165,0.000068,-0.000391,-0.001195,-0.001848,-0.001613,-0.000852,-0.000361,-0.000121,0.000112,0.000251,0.000120,-0.000160,-0.000327,-0.000402,-0.000290,-0.000105,0.000115,0.000145,-0.000025,-0.000059,-0.000005,0.000340,0.000849,0.000924,0.000942,0.001425,0.001814,0.001507,0.000823,0.000411,0.000224,-0.000025,-0.000305,-0.000501,-0.000494,-0.000346,-0.000314,-0.000515,-0.000486,-0.000308,-0.000069,0.000357,0.000575,0.000454,0.000082,-0.000135,0.000003,0.000253,0.000312,-0.000083,-0.000852,-0.001510,-0.001589,-0.001319,-0.000964,-0.000382,0.000017,0.000006,0.000022,0.000115,0.000030,-0.000119,-0.000261,-0.000413,-0.000348,-0.000147,-0.000073,-0.000127,-0.000237,-0.000171,-0.000048,0.000001,-0.000028,-0.000040,-0.000045,-0.000079,-0.000056,0.000029,0.000048,0.000056,0.000141,0.000168,0.000101,0.000036,0.000074,0.000036,-0.000138,-0.000119,-0.000071,0.000034,0.000148,0.000080,-0.000080,-0.000200,-0.000216,-0.000202,-0.000237,-0.000199,-0.000075,0.000132,0.000216,0.000178,
0.018183,0.015844,0.003042,-0.004117,-0.004437,-0.004762,-0.006322,-0.006107,-0.004272,-0.001940,-0.000210,0.000286,0.000354,0.000197,-0.000342,-0.000887,-0.001092,-0.000706,0.000126,0.000347,-0.000209,-0.001074,-0.001755,-0.001933,-0.001712,-0.001346,-0.001039,-0.000812,-0.000477,-0.000175,-0.000099,-0.000196,-0.000182,0.000030,0.000235,0.000344,0.000345,0.000217,-0.000052,-0.000431,-0.000643,-0.000508,-0.000370,-0.000407,-0.000327,-0.000133,0.000011,-0.000008,-0.000165,-0.000262,-0.000300,-0.000387,-0.000463,-0.000437,-0.000273,-0.000297,-0.000668,-0.000895,-0.000423,0.000518,0.000849,0.000162,-0.000179,0.000459,0.000922,0.000566,0.000335,0.000628,0.000729,0.000266,-0.000301,-0.000491,-0.000273,-0.000048,0.000014,0.000069,0.000005,-0.000197,-0.000351,-0.000336,-0.000214,0.000111,0.000373,0.000676,0.001305,0.001889,0.001471,-0.000116,-0.001484,-0.001718,-0.001336,-0.000772,-0.000284,-0.000076,-0.000194,-0.000229,-0.000048,0.000087,0.000210,0.000224,0.000212,0.000160,0.000016,-0.000038,0.000026,0.000032,0.000075,0.000132,0.000055,0.000001,0.000095,0.000153,0.000127,0.000141,0.000209,0.000223,0.000153,0.000014,-0.000098,-0.000103,0.000026,0.000156,0.000149,0.000190,0.000327,0.000267,0.000112,-0.000019,-0.000044,0.000019,0.000058,0.000013,-0.000135,-0.000138,-0.000005,0.000071,0.000177,0.000325,0.020858,0.010561,0.008449,0.009223,0.006785,0.001675,-0.001903,-0.001866,0.000753,0.003647,0.004395,0.003566,0.002446,0.001058,0.000063,-0.000235,0.000027,0.000868,0.001466,0.001255,0.000679,0.000038,-0.000421,-0.000305,0.000204,0.000717,0.000884,0.000627,-0.000038,-0.000675,-0.000550,0.000002,0.000070,-0.000154,-0.000113,0.000109,0.000111,-0.000316,-0.001057,-0.001685,-0.001603,-0.000965,-0.000500,-0.000162,0.000228,0.000364,0.000099,-0.000267,-0.000414,-0.000430,-0.000376,-0.000165,0.000019,0.000098,0.000052,0.000001,0.000104,0.000458,0.000921,0.000917,0.000795,0.001429,0.002139,0.001643,0.000369,-0.000265,-0.000132,-0.000016,-0.000222,-0.000403,-0.000295,-0.000139,-0.000236,-0.000461,-0.000475,-0.000305,-0.000065,0.000282,0.000342,0.000251,0.000117,-0.000122,-0.000034,0.000247,0.000299,-0.000101,-0.000889,-0.001507,-0.001520,-0.001214,-0.000868,-0.000328,0.000044,0.000050,0.000150,0.000219,-0.000027,-0.000255,-0.000251,-0.000256,-0.000268,-0.000261,-0.000180,-0.000171,-0.000249,-0.000265,-0.000101,0.000125,0.000247,0.000179,0.000015,-0.000030,-0.000009,0.000067,0.000201,0.000261,0.000218,0.000164,0.000140,0.000098,0.000034,-0.000081,-0.000153,-0.000080,0.000025,0.000028,-0.000002,-0.000005,-0.000051,-0.000124,-0.000166,-0.000163,-0.000045,0.000060,0.000064,0.000168,0.000283,0.000253,
0.018612,0.016149,0.003162,-0.004171,-0.004450,-0.004788,-0.006388,-0.006122,-0.004259,-0.001946,-0.000221,0.000331,0.000465,0.000334,-0.000303,-0.000974,-0.001143,-0.000558,0.000411,0.000684,-0.000093,-0.001174,-0.001873,-0.001974,-0.001676,-0.001317,-0.001176,-0.000971,-0.000436,-0.000001,0.000030,0.000026,0.000260,0.000272,0.000116,0.000125,0.000137,0.000039,-0.000193,-0.000423,-0.000489,-0.000411,-0.000301,-0.000228,-0.000207,-0.000080,0.000101,0.000058,-0.000086,-0.000220,-0.000325,-0.000356,-0.000428,-0.000367,-0.000084,-0.000063,-0.000502,-0.000874,-0.000456,0.000602,0.001056,0.000434,0.000050,0.000627,0.001136,0.000942,0.000644,0.000738,0.000680,0.000197,-0.000227,-0.000381,-0.000334,-0.000090,0.000171,0.000224,0.000106,-0.000144,-0.000383,-0.000381,-0.000220,0.000043,0.000347,0.000787,0.001462,0.002032,0.001652,0.000068,-0.001384,-0.001674,-0.001380,-0.000861,-0.000312,-0.000188,-0.000280,-0.000122,0.000031,0.000088,0.000045,0.000077,0.000196,0.000166,-0.000020,-0.000112,0.000024,0.000014,-0.000036,0.000011,-0.000011,-0.000001,0.000091,0.000229,0.000187,0.000101,0.000168,0.000089,-0.000124,-0.000144,-0.000070,-0.000034,0.000049,0.000081,0.000145,0.000250,0.000350,0.000270,0.000171,0.000148,0.000095,0.000112,0.000065,-0.000054,-0.000167,-0.000119,-0.000015,0.000033,0.000135,0.000227,0.020742,0.010422,0.008465,0.009203,0.006628,0.001581,-0.001996,-0.001937,0.000770,0.003661,0.004496,0.003652,0.002489,0.001161,0.000269,-0.000060,0.000143,0.000971,0.001529,0.001296,0.000734,0.000155,-0.000208,-0.000131,0.000338,0.000720,0.000844,0.000620,0.000068,-0.000385,-0.000362,0.000084,0.000341,0.000094,-0.000093,-0.000066,-0.000008,-0.000290,-0.001069,-0.001769,-0.001654,-0.000961,-0.000491,-0.000264,0.000090,0.000314,0.000099,-0.000194,-0.000369,-0.000438,-0.000305,-0.000009,0.000158,0.000151,0.000117,0.000106,0.000102,0.000447,0.001047,0.000949,0.000755,0.001521,0.002312,0.001994,0.001045,0.000364,0.000214,0.000090,-0.000272,-0.000623,-0.000575,-0.000315,-0.000258,-0.000404,-0.000477,-0.000381,-0.000179,0.000129,0.000384,0.000359,0.000142,-0.000054,-0.000081,0.000135,0.000370,-0.000052,-0.000968,-0.001666,-0.001659,-0.001289,-0.001006,-0.000462,-0.000053,0.000022,0.000136,0.000174,0.000085,-0.000121,-0.000362,-0.000478,-0.000397,-0.000180,-0.000110,-0.000146,-0.000143,-0.000165,-0.000084,0.000090,0.000121,0.000056,-0.000001,0.000026,0.000089,0.000169,0.000186,0.000161,0.000181,0.000252,0.000256,0.000161,0.000028,-0.000061,-0.000071,-0.000078,0.000023,0.000165,0.000155,0.000094,0.000069,-0.000021,-0.000167,-0.000148,-0.000122,-0.000109,0.000072,0.000170,0.000149,0.000160,
0.019105,0.016469,0.003504,-0.003812,-0.004178,-0.004651,-0.006444,-0.006268,-0.004414,-0.002003,-0.000220,0.000400,0.000580,0.000307,-0.000341,-0.000947,-0.001173,-0.000603,0.000396,0.000691,-0.000018,-0.001028,-0.001786,-0.002006,-0.001637,-0.001108,-0.000946,-0.000879,-0.000452,-0.000070,-0.000104,-0.000123,-0.000054,-0.000015,0.000126,0.000412,0.000541,0.000294,-0.000021,-0.000282,-0.000448,-0.000440,-0.000432,-0.000546,-0.000519,-0.000191,0.000035,-0.000051,-0.000202,-0.000236,-0.000331,-0.000494,-0.000461,-0.000237,-0.000103,-0.000183,-0.000600,-0.000923,-0.000483,0.000532,0.001008,0.000405,-0.000093,0.000330,0.000747,0.000498,0.000255,0.000486,0.000579,0.000235,-0.000172,-0.000332,-0.000268,-0.000138,-0.000127,-0.000113,-0.000033,-0.000063,-0.000209,-0.000164,0.000077,0.000206,0.000305,0.000750,0.001545,0.002165,0.001608,-0.000070,-0.001453,-0.001784,-0.001371,-0.000830,-0.000301,-0.000015,-0.000123,-0.000160,-0.000032,-0.000120,-0.000159,0.000009,0.000170,0.000174,0.000096,0.000103,0.000118,0.000088,0.000074,0.000106,0.000106,0.000077,0.000099,0.000090,0.000125,0.000271,0.000293,0.000194,0.000036,-0.000212,-0.000182,-0.000066,-0.000072,-0.000013,0.000130,0.000215,0.000244,0.000231,0.000116,0.000061,0.000182,0.000184,0.000072,-0.000020,-0.000016,-0.000036,-0.000025,0.000145,0.000370,0.000365,0.019737,0.009555,0.008206,0.009368,0.006789,0.001568,-0.001836,-0.001667,0.000892,0.003696,0.004477,0.003589,0.002407,0.001145,0.000231,-0.000215,-0.000025,0.000896,0.001494,0.001321,0.000833,0.000182,-0.000305,-0.000164,0.000330,0.000772,0.000984,0.000669,0.000004,-0.000581,-0.000650,-0.000252,0.000009,-0.000041,-0.000118,-0.000089,-0.000028,-0.000446,-0.001270,-0.001856,-0.001561,-0.000846,-0.000465,-0.000257,0.000130,0.000381,0.000189,-0.000174,-0.000298,-0.000352,-0.000311,-0.000086,0.000094,0.000064,0.000022,0.000075,0.000177,0.000520,0.000863,0.000797,0.000727,0.001323,0.002112,0.001930,0.001053,0.000361,0.000132,0.000057,-0.000249,-0.000546,-0.000491,-0.000206,-0.000063,-0.000273,-0.000552,-0.000518,-0.000235,0.000074,0.000378,0.000408,0.000151,-0.000106,-0.000020,0.000126,0.000084,-0.000303,-0.001086,-0.001697,-0.001586,-0.001230,-0.000916,-0.000330,0.000022,0.000050,0.000128,0.000184,0.000087,-0.000108,-0.000231,-0.000272,-0.000252,-0.000152,-0.000139,-0.000211,-0.000260,-0.000199,0.000044,0.000169,0.000168,0.000149,0.000021,-0.000112,-0.000055,0.000126,0.000207,0.000272,0.000356,0.000333,0.000259,0.000235,0.000149,-0.000008,-0.000003,0.000107,0.000116,0.000062,0.000068,0.000017,-0.000118,-0.000198,-0.000218,-0.000271,-0.000211,-0.000096,0.000067,0.000198,0.000271,0.000292,
0.018720,0.016287,0.003257,-0.004085,-0.004406,-0.004784,-0.006389,-0.006189,-0.004383,-0.001983,-0.000173,0.000419,0.000545,0.000293,-0.000294,-0.000933,-0.001167,-0.000649,0.000282,0.000647,0.000033,-0.000968,-0.001677,-0.001917,-0.001707,-0.001293,-0.001055,-0.000763,-0.000225,0.000177,0.000101,-0.000092,-0.000150,-0.000147,0.000060,0.000447,0.000567,0.000396,0.000102,-0.000266,-0.000412,-0.000348,-0.000402,-0.000462,-0.000333,-0.000096,0.000101,0.000114,0.000017,-0.000113,-0.000251,-0.000429,-0.000455,-0.000298,-0.000192,-0.000317,-0.000652,-0.000891,-0.000372,0.000715,0.001161,0.000504,0.000076,0.000623,0.000998,0.000750,0.000491,0.000592,0.000582,0.000174,-0.000210,-0.000338,-0.000229,-0.000139,-0.000227,-0.000294,-0.000205,-0.000262,-0.000483,-0.000379,-0.000058,0.000136,0.000287,0.000674,0.001449,0.002082,0.001629,0.000027,-0.001370,-0.001620,-0.001270,-0.000787,-0.000306,-0.000186,-0.000364,-0.000379,-0.000222,-0.000139,-0.000021,0.000200,0.000241,0.000159,0.000100,0.000121,0.000086,-0.000107,-0.000054,0.000076,0.000061,0.000000,0.000027,0.000117,0.000166,0.000134,0.000049,0.000008,-0.000018,-0.000118,-0.000147,-0.000068,-0.000012,0.000074,0.000182,0.000278,0.000270,0.000181,0.000084,0.000003,0.000024,-0.000023,-0.000079,-0.000051,-0.000098,-0.000173,-0.000063,0.000108,0.000122,0.000131,0.020449,0.010031,0.008155,0.009127,0.006596,0.001274,-0.002186,-0.001853,0.000871,0.003666,0.004458,0.003564,0.002424,0.001119,0.000023,-0.000380,-0.000067,0.000895,0.001529,0.001258,0.000757,0.000234,-0.000237,-0.000142,0.000279,0.000646,0.000925,0.000739,0.000084,-0.000473,-0.000521,-0.000238,-0.000142,-0.000296,-0.000290,-0.000006,0.000017,-0.000610,-0.001380,-0.001791,-0.001591,-0.000888,-0.000487,-0.000337,0.000048,0.000254,0.000100,-0.000253,-0.000468,-0.000412,-0.000305,-0.000092,0.000015,-0.000029,-0.000062,-0.000057,0.000088,0.000500,0.000874,0.000782,0.000748,0.001420,0.002138,0.001748,0.000631,0.000037,0.000077,0.000128,-0.000051,-0.000237,-0.000187,-0.000105,-0.000233,-0.000484,-0.000552,-0.000369,-0.000017,0.000342,0.000481,0.000495,0.000217,-0.000027,0.000014,0.000188,0.000266,-0.000184,-0.000999,-0.001549,-0.001532,-0.001215,-0.000834,-0.000283,0.000137,0.000173,0.000190,0.000225,0.000086,-0.000130,-0.000236,-0.000294,-0.000262,-0.000166,-0.000127,-0.000188,-0.000150,-0.000145,-0.000083,0.000020,0.000038,-0.000002,0.000013,-0.000051,-0.000076,0.000101,0.000240,0.000331,0.000381,0.000351,0.000239,0.000043,-0.000033,-0.000015,-0.000046,-0.000024,0.000018,0.000038,0.000055,-0.000028,-0.000190,-0.000195,-0.000105,-0.000120,-0.000125,-0.000079,0.000034,0.000191,0.000314,0.000282,
0.018671,0.016478,0.003358,-0.004084,-0.004427,-0.004712,-0.006286,-0.006127,-0.004418,-0.002125,-0.000271,0.000355,0.000506,0.000310,-0.000301,-0.001011,-0.001320,-0.000785,0.000214,0.000531,-0.000223,-0.001232,-0.001726,-0.001777,-0.001535,-0.001189,-0.001034,-0.000770,-0.000230,0.000129,0.000044,-0.000230,-0.000308,-0.000128,0.000122,0.000354,0.000436,0.000317,0.000043,-0.000296,-0.000497,-0.000496,-0.000499,-0.000561,-0.000502,-0.000330,-0.000185,-0.000118,-0.000104,-0.000185,-0.000301,-0.000408,-0.000400,-0.000202,-0.000028,-0.000126,-0.000489,-0.000763,-0.000403,0.000534,0.000908,0.000072,-0.000552,0.000027,0.000635,0.000498,0.000182,0.000252,0.000337,0.000103,-0.000158,-0.000263,-0.000230,-0.000126,-0.000037,0.000006,-0.000015,-0.000142,-0.000350,-0.000291,-0.000150,0.000042,0.000356,0.000841,0.001557,0.002107,0.001585,-0.000049,-0.001407,-0.001624,-0.001243,-0.000702,-0.000120,-0.000005,-0.000257,-0.000402,-0.000274,-0.000055,0.000107,0.000170,0.000160,0.000184,0.000173,0.000130,0.000072,0.000078,0.000064,0.000051,0.000028,0.000038,0.000152,0.000251,0.000287,0.000339,0.000254,0.000037,-0.000053,-0.000092,-0.000118,-0.000048,0.000039,0.000112,0.000098,0.000107,0.000242,0.000253,0.000199,0.000105,0.000031,0.000042,0.000091,0.000118,0.000040,-0.000050,0.000062,0.000221,0.000271,0.000221,0.020511,0.010034,0.008084,0.009024,0.006508,0.001310,-0.002272,-0.002073,0.000683,0.003541,0.004398,0.003577,0.002384,0.001126,0.000250,-0.000138,0.000067,0.000933,0.001512,0.001411,0.000807,0.000017,-0.000427,-0.000250,0.000261,0.000759,0.000995,0.000654,-0.000107,-0.000749,-0.000769,-0.000367,-0.000193,-0.000280,-0.000162,0.000024,-0.000018,-0.000440,-0.001239,-0.001847,-0.001755,-0.001090,-0.000527,-0.000252,0.000064,0.000313,0.000139,-0.000206,-0.000350,-0.000406,-0.000356,-0.000162,-0.000022,0.000018,-0.000004,-0.000116,-0.000026,0.000457,0.000920,0.000875,0.000636,0.001259,0.002184,0.001934,0.000796,0.000039,0.000022,0.000165,0.000024,-0.000266,-0.000409,-0.000353,-0.000423,-0.000476,-0.000384,-0.000372,-0.000198,0.000214,0.000383,0.000301,0.000091,-0.000070,0.000037,0.000251,0.000236,-0.000130,-0.000902,-0.001530,-0.001552,-0.001309,-0.000977,-0.000437,0.000011,0.000070,0.000140,0.000349,0.000205,-0.000165,-0.000368,-0.000452,-0.000450,-0.000317,-0.000191,-0.000163,-0.000175,-0.000122,-0.000002,0.000088,0.000077,0.000016,-0.000020,0.000045,0.000167,0.000230,0.000297,0.000332,0.000287,0.000292,0.000254,0.000122,0.000041,-0.000003,-0.000041,-0.000044,-0.000012,0.000084,0.000067,0.000018,-0.000003,-0.000118,-0.000185,-0.000168,-0.000139,-0.000115,-0.000008,0.000141,0.000258,0.000225,
0.018899,0.016627,0.003405,-0.004073,-0.004461,-0.004786,-0.006293,-0.006111,-0.004426,-0.002186,-0.000347,0.000396,0.000569,0.000388,-0.000229,-0.000850,-0.001198,-0.000682,0.000340,0.000568,-0.000103,-0.001071,-0.001775,-0.001964,-0.001673,-0.001227,-0.001035,-0.000754,-0.000208,0.000167,0.000027,-0.000243,-0.000236,-0.000133,0.000104,0.000462,0.000557,0.000381,0.000204,-0.000076,-0.000357,-0.000434,-0.000394,-0.000355,-0.000358,-0.000179,-0.000052,-0.000046,-0.000153,-0.000308,-0.000358,-0.000331,-0.000201,-0.000158,-0.000160,-0.000207,-0.000593,-0.000917,-0.000481,0.000593,0.001100,0.000497,0.000052,0.000395,0.000804,0.000716,0.000514,0.000523,0.000539,0.000256,-0.000145,-0.000346,-0.000367,-0.000329,-0.000350,-0.000216,-0.000053,-0.000056,-0.000240,-0.000292,-0.000046,0.000187,0.000403,0.000840,0.001581,0.002144,0.001510,-0.000157,-0.001502,-0.001814,-0.001370,-0.000715,-0.000132,0.000031,-0.000211,-0.000273,-0.000125,-0.000044,0.000011,0.000140,0.000177,0.000177,0.000107,0.000056,0.000107,0.000129,0.000139,0.000174,0.000159,0.000109,0.000149,0.000195,0.000220,0.000226,0.000179,0.000117,0.000065,-0.000002,-0.000069,-0.000052,0.000013,0.000042,0.000019,0.000097,0.000245,0.000219,0.000121,0.000155,0.000232,0.000273,0.000217,0.000081,-0.000071,-0.000101,-0.000044,0.000018,0.000067,0.000158,0.020072,0.009663,0.007875,0.008892,0.006395,0.001216,-0.002188,-0.001800,0.000873,0.003652,0.004405,0.003523,0.002368,0.001082,0.000123,-0.000271,0.000070,0.001074,0.001678,0.001505,0.000931,0.000226,-0.000312,-0.000266,0.000179,0.000645,0.000828,0.000619,0.000042,-0.000603,-0.000642,-0.000240,-0.000146,-0.000257,-0.000100,0.000096,0.000007,-0.000421,-0.001197,-0.001844,-0.001700,-0.000980,-0.000508,-0.000254,0.000093,0.000245,-0.000040,-0.000373,-0.000436,-0.000348,-0.000259,-0.000026,0.000201,0.000205,0.000124,0.000088,0.000067,0.000372,0.000796,0.000740,0.000692,0.001205,0.001716,0.001461,0.000819,0.000296,0.000041,-0.000086,-0.000319,-0.000462,-0.000453,-0.000356,-0.000289,-0.000418,-0.000470,-0.000361,-0.000178,0.000099,0.000419,0.000420,0.000059,-0.000110,0.000048,0.000276,0.000196,-0.000237,-0.000968,-0.001653,-0.001650,-0.001303,-0.000924,-0.000344,0.000000,-0.000037,0.000028,0.000155,0.000079,-0.000164,-0.000398,-0.000456,-0.000407,-0.000349,-0.000224,-0.000200,-0.000195,-0.000141,0.000018,0.000159,0.000120,-0.000029,-0.000044,0.000038,0.000032,0.000103,0.000192,0.000218,0.000303,0.000315,0.000204,0.000147,0.000123,-0.000061,-0.000209,-0.000137,0.000014,0.000027,0.000034,0.000039,-0.000001,-0.000100,-0.000272,-0.000365,-0.000297,-0.000151,-0.000016,0.000175,0.000364,0.000352,
0.019175,0.016782,0.003610,-0.003818,-0.004169,-0.004627,-0.006386,-0.006366,-0.004540,-0.002162,-0.000322,0.000390,0.000638,0.000414,-0.000302,-0.000968,-0.001246,-0.000623,0.000428,0.000594,-0.000229,-0.001214,-0.001793,-0.001849,-0.001611,-0.001350,-0.001254,-0.001043,-0.000502,-0.000080,-0.000111,-0.000186,0.000030,0.000292,0.000364,0.000367,0.000336,0.000166,-0.000043,-0.000265,-0.000495,-0.000510,-0.000454,-0.000391,-0.000280,-0.000131,-0.000033,-0.000109,-0.000131,-0.000078,-0.000177,-0.000275,-0.000306,-0.000266,-0.000182,-0.000219,-0.000619,-0.000958,-0.000410,0.000558,0.000769,0.000201,-0.000076,0.000366,0.000569,0.000311,0.000313,0.000747,0.000863,0.000359,-0.000128,-0.000297,-0.000279,-0.000229,-0.000078,0.000032,0.000015,-0.000111,-0.000382,-0.000398,-0.000210,0.000016,0.000300,0.000669,0.001347,0.001992,0.001540,-0.000072,-0.001454,-0.001700,-0.001310,-0.000784,-0.000166,-0.000015,-0.000218,-0.000171,-0.000043,0.000042,0.000078,0.000159,0.000230,0.000165,0.000008,-0.000047,0.000033,0.000040,0.000054,0.000091,0.000067,0.000023,0.000104,0.000248,0.000269,0.000240,0.000226,0.000201,0.000049,-0.000031,-0.000034,-0.000044,0.000043,0.000011,-0.000064,0.000076,0.000175,0.000190,0.000086,-0.000016,-0.000013,0.000055,0.000063,0.000055,0.000003,-0.000048,0.000011,0.000029,0.000083,0.000210,0.019677,0.009219,0.007576,0.008849,0.006365,0.001102,-0.002199,-0.001882,0.000681,0.003454,0.004358,0.003565,0.002335,0.001086,0.000322,-0.000060,0.000095,0.000991,0.001675,0.001471,0.000743,0.000064,-0.000348,-0.000262,0.000218,0.000676,0.000870,0.000693,0.000075,-0.000515,-0.000656,-0.000343,-0.000099,-0.000190,-0.000121,0.000107,0.000027,-0.000483,-0.001251,-0.001824,-0.001682,-0.000912,-0.000404,-0.000222,0.000076,0.000271,0.000123,-0.000197,-0.000317,-0.000377,-0.000400,-0.000179,0.000084,0.000109,-0.000050,-0.000186,-0.000010,0.000450,0.000924,0.000941,0.000916,0.001589,0.002231,0.001596,0.000301,-0.000226,-0.000046,0.000003,-0.000300,-0.000557,-0.000478,-0.000266,-0.000235,-0.000392,-0.000452,-0.000288,0.000024,0.000327,0.000438,0.000368,0.000117,-0.000137,-0.000041,0.000339,0.000478,0.000009,-0.000879,-0.001563,-0.001564,-0.001196,-0.000837,-0.000380,-0.000071,0.000013,0.000212,0.000398,0.000267,-0.000103,-0.000270,-0.000308,-0.000397,-0.000369,-0.000268,-0.000193,-0.000159,-0.000111,0.000028,0.000118,0.000112,0.000062,-0.000058,-0.000152,-0.000057,0.000076,0.000152,0.000162,0.000124,0.000197,0.000192,0.000113,0.000068,0.000040,-0.000058,-0.000166,-0.000095,0.000032,0.000100,0.000049,-0.000033,-0.000076,-0.000132,-0.000189,-0.000188,-0.000123,0.000056,0.000261,0.000356,0.000338,
0.019124,0.016898,0.003661,-0.003968,-0.004313,-0.004576,-0.006354,-0.006331,-0.004598,-0.002297,-0.000468,0.000364,0.000757,0.000560,-0.000197,-0.000963,-0.001309,-0.000770,0.000329,0.000668,-0.000013,-0.000995,-0.001742,-0.001887,-0.001586,-0.001307,-0.001200,-0.001060,-0.000643,-0.000180,-0.000058,0.000069,0.000394,0.000447,0.000184,0.000036,0.000109,0.000046,-0.000190,-0.000390,-0.000553,-0.000612,-0.000475,-0.000324,-0.000231,-0.000146,-0.000125,-0.000157,-0.000157,-0.000156,-0.000179,-0.000267,-0.000358,-0.000269,-0.000134,-0.000242,-0.000595,-0.000908,-0.000526,0.000537,0.001020,0.000382,-0.000002,0.000710,0.001265,0.000994,0.000627,0.000641,0.000604,0.000148,-0.000333,-0.000481,-0.000398,-0.000224,0.000005,0.000086,0.000038,-0.000177,-0.000488,-0.000506,-0.000271,-0.000006,0.000279,0.000712,0.001418,0.001994,0.001473,-0.000156,-0.001480,-0.001705,-0.001420,-0.000881,-0.000332,-0.000130,-0.000183,-0.000240,-0.000130,-0.000044,-0.000019,0.000051,0.000126,0.000095,0.000027,0.000046,0.000090,0.000114,0.000072,0.000050,0.000078,0.000022,0.000051,0.000082,0.000083,0.000103,0.000138,0.000074,-0.000010,-0.000048,-0.000051,0.000050,0.000064,0.000038,0.000110,0.000220,0.000239,0.000217,0.000155,0.000075,0.000056,0.000106,0.000114,0.000011,-0.000060,-0.000054,0.000015,0.000046,0.000066,0.000074,0.019466,0.008901,0.007462,0.008821,0.006336,0.001145,-0.002248,-0.001939,0.000819,0.003535,0.004260,0.003436,0.002348,0.001137,0.000218,-0.000179,0.000005,0.000914,0.001600,0.001422,0.000897,0.000254,-0.000313,-0.000216,0.000286,0.000681,0.000807,0.000544,-0.000082,-0.000639,-0.000457,0.000173,0.000363,0.000105,-0.000098,0.000047,0.000202,-0.000204,-0.001095,-0.001747,-0.001540,-0.000852,-0.000465,-0.000261,0.000095,0.000208,0.000046,-0.000180,-0.000276,-0.000239,-0.000187,-0.000046,0.000100,0.000083,0.000018,-0.000068,0.000003,0.000518,0.000965,0.000870,0.000819,0.001437,0.002075,0.001810,0.000918,0.000329,0.000167,-0.000005,-0.000202,-0.000418,-0.000436,-0.000318,-0.000260,-0.000451,-0.000515,-0.000397,-0.000141,0.000240,0.000369,0.000307,0.000178,-0.000010,-0.000082,0.000208,0.000366,-0.000165,-0.000942,-0.001462,-0.001502,-0.001224,-0.000921,-0.000371,0.000080,0.000053,0.000117,0.000206,0.000001,-0.000234,-0.000352,-0.000362,-0.000278,-0.000240,-0.000249,-0.000193,-0.000214,-0.000209,-0.000052,0.000074,0.000165,0.000158,0.000063,-0.000013,0.000021,0.000154,0.000281,0.000260,0.000246,0.000225,0.000191,0.000095,0.000003,-0.000026,-0.000021,0.000072,0.000113,0.000095,0.000112,0.000125,0.000068,-0.000040,-0.000170,-0.000229,-0.000205,-0.000133,0.000001,0.000094,0.000186,0.000211,
0.019448,0.017035,0.003823,-0.003709,-0.004169,-0.004645,-0.006406,-0.006298,-0.004521,-0.002137,-0.000253,0.000526,0.000850,0.000578,-0.000208,-0.000944,-0.001231,-0.000701,0.000383,0.000776,0.000117,-0.000913,-0.001753,-0.001981,-0.001667,-0.001392,-0.001276,-0.000984,-0.000458,-0.000029,0.000002,-0.000067,-0.000008,0.000015,-0.000028,0.000195,0.000438,0.000375,0.000130,-0.000168,-0.000416,-0.000364,-0.000295,-0.000332,-0.000303,-0.000170,-0.000054,-0.000102,-0.000227,-0.000307,-0.000352,-0.000312,-0.000192,-0.000140,-0.000122,-0.000205,-0.000430,-0.000585,-0.000177,0.000778,0.001160,0.000320,-0.000275,0.000346,0.000893,0.000677,0.000489,0.000664,0.000658,0.000240,-0.000147,-0.000270,-0.000194,-0.000078,-0.000020,0.000050,0.000089,-0.000128,-0.000442,-0.000447,-0.000143,0.000144,0.000367,0.000756,0.001437,0.002001,0.001602,0.000013,-0.001429,-0.001646,-0.001312,-0.000784,-0.000135,-0.000102,-0.000330,-0.000236,-0.000024,0.000079,0.000049,0.000066,0.000073,0.000057,0.000043,0.000019,0.000000,-0.000068,-0.000001,0.000171,0.000113,0.000070,0.000127,0.000163,0.000251,0.000286,0.000143,-0.000028,-0.000170,-0.000133,-0.000011,-0.000037,-0.000011,0.000001,-0.000001,0.000171,0.000298,0.000191,0.000068,0.000017,0.000019,0.000031,0.000090,0.000024,-0.000164,-0.000101,0.000077,0.000092,0.000098,0.000282,0.019080,0.008593,0.007369,0.008977,0.006477,0.001265,-0.002214,-0.001902,0.000845,0.003473,0.004265,0.003572,0.002469,0.001167,0.000096,-0.000378,0.000092,0.001155,0.001697,0.001497,0.000894,0.000232,-0.000259,-0.000168,0.000325,0.000739,0.000916,0.000658,-0.000002,-0.000647,-0.000652,-0.000175,0.000007,-0.000129,-0.000182,0.000093,0.000211,-0.000275,-0.001108,-0.001759,-0.001625,-0.000955,-0.000613,-0.000348,0.000139,0.000319,0.000051,-0.000241,-0.000326,-0.000376,-0.000295,-0.000024,0.000144,0.000191,0.000144,0.000055,0.000158,0.000473,0.000820,0.000746,0.000718,0.001397,0.002182,0.002123,0.001185,0.000333,0.000159,0.000171,-0.000133,-0.000390,-0.000266,-0.000028,-0.000066,-0.000369,-0.000527,-0.000394,-0.000147,0.000148,0.000389,0.000335,0.000074,-0.000090,-0.000079,0.000072,0.000206,-0.000150,-0.000952,-0.001625,-0.001681,-0.001298,-0.000863,-0.000310,0.000018,-0.000005,0.000058,0.000172,0.000122,-0.000075,-0.000201,-0.000230,-0.000315,-0.000364,-0.000299,-0.000180,-0.000161,-0.000171,-0.000073,-0.000004,0.000035,0.000045,-0.000048,-0.000006,0.000174,0.000251,0.000161,0.000152,0.000236,0.000267,0.000277,0.000173,-0.000024,-0.000109,-0.000108,-0.000106,-0.000043,0.000010,0.000030,0.000095,0.000085,-0.000124,-0.000334,-0.000321,-0.000179,-0.000101,-0.000007,0.000177,0.000291,0.000327,
0.019694,0.017157,0.003744,-0.003826,-0.004191,-0.004690,-0.006492,-0.006402,-0.004720,-0.002295,-0.000310,0.000529,0.000814,0.000644,-0.000093,-0.000985,-0.001235,-0.000566,0.000463,0.000661,-0.000000,-0.000965,-0.001756,-0.002000,-0.001715,-0.001329,-0.001277,-0.001084,-0.000434,-0.000015,-0.000086,-0.000201,-0.000129,-0.000037,0.000129,0.000347,0.000398,0.000251,-0.000088,-0.000384,-0.000516,-0.000482,-0.000391,-0.000468,-0.000478,-0.000264,-0.000043,-0.000059,-0.000112,-0.000225,-0.000377,-0.000393,-0.000305,-0.000185,-0.000050,-0.000146,-0.000625,-0.000923,-0.000436,0.000600,0.001056,0.000479,0.000144,0.000551,0.000858,0.000625,0.000378,0.000494,0.000521,0.000075,-0.000368,-0.000467,-0.000419,-0.000304,-0.000241,-0.000135,-0.000095,-0.000212,-0.000344,-0.000424,-0.000331,-0.000007,0.000306,0.000670,0.001451,0.002118,0.001631,-0.000037,-0.001476,-0.001777,-0.001315,-0.000689,-0.000206,-0.000048,-0.000130,-0.000186,0.000000,0.000108,0.000005,0.000047,0.000091,-0.000025,-0.000133,-0.000102,0.000129,0.000191,0.000056,0.000027,0.000089,-0.000017,0.000001,0.000174,0.000117,0.000035,0.000087,0.000050,-0.000072,-0.000133,-0.000094,-0.000042,-0.000029,-0.000063,0.000014,0.000091,0.000156,0.000226,0.000112,-0.000031,-0.000022,-0.000018,-0.000041,-0.000085,-0.000052,-0.000016,0.000011,0.000082,0.000234,0.000280,0.018959,0.008414,0.007136,0.008735,0.006374,0.001214,-0.002189,-0.001843,0.000898,0.003642,0.004427,0.003673,0.002549,0.001103,0.000049,-0.000237,0.000171,0.001128,0.001702,0.001394,0.000865,0.000237,-0.000338,-0.000164,0.000319,0.000766,0.001058,0.000729,-0.000073,-0.000700,-0.000649,-0.000221,-0.000112,-0.000174,-0.000055,0.000097,0.000067,-0.000323,-0.001094,-0.001762,-0.001711,-0.001090,-0.000576,-0.000317,-0.000023,0.000233,0.000145,-0.000232,-0.000376,-0.000298,-0.000265,-0.000149,-0.000023,0.000034,0.000025,0.000026,0.000072,0.000349,0.000816,0.000870,0.000824,0.001372,0.001893,0.001521,0.000563,0.000056,0.000033,0.000017,-0.000149,-0.000365,-0.000374,-0.000313,-0.000476,-0.000729,-0.000682,-0.000439,-0.000059,0.000271,0.000505,0.000552,0.000245,-0.000029,-0.000009,0.000128,0.000245,-0.000102,-0.001007,-0.001635,-0.001553,-0.001219,-0.000834,-0.000338,-0.000015,0.000049,0.000167,0.000199,-0.000013,-0.000173,-0.000245,-0.000368,-0.000416,-0.000349,-0.000218,-0.000170,-0.000182,-0.000175,-0.000114,-0.000018,0.000061,0.000043,0.000070,0.000071,0.000041,0.000175,0.000271,0.000233,0.000275,0.000329,0.000269,0.000044,-0.000139,-0.000140,-0.000138,-0.000045,0.000028,0.000026,0.000050,0.000037,-0.000046,-0.000140,-0.000157,-0.000182,-0.000181,-0.000053,0.000108,0.000201,0.000283,0.000357,
0.019476,0.017160,0.003814,-0.003743,-0.004092,-0.004673,-0.006543,-0.006441,-0.004768,-0.002479,-0.000418,0.000538,0.000848,0.000536,-0.000199,-0.000966,-0.001346,-0.000690,0.000480,0.000738,-0.000125,-0.001180,-0.001841,-0.001935,-0.001638,-0.001314,-0.001107,-0.000769,-0.000266,0.000094,0.000059,-0.000091,-0.000021,0.000109,0.000228,0.000444,0.000494,0.000275,0.000048,-0.000210,-0.000416,-0.000423,-0.000490,-0.000606,-0.000534,-0.000252,0.000012,0.000014,-0.000077,-0.000152,-0.000369,-0.000488,-0.000371,-0.000190,-0.000145,-0.000289,-0.000665,-0.000867,-0.000347,0.000562,0.000878,0.000108,-0.000422,0.000202,0.000786,0.000442,0.000001,0.000153,0.000319,0.000107,-0.000153,-0.000173,-0.000062,0.000003,-0.000052,-0.000072,-0.000210,-0.000379,-0.000364,-0.000338,-0.000219,0.000060,0.000258,0.000663,0.001465,0.002026,0.001462,-0.000182,-0.001477,-0.001626,-0.001255,-0.000713,-0.000090,-0.000025,-0.000307,-0.000297,-0.000143,-0.000022,0.000099,0.000136,0.000095,0.000077,0.000056,0.000033,0.000092,0.000147,0.000118,0.000192,0.000214,0.000125,0.000151,0.000227,0.000256,0.000205,0.000191,0.000164,0.000028,-0.000076,-0.000092,-0.000116,-0.000030,0.000140,0.000186,0.000210,0.000276,0.000270,0.000206,0.000037,0.000016,0.000091,0.000105,0.000062,-0.000077,-0.000142,-0.000010,0.000151,0.000151,0.000137,0.018962,0.008417,0.007158,0.008696,0.006343,0.001209,-0.002242,-0.001901,0.000867,0.003614,0.004351,0.003593,0.002550,0.001195,0.000092,-0.000238,0.000219,0.001171,0.001671,0.001379,0.000838,0.000194,-0.000280,-0.000146,0.000353,0.000827,0.000904,0.000592,-0.000002,-0.000681,-0.000747,-0.000300,-0.000142,-0.000246,-0.000227,0.000015,0.000003,-0.000576,-0.001394,-0.001930,-0.001689,-0.000967,-0.000577,-0.000338,0.000091,0.000273,0.000076,-0.000225,-0.000348,-0.000278,-0.000216,-0.000100,0.000097,0.000146,0.000090,0.000088,0.000146,0.000443,0.000857,0.000840,0.000710,0.001413,0.002337,0.002127,0.000935,0.000068,-0.000148,-0.000095,-0.000187,-0.000348,-0.000461,-0.000471,-0.000406,-0.000399,-0.000422,-0.000288,-0.000078,0.000260,0.000542,0.000436,0.000095,-0.000194,-0.000054,0.000209,0.000233,-0.000111,-0.000858,-0.001522,-0.001524,-0.001253,-0.000955,-0.000458,-0.000064,0.000038,0.000148,0.000287,0.000098,-0.000139,-0.000216,-0.000319,-0.000456,-0.000447,-0.000324,-0.000269,-0.000356,-0.000356,-0.000154,0.000027,0.000059,0.000068,0.000009,-0.000067,0.000028,0.000176,0.000214,0.000207,0.000306,0.000325,0.000225,0.000072,-0.000011,-0.000041,-0.000143,-0.000036,0.000161,0.000155,0.000091,0.000089,0.000037,-0.000042,-0.000104,-0.000145,-0.000106,-0.000027,0.000007,0.000095,0.000177,0.000170,
0.019512,0.017297,0.003709,-0.004081,-0.004369,-0.004793,-0.006665,-0.006575,-0.004687,-0.002287,-0.000394,0.000432,0.000789,0.000521,-0.000333,-0.001139,-0.001356,-0.000690,0.000390,0.000590,-0.000213,-0.001127,-0.001748,-0.001961,-0.001751,-0.001390,-0.001203,-0.000833,-0.000185,0.000231,0.000120,-0.000171,-0.000186,0.000010,0.000080,0.000261,0.000357,0.000262,0.000093,-0.000168,-0.000389,-0.000428,-0.000409,-0.000408,-0.000342,-0.000111,0.000082,0.000015,-0.000093,-0.000131,-0.000206,-0.000359,-0.000313,-0.000180,-0.000116,-0.000250,-0.000662,-0.000941,-0.000443,0.000626,0.001077,0.000320,-0.000379,0.000080,0.000948,0.000962,0.000553,0.000416,0.000405,0.000185,-0.000168,-0.000248,-0.000084,-0.000101,-0.000242,-0.000151,-0.000003,-0.000184,-0.000402,-0.000275,-0.000076,0.000017,0.000124,0.000453,0.001199,0.001860,0.001413,-0.000223,-0.001565,-0.001740,-0.001387,-0.000843,-0.000179,0.000023,-0.000142,-0.000159,-0.000118,-0.000146,-0.000004,0.000114,0.000042,0.000015,-0.000013,-0.000058,0.000038,0.000109,0.000074,0.000106,0.000139,0.000085,0.000037,0.000007,0.000137,0.000321,0.000207,0.000056,0.000061,0.000026,-0.000050,0.000001,0.000089,0.000047,0.000021,0.000088,0.000149,0.000218,0.000232,0.000109,0.000005,0.000034,0.000135,0.000179,0.000024,-0.000063,0.000001,0.000050,0.000130,0.000176,0.019084,0.008594,0.007173,0.008596,0.006263,0.001060,-0.002421,-0.001952,0.000844,0.003629,0.004533,0.003753,0.002599,0.001263,0.000165,-0.000283,0.000060,0.001051,0.001746,0.001540,0.000854,0.000146,-0.000328,-0.000210,0.000315,0.000783,0.000976,0.000801,0.000122,-0.000597,-0.000706,-0.000424,-0.000339,-0.000404,-0.000299,-0.000008,0.000039,-0.000349,-0.001068,-0.001733,-0.001648,-0.000980,-0.000551,-0.000307,0.000131,0.000375,0.000156,-0.000127,-0.000260,-0.000343,-0.000251,-0.000042,0.000138,0.000211,0.000085,-0.000006,0.000157,0.000518,0.000865,0.000793,0.000645,0.001116,0.001705,0.001442,0.000556,-0.000160,-0.000402,-0.000275,-0.000338,-0.000656,-0.000637,-0.000299,-0.000120,-0.000170,-0.000254,-0.000286,-0.000188,0.000102,0.000319,0.000244,-0.000057,-0.000268,-0.000102,0.000322,0.000352,-0.000168,-0.000943,-0.001579,-0.001636,-0.001308,-0.000899,-0.000299,0.000058,-0.000040,0.000106,0.000347,0.000214,0.000034,-0.000149,-0.000297,-0.000351,-0.000309,-0.000265,-0.000199,-0.000139,-0.000161,-0.000029,0.000146,0.000170,0.000088,-0.000068,-0.000081,0.000025,0.000136,0.000156,0.000085,0.000153,0.000259,0.000208,0.000124,0.000099,0.000044,-0.000073,-0.000073,-0.000009,0.000080,0.000080,0.000030,-0.000036,-0.000210,-0.000272,-0.000214,-0.000149,-0.000062,0.000007,0.000038,0.000176,0.000315,
0.019586,0.017201,0.003765,-0.003869,-0.004266,-0.004768,-0.006638,-0.006620,-0.004794,-0.002404,-0.000531,0.000428,0.000909,0.000613,-0.000347,-0.001213,-0.001535,-0.000770,0.000567,0.000778,-0.000098,-0.001032,-0.001689,-0.001945,-0.001648,-0.001322,-0.001231,-0.001013,-0.000514,-0.000071,-0.000091,-0.000236,-0.000099,0.000065,0.000164,0.000380,0.000474,0.000305,0.000118,-0.000162,-0.000382,-0.000416,-0.000411,-0.000339,-0.000230,-0.000092,-0.000053,-0.000155,-0.000160,-0.000182,-0.000332,-0.000357,-0.000213,-0.000104,-0.000156,-0.000418,-0.000805,-0.000978,-0.000384,0.000705,0.001137,0.000470,0.000075,0.000451,0.000452,0.000062,0.000122,0.000705,0.000896,0.000374,-0.000184,-0.000433,-0.000310,-0.000129,-0.000096,-0.000002,0.000014,-0.000209,-0.000395,-0.000446,-0.000211,0.000166,0.000383,0.000741,0.001469,0.002059,0.001505,-0.000236,-0.001574,-0.001630,-0.001145,-0.000734,-0.000271,-0.000073,-0.000244,-0.000182,0.000002,0.000012,0.000023,0.000046,0.000129,0.000164,0.000099,0.000124,0.000142,0.000039,-0.000013,0.000066,0.000104,0.000111,0.000081,0.000161,0.000249,0.000169,0.000206,0.000152,0.000045,-0.000050,-0.000149,-0.000066,0.000075,0.000217,0.000331,0.000213,0.000141,0.000212,0.000165,0.000097,0.000129,0.000120,0.000080,0.000094,0.000100,0.000052,0.000038,0.000172,0.000234,0.000212,0.018709,0.008148,0.006932,0.008601,0.006254,0.001100,-0.002224,-0.001908,0.000713,0.003539,0.004456,0.003625,0.002398,0.001027,-0.000030,-0.000375,0.000119,0.001176,0.001790,0.001453,0.000842,0.000245,-0.000240,-0.000157,0.000401,0.000887,0.000991,0.000668,-0.000035,-0.000698,-0.000741,-0.000385,-0.000210,-0.000193,0.000002,0.000213,0.000131,-0.000442,-0.001276,-0.001786,-0.001608,-0.000965,-0.000533,-0.000328,0.000004,0.000203,0.000064,-0.000245,-0.000410,-0.000360,-0.000162,0.000060,0.000085,0.000041,-0.000041,-0.000060,0.000198,0.000573,0.000917,0.000877,0.000921,0.001734,0.002208,0.001597,0.000616,0.000144,0.000088,-0.000024,-0.000284,-0.000524,-0.000347,-0.000196,-0.000336,-0.000453,-0.000435,-0.000252,-0.000038,0.000216,0.000467,0.000458,0.000113,-0.000169,-0.000005,0.000310,0.000252,-0.000159,-0.000893,-0.001565,-0.001596,-0.001309,-0.001003,-0.000388,0.000007,0.000027,0.000090,0.000206,0.000156,-0.000043,-0.000153,-0.000283,-0.000291,-0.000339,-0.000380,-0.000232,-0.000104,-0.000102,-0.000103,-0.000089,-0.000025,0.000089,0.000103,0.000049,0.000054,0.000135,0.000212,0.000219,0.000269,0.000292,0.000255,0.000191,0.000096,0.000063,0.000024,-0.000046,0.000007,0.000017,-0.000001,0.000025,0.000006,-0.000071,-0.000220,-0.000371,-0.000348,-0.000230,-0.000078,0.000134,0.000261,0.000237,
0.019837,0.017209,0.003717,-0.003897,-0.004243,-0.004764,-0.006725,-0.006673,-0.004827,-0.002467,-0.000551,0.000417,0.000924,0.000744,-0.000224,-0.001216,-0.001521,-0.000704,0.000682,0.000865,-0.000065,-0.001053,-0.001748,-0.002022,-0.001815,-0.001426,-0.001306,-0.001192,-0.000662,-0.000181,0.000001,0.000003,0.000137,0.000260,0.000267,0.000325,0.000390,0.000263,-0.000052,-0.000392,-0.000574,-0.000488,-0.000401,-0.000355,-0.000165,-0.000044,0.000027,0.000032,-0.000158,-0.000302,-0.000320,-0.000377,-0.000371,-0.000253,-0.000128,-0.000176,-0.000615,-0.000926,-0.000454,0.000550,0.000945,0.000314,-0.000138,0.000443,0.001055,0.000828,0.000488,0.000590,0.000584,0.000135,-0.000348,-0.000498,-0.000377,-0.000132,0.000018,0.000063,0.000072,-0.000128,-0.000333,-0.000264,-0.000086,0.000149,0.000436,0.000872,0.001562,0.002098,0.001552,-0.000206,-0.001619,-0.001742,-0.001348,-0.000953,-0.000358,-0.000091,-0.000224,-0.000168,-0.000015,-0.000076,0.000031,0.000170,0.000159,0.000188,0.000174,0.000112,0.000122,0.000128,0.000125,0.000074,0.000149,0.000237,0.000184,0.000202,0.000207,0.000255,0.000285,0.000159,-0.000018,-0.000099,-0.000144,-0.000053,0.000136,0.000167,0.000087,0.000064,0.000191,0.000265,0.000182,0.000127,0.000117,0.000198,0.000119,-0.000014,-0.000034,-0.000134,-0.000175,-0.000058,0.000032,0.000105,0.018421,0.007956,0.006892,0.008678,0.006395,0.001377,-0.001854,-0.001592,0.000978,0.003607,0.004355,0.003575,0.002409,0.000994,0.000087,-0.000083,0.000329,0.001298,0.001750,0.001403,0.000717,0.000057,-0.000276,-0.000095,0.000365,0.000769,0.000946,0.000702,0.000011,-0.000658,-0.000510,0.000054,0.000225,-0.000033,-0.000207,-0.000063,-0.000010,-0.000356,-0.001154,-0.001789,-0.001637,-0.001047,-0.000559,-0.000168,0.000107,0.000178,0.000043,-0.000225,-0.000400,-0.000372,-0.000173,0.000064,0.000183,0.000184,0.000073,0.000003,-0.000007,0.000395,0.000957,0.000896,0.000694,0.001369,0.002149,0.001776,0.000607,-0.000037,0.000024,-0.000038,-0.000412,-0.000614,-0.000507,-0.000230,-0.000095,-0.000261,-0.000295,-0.000140,0.000092,0.000305,0.000389,0.000400,0.000156,-0.000101,-0.000033,0.000163,0.000179,-0.000289,-0.001009,-0.001508,-0.001519,-0.001242,-0.000917,-0.000454,-0.000078,0.000021,0.000153,0.000211,0.000088,-0.000139,-0.000354,-0.000358,-0.000331,-0.000379,-0.000282,-0.000207,-0.000263,-0.000044,0.000209,0.000206,0.000062,-0.000089,-0.000087,-0.000058,-0.000005,0.000097,0.000218,0.000195,0.000174,0.000298,0.000261,0.000092,0.000045,-0.000038,-0.000087,0.000023,0.000109,0.000112,0.000031,0.000013,0.000043,0.000019,-0.000117,-0.000195,-0.000100,-0.000011,0.000071,0.000142,0.000188,0.000186,
0.020055,0.017470,0.003978,-0.003676,-0.004285,-0.004936,-0.006813,-0.006784,-0.004892,-0.002337,-0.000237,0.000793,0.001038,0.000593,-0.000276,-0.001156,-0.001413,-0.000662,0.000538,0.000781,-0.000091,-0.001107,-0.001832,-0.002032,-0.001718,-0.001351,-0.001197,-0.001065,-0.000449,0.000163,0.000116,-0.000010,0.000138,0.000155,0.000111,0.000309,0.000458,0.000371,0.000107,-0.000234,-0.000547,-0.000490,-0.000365,-0.000449,-0.000437,-0.000182,0.000134,0.000120,-0.000009,-0.000071,-0.000186,-0.000322,-0.000353,-0.000268,-0.000154,-0.000196,-0.000448,-0.000686,-0.000343,0.000634,0.001016,0.000304,-0.000160,0.000476,0.001071,0.000764,0.000427,0.000703,0.000762,0.000294,-0.000107,-0.000195,-0.000157,0.000025,0.000083,0.000067,0.000092,-0.000197,-0.000477,-0.000308,-0.000080,0.000104,0.000369,0.000779,0.001424,0.002050,0.001620,-0.000001,-0.001267,-0.001485,-0.001220,-0.000783,-0.000149,0.000079,-0.000174,-0.000194,-0.000044,-0.000023,0.000051,0.000215,0.000264,0.000186,0.000058,0.000062,0.000104,0.000038,0.000144,0.000253,0.000148,0.000006,0.000010,0.000095,0.000172,0.000177,0.000053,-0.000027,-0.000073,-0.000147,-0.000137,-0.000066,0.000015,0.000070,0.000035,0.000040,0.000257,0.000310,0.000181,0.000085,0.000021,0.000067,0.000095,0.000076,0.000049,0.000035,0.000013,0.000051,0.000218,0.000289,0.018115,0.007590,0.006778,0.008811,0.006616,0.001536,-0.001814,-0.001636,0.000798,0.003496,0.004364,0.003587,0.002430,0.001047,0.000057,-0.000210,0.000382,0.001383,0.001765,0.001390,0.000760,0.000261,-0.000200,-0.000206,0.000322,0.000888,0.001189,0.000827,-0.000029,-0.000652,-0.000567,-0.000076,0.000073,-0.000125,-0.000142,0.000111,0.000194,-0.000218,-0.001065,-0.001727,-0.001585,-0.001021,-0.000591,-0.000220,0.000156,0.000221,0.000024,-0.000238,-0.000421,-0.000315,-0.000066,0.000081,0.000142,0.000225,0.000198,0.000063,0.000054,0.000429,0.000891,0.000777,0.000690,0.001421,0.002313,0.002224,0.001246,0.000475,0.000302,0.000143,-0.000205,-0.000398,-0.000316,-0.000024,0.000059,-0.000252,-0.000525,-0.000407,-0.000113,0.000235,0.000460,0.000353,0.000104,-0.000058,0.000020,0.000255,0.000282,-0.000126,-0.000865,-0.001524,-0.001528,-0.001235,-0.000968,-0.000396,-0.000030,0.000003,0.000142,0.000269,0.000140,-0.000134,-0.000353,-0.000396,-0.000361,-0.000320,-0.000265,-0.000239,-0.000246,-0.000211,-0.000069,0.000034,-0.000017,-0.000007,-0.000001,-0.000035,0.000015,0.000087,0.000113,0.000012,0.000089,0.000193,0.000176,0.000159,0.000076,-0.000073,-0.000118,-0.000094,-0.000010,0.000078,0.000002,0.000037,0.000064,-0.000123,-0.000295,-0.000363,-0.000252,-0.000040,0.000048,0.000127,0.000298,0.000258,
0.019677,0.017340,0.003710,-0.003972,-0.004446,-0.004991,-0.006872,-0.006820,-0.004980,-0.002572,-0.000600,0.000378,0.000765,0.000405,-0.000417,-0.001244,-0.001492,-0.000655,0.000586,0.000824,0.000010,-0.001010,-0.001675,-0.001907,-0.001785,-0.001472,-0.001307,-0.001029,-0.000289,0.000213,0.000029,-0.000246,-0.000230,0.000004,0.000224,0.000458,0.000603,0.000515,0.000196,-0.000139,-0.000331,-0.000445,-0.000483,-0.000427,-0.000370,-0.000191,0.000016,0.000023,-0.000053,-0.000132,-0.000244,-0.000397,-0.000400,-0.000294,-0.000163,-0.000156,-0.000484,-0.000787,-0.000498,0.000410,0.000953,0.000369,-0.000170,0.000202,0.000567,0.000355,0.000166,0.000388,0.000498,0.000222,-0.000169,-0.000343,-0.000317,-0.000275,-0.000277,-0.000215,-0.000134,-0.000280,-0.000448,-0.000355,-0.000112,0.000036,0.000332,0.000844,0.001583,0.002181,0.001654,0.000063,-0.001334,-0.001677,-0.001320,-0.000779,-0.000272,-0.000085,-0.000162,-0.000197,-0.000157,-0.000107,-0.000007,0.000173,0.000302,0.000246,0.000142,0.000088,0.000098,0.000014,-0.000028,0.000071,0.000226,0.000260,0.000216,0.000262,0.000204,0.000076,0.000140,0.000119,-0.000053,-0.000230,-0.000232,-0.000109,-0.000049,0.000012,0.000032,0.000201,0.000349,0.000230,0.000102,0.000036,0.000057,0.000128,0.000185,0.000172,0.000066,0.000053,0.000118,0.000133,0.000102,0.000230,0.018815,0.008179,0.006823,0.008602,0.006462,0.001454,-0.001920,-0.001850,0.000653,0.003407,0.004294,0.003604,0.002583,0.001165,0.000048,-0.000231,0.000300,0.001379,0.001885,0.001499,0.000914,0.000248,-0.000284,-0.000124,0.000434,0.000901,0.001033,0.000652,-0.000055,-0.000680,-0.000759,-0.000346,-0.000239,-0.000361,-0.000152,0.000125,0.000101,-0.000435,-0.001262,-0.001799,-0.001653,-0.000995,-0.000590,-0.000320,0.000174,0.000432,0.000224,-0.000190,-0.000343,-0.000284,-0.000228,-0.000079,0.000113,0.000142,-0.000060,-0.000206,-0.000081,0.000331,0.000778,0.000768,0.000683,0.001236,0.001776,0.001587,0.000745,0.000060,-0.000006,0.000033,-0.000143,-0.000353,-0.000394,-0.000341,-0.000361,-0.000436,-0.000511,-0.000431,-0.000263,0.000073,0.000407,0.000382,0.000126,-0.000123,-0.000122,0.000165,0.000294,-0.000063,-0.000822,-0.001526,-0.001588,-0.001297,-0.000967,-0.000316,0.000126,0.000120,0.000240,0.000366,0.000218,-0.000014,-0.000162,-0.000262,-0.000259,-0.000188,-0.000173,-0.000198,-0.000258,-0.000207,-0.000061,-0.000008,0.000027,0.000021,0.000036,0.000063,0.000098,0.000221,0.000294,0.000307,0.000264,0.000177,0.000208,0.000168,0.000022,-0.000092,-0.000186,-0.000160,-0.000028,0.000114,0.000109,0.000059,0.000002,-0.000101,-0.000227,-0.000273,-0.000236,-0.000129,-0.000076,0.000029,0.000214,0.000204,
0.019796,0.017383,0.003730,-0.004087,-0.004632,-0.005082,-0.006901,-0.006798,-0.004952,-0.002462,-0.000428,0.000447,0.000734,0.000503,-0.000330,-0.001302,-0.001645,-0.000723,0.000592,0.000742,-0.000146,-0.001152,-0.001797,-0.001941,-0.001720,-0.001434,-0.001359,-0.001005,-0.000191,0.000245,0.000033,-0.000209,-0.000180,-0.000062,0.000128,0.000402,0.000463,0.000270,0.000100,-0.000121,-0.000364,-0.000439,-0.000458,-0.000534,-0.000469,-0.000203,-0.000016,0.000047,0.000006,-0.000083,-0.000174,-0.000178,-0.000082,-0.000044,-0.000043,-0.000113,-0.000589,-0.000921,-0.000452,0.000501,0.000904,0.000217,-0.000247,0.000382,0.000942,0.000655,0.000289,0.000327,0.000368,0.000115,-0.000253,-0.000340,-0.000201,-0.000145,-0.000132,-0.000133,-0.000102,-0.000228,-0.000378,-0.000262,-0.000073,0.000141,0.000329,0.000637,0.001338,0.001993,0.001608,-0.000016,-0.001438,-0.001696,-0.001295,-0.000750,-0.000209,-0.000059,-0.000205,-0.000167,0.000056,0.000145,0.000118,0.000071,0.000004,0.000002,0.000016,0.000082,0.000193,0.000113,0.000062,0.000185,0.000263,0.000246,0.000233,0.000259,0.000209,0.000180,0.000150,0.000059,-0.000122,-0.000154,0.000017,0.000063,0.000077,-0.000018,-0.000044,0.000146,0.000250,0.000189,0.000103,0.000096,0.000127,0.000146,0.000105,0.000001,-0.000090,-0.000096,-0.000012,0.000117,0.000129,0.000172,0.018747,0.008068,0.006829,0.008689,0.006651,0.001718,-0.001670,-0.001686,0.000684,0.003445,0.004302,0.003564,0.002511,0.001136,0.000070,-0.000217,0.000291,0.001290,0.001775,0.001454,0.000767,0.000081,-0.000335,-0.000159,0.000305,0.000819,0.001128,0.000829,0.000135,-0.000553,-0.000739,-0.000430,-0.000282,-0.000435,-0.000314,0.000023,0.000076,-0.000427,-0.001285,-0.001815,-0.001673,-0.001003,-0.000422,-0.000228,-0.000010,0.000244,0.000170,-0.000189,-0.000384,-0.000296,-0.000131,0.000014,0.000117,0.000120,0.000034,-0.000077,-0.000061,0.000401,0.000927,0.000851,0.000837,0.001588,0.002278,0.001809,0.000689,0.000049,-0.000098,0.000003,-0.000091,-0.000256,-0.000249,-0.000320,-0.000391,-0.000461,-0.000519,-0.000421,-0.000075,0.000395,0.000541,0.000365,0.000077,-0.000111,-0.000058,0.000263,0.000402,-0.000080,-0.000947,-0.001582,-0.001615,-0.001274,-0.000953,-0.000448,-0.000019,0.000050,0.000089,0.000213,0.000126,-0.000142,-0.000316,-0.000443,-0.000439,-0.000345,-0.000278,-0.000287,-0.000316,-0.000226,0.000082,0.000212,0.000136,0.000096,0.000051,0.000011,0.000036,0.000157,0.000209,0.000187,0.000233,0.000308,0.000293,0.000082,-0.000054,-0.000084,-0.000038,0.000037,0.000160,0.000212,0.000164,0.000165,0.000010,-0.000163,-0.000163,-0.000165,-0.000176,-0.000161,-0.000073,0.000137,0.000296,0.000293,
0.020167,0.017696,0.003899,-0.003985,-0.004520,-0.005130,-0.007007,-0.006952,-0.005015,-0.002506,-0.000600,0.000369,0.000859,0.000528,-0.000468,-0.001299,-0.001513,-0.000776,0.000580,0.000856,-0.000160,-0.001282,-0.001911,-0.002055,-0.001828,-0.001518,-0.001331,-0.000929,-0.000255,0.000194,0.000082,-0.000072,-0.000068,-0.000005,0.000147,0.000304,0.000342,0.000169,-0.000060,-0.000284,-0.000483,-0.000507,-0.000410,-0.000426,-0.000481,-0.000282,0.000011,0.000066,0.000001,-0.000106,-0.000270,-0.000405,-0.000378,-0.000190,-0.000081,-0.000214,-0.000492,-0.000672,-0.000339,0.000482,0.000833,0.000180,-0.000368,0.000207,0.000919,0.000732,0.000289,0.000397,0.000520,0.000167,-0.000258,-0.000383,-0.000256,-0.000236,-0.000250,-0.000056,0.000056,-0.000146,-0.000347,-0.000291,-0.000074,0.000125,0.000263,0.000711,0.001512,0.002135,0.001675,-0.000057,-0.001548,-0.001774,-0.001332,-0.000644,-0.000016,0.000051,-0.000199,-0.000243,-0.000215,-0.000109,0.000111,0.000220,0.000192,0.000169,0.000081,0.000097,0.000181,0.000085,0.000124,0.000249,0.000202,0.000146,0.000142,0.000139,0.000159,0.000176,0.000212,0.000057,-0.000174,-0.000234,-0.000230,-0.000105,-0.000027,0.000031,0.000122,0.000076,0.000071,0.000141,0.000076,0.000016,0.000155,0.000197,0.000121,0.000064,-0.000106,-0.000163,0.000004,0.000163,0.000224,0.000199,0.018387,0.007873,0.006751,0.008633,0.006779,0.001991,-0.001408,-0.001415,0.000805,0.003369,0.004386,0.003707,0.002487,0.001091,0.000079,-0.000230,0.000445,0.001559,0.001893,0.001361,0.000594,0.000003,-0.000282,-0.000157,0.000366,0.000927,0.001121,0.000848,0.000130,-0.000576,-0.000641,-0.000232,-0.000049,-0.000097,0.000022,0.000196,0.000087,-0.000380,-0.001241,-0.001932,-0.001805,-0.001209,-0.000752,-0.000237,0.000268,0.000363,0.000073,-0.000305,-0.000291,-0.000306,-0.000375,-0.000153,0.000146,0.000290,0.000211,0.000017,0.000054,0.000387,0.000808,0.000795,0.000567,0.001063,0.001744,0.001561,0.000614,-0.000291,-0.000417,-0.000204,-0.000239,-0.000378,-0.000364,-0.000350,-0.000341,-0.000370,-0.000407,-0.000259,0.000022,0.000316,0.000409,0.000258,0.000077,-0.000140,-0.000103,0.000186,0.000270,-0.000186,-0.000937,-0.001509,-0.001528,-0.001181,-0.000825,-0.000246,0.000061,-0.000071,0.000080,0.000334,0.000152,-0.000094,-0.000290,-0.000403,-0.000285,-0.000237,-0.000365,-0.000361,-0.000261,-0.000188,-0.000062,0.000115,0.000167,0.000064,0.000046,0.000030,0.000037,0.000120,0.000150,0.000169,0.000185,0.000189,0.000231,0.000218,0.000156,0.000001,-0.000148,-0.000106,-0.000016,0.000063,0.000015,-0.000110,-0.000124,-0.000081,-0.000093,-0.000132,-0.000216,-0.000192,0.000088,0.000312,0.000415,0.000336,
0.020153,0.017657,0.003920,-0.003970,-0.004677,-0.005360,-0.007185,-0.007101,-0.005199,-0.002548,-0.000401,0.000531,0.000842,0.000525,-0.000321,-0.001192,-0.001533,-0.000607,0.000759,0.000827,-0.000190,-0.001178,-0.001756,-0.001888,-0.001680,-0.001353,-0.001263,-0.001072,-0.000453,0.000004,-0.000020,-0.000186,-0.000110,0.000110,0.000201,0.000365,0.000572,0.000491,0.000152,-0.000149,-0.000360,-0.000494,-0.000415,-0.000411,-0.000400,-0.000077,0.000103,-0.000008,-0.000186,-0.000330,-0.000381,-0.000384,-0.000369,-0.000271,-0.000169,-0.000275,-0.000634,-0.000789,-0.000400,0.000500,0.001069,0.000680,0.000215,0.000406,0.000538,0.000261,0.000275,0.000598,0.000586,0.000277,-0.000066,-0.000277,-0.000228,-0.000076,-0.000048,-0.000051,-0.000071,-0.000217,-0.000367,-0.000339,-0.000175,0.000008,0.000234,0.000748,0.001488,0.001971,0.001449,-0.000164,-0.001506,-0.001706,-0.001343,-0.000849,-0.000302,-0.000061,-0.000211,-0.000242,-0.000066,0.000020,0.000098,0.000130,0.000069,0.000002,0.000089,0.000232,0.000169,0.000109,0.000125,0.000115,0.000113,0.000086,0.000065,0.000116,0.000167,0.000233,0.000207,0.000185,0.000064,-0.000127,-0.000286,-0.000243,-0.000058,0.000044,0.000136,0.000174,0.000185,0.000204,0.000110,0.000084,0.000113,0.000178,0.000262,0.000261,0.000117,-0.000010,-0.000059,-0.000014,0.000075,0.000107,0.018450,0.007822,0.006761,0.008779,0.006925,0.002163,-0.001168,-0.001264,0.000928,0.003464,0.004284,0.003627,0.002500,0.001079,0.000057,-0.000166,0.000461,0.001463,0.001725,0.001238,0.000689,0.000215,-0.000161,-0.000131,0.000331,0.000906,0.001108,0.000795,0.000066,-0.000674,-0.000776,-0.000251,0.000070,-0.000005,0.000049,0.000262,0.000207,-0.000344,-0.001174,-0.001801,-0.001696,-0.001113,-0.000574,-0.000130,0.000132,0.000218,0.000144,-0.000085,-0.000313,-0.000303,-0.000163,0.000106,0.000360,0.000298,0.000032,-0.000004,0.000143,0.000397,0.000779,0.000775,0.000826,0.001461,0.001970,0.001618,0.000808,0.000330,0.000158,-0.000028,-0.000449,-0.000799,-0.000697,-0.000329,-0.000142,-0.000281,-0.000342,-0.000229,-0.000073,0.000192,0.000468,0.000518,0.000109,-0.000184,-0.000030,0.000264,0.000342,-0.000123,-0.000906,-0.001514,-0.001563,-0.001324,-0.000992,-0.000354,0.000096,0.000105,0.000206,0.000212,0.000033,-0.000097,-0.000219,-0.000374,-0.000520,-0.000507,-0.000389,-0.000257,-0.000172,-0.000142,0.000052,0.000173,0.000156,0.000110,0.000003,-0.000095,0.000043,0.000212,0.000307,0.000327,0.000268,0.000260,0.000190,0.000042,0.000043,-0.000029,-0.000138,-0.000121,-0.000074,0.000053,0.000105,0.000050,-0.000015,-0.000032,-0.000060,-0.000178,-0.000259,-0.000138,0.000040,0.000144,0.000193,0.000158,
0.020656,0.017829,0.004072,-0.003674,-0.004459,-0.005410,-0.007361,-0.007306,-0.005198,-0.002383,-0.000322,0.000587,0.000952,0.000624,-0.000416,-0.001412,-0.001575,-0.000527,0.000879,0.000946,-0.000185,-0.001272,-0.001864,-0.002069,-0.001728,-0.001377,-0.001296,-0.001108,-0.000550,-0.000035,-0.000060,-0.000173,-0.000114,-0.000108,0.000046,0.000406,0.000526,0.000372,0.000010,-0.000300,-0.000412,-0.000426,-0.000441,-0.000487,-0.000460,-0.000236,0.000021,-0.000011,-0.000189,-0.000292,-0.000362,-0.000386,-0.000234,-0.000171,-0.000178,-0.000254,-0.000582,-0.000885,-0.000468,0.000510,0.000878,0.000162,-0.000227,0.000486,0.000960,0.000629,0.000337,0.000565,0.000655,0.000183,-0.000231,-0.000344,-0.000290,-0.000061,0.000181,0.000218,0.000232,0.000023,-0.000303,-0.000308,-0.000091,0.000160,0.000447,0.000836,0.001536,0.002053,0.001440,-0.000139,-0.001453,-0.001667,-0.001355,-0.000843,-0.000196,0.000023,-0.000088,-0.000083,-0.000033,-0.000006,0.000062,0.000074,0.000108,0.000174,0.000106,-0.000056,-0.000050,0.000067,0.000054,0.000082,0.000178,0.000229,0.000221,0.000156,0.000030,0.000056,0.000180,0.000166,0.000051,-0.000050,-0.000098,-0.000012,0.000048,0.000006,0.000048,0.000178,0.000237,0.000160,0.000006,-0.000057,0.000053,0.000159,0.000072,-0.000054,-0.000095,-0.000046,-0.000016,0.000027,0.000027,0.000195,0.017610,0.007006,0.006555,0.009203,0.007478,0.002646,-0.000745,-0.001037,0.000985,0.003500,0.004278,0.003512,0.002351,0.000934,-0.000000,-0.000150,0.000548,0.001485,0.001732,0.001268,0.000691,0.000145,-0.000261,-0.000128,0.000393,0.000893,0.001057,0.000767,-0.000041,-0.000735,-0.000697,-0.000136,0.000175,-0.000093,-0.000139,0.000231,0.000084,-0.000605,-0.001340,-0.001857,-0.001760,-0.001029,-0.000464,-0.000236,0.000154,0.000337,0.000036,-0.000363,-0.000422,-0.000258,-0.000128,0.000048,0.000231,0.000267,0.000126,-0.000022,0.000008,0.000451,0.000954,0.000889,0.000752,0.001424,0.002140,0.001702,0.000478,-0.000249,-0.000114,0.000019,-0.000354,-0.000680,-0.000536,-0.000252,-0.000132,-0.000165,-0.000169,-0.000119,0.000044,0.000324,0.000605,0.000526,0.000100,-0.000132,0.000003,0.000186,0.000245,-0.000101,-0.000842,-0.001422,-0.001480,-0.001294,-0.001007,-0.000364,0.000102,0.000080,0.000063,0.000164,0.000086,-0.000215,-0.000452,-0.000567,-0.000531,-0.000368,-0.000278,-0.000281,-0.000235,-0.000138,0.000025,0.000157,0.000162,0.000016,-0.000093,-0.000101,0.000012,0.000173,0.000274,0.000299,0.000265,0.000285,0.000179,0.000041,0.000032,-0.000066,-0.000110,0.000014,0.000157,0.000121,-0.000031,-0.000036,-0.000001,-0.000134,-0.000274,-0.000271,-0.000103,0.000070,0.000024,0.000004,0.000057,0.000040,
0.020529,0.017998,0.004115,-0.003873,-0.004649,-0.005444,-0.007349,-0.007196,-0.005183,-0.002495,-0.000331,0.000719,0.001109,0.000620,-0.000483,-0.001442,-0.001648,-0.000528,0.000932,0.001045,-0.000047,-0.001149,-0.001805,-0.001938,-0.001643,-0.001301,-0.001181,-0.001010,-0.000458,0.000014,-0.000000,-0.000028,0.000140,0.000241,0.000279,0.000375,0.000391,0.000191,-0.000114,-0.000356,-0.000488,-0.000493,-0.000370,-0.000323,-0.000335,-0.000193,-0.000054,-0.000081,-0.000144,-0.000226,-0.000207,-0.000155,-0.000163,-0.000159,-0.000123,-0.000225,-0.000597,-0.000878,-0.000393,0.000672,0.001054,0.000382,-0.000019,0.000576,0.001176,0.000974,0.000723,0.000855,0.000780,0.000311,-0.000160,-0.000428,-0.000333,-0.000144,-0.000015,0.000167,0.000175,-0.000047,-0.000299,-0.000336,-0.000044,0.000180,0.000355,0.000760,0.001442,0.002089,0.001686,0.000032,-0.001498,-0.001824,-0.001431,-0.000912,-0.000325,-0.000101,-0.000252,-0.000277,-0.000103,-0.000036,-0.000032,0.000087,0.000140,0.000084,0.000032,0.000036,0.000079,0.000032,-0.000004,0.000038,0.000090,0.000100,0.000073,0.000163,0.000239,0.000140,0.000100,0.000070,-0.000013,-0.000093,-0.000085,-0.000015,0.000043,0.000022,-0.000027,0.000056,0.000259,0.000269,0.000058,-0.000047,-0.000016,0.000042,0.000049,-0.000042,-0.000135,-0.000021,0.000174,0.000259,0.000252,0.000291,0.017746,0.007110,0.006640,0.009119,0.007484,0.002954,-0.000379,-0.000795,0.001115,0.003498,0.004169,0.003414,0.002310,0.001006,0.000109,-0.000071,0.000574,0.001571,0.001736,0.001166,0.000635,0.000123,-0.000300,-0.000203,0.000419,0.001008,0.001119,0.000719,-0.000028,-0.000597,-0.000394,0.000260,0.000450,0.000097,-0.000039,0.000176,0.000229,-0.000247,-0.001182,-0.001974,-0.001841,-0.001043,-0.000455,-0.000178,0.000021,0.000110,0.000028,-0.000238,-0.000388,-0.000340,-0.000080,0.000233,0.000257,0.000131,0.000097,0.000145,0.000318,0.000598,0.000957,0.000993,0.000835,0.001382,0.002177,0.001951,0.000938,0.000289,0.000163,0.000037,-0.000277,-0.000494,-0.000425,-0.000282,-0.000303,-0.000521,-0.000594,-0.000393,-0.000079,0.000286,0.000546,0.000474,0.000198,-0.000057,-0.000143,0.000065,0.000198,-0.000197,-0.000921,-0.001616,-0.001694,-0.001294,-0.000911,-0.000353,0.000014,0.000018,0.000122,0.000219,0.000163,-0.000059,-0.000396,-0.000558,-0.000543,-0.000364,-0.000235,-0.000326,-0.000341,-0.000157,0.000022,0.000173,0.000188,0.000034,-0.000062,-0.000055,0.000075,0.000265,0.000347,0.000357,0.000308,0.000322,0.000344,0.000218,0.000069,-0.000029,-0.000043,-0.000050,-0.000032,0.000078,0.000158,0.000086,0.000047,0.000002,-0.000198,-0.000319,-0.000227,-0.000071,0.000098,0.000262,0.000235,0.000143,
0.020531,0.017936,0.003926,-0.004087,-0.004783,-0.005572,-0.007418,-0.007288,-0.005270,-0.002500,-0.000398,0.000567,0.000985,0.000589,-0.000579,-0.001540,-0.001657,-0.000521,0.000890,0.000971,-0.000157,-0.001261,-0.001848,-0.002002,-0.001753,-0.001462,-0.001360,-0.001050,-0.000398,0.000003,-0.000141,-0.000356,-0.000241,-0.000039,0.000228,0.000556,0.000664,0.000462,0.000135,-0.000202,-0.000452,-0.000418,-0.000324,-0.000383,-0.000449,-0.000341,-0.000132,-0.000027,-0.000110,-0.000197,-0.000314,-0.000455,-0.000306,-0.000130,-0.000012,-0.000075,-0.000478,-0.000773,-0.000395,0.000522,0.000954,0.000281,-0.000295,0.000059,0.000591,0.000437,0.000206,0.000517,0.000671,0.000347,-0.000140,-0.000359,-0.000303,-0.000233,-0.000164,-0.000054,0.000031,-0.000061,-0.000289,-0.000282,-0.000104,0.000036,0.000340,0.000836,0.001444,0.002092,0.001701,-0.000010,-0.001466,-0.001698,-0.001347,-0.000838,-0.000169,0.000010,-0.000222,-0.000277,-0.000175,-0.000072,-0.000032,0.000076,0.000181,0.000094,-0.000008,-0.000029,0.000036,0.000060,0.000137,0.000233,0.000245,0.000209,0.000136,0.000029,0.000121,0.000353,0.000368,0.000171,-0.000083,-0.000207,-0.000115,0.000070,0.000082,-0.000034,-0.000105,-0.000044,0.000104,0.000217,0.000139,0.000031,0.000097,0.000107,0.000055,0.000042,0.000013,-0.000063,-0.000052,0.000019,0.000079,0.000260,0.017667,0.007030,0.006485,0.009113,0.007615,0.003118,-0.000259,-0.000757,0.001097,0.003516,0.004310,0.003542,0.002355,0.001098,0.000308,0.000075,0.000571,0.001560,0.001833,0.001199,0.000554,0.000068,-0.000300,-0.000139,0.000376,0.000958,0.001189,0.000805,0.000030,-0.000672,-0.000671,-0.000183,0.000022,-0.000162,-0.000192,0.000063,0.000081,-0.000427,-0.001296,-0.001979,-0.001801,-0.001126,-0.000677,-0.000381,-0.000010,0.000198,0.000038,-0.000277,-0.000388,-0.000289,-0.000238,-0.000119,0.000071,0.000212,0.000147,-0.000014,0.000012,0.000330,0.000834,0.000871,0.000813,0.001481,0.002176,0.001914,0.000987,0.000299,0.000196,0.000097,-0.000270,-0.000576,-0.000384,-0.000038,-0.000132,-0.000356,-0.000566,-0.000504,-0.000192,0.000166,0.000354,0.000280,-0.000082,-0.000342,-0.000178,0.000145,0.000232,-0.000162,-0.000960,-0.001591,-0.001540,-0.001203,-0.000942,-0.000383,0.000073,0.000152,0.000208,0.000164,-0.000020,-0.000137,-0.000228,-0.000342,-0.000293,-0.000222,-0.000288,-0.000274,-0.000259,-0.000235,-0.000075,0.000040,0.000013,-0.000041,-0.000015,0.000065,0.000230,0.000327,0.000297,0.000295,0.000306,0.000350,0.000319,0.000191,0.000075,-0.000012,-0.000067,-0.000118,-0.000026,-0.000006,0.000000,0.000054,0.000000,-0.000122,-0.000207,-0.000281,-0.000203,-0.000137,-0.000032,0.000152,0.000102,0.000135,
0.020598,0.018121,0.004046,-0.004181,-0.005039,-0.005793,-0.007594,-0.007431,-0.005356,-0.002548,-0.000340,0.000617,0.000985,0.000655,-0.000480,-0.001501,-0.001619,-0.000521,0.000910,0.001000,-0.000082,-0.001143,-0.001841,-0.002038,-0.001660,-0.001312,-0.001226,-0.000927,-0.000246,0.000173,0.000012,-0.000202,-0.000151,-0.000018,0.000229,0.000505,0.000529,0.000315,0.000037,-0.000265,-0.000605,-0.000623,-0.000476,-0.000484,-0.000450,-0.000222,0.000036,0.000145,0.000159,-0.000018,-0.000286,-0.000322,-0.000213,-0.000122,-0.000013,-0.000110,-0.000563,-0.000813,-0.000350,0.000581,0.001003,0.000363,-0.000040,0.000564,0.000973,0.000667,0.000332,0.000342,0.000392,0.000114,-0.000194,-0.000319,-0.000266,-0.000127,-0.000074,-0.000056,-0.000037,-0.000199,-0.000346,-0.000308,-0.000157,-0.000016,0.000173,0.000688,0.001481,0.002106,0.001680,0.000084,-0.001417,-0.001733,-0.001361,-0.000869,-0.000299,-0.000110,-0.000324,-0.000370,-0.000218,-0.000158,-0.000077,0.000053,0.000172,0.000144,0.000027,-0.000024,0.000083,0.000218,0.000247,0.000235,0.000139,0.000104,0.000145,0.000163,0.000290,0.000243,0.000101,0.000021,-0.000152,-0.000275,-0.000169,0.000013,0.000112,0.000178,0.000265,0.000263,0.000154,0.000001,-0.000129,-0.000074,0.000077,0.000115,0.000145,0.000118,-0.000050,-0.000103,-0.000000,0.000005,0.000059,0.000226,0.017394,0.006859,0.006204,0.008864,0.007637,0.003193,-0.000237,-0.000785,0.000982,0.003307,0.004093,0.003475,0.002480,0.001095,0.000089,0.000131,0.000755,0.001521,0.001816,0.001269,0.000621,0.000208,-0.000176,-0.000158,0.000319,0.000916,0.001199,0.000844,0.000039,-0.000662,-0.000615,-0.000186,-0.000028,-0.000110,-0.000008,0.000168,0.000040,-0.000414,-0.001153,-0.001822,-0.001773,-0.001055,-0.000516,-0.000238,0.000101,0.000271,0.000066,-0.000274,-0.000350,-0.000318,-0.000323,-0.000145,0.000143,0.000216,0.000069,0.000000,0.000092,0.000567,0.000994,0.000863,0.000746,0.001369,0.002012,0.001578,0.000558,0.000027,0.000097,0.000195,-0.000008,-0.000202,-0.000155,-0.000170,-0.000333,-0.000557,-0.000678,-0.000502,-0.000111,0.000202,0.000410,0.000374,0.000154,0.000003,0.000087,0.000252,0.000141,-0.000348,-0.000967,-0.001559,-0.001693,-0.001373,-0.000907,-0.000298,0.000076,0.000095,0.000173,0.000304,0.000184,-0.000086,-0.000283,-0.000362,-0.000403,-0.000435,-0.000337,-0.000312,-0.000286,-0.000087,0.000023,0.000010,0.000060,0.000028,-0.000032,-0.000018,0.000119,0.000271,0.000241,0.000206,0.000237,0.000270,0.000229,0.000150,0.000055,-0.000067,-0.000061,-0.000005,0.000088,0.000143,0.000156,0.000145,0.000130,-0.000020,-0.000197,-0.000283,-0.000260,-0.000141,-0.000003,0.000082,0.000169,0.000201,
0.020797,0.018203,0.003989,-0.004080,-0.004920,-0.005830,-0.007659,-0.007531,-0.005458,-0.002604,-0.000367,0.000619,0.000932,0.000469,-0.000631,-0.001515,-0.001517,-0.000441,0.000820,0.000834,-0.000284,-0.001336,-0.001872,-0.002057,-0.001727,-0.001347,-0.001240,-0.000821,-0.000102,0.000215,0.000093,-0.000043,-0.000064,-0.000009,0.000159,0.000499,0.000601,0.000357,-0.000013,-0.000291,-0.000514,-0.000678,-0.000486,-0.000394,-0.000408,-0.000212,0.000006,0.000023,-0.000036,-0.000071,-0.000165,-0.000206,-0.000089,-0.000021,-0.000017,-0.000244,-0.000730,-0.000940,-0.000420,0.000495,0.000702,-0.000031,-0.000540,0.000139,0.000790,0.000388,0.000006,0.000192,0.000346,0.000030,-0.000271,-0.000225,-0.000073,-0.000053,-0.000043,0.000059,0.000135,0.000012,-0.000157,-0.000182,-0.000107,-0.000018,0.000199,0.000733,0.001522,0.002160,0.001707,-0.000067,-0.001491,-0.001727,-0.001363,-0.000713,-0.000061,0.000011,-0.000399,-0.000453,-0.000127,0.000060,0.000060,0.000124,0.000085,0.000017,-0.000022,0.000007,0.000119,0.000147,0.000091,0.000092,0.000171,0.000212,0.000283,0.000287,0.000273,0.000263,0.000185,0.000108,-0.000010,-0.000137,-0.000106,0.000066,0.000210,0.000179,0.000111,0.000160,0.000165,0.000128,0.000027,-0.000016,0.000059,0.000064,0.000053,-0.000007,-0.000189,-0.000166,-0.000010,0.000053,0.000051,0.000014,0.016884,0.006100,0.005747,0.008860,0.007881,0.003580,0.000144,-0.000566,0.001087,0.003445,0.004191,0.003442,0.002339,0.001034,0.000136,0.000022,0.000738,0.001702,0.001842,0.001190,0.000568,0.000129,-0.000300,-0.000159,0.000354,0.000784,0.001051,0.000821,-0.000083,-0.000973,-0.000935,-0.000341,-0.000092,-0.000175,-0.000039,0.000249,0.000219,-0.000235,-0.001129,-0.001969,-0.001904,-0.001165,-0.000598,-0.000277,0.000047,0.000260,0.000114,-0.000235,-0.000343,-0.000331,-0.000265,-0.000049,0.000172,0.000210,0.000128,0.000080,0.000187,0.000556,0.000978,0.000844,0.000657,0.001315,0.002150,0.001897,0.000782,-0.000086,-0.000229,-0.000069,-0.000139,-0.000418,-0.000539,-0.000438,-0.000323,-0.000384,-0.000443,-0.000313,-0.000119,0.000183,0.000443,0.000419,0.000064,-0.000108,0.000079,0.000267,0.000240,-0.000205,-0.001017,-0.001594,-0.001540,-0.001260,-0.000975,-0.000392,0.000048,0.000067,0.000173,0.000269,0.000108,-0.000174,-0.000294,-0.000327,-0.000374,-0.000323,-0.000318,-0.000275,-0.000149,-0.000064,0.000003,0.000056,0.000077,0.000034,-0.000037,-0.000071,-0.000024,0.000059,0.000130,0.000133,0.000196,0.000242,0.000097,-0.000081,-0.000102,-0.000053,-0.000111,-0.000135,-0.000056,0.000053,0.000046,0.000037,0.000024,-0.000074,-0.000116,-0.000109,-0.000124,-0.000136,-0.000033,0.000106,0.000280,0.000256,
0.021364,0.018438,0.004294,-0.003763,-0.004712,-0.005644,-0.007614,-0.007582,-0.005463,-0.002610,-0.000417,0.000653,0.001147,0.000700,-0.000512,-0.001578,-0.001687,-0.000487,0.001004,0.001077,-0.000090,-0.001233,-0.001846,-0.001919,-0.001564,-0.001249,-0.001164,-0.000873,-0.000215,0.000187,0.000074,-0.000048,-0.000037,0.000021,0.000336,0.000619,0.000630,0.000448,0.000136,-0.000187,-0.000401,-0.000481,-0.000442,-0.000419,-0.000356,-0.000227,-0.000068,-0.000025,-0.000149,-0.000267,-0.000311,-0.000284,-0.000186,-0.000126,-0.000149,-0.000324,-0.000665,-0.000831,-0.000407,0.000581,0.001128,0.000659,0.000245,0.000537,0.000789,0.000657,0.000471,0.000597,0.000630,0.000216,-0.000268,-0.000402,-0.000318,-0.000213,-0.000144,-0.000052,0.000055,-0.000159,-0.000388,-0.000251,-0.000030,0.000101,0.000359,0.000864,0.001566,0.002063,0.001519,-0.000139,-0.001586,-0.001889,-0.001513,-0.000832,-0.000183,-0.000088,-0.000361,-0.000388,-0.000170,-0.000086,-0.000038,0.000064,0.000048,0.000043,0.000016,-0.000005,0.000071,0.000124,0.000183,0.000221,0.000178,0.000114,0.000053,0.000049,0.000046,0.000102,0.000232,0.000156,-0.000126,-0.000187,0.000018,0.000143,0.000092,0.000068,0.000069,-0.000032,0.000038,0.000147,0.000152,0.000154,0.000129,0.000058,-0.000021,-0.000029,-0.000090,-0.000091,-0.000018,0.000037,0.000044,0.000137,0.015701,0.005061,0.005380,0.008857,0.008134,0.004021,0.000442,-0.000390,0.001213,0.003423,0.004120,0.003474,0.002252,0.000955,0.000305,0.000269,0.000889,0.001729,0.001759,0.001156,0.000591,0.000149,-0.000286,-0.000217,0.000411,0.001080,0.001367,0.001032,0.000148,-0.000682,-0.000775,-0.000330,-0.000059,-0.000085,0.000114,0.000338,0.000212,-0.000344,-0.001317,-0.002095,-0.001962,-0.001057,-0.000439,-0.000203,0.000165,0.000313,0.000163,-0.000158,-0.000315,-0.000271,-0.000203,-0.000051,0.000141,0.000244,0.000163,-0.000004,0.000037,0.000371,0.000768,0.000781,0.000788,0.001366,0.001741,0.001433,0.000808,0.000272,-0.000017,-0.000146,-0.000306,-0.000537,-0.000533,-0.000337,-0.000345,-0.000495,-0.000419,-0.000164,0.000025,0.000182,0.000292,0.000355,0.000210,-0.000107,-0.000062,0.000324,0.000421,-0.000061,-0.000906,-0.001693,-0.001733,-0.001377,-0.001010,-0.000365,0.000082,0.000024,-0.000031,0.000023,-0.000023,-0.000177,-0.000331,-0.000519,-0.000560,-0.000417,-0.000192,-0.000187,-0.000185,-0.000013,0.000152,0.000179,0.000070,0.000041,-0.000009,-0.000023,0.000106,0.000168,0.000148,0.000110,0.000151,0.000190,0.000125,0.000076,0.000108,0.000045,-0.000176,-0.000228,-0.000049,0.000084,0.000165,0.000135,-0.000018,-0.000094,-0.000229,-0.000325,-0.000247,-0.000080,0.000125,0.000187,0.000186,0.000231,
0.021777,0.018628,0.004440,-0.003555,-0.004492,-0.005695,-0.007810,-0.007675,-0.005498,-0.002511,-0.000229,0.000728,0.001096,0.000657,-0.000504,-0.001621,-0.001722,-0.000366,0.001135,0.001122,-0.000124,-0.001311,-0.001910,-0.002046,-0.001708,-0.001315,-0.001134,-0.000951,-0.000477,-0.000113,-0.000170,-0.000218,-0.000124,0.000052,0.000253,0.000444,0.000593,0.000460,0.000050,-0.000365,-0.000563,-0.000475,-0.000272,-0.000202,-0.000236,-0.000184,-0.000019,-0.000049,-0.000131,-0.000080,-0.000062,-0.000210,-0.000235,-0.000151,-0.000105,-0.000226,-0.000678,-0.000894,-0.000414,0.000497,0.000763,0.000163,-0.000121,0.000344,0.000589,0.000235,0.000202,0.000656,0.000703,0.000205,-0.000215,-0.000376,-0.000386,-0.000244,-0.000119,0.000008,0.000089,-0.000094,-0.000366,-0.000374,-0.000149,0.000006,0.000197,0.000767,0.001587,0.002079,0.001492,-0.000146,-0.001459,-0.001692,-0.001307,-0.000848,-0.000286,-0.000059,-0.000241,-0.000205,0.000030,0.000086,-0.000021,0.000027,0.000099,0.000048,0.000017,0.000001,0.000040,0.000135,0.000190,0.000196,0.000132,0.000065,0.000088,0.000152,0.000130,0.000096,0.000075,0.000012,-0.000067,-0.000062,-0.000080,-0.000210,-0.000123,0.000033,0.000065,0.000156,0.000198,0.000185,0.000144,0.000125,0.000108,0.000054,0.000006,0.000029,0.000012,-0.000033,0.000029,0.000146,0.000202,0.000260,0.014519,0.003825,0.004835,0.008930,0.008280,0.004433,0.001286,0.000354,0.001476,0.003331,0.004042,0.003399,0.002267,0.000916,0.000088,0.000148,0.000894,0.001652,0.001565,0.000969,0.000516,0.000270,-0.000041,-0.000071,0.000459,0.001087,0.001348,0.000938,-0.000001,-0.000695,-0.000687,-0.000240,-0.000051,-0.000134,0.000023,0.000158,0.000069,-0.000363,-0.001225,-0.001956,-0.001824,-0.001097,-0.000555,-0.000249,0.000070,0.000170,0.000029,-0.000204,-0.000310,-0.000217,-0.000078,0.000063,0.000187,0.000296,0.000198,0.000070,0.000121,0.000520,0.000896,0.000841,0.000903,0.001617,0.002296,0.001680,0.000354,-0.000306,-0.000292,-0.000223,-0.000409,-0.000551,-0.000498,-0.000347,-0.000299,-0.000372,-0.000395,-0.000296,-0.000074,0.000245,0.000425,0.000302,-0.000015,-0.000145,0.000017,0.000245,0.000323,-0.000031,-0.000799,-0.001472,-0.001606,-0.001317,-0.000961,-0.000356,0.000069,0.000029,0.000125,0.000357,0.000171,-0.000184,-0.000386,-0.000466,-0.000439,-0.000286,-0.000164,-0.000199,-0.000292,-0.000232,-0.000037,0.000108,0.000084,0.000039,0.000036,0.000043,0.000145,0.000253,0.000242,0.000211,0.000188,0.000226,0.000300,0.000155,-0.000001,-0.000069,-0.000127,-0.000097,0.000079,0.000189,0.000192,0.000134,-0.000008,-0.000118,-0.000135,-0.000197,-0.000238,-0.000057,0.000127,0.000171,0.000204,0.000237,
0.021227,0.018594,0.004206,-0.004104,-0.005032,-0.005910,-0.007881,-0.007854,-0.005793,-0.002760,-0.000382,0.000681,0.001070,0.000613,-0.000492,-0.001557,-0.001632,-0.000254,0.001213,0.001073,-0.000246,-0.001456,-0.002051,-0.002017,-0.001638,-0.001310,-0.001198,-0.001030,-0.000581,-0.000161,-0.000081,0.000067,0.000293,0.000332,0.000268,0.000343,0.000410,0.000212,-0.000161,-0.000443,-0.000607,-0.000593,-0.000452,-0.000333,-0.000246,-0.000103,0.000017,-0.000063,-0.000115,-0.000145,-0.000194,-0.000294,-0.000328,-0.000137,0.000002,-0.000149,-0.000535,-0.000764,-0.000365,0.000566,0.000907,0.000190,-0.000204,0.000513,0.001112,0.000877,0.000590,0.000689,0.000677,0.000297,-0.000165,-0.000465,-0.000428,-0.000120,0.000103,0.000188,0.000261,0.000090,-0.000312,-0.000351,-0.000036,0.000191,0.000438,0.000853,0.001466,0.002050,0.001561,-0.000175,-0.001569,-0.001737,-0.001439,-0.000979,-0.000406,-0.000124,-0.000179,-0.000196,-0.000048,-0.000005,-0.000075,-0.000102,-0.000045,0.000061,0.000095,0.000032,0.000078,0.000132,0.000211,0.000288,0.000201,0.000150,0.000202,0.000196,0.000182,0.000171,0.000152,0.000147,0.000125,0.000034,-0.000071,0.000003,0.000089,0.000027,0.000041,0.000089,0.000116,0.000070,-0.000064,-0.000052,0.000065,0.000118,0.000055,-0.000066,-0.000227,-0.000115,0.000073,0.000103,0.000131,0.000231,0.015156,0.004141,0.004681,0.008812,0.008367,0.004437,0.001054,0.000172,0.001423,0.003382,0.004039,0.003258,0.002036,0.000843,0.000196,0.000220,0.000871,0.001650,0.001659,0.001053,0.000674,0.000313,-0.000134,-0.000032,0.000573,0.001128,0.001316,0.001044,0.000194,-0.000667,-0.000582,0.000146,0.000384,0.000083,-0.000087,0.000004,0.000065,-0.000350,-0.001176,-0.001825,-0.001725,-0.001126,-0.000592,-0.000251,0.000100,0.000307,0.000061,-0.000351,-0.000442,-0.000355,-0.000235,0.000001,0.000248,0.000311,0.000186,0.000038,0.000067,0.000537,0.000962,0.000801,0.000790,0.001566,0.002212,0.001855,0.000799,0.000015,-0.000109,-0.000171,-0.000395,-0.000614,-0.000525,-0.000322,-0.000351,-0.000417,-0.000401,-0.000380,-0.000188,0.000216,0.000457,0.000398,0.000145,-0.000076,0.000112,0.000356,0.000238,-0.000381,-0.001170,-0.001603,-0.001545,-0.001265,-0.000898,-0.000375,-0.000006,0.000046,0.000083,0.000120,-0.000011,-0.000230,-0.000398,-0.000383,-0.000379,-0.000343,-0.000292,-0.000232,-0.000130,-0.000034,-0.000050,0.000031,0.000125,0.000135,0.000106,0.000056,0.000083,0.000079,0.000091,0.000122,0.000241,0.000394,0.000307,0.000188,0.000121,-0.000008,-0.000049,-0.000053,-0.000025,0.000046,0.000093,0.000150,0.000100,-0.000031,-0.000134,-0.000108,-0.000113,-0.000073,0.000087,0.000313,0.000301,0.000114,
0.021346,0.018700,0.004215,-0.004067,-0.004946,-0.005905,-0.007875,-0.007884,-0.005818,-0.002813,-0.000404,0.000741,0.001053,0.000491,-0.000644,-0.001637,-0.001651,-0.000301,0.001155,0.001053,-0.000279,-0.001364,-0.001923,-0.002057,-0.001700,-0.001314,-0.001215,-0.001055,-0.000539,-0.000118,-0.000178,-0.000286,-0.000255,-0.000172,0.000059,0.000412,0.000576,0.000464,0.000141,-0.000214,-0.000382,-0.000387,-0.000375,-0.000425,-0.000474,-0.000293,-0.000064,-0.000036,-0.000120,-0.000108,-0.000112,-0.000309,-0.000313,-0.000199,-0.000122,-0.000228,-0.000575,-0.000767,-0.000375,0.000525,0.000948,0.000288,-0.000204,0.000321,0.000789,0.000580,0.000315,0.000547,0.000749,0.000382,-0.000103,-0.000321,-0.000199,-0.000031,0.000077,0.000087,0.000047,-0.000071,-0.000300,-0.000409,-0.000224,0.000047,0.000329,0.000820,0.001600,0.002214,0.001645,-0.000152,-0.001456,-0.001595,-0.001269,-0.000827,-0.000282,0.000011,-0.000081,-0.000240,-0.000310,-0.000170,-0.000047,-0.000055,0.000010,0.000062,0.000067,0.000058,0.000147,0.000200,0.000213,0.000324,0.000344,0.000190,0.000101,0.000055,0.000003,0.000035,0.000050,0.000092,0.000046,-0.000075,-0.000105,0.000008,0.000090,0.000014,0.000065,0.000192,0.000215,0.000210,-0.000011,-0.000165,-0.000058,0.000011,0.000049,0.000101,0.000042,0.000003,0.000050,0.000156,0.000190,0.000243,0.014869,0.003803,0.004536,0.008846,0.008495,0.004571,0.001209,0.000222,0.001345,0.003302,0.004063,0.003343,0.002153,0.000907,0.000138,0.000240,0.000979,0.001719,0.001685,0.001104,0.000618,0.000211,-0.000183,-0.000132,0.000452,0.001080,0.001300,0.000883,-0.000007,-0.000834,-0.000905,-0.000281,0.000011,-0.000098,0.000036,0.000298,0.000207,-0.000231,-0.000957,-0.001734,-0.001718,-0.001028,-0.000599,-0.000297,0.000107,0.000215,-0.000056,-0.000379,-0.000384,-0.000203,-0.000218,-0.000150,0.000018,0.000082,0.000101,0.000080,0.000098,0.000361,0.000787,0.000861,0.000785,0.001392,0.002195,0.002205,0.001379,0.000574,0.000348,0.000195,-0.000162,-0.000338,-0.000246,-0.000156,-0.000181,-0.000334,-0.000432,-0.000270,-0.000011,0.000169,0.000337,0.000330,0.000158,-0.000025,-0.000075,0.000119,0.000220,-0.000266,-0.001067,-0.001591,-0.001595,-0.001360,-0.001025,-0.000383,0.000005,0.000016,0.000168,0.000329,0.000201,-0.000098,-0.000357,-0.000451,-0.000432,-0.000373,-0.000379,-0.000430,-0.000333,-0.000126,-0.000010,0.000064,0.000093,0.000103,0.000060,-0.000031,0.000066,0.000141,0.000181,0.000190,0.000184,0.000230,0.000238,0.000152,0.000061,0.000062,0.000004,0.000023,0.000021,-0.000015,-0.000016,0.000003,-0.000015,-0.000118,-0.000182,-0.000130,-0.000082,0.000045,0.000203,0.000239,0.000217,0.000169,
0.021352,0.018631,0.004142,-0.003989,-0.004837,-0.005966,-0.008083,-0.008068,-0.005930,-0.002873,-0.000592,0.000497,0.001054,0.000611,-0.000659,-0.001726,-0.001660,-0.000252,0.001305,0.001156,-0.000276,-0.001491,-0.002073,-0.002089,-0.001654,-0.001278,-0.001252,-0.001011,-0.000388,-0.000048,-0.000172,-0.000182,-0.000121,-0.000060,0.000149,0.000417,0.000531,0.000393,0.000130,-0.000163,-0.000417,-0.000556,-0.000458,-0.000351,-0.000409,-0.000286,-0.000093,-0.000046,-0.000056,-0.000037,-0.000150,-0.000308,-0.000288,-0.000167,-0.000028,-0.000158,-0.000506,-0.000702,-0.000349,0.000570,0.001022,0.000422,-0.000044,0.000438,0.000826,0.000469,0.000188,0.000422,0.000579,0.000158,-0.000283,-0.000420,-0.000372,-0.000355,-0.000278,-0.000141,-0.000064,-0.000192,-0.000392,-0.000367,-0.000203,0.000038,0.000285,0.000733,0.001453,0.002067,0.001670,0.000011,-0.001429,-0.001590,-0.001246,-0.000811,-0.000320,-0.000129,-0.000225,-0.000284,-0.000230,-0.000217,-0.000150,-0.000025,0.000069,0.000082,0.000039,0.000019,0.000077,0.000183,0.000163,0.000077,0.000119,0.000070,0.000088,0.000225,0.000334,0.000312,0.000132,0.000014,-0.000097,-0.000239,-0.000191,-0.000023,0.000125,0.000126,0.000065,0.000077,0.000069,0.000066,0.000062,0.000151,0.000127,-0.000081,-0.000082,0.000064,-0.000008,-0.000147,-0.000069,0.000120,0.000123,0.000083,0.014513,0.003402,0.004238,0.008778,0.008702,0.005037,0.001663,0.000443,0.001367,0.003241,0.003940,0.003220,0.002101,0.000853,0.000160,0.000327,0.001107,0.001751,0.001569,0.001012,0.000606,0.000210,-0.000196,-0.000194,0.000274,0.000998,0.001388,0.000975,0.000074,-0.000864,-0.001045,-0.000434,-0.000095,-0.000088,0.000032,0.000195,0.000183,-0.000323,-0.001289,-0.002083,-0.002014,-0.001247,-0.000609,-0.000219,0.000102,0.000229,0.000067,-0.000290,-0.000428,-0.000373,-0.000223,0.000012,0.000159,0.000109,-0.000037,-0.000158,-0.000144,0.000283,0.000878,0.000937,0.000877,0.001355,0.001852,0.001492,0.000573,-0.000006,-0.000115,-0.000083,-0.000233,-0.000446,-0.000348,-0.000222,-0.000357,-0.000570,-0.000610,-0.000404,-0.000028,0.000406,0.000624,0.000465,0.000106,-0.000046,0.000057,0.000287,0.000246,-0.000232,-0.000979,-0.001602,-0.001655,-0.001315,-0.000926,-0.000366,0.000030,0.000112,0.000197,0.000206,0.000085,-0.000122,-0.000307,-0.000351,-0.000345,-0.000306,-0.000208,-0.000222,-0.000268,-0.000138,-0.000016,0.000035,0.000134,0.000177,0.000100,-0.000014,0.000022,0.000117,0.000082,-0.000006,0.000081,0.000238,0.000137,-0.000045,-0.000050,-0.000059,-0.000081,-0.000008,0.000052,0.000102,0.000117,0.000008,-0.000016,0.000020,-0.000076,-0.000179,-0.000212,-0.000125,-0.000007,0.000028,0.000200,0.000319,
0.021477,0.018342,0.003977,-0.004035,-0.004924,-0.005948,-0.007985,-0.007980,-0.005769,-0.002683,-0.000344,0.000766,0.001153,0.000592,-0.000702,-0.001818,-0.001774,-0.000195,0.001289,0.001009,-0.000330,-0.001475,-0.001936,-0.001995,-0.001659,-0.001212,-0.001092,-0.000859,-0.000179,0.000297,0.000052,-0.000174,-0.000123,-0.000059,0.000237,0.000678,0.000700,0.000417,0.000101,-0.000218,-0.000411,-0.000406,-0.000320,-0.000368,-0.000374,-0.000246,-0.000056,-0.000017,-0.000088,-0.000112,-0.000223,-0.000310,-0.000108,0.000019,-0.000174,-0.000334,-0.000595,-0.000925,-0.000562,0.000402,0.000627,-0.000098,-0.000315,0.000323,0.000756,0.000357,-0.000105,0.000083,0.000306,0.000031,-0.000310,-0.000345,-0.000161,-0.000008,0.000028,0.000090,0.000115,-0.000062,-0.000231,-0.000139,-0.000030,-0.000049,0.000234,0.000836,0.001540,0.002092,0.001542,-0.000227,-0.001631,-0.001770,-0.001274,-0.000793,-0.000268,-0.000040,-0.000226,-0.000229,-0.000004,0.000022,-0.000060,-0.000085,0.000010,0.000115,0.000103,0.000075,0.000106,0.000090,0.000108,0.000163,0.000251,0.000239,0.000236,0.000232,0.000095,0.000068,0.000044,-0.000054,-0.000089,-0.000112,-0.000107,-0.000053,0.000006,0.000061,0.000064,0.000133,0.000241,0.000171,-0.000010,-0.000068,-0.000001,0.000065,0.000106,0.000157,0.000012,-0.000100,0.000043,0.000127,0.000098,0.000057,0.013401,0.002588,0.003951,0.008808,0.008904,0.005362,0.002114,0.000872,0.001637,0.003307,0.003918,0.003207,0.002084,0.000862,0.000199,0.000366,0.001123,0.001742,0.001548,0.000891,0.000461,0.000207,-0.000136,-0.000062,0.000500,0.001060,0.001319,0.000968,0.000122,-0.000657,-0.000816,-0.000381,-0.000152,-0.000179,-0.000001,0.000192,0.000098,-0.000327,-0.001170,-0.002073,-0.002016,-0.001186,-0.000542,-0.000080,0.000268,0.000297,0.000099,-0.000119,-0.000186,-0.000235,-0.000247,-0.000045,0.000125,0.000197,0.000122,-0.000022,0.000111,0.000514,0.000949,0.000928,0.000891,0.001617,0.002380,0.002021,0.000962,0.000165,-0.000068,-0.000018,-0.000119,-0.000240,-0.000216,-0.000302,-0.000477,-0.000457,-0.000362,-0.000321,-0.000079,0.000290,0.000504,0.000394,0.000101,-0.000180,-0.000112,0.000190,0.000208,-0.000278,-0.001022,-0.001521,-0.001532,-0.001297,-0.001022,-0.000482,-0.000042,0.000059,0.000176,0.000222,0.000111,-0.000073,-0.000304,-0.000419,-0.000466,-0.000418,-0.000299,-0.000298,-0.000351,-0.000253,-0.000038,0.000122,0.000183,0.000073,0.000068,0.000098,0.000044,0.000131,0.000150,0.000109,0.000149,0.000192,0.000242,0.000190,0.000088,-0.000015,-0.000155,-0.000183,0.000010,0.000141,0.000157,0.000106,0.000055,-0.000007,-0.000184,-0.000340,-0.000243,-0.000099,0.000103,0.000212,0.000156,0.000138,
0.021382,0.018101,0.003774,-0.004026,-0.004776,-0.005847,-0.007972,-0.008137,-0.005989,-0.002787,-0.000404,0.000689,0.001112,0.000581,-0.000605,-0.001523,-0.001473,-0.000185,0.001271,0.001125,-0.000297,-0.001507,-0.002013,-0.001957,-0.001549,-0.001201,-0.001038,-0.000816,-0.000331,0.000072,0.000041,-0.000000,-0.000010,-0.000105,0.000120,0.000433,0.000542,0.000408,0.000074,-0.000232,-0.000411,-0.000491,-0.000485,-0.000387,-0.000333,-0.000170,-0.000012,-0.000015,-0.000101,-0.000181,-0.000273,-0.000305,-0.000208,-0.000074,-0.000014,-0.000201,-0.000651,-0.000920,-0.000478,0.000479,0.000919,0.000270,-0.000337,0.000176,0.000917,0.000839,0.000443,0.000392,0.000313,0.000025,-0.000225,-0.000274,-0.000214,-0.000174,-0.000076,0.000099,0.000077,-0.000113,-0.000224,-0.000154,-0.000031,0.000038,0.000209,0.000755,0.001575,0.002135,0.001562,-0.000134,-0.001590,-0.001754,-0.001299,-0.000751,-0.000157,-0.000004,-0.000199,-0.000229,-0.000150,-0.000141,-0.000139,-0.000097,-0.000041,0.000041,0.000056,-0.000001,0.000025,0.000059,0.000135,0.000259,0.000200,0.000067,0.000065,0.000078,0.000084,0.000120,0.000098,0.000061,0.000006,-0.000052,0.000009,0.000032,0.000082,0.000214,0.000245,0.000229,0.000231,0.000164,0.000093,0.000042,-0.000046,0.000009,0.000202,0.000126,-0.000053,-0.000063,0.000053,0.000187,0.000266,0.000286,0.012805,0.001976,0.003749,0.008932,0.009135,0.005556,0.002289,0.000986,0.001700,0.003485,0.004128,0.003326,0.002145,0.000937,0.000193,0.000361,0.001167,0.001696,0.001410,0.000823,0.000571,0.000234,-0.000173,-0.000048,0.000423,0.000972,0.001299,0.001043,0.000127,-0.000711,-0.000798,-0.000440,-0.000249,-0.000319,-0.000159,0.000170,0.000200,-0.000326,-0.001226,-0.001915,-0.001808,-0.001021,-0.000588,-0.000372,0.000081,0.000260,0.000113,-0.000125,-0.000274,-0.000313,-0.000189,0.000017,0.000187,0.000211,0.000079,-0.000008,0.000089,0.000423,0.000825,0.000715,0.000547,0.001000,0.001526,0.001279,0.000437,-0.000184,-0.000394,-0.000383,-0.000422,-0.000499,-0.000438,-0.000295,-0.000189,-0.000272,-0.000353,-0.000297,-0.000183,0.000048,0.000282,0.000290,-0.000036,-0.000190,-0.000062,0.000042,0.000077,-0.000215,-0.000909,-0.001588,-0.001563,-0.001204,-0.000795,-0.000178,0.000111,0.000022,0.000111,0.000283,0.000099,-0.000205,-0.000426,-0.000568,-0.000522,-0.000497,-0.000410,-0.000239,-0.000257,-0.000227,-0.000074,0.000005,0.000053,0.000186,0.000206,0.000084,0.000075,0.000163,0.000126,0.000126,0.000230,0.000267,0.000184,0.000117,0.000064,-0.000049,-0.000083,-0.000058,0.000014,0.000068,0.000127,0.000094,-0.000067,-0.000162,-0.000210,-0.000356,-0.000491,-0.000401,-0.000130,0.000194,0.000330,0.000307,
0.021103,0.017943,0.003643,-0.004219,-0.005028,-0.005983,-0.007942,-0.008099,-0.006124,-0.002991,-0.000503,0.000606,0.001009,0.000526,-0.000676,-0.001668,-0.001587,-0.000126,0.001374,0.001054,-0.000370,-0.001508,-0.002059,-0.001988,-0.001509,-0.001219,-0.001188,-0.000993,-0.000537,-0.000104,-0.000128,-0.000313,-0.000211,0.000030,0.000242,0.000559,0.000645,0.000465,0.000210,-0.000095,-0.000425,-0.000536,-0.000348,-0.000284,-0.000310,-0.000211,-0.000166,-0.000224,-0.000252,-0.000205,-0.000183,-0.000208,-0.000248,-0.000156,-0.000033,-0.000166,-0.000554,-0.000762,-0.000387,0.000478,0.000958,0.000548,0.000230,0.000523,0.000510,0.000093,0.000144,0.000628,0.000706,0.000294,-0.000166,-0.000337,-0.000230,-0.000105,-0.000120,-0.000047,0.000001,-0.000180,-0.000295,-0.000193,-0.000075,-0.000057,0.000206,0.000848,0.001690,0.002225,0.001621,-0.000054,-0.001443,-0.001715,-0.001301,-0.000722,-0.000255,-0.000091,-0.000278,-0.000342,-0.000230,-0.000153,-0.000075,-0.000017,0.000062,0.000091,-0.000009,-0.000078,0.000027,0.000095,0.000049,0.000149,0.000208,0.000122,0.000134,0.000096,0.000094,0.000161,0.000090,-0.000008,-0.000030,-0.000038,-0.000077,-0.000056,0.000017,0.000092,0.000181,0.000205,0.000251,0.000287,0.000085,-0.000043,-0.000073,-0.000052,0.000021,0.000085,0.000031,-0.000008,0.000048,0.000087,0.000132,0.000164,0.013112,0.002145,0.003714,0.008859,0.009181,0.005766,0.002478,0.001132,0.001738,0.003366,0.003956,0.003151,0.002044,0.000867,0.000272,0.000466,0.001192,0.001766,0.001522,0.000866,0.000593,0.000419,0.000023,-0.000007,0.000552,0.001222,0.001431,0.001044,0.000095,-0.000745,-0.000755,-0.000309,-0.000224,-0.000321,-0.000131,0.000120,0.000069,-0.000492,-0.001294,-0.001898,-0.001813,-0.001096,-0.000454,-0.000099,0.000078,0.000213,0.000116,-0.000255,-0.000340,-0.000235,-0.000124,0.000095,0.000248,0.000163,-0.000044,-0.000058,0.000139,0.000428,0.000843,0.000871,0.000920,0.001660,0.002227,0.001742,0.000647,-0.000025,-0.000157,-0.000206,-0.000409,-0.000513,-0.000422,-0.000269,-0.000217,-0.000289,-0.000368,-0.000303,-0.000012,0.000270,0.000492,0.000451,0.000082,-0.000116,0.000042,0.000336,0.000373,-0.000058,-0.000865,-0.001553,-0.001578,-0.001271,-0.001041,-0.000491,-0.000027,0.000050,0.000151,0.000221,0.000072,-0.000152,-0.000462,-0.000553,-0.000357,-0.000291,-0.000302,-0.000189,-0.000121,-0.000159,-0.000033,0.000070,0.000050,0.000028,-0.000049,-0.000090,0.000051,0.000201,0.000208,0.000161,0.000148,0.000143,0.000109,-0.000028,-0.000099,-0.000114,-0.000148,-0.000126,-0.000096,-0.000004,0.000067,0.000038,-0.000048,-0.000161,-0.000206,-0.000200,-0.000152,-0.000166,-0.000110,0.000079,0.000254,0.000234,
0.021240,0.017817,0.003607,-0.004101,-0.004839,-0.005821,-0.007942,-0.008113,-0.005877,-0.002705,-0.000328,0.000665,0.001030,0.000545,-0.000666,-0.001615,-0.001476,-0.000083,0.001340,0.001151,-0.000237,-0.001394,-0.001916,-0.001999,-0.001604,-0.001152,-0.001109,-0.001053,-0.000696,-0.000306,-0.000269,-0.000258,0.000005,0.000162,0.000210,0.000442,0.000595,0.000453,0.000101,-0.000377,-0.000706,-0.000606,-0.000409,-0.000285,-0.000169,-0.000102,-0.000038,-0.000048,-0.000146,-0.000167,-0.000155,-0.000212,-0.000228,-0.000175,-0.000052,-0.000150,-0.000546,-0.000819,-0.000467,0.000450,0.000842,0.000265,0.000013,0.000740,0.001192,0.000904,0.000585,0.000676,0.000684,0.000232,-0.000189,-0.000420,-0.000338,-0.000080,-0.000013,0.000045,0.000166,0.000096,-0.000171,-0.000250,-0.000081,0.000117,0.000371,0.000846,0.001630,0.002140,0.001555,-0.000134,-0.001512,-0.001721,-0.001287,-0.000815,-0.000278,-0.000062,-0.000257,-0.000324,-0.000170,0.000000,0.000015,-0.000066,-0.000089,-0.000015,0.000033,0.000001,-0.000036,0.000016,0.000087,0.000192,0.000229,0.000137,0.000103,0.000162,0.000138,0.000038,0.000046,0.000069,0.000001,-0.000083,0.000017,0.000055,-0.000042,0.000019,0.000107,0.000214,0.000379,0.000317,0.000051,-0.000062,-0.000026,0.000011,0.000088,0.000096,-0.000034,-0.000114,-0.000074,0.000082,0.000225,0.000238,0.012846,0.001934,0.003713,0.009023,0.009445,0.006036,0.002700,0.001304,0.001921,0.003448,0.003966,0.003202,0.001955,0.000769,0.000289,0.000623,0.001391,0.001915,0.001477,0.000787,0.000549,0.000335,0.000023,0.000026,0.000511,0.001100,0.001399,0.001047,0.000135,-0.000639,-0.000639,-0.000184,-0.000036,-0.000120,-0.000027,0.000191,0.000205,-0.000195,-0.000976,-0.001774,-0.001769,-0.001009,-0.000509,-0.000293,-0.000009,0.000177,0.000081,-0.000149,-0.000301,-0.000320,-0.000150,0.000085,0.000232,0.000264,0.000158,0.000044,0.000103,0.000541,0.000945,0.000841,0.000703,0.001324,0.002064,0.001732,0.000555,-0.000137,-0.000082,-0.000101,-0.000433,-0.000677,-0.000590,-0.000303,-0.000164,-0.000255,-0.000325,-0.000257,-0.000010,0.000305,0.000448,0.000283,0.000008,-0.000108,-0.000092,0.000092,0.000175,-0.000274,-0.000971,-0.001428,-0.001342,-0.001117,-0.000991,-0.000563,-0.000238,-0.000205,-0.000009,0.000174,0.000050,-0.000152,-0.000254,-0.000358,-0.000463,-0.000387,-0.000337,-0.000287,-0.000173,-0.000059,0.000070,0.000123,0.000107,0.000062,0.000060,0.000025,0.000058,0.000086,0.000134,0.000236,0.000282,0.000322,0.000301,0.000158,-0.000020,-0.000069,-0.000060,-0.000056,0.000054,0.000146,0.000149,0.000014,-0.000145,-0.000164,-0.000202,-0.000257,-0.000292,-0.000254,-0.000092,0.000106,0.000277,0.000286,
0.020690,0.017805,0.003335,-0.004615,-0.005142,-0.005922,-0.007994,-0.008117,-0.006101,-0.002956,-0.000418,0.000598,0.000932,0.000504,-0.000630,-0.001703,-0.001669,-0.000147,0.001338,0.001064,-0.000374,-0.001532,-0.001989,-0.001975,-0.001585,-0.001163,-0.001012,-0.000874,-0.000464,-0.000127,-0.000158,-0.000102,0.000158,0.000184,0.000230,0.000548,0.000635,0.000337,-0.000039,-0.000333,-0.000586,-0.000612,-0.000397,-0.000363,-0.000376,-0.000250,-0.000147,-0.000091,-0.000052,-0.000069,-0.000056,-0.000039,-0.000034,-0.000027,-0.000051,-0.000266,-0.000717,-0.000910,-0.000412,0.000525,0.000947,0.000324,-0.000100,0.000480,0.001078,0.000877,0.000585,0.000709,0.000745,0.000364,-0.000078,-0.000226,-0.000153,-0.000028,0.000048,0.000184,0.000191,-0.000049,-0.000327,-0.000289,-0.000049,0.000144,0.000292,0.000760,0.001610,0.002198,0.001666,0.000039,-0.001256,-0.001572,-0.001318,-0.000789,-0.000263,-0.000066,-0.000214,-0.000246,-0.000108,-0.000185,-0.000190,-0.000016,0.000099,0.000070,-0.000045,-0.000011,0.000140,0.000084,0.000061,0.000207,0.000169,0.000141,0.000137,0.000105,0.000058,0.000032,0.000066,0.000018,-0.000131,-0.000160,-0.000079,0.000040,0.000045,-0.000049,-0.000056,0.000082,0.000259,0.000284,0.000101,-0.000158,-0.000138,-0.000025,0.000024,0.000023,-0.000064,-0.000084,-0.000009,0.000117,0.000079,0.000136,0.013469,0.002692,0.004010,0.008944,0.009386,0.006080,0.002668,0.001159,0.001731,0.003281,0.003969,0.003245,0.002033,0.000850,0.000236,0.000483,0.001292,0.001859,0.001481,0.000798,0.000500,0.000276,0.000021,-0.000024,0.000414,0.001042,0.001353,0.001036,0.000142,-0.000701,-0.000634,-0.000096,0.000058,-0.000029,0.000047,0.000249,0.000234,-0.000220,-0.001108,-0.001885,-0.001893,-0.001222,-0.000613,-0.000332,-0.000015,0.000165,0.000016,-0.000261,-0.000273,-0.000275,-0.000288,-0.000148,0.000112,0.000255,0.000143,0.000030,0.000081,0.000420,0.000868,0.000830,0.000858,0.001557,0.002284,0.002167,0.001242,0.000469,0.000180,-0.000047,-0.000359,-0.000475,-0.000366,-0.000241,-0.000118,-0.000251,-0.000395,-0.000340,-0.000072,0.000282,0.000441,0.000317,0.000014,-0.000072,0.000047,0.000226,0.000367,-0.000056,-0.000941,-0.001620,-0.001749,-0.001461,-0.001075,-0.000549,-0.000106,-0.000006,0.000080,0.000145,-0.000030,-0.000259,-0.000391,-0.000385,-0.000331,-0.000387,-0.000411,-0.000316,-0.000286,-0.000237,-0.000152,0.000019,0.000141,0.000105,0.000102,0.000085,0.000106,0.000223,0.000187,0.000125,0.000160,0.000215,0.000269,0.000149,0.000070,0.000026,-0.000019,-0.000094,-0.000151,-0.000029,0.000122,0.000065,-0.000023,-0.000075,-0.000144,-0.000175,-0.000147,-0.000038,0.000102,0.000150,0.000102,0.000085,
0.020597,0.017659,0.003356,-0.004475,-0.004992,-0.005809,-0.007965,-0.008237,-0.006164,-0.002910,-0.000493,0.000529,0.000966,0.000539,-0.000717,-0.001749,-0.001535,-0.000032,0.001389,0.001056,-0.000448,-0.001509,-0.001950,-0.001903,-0.001446,-0.001095,-0.001011,-0.000826,-0.000337,0.000008,-0.000076,-0.000269,-0.000286,-0.000221,0.000102,0.000579,0.000716,0.000487,0.000119,-0.000230,-0.000468,-0.000487,-0.000401,-0.000334,-0.000350,-0.000221,0.000073,0.000026,-0.000175,-0.000156,-0.000169,-0.000189,-0.000125,-0.000012,-0.000009,-0.000251,-0.000558,-0.000805,-0.000435,0.000469,0.000899,0.000382,-0.000200,-0.000034,0.000368,0.000368,0.000139,0.000297,0.000540,0.000223,-0.000199,-0.000292,-0.000365,-0.000322,-0.000158,0.000036,0.000149,-0.000035,-0.000336,-0.000362,-0.000276,-0.000087,0.000318,0.000881,0.001561,0.002053,0.001699,0.000120,-0.001328,-0.001631,-0.001334,-0.000845,-0.000258,-0.000007,-0.000210,-0.000286,-0.000210,-0.000160,-0.000137,-0.000046,0.000022,-0.000025,-0.000017,0.000021,0.000076,0.000120,0.000096,0.000165,0.000235,0.000149,0.000106,0.000153,0.000128,0.000097,0.000019,-0.000093,-0.000156,-0.000080,0.000051,0.000022,-0.000086,-0.000080,0.000012,0.000046,0.000072,0.000067,0.000008,-0.000031,0.000041,0.000147,0.000160,0.000083,-0.000013,-0.000114,-0.000045,0.000107,0.000138,0.000214,0.013423,0.002509,0.003779,0.008865,0.009583,0.006538,0.003074,0.001469,0.002004,0.003430,0.003861,0.003022,0.001907,0.000784,0.000199,0.000505,0.001356,0.001866,0.001490,0.000839,0.000626,0.000389,-0.000068,-0.000080,0.000525,0.001146,0.001323,0.000942,-0.000025,-0.000951,-0.000918,-0.000342,-0.000102,-0.000187,-0.000085,0.000079,-0.000028,-0.000520,-0.001354,-0.001992,-0.001830,-0.001136,-0.000653,-0.000231,0.000196,0.000225,0.000026,-0.000196,-0.000430,-0.000530,-0.000303,0.000027,0.000227,0.000221,0.000156,0.000005,-0.000060,0.000357,0.000887,0.000835,0.000665,0.001200,0.001833,0.001530,0.000744,0.000244,0.000149,-0.000020,-0.000275,-0.000397,-0.000350,-0.000220,-0.000275,-0.000504,-0.000576,-0.000444,-0.000182,0.000136,0.000351,0.000259,-0.000040,-0.000081,0.000117,0.000278,0.000238,-0.000251,-0.000972,-0.001493,-0.001576,-0.001267,-0.000945,-0.000435,-0.000007,0.000133,0.000263,0.000312,0.000125,-0.000043,-0.000181,-0.000444,-0.000511,-0.000282,-0.000239,-0.000267,-0.000179,-0.000046,0.000089,0.000158,0.000164,0.000129,0.000093,0.000054,0.000061,0.000112,0.000072,0.000094,0.000207,0.000308,0.000191,0.000080,0.000098,0.000007,0.000019,0.000057,0.000108,0.000071,0.000094,0.000176,0.000092,-0.000034,-0.000192,-0.000270,-0.000183,-0.000075,0.000092,0.000223,0.000295,0.000280,
0.020703,0.017552,0.003446,-0.004272,-0.004869,-0.005744,-0.007828,-0.007992,-0.005987,-0.002899,-0.000478,0.000548,0.000852,0.000381,-0.000696,-0.001643,-0.001494,-0.000079,0.001219,0.000930,-0.000461,-0.001567,-0.001971,-0.001979,-0.001490,-0.000963,-0.000873,-0.000590,-0.000107,0.000028,-0.000191,-0.000295,-0.000265,-0.000168,0.000153,0.000490,0.000558,0.000334,-0.000046,-0.000371,-0.000438,-0.000407,-0.000369,-0.000400,-0.000416,-0.000302,-0.000238,-0.000191,-0.000223,-0.000215,-0.000231,-0.000299,-0.000346,-0.000268,-0.000105,-0.000169,-0.000588,-0.000893,-0.000588,0.000306,0.000888,0.000433,0.000009,0.000506,0.000906,0.000436,0.000017,0.000188,0.000328,0.000150,-0.000178,-0.000287,-0.000189,-0.000081,-0.000023,0.000043,-0.000000,-0.000245,-0.000366,-0.000273,-0.000132,0.000078,0.000347,0.000889,0.001635,0.002140,0.001590,-0.000056,-0.001470,-0.001793,-0.001407,-0.000796,-0.000203,-0.000039,-0.000246,-0.000258,-0.000209,-0.000196,-0.000091,0.000104,0.000148,0.000097,0.000066,0.000089,0.000119,0.000098,0.000081,0.000217,0.000341,0.000243,0.000150,0.000202,0.000157,0.000091,0.000060,-0.000068,-0.000206,-0.000239,-0.000161,-0.000063,-0.000069,-0.000028,0.000080,0.000150,0.000176,0.000148,0.000054,0.000017,0.000030,0.000029,-0.000044,-0.000036,-0.000061,-0.000137,-0.000116,-0.000063,-0.000058,0.000039,0.013087,0.002116,0.003813,0.009217,0.009869,0.006726,0.003460,0.001769,0.001990,0.003308,0.003775,0.003061,0.001907,0.000767,0.000357,0.000563,0.001308,0.001852,0.001422,0.000778,0.000567,0.000440,0.000022,-0.000119,0.000420,0.001146,0.001442,0.001209,0.000331,-0.000653,-0.000858,-0.000496,-0.000280,-0.000212,-0.000018,0.000063,-0.000052,-0.000525,-0.001358,-0.002085,-0.001982,-0.001204,-0.000676,-0.000347,0.000102,0.000400,0.000222,-0.000116,-0.000231,-0.000229,-0.000163,-0.000017,0.000057,0.000083,0.000056,-0.000049,0.000007,0.000429,0.001043,0.001036,0.000840,0.001514,0.002262,0.001822,0.000680,-0.000032,-0.000048,0.000058,-0.000094,-0.000255,-0.000262,-0.000230,-0.000364,-0.000583,-0.000596,-0.000395,-0.000050,0.000358,0.000556,0.000361,0.000023,-0.000064,0.000186,0.000390,0.000262,-0.000287,-0.001035,-0.001606,-0.001558,-0.001256,-0.000962,-0.000394,0.000005,0.000027,0.000136,0.000231,-0.000004,-0.000271,-0.000405,-0.000385,-0.000352,-0.000321,-0.000295,-0.000308,-0.000273,-0.000174,-0.000068,0.000013,-0.000038,-0.000089,0.000025,0.000104,0.000078,0.000123,0.000150,0.000176,0.000242,0.000243,0.000203,0.000058,-0.000079,-0.000109,-0.000174,-0.000193,-0.000221,-0.000166,0.000021,0.000012,-0.000083,-0.000092,-0.000150,-0.000346,-0.000311,-0.000126,0.000086,0.000207,0.000324,0.000417,
0.020837,0.017406,0.003420,-0.003998,-0.004515,-0.005455,-0.007670,-0.008058,-0.006080,-0.002855,-0.000377,0.000557,0.000895,0.000391,-0.000751,-0.001629,-0.001453,0.000003,0.001338,0.000958,-0.000575,-0.001651,-0.002036,-0.001998,-0.001502,-0.000955,-0.000845,-0.000728,-0.000168,0.000097,-0.000096,-0.000230,-0.000223,-0.000065,0.000369,0.000648,0.000556,0.000301,-0.000059,-0.000451,-0.000621,-0.000489,-0.000334,-0.000280,-0.000297,-0.000223,-0.000171,-0.000129,-0.000094,-0.000136,-0.000145,-0.000152,-0.000133,-0.000056,-0.000040,-0.000225,-0.000598,-0.000784,-0.000328,0.000551,0.000920,0.000307,-0.000237,0.000298,0.000928,0.000714,0.000289,0.000319,0.000433,0.000213,-0.000206,-0.000345,-0.000177,-0.000091,-0.000075,0.000046,0.000127,-0.000068,-0.000353,-0.000342,-0.000096,0.000097,0.000288,0.000692,0.001432,0.002033,0.001489,-0.000279,-0.001711,-0.001874,-0.001418,-0.000863,-0.000249,-0.000073,-0.000325,-0.000335,-0.000171,-0.000142,-0.000164,-0.000092,-0.000065,-0.000044,-0.000087,-0.000014,0.000130,0.000147,0.000144,0.000262,0.000326,0.000234,0.000159,0.000125,0.000109,0.000166,0.000245,0.000226,0.000100,-0.000060,-0.000063,0.000078,0.000094,-0.000019,0.000055,0.000212,0.000257,0.000328,0.000329,0.000131,0.000068,0.000197,0.000164,-0.000005,-0.000194,-0.000142,0.000004,0.000095,0.000153,0.000205,0.012171,0.001253,0.003418,0.009160,0.009974,0.006995,0.003761,0.002066,0.002264,0.003427,0.003874,0.003115,0.001931,0.000861,0.000341,0.000500,0.001210,0.001712,0.001319,0.000703,0.000556,0.000373,0.000022,-0.000016,0.000402,0.000987,0.001303,0.000922,0.000012,-0.000735,-0.000757,-0.000270,0.000060,0.000062,0.000025,0.000073,-0.000039,-0.000441,-0.001156,-0.001887,-0.001869,-0.001096,-0.000596,-0.000260,0.000174,0.000250,-0.000007,-0.000283,-0.000339,-0.000287,-0.000130,0.000116,0.000228,0.000170,0.000076,-0.000054,0.000023,0.000539,0.001090,0.000919,0.000529,0.000941,0.001711,0.001614,0.000581,-0.000324,-0.000491,-0.000294,-0.000305,-0.000494,-0.000524,-0.000382,-0.000228,-0.000300,-0.000351,-0.000305,-0.000058,0.000323,0.000438,0.000291,0.000064,-0.000059,-0.000029,0.000162,0.000205,-0.000304,-0.001136,-0.001613,-0.001553,-0.001244,-0.000869,-0.000276,0.000044,0.000045,0.000206,0.000369,0.000275,-0.000051,-0.000293,-0.000358,-0.000449,-0.000499,-0.000436,-0.000337,-0.000238,-0.000147,-0.000048,0.000011,-0.000013,-0.000051,-0.000045,0.000022,0.000083,0.000145,0.000234,0.000305,0.000338,0.000285,0.000202,0.000093,0.000032,-0.000037,-0.000104,-0.000090,-0.000015,0.000015,0.000066,0.000062,-0.000043,-0.000068,-0.000157,-0.000290,-0.000206,-0.000025,0.000115,0.000275,0.000379,0.000340,
0.020403,0.017186,0.003314,-0.004038,-0.004632,-0.005706,-0.007862,-0.008139,-0.006039,-0.002922,-0.000531,0.000416,0.000685,0.000281,-0.000761,-0.001582,-0.001284,0.000081,0.001260,0.000944,-0.000471,-0.001633,-0.002053,-0.001961,-0.001490,-0.001065,-0.000875,-0.000818,-0.000430,-0.000061,-0.000140,-0.000239,-0.000273,-0.000156,0.000182,0.000514,0.000574,0.000335,0.000031,-0.000305,-0.000638,-0.000663,-0.000429,-0.000260,-0.000244,-0.000198,-0.000132,-0.000185,-0.000161,-0.000204,-0.000254,-0.000128,-0.000038,-0.000029,-0.000046,-0.000151,-0.000513,-0.000827,-0.000440,0.000547,0.001036,0.000563,0.000197,0.000406,0.000480,0.000285,0.000300,0.000581,0.000609,0.000173,-0.000258,-0.000374,-0.000293,-0.000184,-0.000090,-0.000044,-0.000041,-0.000168,-0.000439,-0.000465,-0.000187,0.000036,0.000319,0.000885,0.001640,0.002193,0.001665,-0.000104,-0.001643,-0.001938,-0.001479,-0.000823,-0.000217,-0.000009,-0.000209,-0.000296,-0.000264,-0.000200,-0.000104,-0.000102,-0.000072,-0.000092,-0.000123,-0.000052,0.000081,0.000197,0.000216,0.000187,0.000227,0.000216,0.000166,0.000194,0.000193,0.000157,0.000175,0.000129,0.000030,-0.000005,-0.000087,-0.000046,0.000055,0.000047,-0.000021,0.000010,0.000102,0.000200,0.000179,0.000035,-0.000017,-0.000026,-0.000005,0.000134,0.000117,0.000114,0.000049,-0.000009,0.000071,0.000134,0.012138,0.001358,0.003422,0.009060,0.010028,0.007031,0.003718,0.002018,0.002124,0.003274,0.003725,0.003101,0.002059,0.000941,0.000352,0.000527,0.001325,0.001746,0.001285,0.000727,0.000615,0.000526,0.000163,0.000059,0.000453,0.001016,0.001287,0.001105,0.000270,-0.000677,-0.000762,-0.000162,0.000126,0.000078,0.000172,0.000255,0.000097,-0.000485,-0.001295,-0.001947,-0.001918,-0.001157,-0.000562,-0.000274,0.000125,0.000242,0.000059,-0.000215,-0.000374,-0.000330,-0.000305,-0.000149,0.000092,0.000214,0.000194,0.000025,0.000008,0.000360,0.000811,0.000742,0.000721,0.001467,0.001976,0.001579,0.000876,0.000475,0.000289,-0.000005,-0.000388,-0.000755,-0.000670,-0.000436,-0.000430,-0.000552,-0.000519,-0.000370,-0.000137,0.000244,0.000438,0.000404,0.000087,-0.000193,-0.000050,0.000232,0.000298,-0.000071,-0.000893,-0.001569,-0.001611,-0.001316,-0.000974,-0.000352,0.000095,-0.000068,-0.000108,0.000010,-0.000026,-0.000225,-0.000409,-0.000481,-0.000447,-0.000321,-0.000311,-0.000386,-0.000243,-0.000057,0.000052,0.000075,0.000017,-0.000032,0.000003,0.000040,0.000131,0.000221,0.000123,0.000129,0.000314,0.000402,0.000257,0.000048,-0.000100,-0.000081,0.000007,-0.000041,-0.000043,0.000000,-0.000007,-0.000014,0.000007,-0.000095,-0.000242,-0.000276,-0.000211,-0.000122,-0.000004,0.000156,0.000228,0.000191,
0.020516,0.017324,0.003228,-0.004276,-0.004823,-0.005700,-0.007795,-0.008147,-0.006230,-0.003048,-0.000565,0.000469,0.000775,0.000257,-0.000818,-0.001659,-0.001446,-0.000055,0.001306,0.000962,-0.000546,-0.001613,-0.001964,-0.001980,-0.001558,-0.001050,-0.000906,-0.000789,-0.000380,-0.000107,-0.000227,-0.000352,-0.000239,-0.000089,0.000239,0.000529,0.000527,0.000328,-0.000016,-0.000341,-0.000489,-0.000476,-0.000534,-0.000460,-0.000263,-0.000150,-0.000085,-0.000106,-0.000158,-0.000095,-0.000076,-0.000168,-0.000115,0.000004,-0.000028,-0.000203,-0.000551,-0.000864,-0.000463,0.000529,0.000768,0.000028,-0.000239,0.000525,0.000971,0.000567,0.000295,0.000574,0.000707,0.000232,-0.000276,-0.000431,-0.000324,-0.000185,-0.000010,0.000232,0.000306,0.000022,-0.000295,-0.000263,-0.000034,0.000128,0.000359,0.000891,0.001537,0.001942,0.001482,-0.000138,-0.001549,-0.001787,-0.001415,-0.000884,-0.000343,-0.000069,-0.000144,-0.000141,-0.000074,-0.000074,-0.000043,-0.000063,-0.000050,-0.000073,-0.000103,-0.000023,0.000007,0.000069,0.000213,0.000263,0.000314,0.000305,0.000221,0.000155,0.000051,0.000020,0.000015,0.000030,0.000019,-0.000053,0.000004,0.000045,-0.000072,-0.000054,0.000082,0.000239,0.000350,0.000283,0.000083,-0.000005,0.000004,-0.000059,-0.000054,-0.000009,-0.000099,-0.000150,0.000015,0.000136,0.000132,0.000177,0.012430,0.001441,0.003331,0.008957,0.010022,0.007303,0.003999,0.002108,0.002182,0.003377,0.003940,0.003220,0.001847,0.000722,0.000345,0.000571,0.001271,0.001732,0.001364,0.000710,0.000508,0.000416,0.000159,0.000092,0.000459,0.000993,0.001291,0.001006,0.000192,-0.000598,-0.000672,-0.000158,0.000098,0.000059,0.000161,0.000248,0.000100,-0.000380,-0.001229,-0.001939,-0.001816,-0.001030,-0.000496,-0.000254,0.000058,0.000157,-0.000078,-0.000299,-0.000320,-0.000338,-0.000327,-0.000091,0.000112,0.000154,0.000052,-0.000051,-0.000000,0.000446,0.000965,0.000883,0.000762,0.001419,0.002094,0.001572,0.000410,-0.000164,-0.000011,0.000057,-0.000293,-0.000560,-0.000511,-0.000381,-0.000236,-0.000187,-0.000181,-0.000162,0.000019,0.000378,0.000488,0.000239,0.000054,-0.000012,0.000010,0.000216,0.000245,-0.000197,-0.000858,-0.001487,-0.001656,-0.001402,-0.001014,-0.000432,-0.000043,0.000035,0.000106,0.000112,-0.000044,-0.000270,-0.000395,-0.000518,-0.000569,-0.000410,-0.000292,-0.000211,-0.000087,-0.000041,-0.000065,0.000076,0.000212,0.000107,-0.000051,-0.000074,0.000005,0.000162,0.000199,0.000117,0.000125,0.000162,0.000133,0.000034,-0.000085,-0.000095,-0.000072,-0.000092,-0.000098,-0.000024,0.000112,0.000127,0.000039,-0.000076,-0.000142,-0.000150,-0.000176,-0.000210,-0.000098,0.000172,0.000240,0.000215,
0.020083,0.017292,0.003174,-0.004623,-0.005136,-0.005918,-0.008008,-0.008196,-0.006137,-0.003037,-0.000719,0.000138,0.000452,0.000213,-0.000728,-0.001699,-0.001503,0.000025,0.001274,0.000786,-0.000546,-0.001492,-0.002016,-0.002056,-0.001541,-0.001029,-0.000958,-0.000804,-0.000304,0.000104,0.000057,-0.000027,0.000138,0.000331,0.000437,0.000564,0.000531,0.000254,-0.000094,-0.000392,-0.000596,-0.000555,-0.000335,-0.000137,-0.000147,-0.000101,-0.000072,-0.000160,-0.000175,-0.000182,-0.000254,-0.000282,-0.000184,-0.000058,-0.000020,-0.000259,-0.000662,-0.000883,-0.000524,0.000506,0.000997,0.000333,-0.000065,0.000687,0.001231,0.000908,0.000608,0.000659,0.000580,0.000267,-0.000030,-0.000301,-0.000317,-0.000044,0.000102,0.000210,0.000229,-0.000160,-0.000524,-0.000461,-0.000238,-0.000018,0.000217,0.000751,0.001572,0.002128,0.001689,0.000023,-0.001476,-0.001712,-0.001392,-0.000827,-0.000139,0.000003,-0.000181,-0.000200,-0.000156,-0.000115,-0.000169,-0.000150,-0.000002,0.000033,0.000007,-0.000016,-0.000021,-0.000018,0.000166,0.000297,0.000219,0.000110,0.000113,0.000202,0.000204,0.000093,0.000012,-0.000021,-0.000131,-0.000150,-0.000013,0.000048,-0.000009,0.000058,0.000139,0.000143,0.000225,0.000105,-0.000074,-0.000018,0.000026,-0.000019,0.000012,0.000000,-0.000056,0.000020,0.000036,0.000010,0.000055,0.000161,0.012540,0.001624,0.003415,0.008963,0.010040,0.007243,0.003824,0.001929,0.002069,0.003329,0.003873,0.003161,0.001977,0.000837,0.000309,0.000581,0.001367,0.001769,0.001246,0.000569,0.000523,0.000471,0.000001,-0.000104,0.000369,0.000969,0.001266,0.001036,0.000218,-0.000560,-0.000448,0.000225,0.000538,0.000265,0.000067,0.000127,0.000100,-0.000266,-0.001083,-0.001872,-0.001816,-0.001072,-0.000471,-0.000120,0.000115,0.000147,-0.000070,-0.000287,-0.000263,-0.000225,-0.000203,0.000007,0.000141,0.000082,-0.000011,0.000030,0.000172,0.000501,0.000973,0.000928,0.000813,0.001509,0.002209,0.001985,0.001114,0.000442,0.000215,0.000020,-0.000323,-0.000582,-0.000536,-0.000362,-0.000353,-0.000487,-0.000515,-0.000425,-0.000191,0.000136,0.000378,0.000394,0.000070,-0.000191,-0.000106,0.000020,0.000128,-0.000138,-0.000919,-0.001604,-0.001750,-0.001530,-0.001111,-0.000460,0.000013,0.000038,0.000097,0.000218,0.000040,-0.000211,-0.000398,-0.000507,-0.000468,-0.000377,-0.000251,-0.000195,-0.000178,-0.000110,-0.000009,0.000018,0.000059,0.000062,-0.000036,-0.000010,0.000118,0.000147,0.000134,0.000166,0.000248,0.000312,0.000278,0.000143,0.000037,-0.000078,-0.000122,-0.000040,0.000085,0.000195,0.000176,0.000057,0.000017,-0.000005,-0.000127,-0.000245,-0.000223,-0.000181,-0.000051,0.000194,0.000229,0.000156,
0.020322,0.017230,0.003228,-0.004274,-0.004814,-0.005704,-0.007848,-0.008197,-0.006133,-0.002931,-0.000651,0.000134,0.000497,0.000210,-0.000813,-0.001618,-0.001340,0.000154,0.001368,0.000876,-0.000522,-0.001494,-0.001976,-0.001962,-0.001468,-0.000988,-0.000898,-0.000825,-0.000375,-0.000035,-0.000195,-0.000304,-0.000128,0.000036,0.000318,0.000688,0.000826,0.000519,0.000060,-0.000305,-0.000633,-0.000611,-0.000324,-0.000197,-0.000319,-0.000354,-0.000259,-0.000183,-0.000171,-0.000205,-0.000189,-0.000135,0.000031,0.000068,-0.000049,-0.000165,-0.000492,-0.000789,-0.000400,0.000592,0.000995,0.000272,-0.000321,0.000049,0.000563,0.000434,0.000252,0.000529,0.000690,0.000335,-0.000117,-0.000309,-0.000272,-0.000172,-0.000063,0.000185,0.000299,0.000051,-0.000260,-0.000318,-0.000143,0.000051,0.000390,0.000900,0.001524,0.002076,0.001660,0.000016,-0.001454,-0.001728,-0.001366,-0.000817,-0.000294,-0.000071,-0.000140,-0.000171,-0.000144,-0.000129,-0.000017,-0.000087,-0.000217,-0.000191,-0.000003,0.000091,0.000058,0.000048,-0.000015,-0.000022,0.000135,0.000185,0.000137,0.000201,0.000208,0.000130,0.000023,-0.000062,-0.000189,-0.000267,-0.000096,0.000034,0.000075,0.000120,0.000091,0.000180,0.000365,0.000321,0.000088,-0.000014,0.000087,0.000188,0.000172,0.000114,0.000006,0.000006,0.000064,0.000027,0.000128,0.000291,0.012343,0.001450,0.003333,0.009099,0.010254,0.007450,0.004068,0.002056,0.002088,0.003351,0.003860,0.003130,0.001982,0.000873,0.000351,0.000578,0.001305,0.001745,0.001259,0.000576,0.000442,0.000410,0.000123,0.000048,0.000394,0.000878,0.001256,0.001041,0.000068,-0.000823,-0.000811,-0.000265,0.000009,-0.000099,-0.000142,-0.000011,-0.000011,-0.000395,-0.001223,-0.001984,-0.001892,-0.001128,-0.000627,-0.000433,-0.000071,0.000226,0.000167,-0.000101,-0.000277,-0.000289,-0.000244,-0.000070,0.000175,0.000087,-0.000184,-0.000085,0.000155,0.000527,0.000911,0.000823,0.000710,0.001356,0.002173,0.002011,0.001104,0.000365,0.000023,-0.000077,-0.000244,-0.000400,-0.000263,-0.000108,-0.000117,-0.000244,-0.000369,-0.000377,-0.000227,0.000150,0.000484,0.000384,0.000014,-0.000161,-0.000042,0.000187,0.000139,-0.000384,-0.001146,-0.001702,-0.001668,-0.001323,-0.000955,-0.000409,-0.000048,-0.000054,-0.000006,0.000093,-0.000017,-0.000181,-0.000228,-0.000338,-0.000401,-0.000281,-0.000270,-0.000254,-0.000155,-0.000041,0.000100,0.000092,0.000058,0.000101,0.000090,0.000042,0.000108,0.000240,0.000262,0.000166,0.000169,0.000265,0.000231,0.000084,-0.000063,-0.000054,0.000019,0.000003,0.000042,0.000056,0.000032,-0.000008,-0.000075,-0.000059,-0.000124,-0.000247,-0.000259,-0.000183,0.000004,0.000193,0.000227,0.000183,
0.020221,0.017190,0.003103,-0.004269,-0.004743,-0.005758,-0.007985,-0.008352,-0.006303,-0.003060,-0.000737,0.000146,0.000469,0.000097,-0.000836,-0.001631,-0.001435,0.000010,0.001253,0.000827,-0.000498,-0.001438,-0.001926,-0.001949,-0.001370,-0.000927,-0.000909,-0.000707,-0.000215,0.000003,-0.000199,-0.000355,-0.000250,-0.000116,0.000216,0.000560,0.000538,0.000278,-0.000061,-0.000345,-0.000509,-0.000515,-0.000408,-0.000416,-0.000370,-0.000180,-0.000070,-0.000008,-0.000003,-0.000161,-0.000256,-0.000184,-0.000101,-0.000033,-0.000064,-0.000270,-0.000660,-0.000931,-0.000491,0.000503,0.000799,0.000336,0.000239,0.000690,0.000885,0.000568,0.000354,0.000491,0.000514,0.000148,-0.000337,-0.000473,-0.000285,-0.000125,-0.000112,-0.000125,-0.000178,-0.000307,-0.000419,-0.000285,-0.000137,0.000010,0.000265,0.000747,0.001552,0.002123,0.001652,-0.000044,-0.001538,-0.001742,-0.001413,-0.000943,-0.000347,-0.000113,-0.000239,-0.000263,-0.000193,-0.000282,-0.000298,-0.000103,-0.000050,-0.000089,-0.000064,0.000019,0.000062,0.000051,0.000112,0.000169,0.000153,0.000129,0.000256,0.000250,0.000095,0.000027,-0.000010,-0.000057,-0.000082,-0.000077,-0.000059,-0.000066,-0.000002,0.000062,0.000206,0.000278,0.000212,0.000185,0.000073,-0.000091,-0.000015,0.000136,0.000155,0.000116,0.000006,-0.000152,-0.000180,-0.000076,0.000092,0.000225,0.012381,0.001677,0.003687,0.009212,0.010232,0.007459,0.004064,0.002072,0.002135,0.003390,0.003861,0.003105,0.001990,0.000842,0.000169,0.000535,0.001391,0.001776,0.001302,0.000646,0.000537,0.000512,0.000158,-0.000001,0.000317,0.000830,0.001150,0.001012,0.000243,-0.000640,-0.000691,-0.000187,0.000060,-0.000049,-0.000101,-0.000019,0.000018,-0.000370,-0.001215,-0.002028,-0.001926,-0.001078,-0.000541,-0.000353,-0.000015,0.000299,0.000099,-0.000250,-0.000274,-0.000269,-0.000264,-0.000122,0.000074,0.000111,0.000021,-0.000023,0.000028,0.000494,0.000975,0.000847,0.000732,0.001382,0.002041,0.001576,0.000509,-0.000056,-0.000070,0.000055,-0.000098,-0.000215,-0.000126,-0.000189,-0.000415,-0.000591,-0.000625,-0.000455,-0.000083,0.000306,0.000470,0.000448,0.000132,-0.000178,-0.000108,0.000148,0.000196,-0.000212,-0.000948,-0.001559,-0.001466,-0.001170,-0.000943,-0.000381,0.000000,-0.000132,-0.000057,0.000135,-0.000042,-0.000271,-0.000340,-0.000359,-0.000346,-0.000251,-0.000192,-0.000198,-0.000157,-0.000097,-0.000022,0.000092,0.000080,-0.000047,-0.000029,-0.000035,-0.000049,0.000079,0.000170,0.000197,0.000120,0.000150,0.000079,-0.000014,0.000054,0.000012,-0.000043,-0.000009,-0.000007,-0.000043,-0.000006,0.000102,0.000151,0.000108,-0.000018,-0.000101,-0.000102,-0.000044,0.000025,0.000104,0.000189,0.000210,
0.020533,0.017380,0.003404,-0.004080,-0.004661,-0.005629,-0.007773,-0.008157,-0.006164,-0.002985,-0.000717,0.000119,0.000482,0.000199,-0.000747,-0.001613,-0.001451,0.000055,0.001377,0.000970,-0.000448,-0.001464,-0.001970,-0.001971,-0.001377,-0.000923,-0.000827,-0.000594,-0.000146,0.000073,-0.000100,-0.000247,-0.000185,0.000024,0.000303,0.000559,0.000611,0.000331,-0.000103,-0.000486,-0.000645,-0.000539,-0.000326,-0.000268,-0.000464,-0.000456,-0.000209,-0.000134,-0.000127,0.000005,-0.000042,-0.000113,-0.000037,-0.000083,-0.000178,-0.000310,-0.000592,-0.000754,-0.000295,0.000594,0.000926,0.000275,-0.000302,0.000250,0.000883,0.000466,-0.000030,0.000117,0.000290,0.000047,-0.000183,-0.000231,-0.000250,-0.000128,0.000068,0.000193,0.000188,-0.000027,-0.000216,-0.000144,-0.000019,0.000006,0.000239,0.000743,0.001520,0.002115,0.001498,-0.000255,-0.001538,-0.001665,-0.001316,-0.000740,-0.000129,0.000019,-0.000163,-0.000186,-0.000082,-0.000019,0.000044,0.000034,0.000077,0.000078,-0.000127,-0.000124,0.000036,0.000037,0.000057,0.000158,0.000172,0.000109,0.000144,0.000208,0.000143,0.000159,0.000293,0.000277,0.000093,-0.000115,-0.000152,-0.000076,-0.000027,0.000004,0.000059,0.000097,0.000114,0.000142,0.000085,-0.000064,-0.000070,-0.000007,-0.000009,0.000043,-0.000034,-0.000172,0.000071,0.000188,0.000093,0.000189,0.012485,0.001582,0.003595,0.009234,0.010170,0.007431,0.004170,0.002073,0.002036,0.003305,0.003807,0.003098,0.002031,0.000904,0.000302,0.000588,0.001430,0.001800,0.001299,0.000672,0.000547,0.000493,0.000131,0.000029,0.000431,0.000938,0.001248,0.001111,0.000281,-0.000732,-0.000923,-0.000318,0.000051,0.000038,0.000083,0.000082,-0.000003,-0.000401,-0.001178,-0.001975,-0.001929,-0.001146,-0.000564,-0.000303,-0.000059,0.000063,-0.000063,-0.000269,-0.000314,-0.000308,-0.000370,-0.000219,0.000040,0.000109,-0.000082,-0.000175,0.000031,0.000451,0.000845,0.000726,0.000574,0.001245,0.002112,0.001878,0.000720,-0.000047,-0.000191,-0.000146,-0.000239,-0.000446,-0.000397,-0.000308,-0.000416,-0.000458,-0.000412,-0.000322,-0.000087,0.000285,0.000497,0.000348,0.000073,-0.000030,0.000092,0.000192,0.000151,-0.000159,-0.000867,-0.001514,-0.001592,-0.001270,-0.000924,-0.000344,-0.000017,-0.000103,0.000021,0.000277,0.000170,-0.000135,-0.000276,-0.000387,-0.000450,-0.000323,-0.000170,-0.000130,0.000020,0.000116,0.000083,0.000154,0.000246,0.000212,0.000101,0.000057,0.000070,0.000146,0.000237,0.000248,0.000253,0.000309,0.000274,0.000176,0.000039,-0.000009,0.000030,-0.000022,0.000005,0.000099,0.000104,0.000057,-0.000047,-0.000256,-0.000251,-0.000117,-0.000083,0.000015,0.000119,0.000197,0.000290,0.000356,
0.020507,0.017414,0.003490,-0.004053,-0.004738,-0.005642,-0.007907,-0.008432,-0.006315,-0.002994,-0.000697,0.000088,0.000332,0.000022,-0.000847,-0.001599,-0.001332,0.000093,0.001233,0.000778,-0.000563,-0.001487,-0.001874,-0.001863,-0.001381,-0.000964,-0.000922,-0.000741,-0.000281,0.000044,-0.000023,-0.000252,-0.000279,-0.000030,0.000378,0.000759,0.000860,0.000562,0.000142,-0.000143,-0.000363,-0.000388,-0.000262,-0.000280,-0.000295,-0.000185,-0.000060,-0.000040,0.000014,-0.000054,-0.000239,-0.000292,-0.000174,-0.000018,0.000023,-0.000105,-0.000537,-0.000890,-0.000471,0.000502,0.001067,0.000627,0.000099,0.000324,0.000683,0.000539,0.000389,0.000602,0.000597,0.000185,-0.000192,-0.000302,-0.000318,-0.000256,-0.000126,-0.000013,-0.000021,-0.000183,-0.000336,-0.000269,-0.000091,0.000054,0.000232,0.000680,0.001495,0.002193,0.001658,-0.000118,-0.001597,-0.001927,-0.001508,-0.000922,-0.000311,-0.000014,-0.000189,-0.000305,-0.000257,-0.000283,-0.000228,-0.000095,-0.000028,0.000045,0.000069,0.000016,0.000026,0.000068,0.000067,0.000190,0.000320,0.000258,0.000119,0.000063,0.000065,0.000055,0.000066,0.000050,-0.000000,-0.000015,-0.000065,0.000009,0.000132,0.000177,0.000181,0.000076,0.000097,0.000154,0.000077,-0.000015,-0.000040,0.000006,0.000127,0.000114,-0.000059,-0.000149,0.000036,0.000175,0.000156,0.000141,0.013074,0.002275,0.003898,0.009404,0.010291,0.007399,0.004096,0.002078,0.002079,0.003318,0.003783,0.003148,0.002137,0.000992,0.000293,0.000468,0.001367,0.001901,0.001334,0.000600,0.000520,0.000535,0.000087,-0.000153,0.000237,0.000840,0.001261,0.001010,0.000096,-0.000664,-0.000610,-0.000169,0.000023,0.000006,0.000051,0.000089,-0.000003,-0.000357,-0.001271,-0.002252,-0.002168,-0.001237,-0.000599,-0.000266,0.000024,0.000087,-0.000067,-0.000272,-0.000338,-0.000327,-0.000316,-0.000247,-0.000054,0.000091,0.000146,0.000117,0.000108,0.000457,0.000889,0.000838,0.000767,0.001260,0.001780,0.001537,0.000821,0.000353,0.000069,-0.000192,-0.000371,-0.000573,-0.000536,-0.000321,-0.000275,-0.000396,-0.000480,-0.000338,-0.000120,0.000146,0.000491,0.000482,0.000071,-0.000094,0.000067,0.000260,0.000352,-0.000119,-0.001102,-0.001734,-0.001719,-0.001482,-0.001060,-0.000385,-0.000052,-0.000197,-0.000063,0.000188,0.000016,-0.000253,-0.000400,-0.000436,-0.000444,-0.000359,-0.000234,-0.000221,-0.000186,-0.000089,0.000020,0.000133,0.000120,-0.000018,0.000011,0.000044,0.000017,0.000129,0.000262,0.000263,0.000170,0.000084,0.000038,0.000103,0.000087,-0.000068,-0.000086,0.000004,-0.000013,-0.000017,0.000082,0.000117,0.000095,0.000001,-0.000140,-0.000270,-0.000315,-0.000174,0.000020,0.000185,0.000206,0.000156,
0.021011,0.017837,0.003626,-0.004025,-0.004574,-0.005572,-0.007856,-0.008241,-0.006209,-0.002949,-0.000557,0.000161,0.000353,-0.000032,-0.001096,-0.001853,-0.001508,0.000003,0.001264,0.000882,-0.000429,-0.001368,-0.001815,-0.001896,-0.001457,-0.001011,-0.000955,-0.000843,-0.000470,-0.000263,-0.000226,-0.000180,-0.000028,0.000141,0.000387,0.000665,0.000657,0.000398,-0.000023,-0.000370,-0.000555,-0.000491,-0.000272,-0.000248,-0.000363,-0.000294,-0.000092,-0.000022,-0.000015,-0.000107,-0.000192,-0.000112,-0.000040,-0.000080,-0.000168,-0.000333,-0.000596,-0.000833,-0.000426,0.000503,0.000785,0.000227,-0.000014,0.000386,0.000591,0.000229,0.000137,0.000505,0.000650,0.000331,-0.000103,-0.000309,-0.000351,-0.000265,-0.000151,-0.000017,0.000036,-0.000173,-0.000302,-0.000337,-0.000292,-0.000102,0.000202,0.000737,0.001507,0.002101,0.001584,-0.000165,-0.001550,-0.001712,-0.001395,-0.000930,-0.000289,-0.000060,-0.000318,-0.000392,-0.000289,-0.000221,-0.000196,-0.000201,-0.000135,-0.000121,-0.000067,-0.000025,0.000017,0.000050,0.000122,0.000359,0.000324,0.000166,0.000131,0.000068,0.000034,0.000035,0.000059,0.000012,-0.000071,-0.000060,-0.000102,-0.000109,-0.000019,0.000034,0.000101,0.000257,0.000291,0.000177,0.000005,-0.000044,0.000057,0.000050,0.000058,0.000063,-0.000086,-0.000181,-0.000078,0.000015,0.000074,0.000236,0.013297,0.002582,0.004235,0.009488,0.010382,0.007455,0.004039,0.002029,0.002034,0.003351,0.003936,0.003304,0.002218,0.000967,0.000285,0.000579,0.001382,0.001775,0.001265,0.000613,0.000491,0.000363,-0.000059,-0.000073,0.000362,0.000840,0.001148,0.000928,0.000052,-0.000786,-0.000724,-0.000148,0.000118,0.000090,0.000065,0.000109,-0.000029,-0.000590,-0.001443,-0.002137,-0.001998,-0.001228,-0.000659,-0.000352,-0.000070,0.000111,-0.000058,-0.000337,-0.000345,-0.000237,-0.000059,0.000011,0.000037,0.000173,0.000086,-0.000087,0.000047,0.000555,0.001012,0.000941,0.000882,0.001625,0.002347,0.001716,0.000438,-0.000157,-0.000088,0.000010,-0.000281,-0.000507,-0.000327,-0.000221,-0.000363,-0.000563,-0.000646,-0.000458,-0.000029,0.000238,0.000388,0.000334,0.000011,-0.000171,-0.000049,0.000249,0.000406,-0.000072,-0.001022,-0.001699,-0.001638,-0.001321,-0.000916,-0.000302,0.000006,-0.000022,0.000051,0.000152,0.000102,-0.000131,-0.000335,-0.000434,-0.000406,-0.000317,-0.000331,-0.000301,-0.000221,-0.000136,-0.000043,0.000075,0.000154,0.000170,0.000075,0.000011,0.000012,0.000045,0.000159,0.000317,0.000350,0.000258,0.000125,0.000099,0.000209,0.000164,0.000025,0.000026,0.000042,-0.000052,-0.000038,0.000053,0.000089,-0.000089,-0.000233,-0.000284,-0.000226,-0.000083,0.000034,0.000135,0.000128,0.000087,
0.020738,0.017788,0.003496,-0.004306,-0.004909,-0.005715,-0.007815,-0.008188,-0.006214,-0.003113,-0.000820,-0.000049,0.000150,-0.000079,-0.000995,-0.001876,-0.001612,-0.000127,0.001171,0.000832,-0.000445,-0.001358,-0.001772,-0.001825,-0.001428,-0.000991,-0.000874,-0.000816,-0.000477,-0.000182,-0.000142,0.000008,0.000273,0.000435,0.000475,0.000577,0.000476,0.000159,-0.000188,-0.000473,-0.000619,-0.000560,-0.000242,-0.000050,-0.000145,-0.000126,0.000067,0.000063,-0.000077,-0.000140,-0.000170,-0.000200,-0.000092,0.000000,0.000001,-0.000184,-0.000591,-0.000829,-0.000465,0.000449,0.000987,0.000442,0.000067,0.000667,0.001128,0.000831,0.000500,0.000576,0.000581,0.000248,-0.000237,-0.000489,-0.000470,-0.000293,-0.000024,0.000162,0.000227,-0.000010,-0.000322,-0.000308,-0.000165,0.000054,0.000366,0.000833,0.001607,0.002191,0.001630,-0.000185,-0.001613,-0.001766,-0.001399,-0.000904,-0.000288,-0.000083,-0.000257,-0.000232,-0.000110,-0.000072,-0.000193,-0.000183,-0.000014,-0.000095,-0.000193,-0.000065,0.000005,0.000072,0.000086,0.000098,0.000176,0.000205,0.000230,0.000182,0.000145,0.000179,0.000227,0.000153,0.000001,-0.000059,-0.000062,-0.000068,-0.000080,-0.000075,0.000007,0.000146,0.000204,0.000228,0.000126,-0.000034,-0.000013,0.000116,0.000090,-0.000021,-0.000002,0.000011,0.000011,0.000108,0.000198,0.000157,0.014395,0.003760,0.004811,0.009539,0.010305,0.007328,0.003763,0.001679,0.001753,0.003081,0.003716,0.003306,0.002411,0.001227,0.000444,0.000577,0.001422,0.001946,0.001386,0.000658,0.000493,0.000375,-0.000043,-0.000312,0.000093,0.000732,0.001128,0.001073,0.000430,-0.000315,-0.000332,0.000232,0.000610,0.000364,-0.000016,0.000031,0.000156,-0.000310,-0.001258,-0.002076,-0.001964,-0.001081,-0.000594,-0.000516,-0.000258,0.000078,0.000052,-0.000224,-0.000347,-0.000374,-0.000295,0.000027,0.000137,0.000050,-0.000024,-0.000021,0.000103,0.000497,0.000921,0.000807,0.000680,0.001311,0.002089,0.001928,0.000909,0.000130,-0.000003,-0.000014,-0.000244,-0.000539,-0.000484,-0.000257,-0.000357,-0.000545,-0.000553,-0.000421,-0.000129,0.000258,0.000471,0.000433,0.000111,-0.000124,0.000023,0.000095,0.000095,-0.000138,-0.000867,-0.001642,-0.001760,-0.001424,-0.001109,-0.000478,0.000015,0.000016,0.000049,0.000154,0.000005,-0.000287,-0.000407,-0.000396,-0.000338,-0.000343,-0.000262,-0.000192,-0.000193,-0.000125,-0.000036,0.000017,0.000116,0.000159,0.000056,-0.000008,0.000001,0.000128,0.000332,0.000302,0.000245,0.000157,-0.000002,-0.000054,-0.000013,0.000011,-0.000074,-0.000023,0.000108,0.000212,0.000172,0.000157,0.000125,-0.000053,-0.000155,-0.000202,-0.000141,-0.000065,0.000089,0.000225,0.000275,0.000147,
0.020559,0.017705,0.003516,-0.004380,-0.005151,-0.005991,-0.007969,-0.008188,-0.006247,-0.003120,-0.000816,-0.000114,0.000146,-0.000064,-0.000921,-0.001754,-0.001653,-0.000277,0.000996,0.000635,-0.000607,-0.001533,-0.001885,-0.001872,-0.001480,-0.001094,-0.001030,-0.000815,-0.000368,-0.000145,-0.000226,-0.000314,-0.000185,-0.000073,0.000109,0.000528,0.000729,0.000535,0.000145,-0.000262,-0.000502,-0.000501,-0.000509,-0.000507,-0.000441,-0.000318,-0.000134,-0.000015,0.000042,0.000078,-0.000072,-0.000271,-0.000162,0.000097,-0.000005,-0.000321,-0.000676,-0.000919,-0.000512,0.000471,0.000945,0.000357,-0.000191,0.000175,0.000651,0.000521,0.000378,0.000642,0.000758,0.000262,-0.000283,-0.000398,-0.000203,-0.000027,0.000046,0.000129,0.000084,-0.000127,-0.000306,-0.000274,-0.000126,0.000016,0.000293,0.000843,0.001565,0.002183,0.001767,0.000019,-0.001462,-0.001641,-0.001341,-0.000867,-0.000311,-0.000120,-0.000297,-0.000289,-0.000143,-0.000176,-0.000179,-0.000207,-0.000172,0.000008,0.000067,0.000031,0.000066,0.000109,0.000152,0.000222,0.000237,0.000212,0.000200,0.000161,0.000129,0.000064,0.000081,0.000112,-0.000005,-0.000172,-0.000128,-0.000005,0.000008,0.000023,0.000111,0.000242,0.000231,0.000139,0.000068,-0.000064,-0.000042,0.000031,0.000033,0.000093,-0.000047,-0.000121,-0.000047,0.000027,0.000045,0.000136,0.015464,0.004706,0.005298,0.009698,0.010238,0.007186,0.003523,0.001436,0.001615,0.003101,0.003841,0.003405,0.002491,0.001283,0.000497,0.000527,0.001260,0.001696,0.001159,0.000498,0.000386,0.000294,-0.000048,-0.000182,0.000199,0.000798,0.001178,0.000978,0.000100,-0.000725,-0.000744,-0.000194,-0.000014,-0.000125,-0.000085,-0.000003,-0.000034,-0.000402,-0.001320,-0.002161,-0.001995,-0.001188,-0.000576,-0.000301,-0.000039,0.000111,-0.000040,-0.000303,-0.000385,-0.000419,-0.000403,-0.000104,0.000020,-0.000073,-0.000145,-0.000109,0.000146,0.000509,0.000896,0.000893,0.000819,0.001527,0.002330,0.002158,0.001181,0.000280,0.000073,0.000090,-0.000172,-0.000392,-0.000240,-0.000086,-0.000194,-0.000434,-0.000498,-0.000394,-0.000189,0.000139,0.000399,0.000421,0.000185,-0.000088,-0.000007,0.000194,0.000165,-0.000221,-0.000912,-0.001566,-0.001742,-0.001472,-0.001002,-0.000421,-0.000017,-0.000048,0.000047,0.000226,0.000132,-0.000006,-0.000253,-0.000471,-0.000515,-0.000443,-0.000322,-0.000255,-0.000199,-0.000083,-0.000024,-0.000025,0.000055,0.000011,-0.000073,-0.000025,0.000127,0.000234,0.000252,0.000241,0.000332,0.000389,0.000145,0.000052,0.000096,-0.000079,-0.000141,-0.000047,0.000000,0.000030,0.000018,0.000036,0.000096,0.000086,-0.000082,-0.000230,-0.000232,-0.000136,0.000071,0.000229,0.000228,0.000192,
0.020515,0.017711,0.003758,-0.004096,-0.004879,-0.005752,-0.007868,-0.008172,-0.006101,-0.002906,-0.000569,0.000203,0.000395,-0.000040,-0.001083,-0.001914,-0.001623,-0.000097,0.001200,0.000799,-0.000476,-0.001456,-0.001929,-0.001881,-0.001421,-0.000971,-0.000831,-0.000696,-0.000258,0.000023,-0.000055,-0.000192,-0.000183,0.000065,0.000347,0.000635,0.000769,0.000547,0.000063,-0.000423,-0.000639,-0.000681,-0.000606,-0.000460,-0.000427,-0.000339,-0.000110,0.000021,0.000029,-0.000044,-0.000227,-0.000277,-0.000208,-0.000135,-0.000128,-0.000345,-0.000601,-0.000810,-0.000477,0.000522,0.001048,0.000515,0.000087,0.000535,0.000754,0.000359,0.000236,0.000542,0.000569,0.000095,-0.000345,-0.000420,-0.000330,-0.000207,-0.000151,-0.000120,-0.000110,-0.000254,-0.000406,-0.000373,-0.000190,0.000040,0.000316,0.000821,0.001539,0.002095,0.001602,-0.000041,-0.001479,-0.001738,-0.001377,-0.000825,-0.000146,0.000113,-0.000157,-0.000222,-0.000073,-0.000017,-0.000022,-0.000078,-0.000131,-0.000123,-0.000099,0.000011,0.000076,0.000068,0.000090,0.000156,0.000218,0.000127,0.000144,0.000215,0.000203,0.000191,0.000146,0.000043,-0.000094,-0.000177,-0.000125,-0.000022,-0.000020,-0.000028,0.000035,0.000153,0.000200,0.000182,0.000071,0.000001,-0.000030,-0.000033,-0.000019,0.000005,-0.000091,-0.000136,0.000045,0.000241,0.000201,0.000127,0.015767,0.005063,0.005715,0.009984,0.010405,0.007436,0.003884,0.001622,0.001532,0.002974,0.003769,0.003430,0.002530,0.001249,0.000451,0.000611,0.001410,0.001825,0.001227,0.000448,0.000349,0.000344,-0.000157,-0.000406,-0.000031,0.000566,0.000967,0.000808,0.000054,-0.000760,-0.000802,-0.000198,0.000076,-0.000008,-0.000032,0.000056,-0.000081,-0.000614,-0.001336,-0.002004,-0.002001,-0.001249,-0.000651,-0.000399,-0.000049,0.000160,0.000042,-0.000205,-0.000257,-0.000285,-0.000313,-0.000094,0.000072,0.000126,0.000085,-0.000039,0.000073,0.000490,0.000938,0.000869,0.000773,0.001399,0.001908,0.001408,0.000554,0.000137,0.000046,-0.000013,-0.000144,-0.000210,-0.000220,-0.000288,-0.000452,-0.000694,-0.000749,-0.000465,-0.000020,0.000411,0.000599,0.000398,0.000083,-0.000086,-0.000043,0.000210,0.000263,-0.000203,-0.000963,-0.001646,-0.001715,-0.001297,-0.000829,-0.000228,0.000105,0.000104,0.000211,0.000328,0.000122,-0.000183,-0.000382,-0.000508,-0.000470,-0.000389,-0.000350,-0.000349,-0.000283,-0.000185,-0.000048,0.000047,0.000099,0.000034,0.000006,0.000053,0.000047,0.000150,0.000191,0.000174,0.000259,0.000313,0.000243,0.000155,0.000076,0.000024,-0.000021,-0.000100,-0.000042,0.000072,0.000085,0.000187,0.000155,-0.000085,-0.000189,-0.000243,-0.000220,-0.000120,-0.000036,0.000074,0.000193,0.000242,
0.020120,0.017257,0.003498,-0.004293,-0.005028,-0.005745,-0.007826,-0.008206,-0.006123,-0.002946,-0.000704,0.000062,0.000327,-0.000045,-0.001093,-0.002035,-0.001780,-0.000156,0.001205,0.000774,-0.000460,-0.001325,-0.001782,-0.001824,-0.001323,-0.000781,-0.000610,-0.000408,0.000010,0.000214,-0.000010,-0.000251,-0.000240,-0.000080,0.000313,0.000656,0.000712,0.000452,0.000030,-0.000333,-0.000488,-0.000516,-0.000474,-0.000390,-0.000379,-0.000210,-0.000061,-0.000136,-0.000133,0.000039,-0.000043,-0.000185,-0.000030,-0.000006,-0.000090,-0.000261,-0.000558,-0.000825,-0.000542,0.000407,0.000815,0.000178,-0.000229,0.000400,0.000845,0.000386,-0.000022,0.000192,0.000367,0.000050,-0.000223,-0.000239,-0.000196,-0.000109,-0.000083,-0.000138,-0.000188,-0.000193,-0.000206,-0.000190,-0.000176,-0.000028,0.000366,0.000861,0.001457,0.001970,0.001537,-0.000073,-0.001518,-0.001786,-0.001366,-0.000808,-0.000249,-0.000017,-0.000203,-0.000263,-0.000072,-0.000004,-0.000028,-0.000022,0.000010,0.000032,-0.000008,-0.000036,0.000002,0.000013,0.000086,0.000256,0.000246,0.000194,0.000214,0.000184,0.000262,0.000328,0.000130,-0.000101,-0.000209,-0.000264,-0.000162,-0.000075,-0.000043,0.000086,0.000129,0.000114,0.000187,0.000137,0.000025,0.000033,0.000074,0.000087,0.000051,0.000077,-0.000050,-0.000148,-0.000049,0.000021,0.000084,0.000206,0.016640,0.006300,0.006490,0.010254,0.010458,0.007256,0.003571,0.001375,0.001536,0.003029,0.003700,0.003424,0.002698,0.001489,0.000565,0.000531,0.001326,0.001802,0.001289,0.000634,0.000426,0.000294,-0.000141,-0.000392,-0.000075,0.000502,0.000992,0.000972,0.000187,-0.000725,-0.000748,-0.000134,0.000166,-0.000063,-0.000164,-0.000043,-0.000023,-0.000431,-0.001346,-0.002186,-0.002168,-0.001427,-0.000816,-0.000448,-0.000076,0.000168,0.000085,-0.000167,-0.000218,-0.000227,-0.000230,-0.000073,0.000095,0.000094,-0.000005,-0.000038,0.000114,0.000530,0.000863,0.000702,0.000651,0.001491,0.002372,0.002076,0.000875,0.000002,-0.000183,-0.000194,-0.000366,-0.000464,-0.000367,-0.000299,-0.000400,-0.000564,-0.000602,-0.000419,-0.000153,0.000222,0.000548,0.000433,0.000078,-0.000161,-0.000049,0.000298,0.000394,-0.000115,-0.001013,-0.001674,-0.001682,-0.001351,-0.000996,-0.000421,-0.000025,0.000012,0.000080,0.000157,0.000039,-0.000215,-0.000370,-0.000397,-0.000435,-0.000368,-0.000185,-0.000198,-0.000218,-0.000100,-0.000031,0.000077,0.000162,0.000132,0.000017,-0.000072,-0.000006,0.000119,0.000155,0.000128,0.000275,0.000315,0.000182,0.000058,-0.000083,-0.000228,-0.000300,-0.000253,-0.000078,0.000070,0.000066,0.000062,-0.000034,-0.000140,-0.000208,-0.000291,-0.000225,-0.000093,0.000100,0.000199,0.000145,0.000201,
0.019645,0.016986,0.003289,-0.004439,-0.005295,-0.006166,-0.008097,-0.008200,-0.006029,-0.002882,-0.000581,0.000193,0.000404,-0.000022,-0.001155,-0.001984,-0.001694,-0.000172,0.001218,0.000890,-0.000393,-0.001280,-0.001638,-0.001732,-0.001409,-0.001086,-0.000970,-0.000601,-0.000047,0.000185,-0.000057,-0.000248,-0.000132,0.000110,0.000450,0.000687,0.000673,0.000413,0.000037,-0.000273,-0.000552,-0.000660,-0.000596,-0.000451,-0.000377,-0.000287,-0.000155,-0.000094,-0.000032,-0.000016,-0.000156,-0.000313,-0.000293,-0.000111,-0.000071,-0.000351,-0.000752,-0.000860,-0.000412,0.000387,0.000854,0.000367,-0.000193,0.000241,0.000908,0.000945,0.000569,0.000406,0.000390,0.000142,-0.000189,-0.000346,-0.000201,-0.000099,-0.000170,-0.000043,0.000110,-0.000052,-0.000226,-0.000233,-0.000155,-0.000004,0.000243,0.000758,0.001612,0.002136,0.001516,-0.000125,-0.001570,-0.001888,-0.001463,-0.000812,-0.000170,0.000064,-0.000109,-0.000298,-0.000303,-0.000225,-0.000225,-0.000229,-0.000054,0.000090,0.000026,0.000045,0.000159,0.000135,0.000152,0.000310,0.000344,0.000200,0.000135,0.000174,0.000157,0.000178,0.000163,-0.000020,-0.000128,-0.000179,-0.000189,-0.000084,-0.000046,-0.000033,0.000075,0.000179,0.000248,0.000239,0.000213,0.000204,0.000127,0.000093,0.000162,0.000087,-0.000046,-0.000154,-0.000158,0.000005,0.000205,0.000317,0.018072,0.007743,0.007245,0.010462,0.010493,0.007160,0.003337,0.001093,0.001268,0.002844,0.003717,0.003453,0.002588,0.001399,0.000534,0.000576,0.001357,0.001820,0.001325,0.000677,0.000514,0.000361,-0.000099,-0.000327,0.000029,0.000628,0.001069,0.001055,0.000283,-0.000635,-0.000707,-0.000145,0.000122,-0.000072,-0.000097,0.000113,-0.000023,-0.000605,-0.001432,-0.002131,-0.001980,-0.001141,-0.000592,-0.000326,-0.000066,0.000212,0.000126,-0.000152,-0.000200,-0.000248,-0.000244,-0.000025,0.000098,0.000051,-0.000055,-0.000109,0.000044,0.000533,0.000940,0.000787,0.000637,0.001022,0.001515,0.001321,0.000526,-0.000087,-0.000281,-0.000320,-0.000398,-0.000494,-0.000474,-0.000374,-0.000340,-0.000518,-0.000544,-0.000423,-0.000183,0.000154,0.000443,0.000470,0.000061,-0.000135,0.000002,0.000220,0.000241,-0.000204,-0.000988,-0.001624,-0.001604,-0.001317,-0.000930,-0.000252,0.000083,-0.000095,-0.000040,0.000193,0.000163,-0.000016,-0.000251,-0.000443,-0.000490,-0.000356,-0.000342,-0.000414,-0.000333,-0.000105,0.000114,0.000142,0.000144,0.000057,-0.000077,-0.000063,0.000152,0.000295,0.000339,0.000267,0.000214,0.000283,0.000176,0.000004,-0.000107,-0.000133,-0.000092,-0.000128,-0.000109,-0.000083,-0.000067,0.000001,-0.000008,-0.000109,-0.000211,-0.000289,-0.000358,-0.000327,-0.000089,0.000161,0.000267,0.000232,
0.018817,0.016461,0.002989,-0.004833,-0.005562,-0.006203,-0.008113,-0.008217,-0.006072,-0.002889,-0.000544,0.000284,0.000544,0.000025,-0.001235,-0.002168,-0.001808,-0.000245,0.001080,0.000834,-0.000379,-0.001352,-0.001744,-0.001756,-0.001414,-0.000990,-0.000932,-0.000827,-0.000364,-0.000004,-0.000098,-0.000250,-0.000127,0.000045,0.000356,0.000781,0.000767,0.000417,0.000055,-0.000237,-0.000550,-0.000663,-0.000519,-0.000498,-0.000504,-0.000297,-0.000089,-0.000116,-0.000165,-0.000033,-0.000022,-0.000112,-0.000108,0.000007,0.000017,-0.000299,-0.000730,-0.000900,-0.000405,0.000566,0.000895,0.000375,0.000228,0.000548,0.000429,0.000047,0.000109,0.000634,0.000823,0.000375,-0.000080,-0.000239,-0.000271,-0.000198,-0.000065,0.000004,0.000082,-0.000114,-0.000352,-0.000323,-0.000141,0.000071,0.000295,0.000795,0.001573,0.002117,0.001622,-0.000072,-0.001484,-0.001667,-0.001297,-0.000726,-0.000144,-0.000044,-0.000284,-0.000253,-0.000102,-0.000039,-0.000055,-0.000026,-0.000036,-0.000110,-0.000100,-0.000053,0.000022,0.000184,0.000276,0.000306,0.000313,0.000292,0.000322,0.000272,0.000148,0.000146,0.000263,0.000140,-0.000157,-0.000198,-0.000054,0.000055,0.000106,0.000044,0.000015,0.000200,0.000288,0.000207,0.000167,0.000087,0.000012,0.000012,0.000053,0.000091,-0.000062,-0.000219,-0.000210,-0.000043,0.000089,0.000251,0.019329,0.008889,0.007900,0.010634,0.010619,0.007253,0.003114,0.000830,0.001208,0.002883,0.003811,0.003565,0.002695,0.001502,0.000564,0.000481,0.001317,0.001830,0.001279,0.000648,0.000573,0.000379,-0.000152,-0.000337,0.000062,0.000628,0.000943,0.000832,0.000247,-0.000437,-0.000569,-0.000150,0.000160,0.000045,-0.000017,0.000127,0.000012,-0.000498,-0.001474,-0.002331,-0.002261,-0.001401,-0.000683,-0.000403,-0.000136,0.000065,-0.000045,-0.000247,-0.000254,-0.000206,-0.000211,-0.000054,0.000029,0.000036,-0.000001,0.000006,0.000042,0.000386,0.000975,0.001059,0.001075,0.001738,0.002218,0.001610,0.000459,-0.000114,-0.000040,-0.000033,-0.000255,-0.000515,-0.000559,-0.000352,-0.000273,-0.000584,-0.000717,-0.000487,-0.000153,0.000287,0.000491,0.000408,0.000055,-0.000244,0.000013,0.000227,0.000155,-0.000264,-0.001022,-0.001627,-0.001731,-0.001470,-0.001059,-0.000503,-0.000093,-0.000077,0.000060,0.000219,0.000058,-0.000168,-0.000372,-0.000442,-0.000378,-0.000366,-0.000284,-0.000232,-0.000263,-0.000239,-0.000044,0.000124,0.000131,0.000096,0.000011,-0.000058,0.000001,0.000159,0.000218,0.000218,0.000172,0.000163,0.000179,0.000106,0.000036,-0.000014,-0.000097,-0.000122,-0.000113,-0.000146,-0.000094,0.000077,0.000092,-0.000029,-0.000092,-0.000137,-0.000197,-0.000173,-0.000002,0.000140,0.000234,0.000256,
0.018212,0.015813,0.002671,-0.004902,-0.005775,-0.006487,-0.008252,-0.008153,-0.005804,-0.002685,-0.000558,0.000222,0.000486,-0.000025,-0.001228,-0.002204,-0.001906,-0.000317,0.000943,0.000634,-0.000539,-0.001326,-0.001628,-0.001705,-0.001361,-0.000885,-0.000840,-0.000914,-0.000580,-0.000200,-0.000224,-0.000127,0.000251,0.000519,0.000641,0.000672,0.000539,0.000278,-0.000103,-0.000477,-0.000749,-0.000682,-0.000401,-0.000356,-0.000343,-0.000220,-0.000079,-0.000050,-0.000203,-0.000339,-0.000307,-0.000170,-0.000018,0.000021,-0.000092,-0.000256,-0.000610,-0.000911,-0.000438,0.000585,0.000903,0.000258,-0.000060,0.000565,0.001164,0.000983,0.000669,0.000702,0.000688,0.000351,-0.000065,-0.000246,-0.000201,-0.000072,0.000079,0.000210,0.000229,0.000019,-0.000240,-0.000221,-0.000088,0.000062,0.000301,0.000758,0.001532,0.002175,0.001649,-0.000057,-0.001510,-0.001767,-0.001415,-0.000885,-0.000300,-0.000054,-0.000178,-0.000251,-0.000192,-0.000007,0.000068,0.000086,0.000138,0.000019,-0.000107,-0.000061,0.000012,0.000030,0.000108,0.000272,0.000327,0.000269,0.000225,0.000189,0.000181,0.000193,0.000237,0.000106,-0.000000,-0.000015,-0.000090,-0.000103,-0.000092,-0.000085,0.000067,0.000170,0.000165,0.000197,0.000181,0.000022,0.000004,0.000204,0.000251,0.000110,0.000003,-0.000064,-0.000037,0.000125,0.000220,0.000246,0.020680,0.010421,0.008604,0.010545,0.010341,0.007056,0.002964,0.000606,0.000965,0.002696,0.003683,0.003623,0.002749,0.001367,0.000495,0.000492,0.001315,0.001809,0.001310,0.000682,0.000533,0.000319,-0.000232,-0.000489,-0.000201,0.000339,0.000799,0.000760,0.000160,-0.000538,-0.000473,0.000132,0.000260,0.000011,-0.000096,0.000073,0.000090,-0.000403,-0.001354,-0.002228,-0.002118,-0.001325,-0.000753,-0.000425,-0.000140,0.000020,-0.000100,-0.000319,-0.000316,-0.000288,-0.000188,0.000070,0.000152,-0.000001,-0.000079,-0.000028,0.000130,0.000514,0.000877,0.000704,0.000563,0.001286,0.002192,0.001915,0.000682,-0.000183,-0.000206,-0.000075,-0.000310,-0.000530,-0.000484,-0.000414,-0.000333,-0.000428,-0.000587,-0.000440,-0.000156,0.000284,0.000595,0.000433,0.000015,-0.000132,0.000009,0.000200,0.000284,-0.000115,-0.000881,-0.001504,-0.001615,-0.001310,-0.001011,-0.000459,0.000023,0.000034,0.000103,0.000184,0.000090,-0.000165,-0.000454,-0.000550,-0.000415,-0.000297,-0.000298,-0.000285,-0.000234,-0.000123,0.000068,0.000151,0.000128,0.000047,-0.000014,-0.000026,0.000018,0.000069,0.000144,0.000194,0.000222,0.000188,0.000079,-0.000025,0.000022,0.000048,-0.000045,-0.000051,0.000012,0.000052,0.000101,-0.000001,-0.000122,-0.000168,-0.000189,-0.000154,-0.000082,0.000028,0.000135,0.000248,0.000257,0.000212,
0.017497,0.015084,0.002250,-0.005076,-0.005838,-0.006473,-0.008058,-0.007897,-0.005616,-0.002543,-0.000511,0.000193,0.000523,0.000089,-0.001276,-0.002310,-0.001952,-0.000302,0.001001,0.000662,-0.000481,-0.001265,-0.001648,-0.001743,-0.001425,-0.001063,-0.000942,-0.000822,-0.000421,-0.000015,-0.000083,-0.000157,0.000037,0.000213,0.000389,0.000643,0.000745,0.000508,0.000102,-0.000292,-0.000549,-0.000619,-0.000504,-0.000490,-0.000531,-0.000321,-0.000161,-0.000140,-0.000123,-0.000031,-0.000110,-0.000315,-0.000284,-0.000147,-0.000144,-0.000300,-0.000608,-0.000837,-0.000456,0.000479,0.000906,0.000329,-0.000059,0.000521,0.001017,0.000809,0.000569,0.000700,0.000658,0.000208,-0.000113,-0.000123,-0.000042,0.000082,0.000123,0.000154,0.000201,-0.000037,-0.000421,-0.000411,-0.000095,0.000126,0.000307,0.000742,0.001493,0.002091,0.001619,-0.000089,-0.001528,-0.001641,-0.001229,-0.000820,-0.000332,-0.000138,-0.000262,-0.000225,-0.000138,-0.000108,-0.000031,0.000011,0.000013,0.000010,0.000028,0.000041,0.000054,0.000056,0.000124,0.000204,0.000233,0.000122,0.000065,0.000157,0.000224,0.000185,0.000123,0.000041,-0.000039,-0.000040,-0.000038,-0.000109,-0.000050,0.000101,0.000084,0.000072,0.000129,0.000124,0.000010,-0.000113,0.000020,0.000117,0.000080,-0.000032,-0.000064,0.000047,0.000052,0.000006,0.000051,0.000217,0.021744,0.011618,0.009478,0.010962,0.010456,0.006896,0.002732,0.000551,0.000977,0.002860,0.003833,0.003675,0.003035,0.001647,0.000609,0.000659,0.001417,0.001891,0.001343,0.000633,0.000597,0.000434,-0.000240,-0.000523,-0.000157,0.000348,0.000741,0.000672,0.000003,-0.000676,-0.000678,-0.000109,0.000216,0.000012,-0.000100,0.000100,0.000163,-0.000238,-0.001151,-0.002127,-0.002147,-0.001318,-0.000698,-0.000355,-0.000002,0.000152,-0.000045,-0.000289,-0.000354,-0.000341,-0.000300,-0.000056,0.000180,0.000170,0.000031,0.000037,0.000259,0.000751,0.001132,0.000934,0.000902,0.001678,0.002454,0.002191,0.001187,0.000559,0.000414,0.000299,0.000015,-0.000240,-0.000232,-0.000090,-0.000171,-0.000481,-0.000589,-0.000451,-0.000172,0.000270,0.000539,0.000401,0.000046,-0.000182,-0.000035,0.000253,0.000246,-0.000185,-0.000918,-0.001567,-0.001660,-0.001377,-0.001011,-0.000403,0.000048,0.000041,0.000038,0.000251,0.000127,-0.000177,-0.000298,-0.000381,-0.000425,-0.000395,-0.000397,-0.000414,-0.000278,-0.000151,0.000042,0.000187,0.000241,0.000173,-0.000017,0.000013,0.000111,0.000095,0.000168,0.000290,0.000257,0.000167,0.000148,0.000112,0.000014,-0.000153,-0.000188,-0.000032,0.000055,0.000110,0.000158,0.000108,0.000038,-0.000014,-0.000162,-0.000271,-0.000273,-0.000208,-0.000088,0.000051,0.000218,0.000276,
0.017128,0.014660,0.002115,-0.005105,-0.005886,-0.006544,-0.008184,-0.007840,-0.005468,-0.002358,-0.000194,0.000467,0.000647,0.000136,-0.001095,-0.002052,-0.001772,-0.000289,0.000987,0.000671,-0.000421,-0.001226,-0.001664,-0.001682,-0.001311,-0.001020,-0.001000,-0.000870,-0.000394,-0.000044,-0.000131,-0.000269,-0.000082,0.000237,0.000472,0.000611,0.000654,0.000553,0.000199,-0.000234,-0.000481,-0.000518,-0.000492,-0.000594,-0.000677,-0.000433,-0.000200,-0.000183,-0.000244,-0.000253,-0.000246,-0.000262,-0.000235,-0.000191,-0.000113,-0.000211,-0.000600,-0.000821,-0.000360,0.000535,0.000875,0.000314,0.000006,0.000467,0.000739,0.000435,0.000237,0.000358,0.000373,-0.000008,-0.000429,-0.000495,-0.000371,-0.000202,-0.000137,-0.000141,-0.000048,-0.000079,-0.000236,-0.000297,-0.000194,-0.000018,0.000217,0.000729,0.001538,0.002211,0.001776,0.000059,-0.001433,-0.001694,-0.001386,-0.000933,-0.000288,-0.000083,-0.000308,-0.000277,-0.000094,-0.000051,-0.000069,-0.000084,0.000013,-0.000009,-0.000176,-0.000173,-0.000106,0.000004,0.000119,0.000162,0.000205,0.000178,0.000164,0.000129,0.000075,0.000096,0.000098,0.000057,0.000024,-0.000060,-0.000095,-0.000084,0.000014,0.000160,0.000064,-0.000009,0.000116,0.000146,0.000058,-0.000038,-0.000036,0.000088,0.000145,0.000048,-0.000047,-0.000085,-0.000037,0.000067,0.000096,0.000104,0.022411,0.012514,0.010337,0.011402,0.010465,0.006675,0.002500,0.000400,0.000925,0.002820,0.003863,0.003680,0.002841,0.001435,0.000359,0.000375,0.001209,0.001703,0.001228,0.000613,0.000637,0.000550,-0.000126,-0.000442,-0.000130,0.000422,0.000793,0.000697,0.000093,-0.000652,-0.000730,-0.000196,0.000043,0.000001,0.000083,0.000163,-0.000009,-0.000502,-0.001284,-0.002068,-0.002067,-0.001411,-0.000887,-0.000451,-0.000036,0.000250,0.000115,-0.000252,-0.000327,-0.000291,-0.000249,-0.000019,0.000110,0.000007,-0.000108,-0.000092,0.000177,0.000645,0.001035,0.000883,0.000695,0.001292,0.001915,0.001561,0.000768,0.000205,-0.000055,-0.000020,-0.000081,-0.000260,-0.000312,-0.000206,-0.000342,-0.000660,-0.000716,-0.000452,-0.000063,0.000388,0.000544,0.000376,0.000105,-0.000043,-0.000031,0.000145,0.000130,-0.000370,-0.001121,-0.001682,-0.001632,-0.001257,-0.000851,-0.000190,0.000196,0.000108,0.000155,0.000229,0.000097,-0.000066,-0.000182,-0.000322,-0.000312,-0.000243,-0.000217,-0.000290,-0.000335,-0.000195,0.000008,0.000107,0.000128,0.000141,0.000088,0.000047,0.000066,0.000146,0.000114,0.000129,0.000272,0.000269,0.000201,0.000062,-0.000087,-0.000063,-0.000074,-0.000130,-0.000087,-0.000051,-0.000003,0.000060,0.000013,-0.000148,-0.000206,-0.000310,-0.000324,-0.000160,-0.000025,0.000133,0.000236,0.000195,
0.016064,0.013556,0.001517,-0.005311,-0.005962,-0.006522,-0.008066,-0.007741,-0.005356,-0.002171,-0.000195,0.000369,0.000767,0.000332,-0.000946,-0.001908,-0.001632,-0.000189,0.001070,0.000833,-0.000312,-0.001252,-0.001612,-0.001609,-0.001402,-0.001118,-0.000989,-0.000698,-0.000200,0.000052,-0.000093,-0.000150,0.000073,0.000190,0.000341,0.000628,0.000688,0.000365,-0.000004,-0.000302,-0.000564,-0.000622,-0.000531,-0.000489,-0.000487,-0.000273,-0.000024,-0.000071,-0.000128,-0.000098,-0.000181,-0.000262,-0.000191,-0.000137,-0.000197,-0.000376,-0.000770,-0.000942,-0.000483,0.000342,0.000735,0.000156,-0.000074,0.000630,0.000934,0.000482,0.000107,0.000246,0.000279,-0.000049,-0.000284,-0.000227,-0.000071,-0.000032,-0.000041,-0.000002,-0.000005,-0.000161,-0.000297,-0.000223,-0.000087,0.000050,0.000342,0.000882,0.001648,0.002186,0.001616,-0.000139,-0.001643,-0.001907,-0.001468,-0.000863,-0.000243,-0.000077,-0.000283,-0.000224,-0.000149,-0.000157,-0.000065,0.000033,0.000059,0.000068,-0.000065,-0.000130,-0.000014,0.000003,0.000010,0.000217,0.000280,0.000219,0.000216,0.000232,0.000253,0.000241,0.000182,0.000010,-0.000059,-0.000073,-0.000064,0.000042,0.000033,-0.000015,0.000109,0.000267,0.000232,0.000078,0.000032,0.000006,0.000031,0.000036,-0.000022,-0.000006,-0.000035,-0.000073,-0.000004,0.000144,0.000155,0.000151,0.023581,0.013789,0.010984,0.011493,0.010473,0.006626,0.002378,0.000233,0.000724,0.002749,0.003878,0.003722,0.002897,0.001582,0.000709,0.000783,0.001404,0.001715,0.001291,0.000675,0.000512,0.000388,-0.000247,-0.000525,-0.000073,0.000469,0.000740,0.000696,0.000285,-0.000354,-0.000545,-0.000268,-0.000191,-0.000205,-0.000167,-0.000099,-0.000049,-0.000463,-0.001362,-0.002226,-0.002213,-0.001461,-0.000789,-0.000339,-0.000011,0.000187,0.000068,-0.000183,-0.000220,-0.000193,-0.000170,-0.000007,0.000182,0.000167,-0.000091,-0.000203,0.000041,0.000511,0.000963,0.000949,0.000976,0.001625,0.002232,0.001807,0.000678,-0.000000,0.000042,0.000077,-0.000120,-0.000220,-0.000224,-0.000282,-0.000425,-0.000603,-0.000644,-0.000383,0.000043,0.000358,0.000499,0.000358,-0.000016,-0.000196,-0.000086,0.000086,0.000171,-0.000231,-0.001026,-0.001565,-0.001604,-0.001370,-0.000989,-0.000412,0.000034,0.000131,0.000269,0.000403,0.000228,-0.000078,-0.000242,-0.000290,-0.000320,-0.000209,-0.000153,-0.000236,-0.000177,-0.000011,0.000121,0.000204,0.000086,-0.000011,0.000049,0.000044,0.000084,0.000174,0.000153,0.000134,0.000216,0.000291,0.000204,0.000034,-0.000086,-0.000195,-0.000226,-0.000134,-0.000100,-0.000092,-0.000031,-0.000048,-0.000071,-0.000143,-0.000172,-0.000094,-0.000011,0.000108,0.000258,0.000349,0.000349,0.000229,
0.014896,0.012640,0.001074,-0.005473,-0.006175,-0.006716,-0.008058,-0.007577,-0.005103,-0.002071,-0.000144,0.000380,0.000756,0.000387,-0.001062,-0.002049,-0.001721,-0.000304,0.001000,0.000811,-0.000383,-0.001269,-0.001632,-0.001698,-0.001357,-0.000992,-0.000948,-0.000804,-0.000309,0.000031,-0.000102,-0.000212,-0.000019,0.000285,0.000647,0.000873,0.000740,0.000328,-0.000043,-0.000303,-0.000624,-0.000758,-0.000582,-0.000451,-0.000473,-0.000388,-0.000185,-0.000108,-0.000098,-0.000101,-0.000236,-0.000287,-0.000112,-0.000028,-0.000106,-0.000356,-0.000724,-0.000895,-0.000362,0.000536,0.000818,0.000135,-0.000298,0.000285,0.000829,0.000673,0.000253,0.000337,0.000498,0.000143,-0.000220,-0.000229,-0.000117,0.000008,0.000038,0.000067,0.000099,-0.000043,-0.000127,-0.000184,-0.000226,-0.000050,0.000376,0.000846,0.001502,0.002096,0.001618,-0.000172,-0.001714,-0.001960,-0.001462,-0.000859,-0.000301,-0.000074,-0.000215,-0.000241,-0.000110,-0.000017,0.000034,-0.000004,-0.000019,-0.000002,-0.000144,-0.000216,-0.000040,0.000105,0.000208,0.000326,0.000277,0.000187,0.000207,0.000084,0.000127,0.000211,0.000146,0.000036,-0.000018,-0.000094,-0.000171,-0.000116,-0.000016,0.000022,0.000051,0.000165,0.000285,0.000320,0.000173,0.000065,-0.000004,0.000032,0.000104,0.000099,0.000024,-0.000082,-0.000088,0.000075,0.000197,0.000215,0.024733,0.014949,0.011634,0.011626,0.010238,0.006256,0.001974,-0.000101,0.000604,0.002787,0.003886,0.003612,0.002740,0.001479,0.000705,0.000789,0.001357,0.001718,0.001463,0.000941,0.000665,0.000388,-0.000222,-0.000609,-0.000266,0.000418,0.000826,0.000823,0.000247,-0.000521,-0.000560,-0.000013,0.000203,0.000102,0.000024,-0.000009,-0.000006,-0.000389,-0.001316,-0.002164,-0.002188,-0.001465,-0.000828,-0.000445,-0.000022,0.000182,0.000002,-0.000166,-0.000156,-0.000218,-0.000268,-0.000038,0.000147,0.000110,0.000009,-0.000052,0.000217,0.000659,0.000967,0.000864,0.000667,0.001150,0.001807,0.001581,0.000547,-0.000270,-0.000457,-0.000252,-0.000225,-0.000515,-0.000632,-0.000510,-0.000412,-0.000499,-0.000555,-0.000425,-0.000095,0.000291,0.000446,0.000336,0.000076,-0.000091,0.000031,0.000243,0.000208,-0.000368,-0.001131,-0.001684,-0.001740,-0.001449,-0.000974,-0.000254,0.000188,0.000197,0.000196,0.000281,0.000268,0.000057,-0.000233,-0.000348,-0.000388,-0.000384,-0.000278,-0.000186,-0.000198,-0.000195,0.000033,0.000191,0.000134,0.000049,0.000009,0.000041,0.000095,0.000141,0.000177,0.000248,0.000312,0.000283,0.000151,0.000055,-0.000072,-0.000160,-0.000147,-0.000047,0.000079,0.000185,0.000221,0.000149,0.000083,0.000002,-0.000126,-0.000170,-0.000181,-0.000069,0.000086,0.000166,0.000177,0.000176,
0.013492,0.011316,0.000175,-0.005993,-0.006433,-0.006806,-0.008068,-0.007378,-0.004914,-0.002011,-0.000167,0.000375,0.000795,0.000459,-0.000928,-0.001986,-0.001660,-0.000307,0.000866,0.000702,-0.000370,-0.001178,-0.001476,-0.001539,-0.001352,-0.001058,-0.000944,-0.000760,-0.000291,0.000086,0.000028,-0.000088,0.000092,0.000421,0.000727,0.000865,0.000728,0.000429,0.000077,-0.000293,-0.000592,-0.000697,-0.000557,-0.000410,-0.000430,-0.000410,-0.000207,-0.000092,-0.000098,-0.000206,-0.000291,-0.000255,-0.000108,0.000054,-0.000013,-0.000270,-0.000752,-0.000972,-0.000415,0.000604,0.000936,0.000492,0.000322,0.000591,0.000483,0.000061,0.000131,0.000641,0.000732,0.000271,-0.000156,-0.000267,-0.000251,-0.000139,-0.000049,-0.000014,0.000018,-0.000184,-0.000339,-0.000138,0.000007,0.000061,0.000314,0.000775,0.001510,0.002070,0.001543,-0.000155,-0.001644,-0.001844,-0.001404,-0.000894,-0.000345,-0.000138,-0.000306,-0.000357,-0.000185,-0.000047,-0.000000,-0.000025,-0.000074,-0.000118,-0.000077,0.000083,0.000166,0.000164,0.000221,0.000228,0.000196,0.000092,0.000067,0.000186,0.000263,0.000255,0.000230,0.000259,0.000122,0.000006,0.000018,0.000003,-0.000007,0.000088,0.000211,0.000259,0.000297,0.000236,0.000124,0.000120,0.000095,0.000133,0.000146,0.000115,-0.000008,-0.000128,0.000045,0.000268,0.000295,0.000224,0.026042,0.016389,0.012335,0.011519,0.009828,0.005663,0.001234,-0.000604,0.000386,0.002572,0.003689,0.003459,0.002652,0.001370,0.000556,0.000686,0.001261,0.001630,0.001388,0.000928,0.000686,0.000280,-0.000395,-0.000580,-0.000256,0.000271,0.000639,0.000682,0.000242,-0.000545,-0.000620,0.000051,0.000382,0.000191,0.000148,0.000293,0.000202,-0.000343,-0.001327,-0.002271,-0.002234,-0.001327,-0.000719,-0.000363,0.000029,0.000104,-0.000057,-0.000240,-0.000293,-0.000177,-0.000056,0.000080,0.000166,0.000075,-0.000066,-0.000059,0.000098,0.000528,0.000982,0.000922,0.000805,0.001381,0.001987,0.001614,0.000764,0.000249,-0.000054,-0.000323,-0.000577,-0.000702,-0.000623,-0.000432,-0.000336,-0.000488,-0.000611,-0.000474,-0.000093,0.000321,0.000469,0.000279,0.000008,-0.000062,0.000082,0.000277,0.000219,-0.000293,-0.001046,-0.001559,-0.001570,-0.001387,-0.001029,-0.000446,-0.000046,0.000037,0.000048,0.000058,0.000008,-0.000231,-0.000401,-0.000471,-0.000465,-0.000294,-0.000080,-0.000061,-0.000133,-0.000137,0.000003,0.000184,0.000239,0.000175,0.000052,0.000024,0.000026,0.000096,0.000139,0.000149,0.000190,0.000199,0.000170,0.000001,-0.000049,-0.000062,-0.000119,0.000002,0.000050,0.000011,0.000002,-0.000076,-0.000150,-0.000123,-0.000079,-0.000176,-0.000151,0.000012,0.000174,0.000312,0.000267,0.000127,
0.012528,0.010280,-0.000467,-0.006390,-0.006728,-0.006888,-0.007844,-0.007183,-0.004812,-0.001975,-0.000301,0.000238,0.000804,0.000595,-0.000691,-0.001642,-0.001439,-0.000310,0.000841,0.000795,-0.000192,-0.001046,-0.001434,-0.001516,-0.001395,-0.001131,-0.001027,-0.000961,-0.000558,-0.000136,-0.000203,-0.000304,-0.000047,0.000317,0.000604,0.000798,0.000714,0.000396,0.000145,-0.000072,-0.000436,-0.000668,-0.000633,-0.000647,-0.000616,-0.000315,-0.000106,0.000001,-0.000016,-0.000132,-0.000235,-0.000253,-0.000099,0.000009,0.000068,-0.000045,-0.000536,-0.000893,-0.000531,0.000295,0.000597,0.000067,-0.000136,0.000545,0.001055,0.000705,0.000430,0.000743,0.000815,0.000309,-0.000181,-0.000352,-0.000216,0.000090,0.000211,0.000250,0.000314,0.000163,-0.000087,-0.000137,-0.000028,0.000134,0.000377,0.000786,0.001464,0.002107,0.001668,0.000031,-0.001303,-0.001503,-0.001215,-0.000771,-0.000278,-0.000208,-0.000386,-0.000305,-0.000138,0.000080,0.000234,0.000160,0.000118,0.000017,-0.000177,-0.000093,0.000161,0.000216,0.000180,0.000190,0.000152,0.000125,0.000157,0.000191,0.000090,0.000066,0.000136,0.000059,-0.000014,-0.000123,-0.000155,-0.000027,-0.000021,-0.000077,0.000031,0.000111,0.000137,0.000110,-0.000010,0.000017,0.000046,0.000012,-0.000029,-0.000127,-0.000169,-0.000150,-0.000032,-0.000001,0.000016,0.000212,0.026898,0.017310,0.012899,0.011641,0.009743,0.005413,0.000907,-0.000923,0.000158,0.002576,0.003771,0.003351,0.002502,0.001373,0.000524,0.000544,0.001157,0.001466,0.001302,0.000951,0.000701,0.000403,-0.000220,-0.000553,-0.000282,0.000229,0.000708,0.000820,0.000178,-0.000655,-0.000699,-0.000030,0.000391,0.000247,0.000064,0.000212,0.000191,-0.000342,-0.001289,-0.002080,-0.001969,-0.001214,-0.000688,-0.000386,-0.000021,0.000179,-0.000005,-0.000277,-0.000328,-0.000204,0.000042,0.000188,0.000124,0.000021,-0.000104,-0.000115,0.000046,0.000524,0.001054,0.000875,0.000679,0.001420,0.002186,0.001676,0.000423,-0.000206,-0.000039,0.000082,-0.000233,-0.000560,-0.000499,-0.000301,-0.000317,-0.000373,-0.000373,-0.000364,-0.000122,0.000306,0.000474,0.000360,0.000130,-0.000025,0.000072,0.000348,0.000398,-0.000149,-0.001061,-0.001637,-0.001518,-0.001203,-0.001015,-0.000486,-0.000016,0.000068,0.000243,0.000436,0.000201,-0.000214,-0.000333,-0.000307,-0.000432,-0.000429,-0.000301,-0.000278,-0.000293,-0.000181,-0.000026,0.000132,0.000256,0.000249,0.000059,-0.000039,0.000060,0.000175,0.000243,0.000210,0.000220,0.000184,0.000104,0.000004,-0.000116,-0.000112,-0.000006,0.000077,0.000119,0.000144,0.000124,0.000067,0.000047,-0.000107,-0.000243,-0.000228,-0.000159,-0.000134,-0.000068,0.000160,0.000284,0.000238,
0.011550,0.009253,-0.001027,-0.006638,-0.006877,-0.007003,-0.008034,-0.007076,-0.004436,-0.001790,-0.000201,0.000316,0.000801,0.000516,-0.000641,-0.001486,-0.001336,-0.000209,0.000900,0.000827,-0.000003,-0.000785,-0.001241,-0.001422,-0.001268,-0.000996,-0.000964,-0.000852,-0.000374,0.000038,0.000067,0.000102,0.000391,0.000635,0.000705,0.000697,0.000594,0.000349,0.000024,-0.000271,-0.000656,-0.000742,-0.000532,-0.000508,-0.000556,-0.000426,-0.000249,-0.000149,-0.000096,-0.000110,-0.000222,-0.000296,-0.000292,-0.000196,-0.000126,-0.000248,-0.000576,-0.000843,-0.000499,0.000324,0.000709,0.000207,-0.000024,0.000649,0.001128,0.000801,0.000513,0.000663,0.000702,0.000267,-0.000189,-0.000302,-0.000209,0.000010,0.000206,0.000290,0.000296,0.000124,-0.000159,-0.000307,-0.000191,0.000115,0.000440,0.000888,0.001594,0.002169,0.001710,0.000008,-0.001407,-0.001706,-0.001401,-0.000853,-0.000368,-0.000264,-0.000403,-0.000276,0.000011,0.000069,0.000115,0.000194,0.000176,0.000080,-0.000055,-0.000042,0.000077,0.000108,0.000051,-0.000003,0.000126,0.000186,0.000169,0.000205,0.000258,0.000284,0.000207,0.000188,0.000198,0.000052,-0.000037,0.000045,0.000002,-0.000110,-0.000053,0.000040,0.000109,0.000081,0.000011,0.000034,0.000057,0.000001,-0.000052,-0.000023,-0.000050,-0.000078,-0.000072,-0.000071,0.000020,0.000158,0.027636,0.018272,0.013409,0.011494,0.009258,0.004892,0.000413,-0.001196,0.000089,0.002555,0.003695,0.003265,0.002354,0.001068,0.000320,0.000422,0.000954,0.001483,0.001385,0.001045,0.000861,0.000320,-0.000424,-0.000611,-0.000225,0.000297,0.000655,0.000554,0.000013,-0.000660,-0.000600,0.000149,0.000551,0.000342,-0.000020,0.000064,0.000199,-0.000209,-0.001108,-0.001979,-0.002013,-0.001275,-0.000698,-0.000373,0.000025,0.000225,-0.000011,-0.000239,-0.000263,-0.000196,-0.000015,0.000152,0.000155,0.000078,-0.000048,-0.000080,0.000096,0.000516,0.000889,0.000781,0.000844,0.001553,0.002277,0.002051,0.001058,0.000365,0.000199,0.000069,-0.000255,-0.000522,-0.000511,-0.000315,-0.000321,-0.000517,-0.000558,-0.000450,-0.000069,0.000378,0.000502,0.000279,-0.000009,-0.000100,0.000049,0.000245,0.000272,-0.000293,-0.001121,-0.001659,-0.001640,-0.001333,-0.001021,-0.000459,-0.000022,0.000012,0.000053,0.000204,0.000154,-0.000167,-0.000339,-0.000345,-0.000370,-0.000294,-0.000253,-0.000225,-0.000175,-0.000214,-0.000130,0.000069,0.000201,0.000185,-0.000028,-0.000204,-0.000117,0.000124,0.000136,0.000008,0.000073,0.000133,0.000139,0.000170,0.000044,-0.000090,-0.000028,-0.000011,-0.000096,-0.000024,-0.000000,-0.000023,-0.000039,-0.000141,-0.000250,-0.000266,-0.000161,-0.000077,-0.000032,0.000071,0.000205,0.000250,
0.011079,0.008853,-0.001038,-0.006228,-0.006389,-0.006618,-0.007653,-0.006764,-0.004194,-0.001462,0.000096,0.000388,0.000623,0.000451,-0.000413,-0.001205,-0.001148,-0.000132,0.000949,0.000908,-0.000032,-0.000872,-0.001342,-0.001477,-0.001236,-0.000990,-0.000997,-0.000813,-0.000356,-0.000129,-0.000270,-0.000292,0.000024,0.000327,0.000691,0.000932,0.000866,0.000590,0.000162,-0.000278,-0.000491,-0.000465,-0.000501,-0.000745,-0.000820,-0.000502,-0.000152,-0.000119,-0.000179,-0.000179,-0.000356,-0.000333,-0.000189,-0.000111,-0.000133,-0.000376,-0.000610,-0.000716,-0.000392,0.000421,0.000771,0.000273,-0.000075,0.000250,0.000587,0.000442,0.000315,0.000501,0.000644,0.000291,-0.000215,-0.000258,-0.000078,-0.000080,-0.000126,0.000004,-0.000041,-0.000214,-0.000207,-0.000101,-0.000110,-0.000038,0.000252,0.000779,0.001541,0.002181,0.001763,0.000080,-0.001387,-0.001720,-0.001394,-0.000917,-0.000370,-0.000158,-0.000261,-0.000199,-0.000010,-0.000019,-0.000081,-0.000015,0.000059,-0.000034,-0.000095,-0.000105,0.000001,0.000137,0.000250,0.000295,0.000170,0.000134,0.000270,0.000398,0.000318,0.000230,0.000165,0.000053,-0.000078,-0.000083,-0.000015,-0.000036,-0.000042,-0.000005,0.000016,0.000125,0.000173,0.000136,0.000063,0.000009,-0.000062,-0.000094,-0.000028,-0.000074,-0.000191,-0.000055,0.000057,0.000103,0.000224,0.000199,0.027887,0.018644,0.013898,0.011845,0.009373,0.004801,0.000295,-0.001256,0.000102,0.002546,0.003636,0.003152,0.002114,0.000888,0.000272,0.000339,0.000779,0.001245,0.001292,0.000980,0.000691,0.000327,-0.000371,-0.000778,-0.000489,0.000146,0.000618,0.000667,0.000103,-0.000736,-0.000758,-0.000123,0.000187,0.000072,-0.000040,-0.000011,-0.000109,-0.000471,-0.001233,-0.002192,-0.002280,-0.001361,-0.000678,-0.000469,-0.000097,0.000156,0.000022,-0.000190,-0.000228,-0.000167,-0.000144,-0.000031,0.000061,0.000053,0.000009,-0.000020,0.000252,0.000755,0.001013,0.000752,0.000676,0.001358,0.002070,0.001788,0.000918,0.000265,0.000008,-0.000010,-0.000203,-0.000519,-0.000498,-0.000251,-0.000279,-0.000466,-0.000592,-0.000518,-0.000121,0.000242,0.000338,0.000306,0.000204,0.000111,0.000156,0.000291,0.000289,-0.000293,-0.001183,-0.001676,-0.001544,-0.001197,-0.000780,-0.000185,0.000190,0.000180,0.000266,0.000423,0.000312,0.000013,-0.000287,-0.000495,-0.000443,-0.000359,-0.000342,-0.000269,-0.000188,-0.000152,-0.000063,0.000051,0.000108,0.000211,0.000179,0.000078,0.000077,0.000139,0.000154,0.000077,0.000108,0.000152,0.000211,0.000247,0.000168,0.000019,-0.000183,-0.000193,-0.000028,0.000029,0.000130,0.000177,0.000077,-0.000035,-0.000173,-0.000266,-0.000296,-0.000214,0.000016,0.000228,0.000216,0.000154,
0.009918,0.007780,-0.001536,-0.006443,-0.006519,-0.006576,-0.007376,-0.006477,-0.003928,-0.001297,-0.000025,0.000103,0.000429,0.000354,-0.000408,-0.001118,-0.001177,-0.000184,0.000915,0.000924,0.000099,-0.000797,-0.001272,-0.001475,-0.001362,-0.001033,-0.000859,-0.000616,-0.000088,0.000094,-0.000249,-0.000341,-0.000128,0.000182,0.000461,0.000671,0.000742,0.000545,0.000198,-0.000209,-0.000608,-0.000728,-0.000685,-0.000741,-0.000751,-0.000512,-0.000243,-0.000110,-0.000089,-0.000154,-0.000284,-0.000390,-0.000208,-0.000030,-0.000073,-0.000270,-0.000594,-0.000787,-0.000331,0.000472,0.000649,0.000268,0.000247,0.000741,0.000928,0.000509,0.000230,0.000450,0.000513,0.000184,-0.000132,-0.000231,-0.000122,-0.000038,-0.000068,-0.000040,-0.000037,-0.000194,-0.000310,-0.000343,-0.000278,-0.000002,0.000334,0.000752,0.001492,0.002097,0.001638,-0.000033,-0.001516,-0.001762,-0.001434,-0.000882,-0.000261,-0.000084,-0.000299,-0.000278,-0.000116,-0.000042,0.000048,0.000076,0.000006,-0.000094,-0.000144,-0.000106,0.000106,0.000157,0.000129,0.000257,0.000290,0.000187,0.000105,0.000120,0.000077,-0.000003,0.000057,0.000101,0.000011,-0.000137,-0.000225,-0.000178,-0.000086,-0.000018,0.000048,0.000108,0.000140,0.000105,-0.000020,-0.000006,0.000031,-0.000058,-0.000000,0.000051,-0.000143,-0.000262,-0.000128,0.000035,0.000078,0.000161,0.028587,0.019449,0.014357,0.011907,0.009012,0.004244,-0.000170,-0.001609,-0.000172,0.002428,0.003555,0.002961,0.001934,0.000776,0.000165,0.000267,0.000813,0.001324,0.001300,0.001010,0.000834,0.000456,-0.000232,-0.000563,-0.000193,0.000305,0.000678,0.000756,0.000133,-0.000810,-0.000998,-0.000351,-0.000042,-0.000053,0.000076,0.000088,-0.000020,-0.000326,-0.001253,-0.002138,-0.002097,-0.001311,-0.000713,-0.000440,-0.000065,0.000178,0.000019,-0.000251,-0.000196,-0.000069,-0.000102,-0.000026,0.000134,0.000189,0.000100,0.000043,0.000138,0.000621,0.001081,0.000918,0.000815,0.001509,0.002252,0.001790,0.000616,-0.000004,0.000013,0.000174,0.000072,-0.000134,-0.000175,-0.000183,-0.000260,-0.000535,-0.000832,-0.000687,-0.000242,0.000228,0.000442,0.000326,0.000091,-0.000016,0.000033,0.000069,0.000010,-0.000424,-0.001129,-0.001553,-0.001442,-0.001156,-0.000852,-0.000314,0.000029,0.000027,0.000195,0.000348,0.000187,-0.000038,-0.000174,-0.000309,-0.000341,-0.000256,-0.000198,-0.000200,-0.000261,-0.000209,-0.000039,0.000091,0.000153,0.000145,0.000082,0.000043,0.000052,0.000118,0.000145,0.000100,0.000111,0.000174,0.000116,-0.000066,-0.000065,-0.000021,-0.000033,-0.000021,-0.000010,0.000116,0.000235,0.000212,0.000017,-0.000156,-0.000212,-0.000150,-0.000102,-0.000135,0.000016,0.000240,0.000363,0.000326,
0.008123,0.006114,-0.002667,-0.007030,-0.006759,-0.006682,-0.007387,-0.006250,-0.003617,-0.001179,-0.000237,-0.000358,-0.000098,0.000045,-0.000539,-0.001153,-0.001172,-0.000259,0.000782,0.000719,-0.000043,-0.000774,-0.001269,-0.001368,-0.001231,-0.001029,-0.000909,-0.000575,0.000044,0.000301,0.000079,-0.000158,-0.000031,0.000253,0.000626,0.000869,0.000725,0.000372,0.000049,-0.000225,-0.000455,-0.000589,-0.000654,-0.000612,-0.000546,-0.000396,-0.000246,-0.000114,-0.000106,-0.000071,0.000005,-0.000106,-0.000082,-0.000002,-0.000115,-0.000255,-0.000500,-0.000645,-0.000262,0.000397,0.000607,-0.000012,-0.000369,0.000332,0.000898,0.000517,0.000100,0.000281,0.000478,0.000250,-0.000089,-0.000120,-0.000078,-0.000081,-0.000084,-0.000054,-0.000008,-0.000132,-0.000309,-0.000288,-0.000164,-0.000001,0.000287,0.000752,0.001449,0.002025,0.001491,-0.000178,-0.001468,-0.001668,-0.001266,-0.000703,-0.000207,-0.000126,-0.000378,-0.000309,-0.000030,0.000060,0.000013,0.000084,0.000132,0.000066,0.000040,0.000062,0.000073,0.000046,0.000191,0.000279,0.000165,0.000151,0.000243,0.000265,0.000308,0.000253,0.000113,0.000092,0.000023,-0.000079,-0.000119,-0.000059,0.000011,0.000072,0.000152,0.000147,0.000080,0.000125,0.000003,-0.000105,-0.000003,0.000109,0.000067,0.000005,-0.000038,-0.000109,-0.000040,0.000174,0.000262,0.000267,0.029194,0.020127,0.014730,0.011684,0.008484,0.003562,-0.000988,-0.002215,-0.000380,0.002427,0.003606,0.003065,0.002100,0.000961,0.000199,0.000154,0.000686,0.001295,0.001408,0.001151,0.000873,0.000369,-0.000487,-0.000784,-0.000323,0.000365,0.000809,0.000643,-0.000051,-0.000767,-0.000758,-0.000137,0.000297,0.000287,0.000182,0.000161,0.000144,-0.000231,-0.001127,-0.002127,-0.002258,-0.001488,-0.000857,-0.000484,-0.000096,0.000189,0.000028,-0.000258,-0.000237,-0.000183,-0.000070,0.000136,0.000225,0.000198,-0.000031,-0.000227,-0.000041,0.000490,0.001038,0.000861,0.000652,0.001334,0.002115,0.001878,0.000787,0.000083,-0.000030,-0.000018,-0.000152,-0.000396,-0.000543,-0.000510,-0.000507,-0.000596,-0.000655,-0.000551,-0.000162,0.000332,0.000457,0.000146,-0.000083,-0.000098,-0.000016,0.000165,0.000142,-0.000355,-0.001140,-0.001710,-0.001615,-0.001202,-0.000806,-0.000226,0.000013,-0.000086,0.000055,0.000336,0.000366,0.000059,-0.000203,-0.000327,-0.000337,-0.000254,-0.000178,-0.000213,-0.000164,-0.000078,0.000010,0.000208,0.000224,0.000121,0.000095,0.000095,0.000202,0.000257,0.000190,0.000198,0.000264,0.000102,-0.000067,-0.000030,0.000014,-0.000038,-0.000134,-0.000117,-0.000054,0.000024,-0.000016,-0.000114,-0.000135,-0.000121,-0.000171,-0.000282,-0.000372,-0.000247,-0.000007,0.000147,0.000176,0.000247,
0.006602,0.004695,-0.003529,-0.007427,-0.007035,-0.006673,-0.007118,-0.005818,-0.003320,-0.001234,-0.000436,-0.000742,-0.000596,-0.000335,-0.000754,-0.001380,-0.001354,-0.000235,0.000963,0.000871,-0.000088,-0.000867,-0.001265,-0.001436,-0.001360,-0.001119,-0.001016,-0.000800,-0.000288,-0.000009,-0.000101,-0.000223,-0.000023,0.000420,0.000695,0.000813,0.000882,0.000722,0.000402,0.000056,-0.000310,-0.000544,-0.000611,-0.000594,-0.000573,-0.000404,-0.000166,-0.000124,-0.000217,-0.000161,-0.000144,-0.000263,-0.000267,-0.000135,-0.000124,-0.000288,-0.000607,-0.000760,-0.000335,0.000484,0.000843,0.000451,0.000262,0.000604,0.000719,0.000482,0.000485,0.000722,0.000676,0.000256,-0.000187,-0.000299,-0.000171,-0.000030,0.000003,-0.000098,-0.000179,-0.000247,-0.000336,-0.000246,-0.000002,0.000135,0.000335,0.000819,0.001465,0.002008,0.001505,-0.000111,-0.001546,-0.001857,-0.001457,-0.000750,-0.000047,0.000041,-0.000183,-0.000341,-0.000253,-0.000047,0.000012,0.000133,0.000166,-0.000013,-0.000093,-0.000019,0.000047,0.000117,0.000117,0.000131,0.000201,0.000166,0.000065,0.000111,0.000092,0.000054,0.000103,0.000128,0.000001,-0.000129,-0.000193,-0.000074,0.000046,0.000036,0.000158,0.000250,0.000213,0.000148,0.000038,0.000057,0.000093,0.000042,0.000005,-0.000067,-0.000224,-0.000210,-0.000003,0.000151,0.000244,0.000219,0.030026,0.020941,0.014979,0.011582,0.008162,0.002836,-0.001833,-0.002883,-0.000635,0.002506,0.003666,0.003102,0.002168,0.000926,0.000047,-0.000024,0.000578,0.001333,0.001424,0.001045,0.000712,0.000266,-0.000355,-0.000748,-0.000504,0.000170,0.000680,0.000663,-0.000015,-0.000779,-0.000768,-0.000197,0.000134,0.000212,0.000106,0.000026,0.000094,-0.000309,-0.001316,-0.002257,-0.002364,-0.001584,-0.000897,-0.000476,-0.000021,0.000221,0.000054,-0.000068,-0.000047,-0.000125,-0.000092,0.000065,0.000188,0.000183,-0.000035,-0.000155,0.000106,0.000634,0.000996,0.000874,0.000843,0.001425,0.001878,0.001425,0.000722,0.000274,0.000015,-0.000156,-0.000460,-0.000725,-0.000654,-0.000417,-0.000372,-0.000534,-0.000625,-0.000521,-0.000238,0.000183,0.000419,0.000427,0.000268,0.000073,0.000037,0.000202,0.000237,-0.000186,-0.000987,-0.001652,-0.001656,-0.001261,-0.000922,-0.000415,0.000002,-0.000027,-0.000029,0.000092,0.000152,0.000037,-0.000244,-0.000343,-0.000264,-0.000255,-0.000190,-0.000117,-0.000210,-0.000234,-0.000069,0.000105,0.000195,0.000225,0.000138,0.000074,0.000059,0.000113,0.000198,0.000186,0.000147,0.000135,0.000078,-0.000105,-0.000106,-0.000027,-0.000073,-0.000073,0.000046,0.000113,0.000085,0.000030,0.000004,-0.000121,-0.000264,-0.000308,-0.000275,-0.000253,-0.000124,0.000094,0.000253,0.000176,
0.006170,0.004108,-0.003528,-0.007101,-0.006737,-0.006315,-0.006728,-0.005534,-0.003032,-0.000899,-0.000190,-0.000621,-0.000549,-0.000277,-0.000671,-0.001440,-0.001599,-0.000537,0.000810,0.000882,0.000038,-0.000715,-0.001169,-0.001371,-0.001279,-0.001056,-0.001032,-0.000900,-0.000428,-0.000178,-0.000320,-0.000159,0.000196,0.000390,0.000671,0.000960,0.000888,0.000616,0.000232,-0.000214,-0.000604,-0.000758,-0.000630,-0.000534,-0.000585,-0.000459,-0.000129,-0.000087,-0.000314,-0.000356,-0.000231,-0.000183,-0.000258,-0.000246,-0.000116,-0.000215,-0.000589,-0.000730,-0.000281,0.000376,0.000473,-0.000098,-0.000206,0.000435,0.000692,0.000289,0.000249,0.000678,0.000733,0.000292,-0.000162,-0.000285,-0.000231,-0.000078,0.000131,0.000201,0.000124,-0.000147,-0.000425,-0.000344,-0.000124,0.000078,0.000411,0.000925,0.001572,0.002036,0.001521,-0.000087,-0.001438,-0.001693,-0.001348,-0.000893,-0.000383,-0.000178,-0.000301,-0.000363,-0.000141,0.000010,0.000114,0.000243,0.000228,0.000014,-0.000108,-0.000043,0.000015,0.000138,0.000227,0.000240,0.000152,0.000028,0.000065,0.000147,0.000161,0.000193,0.000159,0.000090,-0.000021,-0.000115,-0.000099,-0.000107,-0.000096,-0.000007,0.000093,0.000090,0.000048,0.000164,0.000127,-0.000030,-0.000032,0.000016,0.000083,0.000059,-0.000052,-0.000053,0.000053,0.000042,0.000067,0.000211,0.030416,0.021497,0.015595,0.011885,0.008016,0.002584,-0.002017,-0.002851,-0.000434,0.002603,0.003774,0.003320,0.002281,0.000963,0.000052,-0.000020,0.000622,0.001358,0.001532,0.001174,0.000785,0.000354,-0.000344,-0.000723,-0.000370,0.000200,0.000605,0.000554,-0.000160,-0.000815,-0.000761,-0.000278,0.000056,0.000104,0.000127,0.000197,0.000094,-0.000421,-0.001344,-0.002274,-0.002302,-0.001422,-0.000708,-0.000353,-0.000045,0.000163,0.000062,-0.000184,-0.000208,-0.000176,-0.000136,0.000079,0.000320,0.000402,0.000316,0.000156,0.000234,0.000674,0.001003,0.000810,0.000818,0.001662,0.002320,0.001687,0.000329,-0.000224,-0.000018,0.000063,-0.000185,-0.000470,-0.000466,-0.000256,-0.000306,-0.000595,-0.000651,-0.000359,-0.000062,0.000205,0.000356,0.000328,0.000202,0.000084,0.000106,0.000214,0.000208,-0.000248,-0.001115,-0.001610,-0.001477,-0.001242,-0.000940,-0.000420,0.000025,0.000088,0.000131,0.000319,0.000235,-0.000068,-0.000249,-0.000345,-0.000396,-0.000347,-0.000240,-0.000136,-0.000127,-0.000112,0.000052,0.000127,0.000144,0.000190,0.000093,-0.000073,-0.000081,0.000091,0.000162,0.000128,0.000200,0.000217,0.000128,0.000067,-0.000054,-0.000155,-0.000101,0.000001,-0.000001,-0.000023,0.000049,0.000059,0.000002,-0.000022,-0.000150,-0.000290,-0.000260,-0.000197,-0.000075,0.000099,0.000143,0.000116,
0.004898,0.002821,-0.004548,-0.007619,-0.006706,-0.006032,-0.006280,-0.004976,-0.002654,-0.000804,-0.000279,-0.000708,-0.000676,-0.000384,-0.000825,-0.001651,-0.001699,-0.000431,0.000916,0.000962,0.000163,-0.000642,-0.001191,-0.001449,-0.001420,-0.001280,-0.001170,-0.000966,-0.000504,-0.000181,-0.000193,-0.000099,0.000315,0.000670,0.000765,0.000816,0.000673,0.000365,0.000127,-0.000159,-0.000522,-0.000765,-0.000738,-0.000684,-0.000622,-0.000451,-0.000247,-0.000114,-0.000092,-0.000131,-0.000134,-0.000068,-0.000063,-0.000037,-0.000025,-0.000197,-0.000466,-0.000684,-0.000356,0.000474,0.000693,0.000151,0.000100,0.000884,0.001283,0.000987,0.000697,0.000701,0.000653,0.000244,-0.000204,-0.000350,-0.000274,0.000010,0.000214,0.000196,0.000118,-0.000077,-0.000272,-0.000289,-0.000080,0.000163,0.000360,0.000695,0.001420,0.002113,0.001650,-0.000027,-0.001467,-0.001726,-0.001356,-0.000904,-0.000407,-0.000179,-0.000330,-0.000309,-0.000063,0.000016,-0.000023,-0.000042,-0.000008,0.000013,0.000043,0.000117,0.000121,0.000117,0.000170,0.000173,0.000187,0.000228,0.000250,0.000194,0.000122,0.000105,0.000173,0.000264,0.000121,-0.000070,0.000001,0.000149,0.000108,0.000064,0.000090,0.000114,0.000176,0.000193,0.000070,-0.000007,0.000050,0.000012,-0.000078,-0.000080,-0.000116,-0.000149,-0.000097,-0.000009,0.000091,0.000195,0.030531,0.021771,0.015554,0.011435,0.007497,0.001991,-0.002625,-0.003351,-0.000722,0.002563,0.003864,0.003512,0.002711,0.001076,-0.000472,-0.000611,0.000485,0.001543,0.001745,0.001336,0.000815,0.000334,-0.000411,-0.000796,-0.000392,0.000184,0.000609,0.000578,-0.000080,-0.000726,-0.000616,0.000105,0.000572,0.000352,-0.000012,0.000061,0.000273,-0.000142,-0.001241,-0.002291,-0.002342,-0.001474,-0.000821,-0.000416,0.000055,0.000241,0.000045,-0.000150,-0.000101,-0.000083,-0.000047,0.000141,0.000229,0.000226,0.000216,0.000101,0.000256,0.000820,0.001155,0.000865,0.000753,0.001497,0.002199,0.001873,0.000829,0.000180,0.000108,-0.000038,-0.000398,-0.000606,-0.000573,-0.000506,-0.000522,-0.000557,-0.000575,-0.000504,-0.000142,0.000340,0.000580,0.000434,0.000102,-0.000087,0.000043,0.000325,0.000227,-0.000359,-0.001113,-0.001663,-0.001624,-0.001359,-0.001015,-0.000347,0.000051,-0.000017,0.000068,0.000220,0.000077,-0.000170,-0.000296,-0.000329,-0.000370,-0.000404,-0.000419,-0.000339,-0.000255,-0.000177,-0.000017,0.000101,0.000165,0.000182,0.000091,0.000045,0.000126,0.000185,0.000195,0.000224,0.000212,0.000155,0.000055,-0.000000,-0.000005,-0.000006,-0.000057,-0.000114,-0.000016,0.000069,0.000006,0.000020,0.000118,-0.000025,-0.000231,-0.000314,-0.000230,-0.000136,-0.000108,0.000032,0.000254,0.000283,
0.003695,0.001721,-0.004947,-0.007562,-0.006525,-0.005652,-0.005898,-0.004622,-0.002258,-0.000585,-0.000259,-0.000670,-0.000386,0.000098,-0.000462,-0.001581,-0.001762,-0.000460,0.000998,0.001075,0.000102,-0.000771,-0.001255,-0.001495,-0.001404,-0.001195,-0.001194,-0.000975,-0.000450,-0.000184,-0.000229,-0.000331,-0.000207,0.000112,0.000457,0.000802,0.000935,0.000817,0.000488,0.000015,-0.000540,-0.000790,-0.000645,-0.000645,-0.000754,-0.000468,-0.000111,-0.000025,-0.000051,-0.000087,-0.000114,-0.000135,-0.000155,-0.000084,-0.000076,-0.000260,-0.000549,-0.000689,-0.000236,0.000523,0.000707,0.000118,-0.000158,0.000392,0.000784,0.000510,0.000170,0.000410,0.000601,0.000210,-0.000181,-0.000092,0.000085,0.000209,0.000213,0.000093,-0.000060,-0.000272,-0.000377,-0.000251,-0.000053,0.000046,0.000245,0.000771,0.001503,0.002066,0.001596,-0.000067,-0.001383,-0.001633,-0.001345,-0.000797,-0.000306,-0.000236,-0.000395,-0.000320,-0.000070,-0.000032,-0.000057,0.000027,0.000037,-0.000020,-0.000032,-0.000013,0.000033,0.000073,0.000127,0.000194,0.000143,0.000056,0.000191,0.000342,0.000287,0.000294,0.000333,0.000283,0.000052,-0.000098,-0.000025,-0.000043,-0.000111,-0.000119,-0.000047,0.000085,0.000135,0.000071,-0.000064,-0.000070,0.000083,0.000151,0.000121,0.000051,-0.000082,-0.000185,-0.000141,-0.000029,0.000099,0.000182,0.031108,0.022297,0.015893,0.011488,0.007164,0.001337,-0.003243,-0.003610,-0.000607,0.002830,0.004018,0.003623,0.002898,0.001181,-0.000606,-0.000860,0.000428,0.001742,0.001924,0.001366,0.000833,0.000302,-0.000415,-0.000720,-0.000428,0.000156,0.000559,0.000520,-0.000008,-0.000782,-0.000866,-0.000169,0.000275,0.000243,0.000126,0.000215,0.000261,-0.000273,-0.001302,-0.002258,-0.002317,-0.001515,-0.000902,-0.000606,-0.000339,-0.000108,-0.000099,-0.000191,-0.000113,-0.000071,-0.000031,0.000146,0.000292,0.000200,0.000043,-0.000011,0.000103,0.000613,0.001119,0.000920,0.000677,0.001415,0.002354,0.002131,0.001179,0.000515,0.000317,0.000248,-0.000010,-0.000290,-0.000324,-0.000183,-0.000211,-0.000442,-0.000584,-0.000551,-0.000249,0.000276,0.000580,0.000422,0.000086,-0.000105,-0.000064,0.000138,0.000123,-0.000367,-0.001117,-0.001687,-0.001648,-0.001246,-0.001037,-0.000537,0.000049,-0.000008,0.000088,0.000323,0.000156,-0.000107,-0.000380,-0.000475,-0.000335,-0.000366,-0.000365,-0.000215,-0.000121,-0.000100,0.000026,0.000178,0.000222,0.000147,-0.000003,0.000009,0.000110,0.000097,0.000060,0.000157,0.000256,0.000209,0.000156,0.000026,-0.000130,-0.000108,-0.000100,-0.000195,-0.000180,-0.000042,0.000006,0.000112,0.000225,0.000058,-0.000132,-0.000186,-0.000186,-0.000105,0.000131,0.000248,0.000207,0.000153,
0.002549,0.000591,-0.005758,-0.007812,-0.006333,-0.005308,-0.005467,-0.004215,-0.002079,-0.000562,-0.000089,-0.000225,0.000152,0.000435,-0.000301,-0.001573,-0.001980,-0.000744,0.000965,0.001276,0.000301,-0.000658,-0.001224,-0.001489,-0.001435,-0.001227,-0.001151,-0.000943,-0.000391,-0.000055,-0.000226,-0.000319,-0.000014,0.000328,0.000555,0.000846,0.000905,0.000639,0.000310,-0.000117,-0.000619,-0.000842,-0.000746,-0.000723,-0.000720,-0.000488,-0.000225,-0.000163,-0.000159,-0.000133,-0.000183,-0.000262,-0.000239,-0.000135,-0.000071,-0.000199,-0.000553,-0.000688,-0.000236,0.000506,0.000861,0.000536,0.000347,0.000725,0.000954,0.000662,0.000402,0.000577,0.000585,0.000194,-0.000103,-0.000103,0.000002,0.000079,0.000027,-0.000069,-0.000120,-0.000200,-0.000269,-0.000262,-0.000150,0.000045,0.000275,0.000806,0.001638,0.002197,0.001610,-0.000154,-0.001536,-0.001697,-0.001351,-0.000925,-0.000283,-0.000008,-0.000272,-0.000470,-0.000315,-0.000049,0.000059,0.000134,0.000129,0.000181,0.000135,0.000040,0.000035,0.000085,0.000186,0.000180,0.000152,0.000080,-0.000015,0.000052,0.000102,0.000090,0.000157,0.000144,0.000031,-0.000089,-0.000142,-0.000067,-0.000049,-0.000061,0.000028,0.000153,0.000225,0.000175,0.000083,-0.000065,-0.000131,-0.000088,-0.000055,0.000035,-0.000003,-0.000163,-0.000113,0.000052,0.000072,0.000063,0.031038,0.022542,0.016271,0.011626,0.006915,0.000850,-0.003716,-0.003899,-0.000743,0.002778,0.004081,0.003843,0.003179,0.001314,-0.000629,-0.000905,0.000420,0.001799,0.001997,0.001352,0.000828,0.000336,-0.000466,-0.000706,-0.000304,0.000286,0.000639,0.000471,-0.000206,-0.000888,-0.000839,-0.000359,-0.000117,-0.000101,0.000021,0.000206,0.000207,-0.000229,-0.001197,-0.002291,-0.002447,-0.001588,-0.000872,-0.000531,-0.000163,0.000172,0.000049,-0.000180,-0.000105,0.000022,0.000058,0.000114,0.000249,0.000172,-0.000043,-0.000028,0.000185,0.000666,0.001052,0.000791,0.000678,0.001367,0.001934,0.001524,0.000560,-0.000041,-0.000153,-0.000060,-0.000136,-0.000317,-0.000347,-0.000292,-0.000449,-0.000745,-0.000653,-0.000392,-0.000148,0.000289,0.000552,0.000505,0.000204,-0.000149,-0.000155,0.000093,0.000116,-0.000386,-0.001198,-0.001727,-0.001570,-0.001232,-0.000949,-0.000406,0.000044,0.000161,0.000294,0.000473,0.000303,0.000005,-0.000233,-0.000398,-0.000440,-0.000370,-0.000273,-0.000207,-0.000198,-0.000130,0.000012,0.000120,0.000186,0.000196,0.000087,-0.000019,0.000048,0.000194,0.000247,0.000232,0.000147,0.000125,0.000121,0.000094,0.000061,-0.000053,-0.000102,-0.000067,0.000023,0.000143,0.000209,0.000123,-0.000012,-0.000112,-0.000147,-0.000164,-0.000222,-0.000258,-0.000136,0.000070,0.000268,0.000359,
0.000442,-0.001444,-0.006879,-0.008111,-0.006236,-0.004821,-0.004742,-0.003572,-0.001646,-0.000379,-0.000055,-0.000172,0.000365,0.000591,-0.000575,-0.001880,-0.001971,-0.000592,0.001074,0.001285,0.000302,-0.000646,-0.001239,-0.001524,-0.001428,-0.001143,-0.000964,-0.000657,-0.000139,0.000130,-0.000102,-0.000350,-0.000187,0.000091,0.000417,0.000791,0.000880,0.000674,0.000439,0.000129,-0.000391,-0.000700,-0.000630,-0.000581,-0.000585,-0.000403,-0.000198,-0.000061,-0.000013,-0.000149,-0.000224,-0.000262,-0.000256,-0.000164,-0.000154,-0.000324,-0.000550,-0.000605,-0.000148,0.000532,0.000576,-0.000113,-0.000347,0.000373,0.000777,0.000325,0.000008,0.000205,0.000316,0.000058,-0.000213,-0.000213,-0.000041,0.000091,0.000071,0.000029,0.000003,-0.000182,-0.000355,-0.000179,0.000090,0.000189,0.000331,0.000638,0.001259,0.001898,0.001493,-0.000146,-0.001556,-0.001820,-0.001482,-0.000887,-0.000292,-0.000153,-0.000334,-0.000272,-0.000023,0.000063,0.000106,0.000175,0.000124,0.000041,-0.000104,-0.000048,0.000050,-0.000018,0.000033,0.000258,0.000292,0.000169,0.000087,0.000075,0.000146,0.000218,0.000255,0.000259,0.000025,-0.000223,-0.000209,-0.000078,0.000040,0.000029,0.000018,0.000166,0.000199,0.000160,0.000071,0.000064,0.000120,0.000102,0.000123,0.000095,0.000027,-0.000009,-0.000003,0.000100,0.000100,0.000147,0.031680,0.023118,0.016397,0.011151,0.006154,0.000038,-0.004471,-0.004325,-0.000776,0.002911,0.004079,0.003659,0.002849,0.000999,-0.000773,-0.000857,0.000481,0.001839,0.002068,0.001496,0.000940,0.000403,-0.000328,-0.000573,-0.000204,0.000312,0.000681,0.000560,-0.000175,-0.000875,-0.000839,-0.000314,0.000092,0.000138,0.000116,0.000302,0.000363,-0.000105,-0.001161,-0.002299,-0.002504,-0.001734,-0.000982,-0.000589,-0.000210,0.000110,0.000036,-0.000207,-0.000120,-0.000063,-0.000122,-0.000061,0.000165,0.000422,0.000355,0.000179,0.000203,0.000555,0.000970,0.000876,0.000748,0.001555,0.002407,0.002013,0.000772,-0.000103,-0.000148,0.000004,-0.000171,-0.000465,-0.000562,-0.000513,-0.000469,-0.000452,-0.000428,-0.000370,-0.000222,0.000206,0.000520,0.000394,0.000178,0.000019,-0.000008,0.000151,0.000158,-0.000334,-0.001030,-0.001506,-0.001476,-0.001161,-0.000913,-0.000443,-0.000032,-0.000014,0.000130,0.000303,0.000266,0.000022,-0.000248,-0.000250,-0.000290,-0.000287,-0.000217,-0.000228,-0.000205,-0.000146,-0.000002,0.000092,0.000116,0.000072,0.000017,0.000078,0.000196,0.000189,0.000138,0.000230,0.000280,0.000174,0.000038,-0.000034,-0.000113,-0.000211,-0.000173,-0.000083,-0.000071,-0.000110,-0.000061,0.000066,0.000065,-0.000025,-0.000122,-0.000172,-0.000167,-0.000108,0.000028,0.000105,0.000123,0.000156,
-0.000988,-0.002700,-0.007536,-0.008283,-0.005999,-0.004292,-0.004043,-0.002889,-0.001153,-0.000159,-0.000055,-0.000184,0.000450,0.000696,-0.000393,-0.001697,-0.001826,-0.000583,0.000961,0.001219,0.000299,-0.000617,-0.001080,-0.001294,-0.001333,-0.001220,-0.001005,-0.000702,-0.000194,0.000003,-0.000287,-0.000398,-0.000082,0.000244,0.000493,0.000818,0.000881,0.000697,0.000455,0.000100,-0.000339,-0.000643,-0.000740,-0.000609,-0.000525,-0.000437,-0.000266,-0.000247,-0.000242,-0.000225,-0.000277,-0.000354,-0.000294,-0.000058,0.000099,-0.000128,-0.000576,-0.000733,-0.000205,0.000510,0.000617,0.000100,-0.000163,0.000313,0.000840,0.000882,0.000669,0.000536,0.000440,0.000144,-0.000182,-0.000239,-0.000056,0.000112,0.000100,0.000073,0.000095,-0.000087,-0.000137,0.000021,0.000084,0.000154,0.000275,0.000648,0.001489,0.002168,0.001602,-0.000250,-0.001665,-0.001814,-0.001428,-0.000899,-0.000297,-0.000066,-0.000311,-0.000398,-0.000106,0.000079,0.000167,0.000220,0.000085,-0.000051,0.000001,0.000071,0.000082,0.000055,0.000081,0.000170,0.000156,0.000060,0.000030,0.000001,0.000053,0.000192,0.000233,0.000133,0.000001,-0.000048,-0.000116,-0.000065,-0.000048,-0.000051,0.000013,0.000094,0.000195,0.000165,0.000088,0.000015,0.000005,0.000065,0.000177,0.000211,-0.000006,-0.000078,-0.000015,0.000071,0.000151,0.000218,0.031481,0.023110,0.016331,0.010836,0.005709,-0.000442,-0.004987,-0.004561,-0.000680,0.003039,0.004237,0.003671,0.002512,0.000370,-0.001440,-0.001310,0.000201,0.001593,0.001916,0.001522,0.001025,0.000357,-0.000433,-0.000725,-0.000309,0.000210,0.000519,0.000516,0.000026,-0.000574,-0.000644,-0.000174,0.000197,0.000244,0.000220,0.000322,0.000309,-0.000193,-0.001163,-0.002227,-0.002441,-0.001689,-0.001106,-0.000812,-0.000309,-0.000011,-0.000052,-0.000166,-0.000123,-0.000017,0.000059,0.000152,0.000227,0.000228,0.000164,0.000107,0.000204,0.000656,0.001098,0.000912,0.000655,0.001076,0.001574,0.001255,0.000487,0.000005,-0.000186,-0.000282,-0.000456,-0.000658,-0.000564,-0.000371,-0.000342,-0.000503,-0.000561,-0.000347,-0.000052,0.000229,0.000480,0.000391,0.000074,-0.000093,0.000014,0.000215,0.000154,-0.000342,-0.001082,-0.001696,-0.001692,-0.001308,-0.000833,-0.000267,0.000055,0.000109,0.000210,0.000310,0.000262,0.000045,-0.000195,-0.000299,-0.000357,-0.000314,-0.000196,-0.000205,-0.000193,-0.000106,0.000068,0.000162,0.000136,0.000101,0.000078,0.000179,0.000264,0.000225,0.000154,0.000123,0.000186,0.000190,0.000108,0.000064,0.000002,-0.000048,-0.000038,-0.000006,0.000004,-0.000011,-0.000023,-0.000046,-0.000105,-0.000149,-0.000163,-0.000162,-0.000225,-0.000225,-0.000035,0.000129,0.000183,0.000291,
-0.002632,-0.004350,-0.008622,-0.008719,-0.005815,-0.003568,-0.003118,-0.002146,-0.000814,-0.000043,0.000037,-0.000014,0.000679,0.000919,-0.000226,-0.001642,-0.001862,-0.000746,0.000789,0.001174,0.000333,-0.000523,-0.000981,-0.001252,-0.001319,-0.001237,-0.001220,-0.001036,-0.000524,-0.000097,-0.000124,-0.000354,-0.000260,0.000132,0.000634,0.000903,0.000886,0.000764,0.000542,0.000108,-0.000415,-0.000672,-0.000555,-0.000494,-0.000639,-0.000476,-0.000162,-0.000047,-0.000087,-0.000205,-0.000229,-0.000209,-0.000198,-0.000025,0.000131,-0.000066,-0.000443,-0.000634,-0.000254,0.000492,0.000646,0.000251,0.000305,0.000600,0.000446,0.000146,0.000196,0.000488,0.000561,0.000296,-0.000014,-0.000197,-0.000161,0.000105,0.000200,0.000188,0.000050,-0.000259,-0.000390,-0.000339,-0.000114,0.000190,0.000467,0.000918,0.001576,0.002124,0.001585,-0.000134,-0.001541,-0.001650,-0.001169,-0.000728,-0.000272,-0.000171,-0.000380,-0.000359,-0.000169,-0.000013,0.000110,0.000207,0.000171,0.000046,-0.000078,-0.000108,-0.000004,0.000172,0.000233,0.000215,0.000274,0.000280,0.000266,0.000233,0.000105,0.000066,0.000107,0.000043,-0.000060,-0.000077,-0.000043,0.000040,0.000027,-0.000051,0.000100,0.000268,0.000195,0.000080,-0.000043,-0.000069,0.000030,0.000073,0.000095,0.000093,0.000002,-0.000121,0.000052,0.000226,0.000264,0.000289,0.031552,0.023277,0.016536,0.010803,0.005336,-0.001021,-0.005342,-0.004579,-0.000480,0.003269,0.004173,0.003312,0.002096,0.000111,-0.001497,-0.001318,0.000193,0.001580,0.001853,0.001416,0.000939,0.000253,-0.000580,-0.000834,-0.000337,0.000301,0.000606,0.000553,0.000092,-0.000580,-0.000662,-0.000123,0.000358,0.000337,0.000223,0.000327,0.000268,-0.000315,-0.001317,-0.002191,-0.002260,-0.001557,-0.000930,-0.000596,-0.000238,0.000018,-0.000043,-0.000263,-0.000235,-0.000034,0.000009,-0.000002,0.000120,0.000248,0.000180,0.000142,0.000294,0.000778,0.001218,0.000999,0.000891,0.001657,0.002206,0.001464,0.000293,-0.000168,-0.000132,-0.000081,-0.000273,-0.000485,-0.000455,-0.000388,-0.000345,-0.000486,-0.000634,-0.000517,-0.000204,0.000205,0.000502,0.000447,0.000116,-0.000037,0.000067,0.000236,0.000250,-0.000253,-0.001112,-0.001705,-0.001540,-0.001257,-0.001058,-0.000528,-0.000114,-0.000054,0.000158,0.000358,0.000211,-0.000087,-0.000169,-0.000201,-0.000353,-0.000410,-0.000275,-0.000135,-0.000150,-0.000104,0.000048,0.000170,0.000386,0.000439,0.000207,0.000040,0.000024,0.000133,0.000169,0.000089,0.000219,0.000320,0.000105,-0.000116,-0.000104,-0.000120,-0.000156,-0.000054,0.000012,0.000067,0.000125,0.000150,0.000044,-0.000126,-0.000180,-0.000182,-0.000168,-0.000020,0.000080,0.000104,0.000112,0.000054,
-0.002866,-0.004508,-0.008410,-0.008288,-0.005250,-0.002831,-0.002386,-0.001560,-0.000369,0.000166,0.000120,-0.000077,0.000452,0.000685,-0.000279,-0.001445,-0.001639,-0.000602,0.000782,0.001120,0.000357,-0.000490,-0.001017,-0.001202,-0.001218,-0.001174,-0.001137,-0.001060,-0.000682,-0.000246,-0.000178,-0.000169,0.000188,0.000551,0.000729,0.000881,0.000922,0.000666,0.000368,0.000054,-0.000484,-0.000784,-0.000694,-0.000560,-0.000514,-0.000326,-0.000141,-0.000212,-0.000292,-0.000316,-0.000299,-0.000287,-0.000198,-0.000039,0.000039,-0.000181,-0.000559,-0.000728,-0.000298,0.000502,0.000660,0.000034,-0.000119,0.000636,0.001177,0.000910,0.000545,0.000668,0.000730,0.000324,-0.000240,-0.000459,-0.000280,0.000035,0.000146,-0.000021,-0.000055,-0.000097,-0.000325,-0.000341,-0.000084,0.000107,0.000342,0.000915,0.001688,0.002179,0.001618,-0.000094,-0.001455,-0.001660,-0.001389,-0.000886,-0.000342,-0.000084,-0.000165,-0.000135,0.000060,0.000109,0.000136,0.000110,0.000130,0.000124,-0.000018,-0.000104,0.000061,0.000253,0.000201,0.000176,0.000228,0.000218,0.000195,0.000183,0.000212,0.000268,0.000225,0.000155,0.000071,-0.000067,-0.000188,-0.000151,-0.000170,-0.000159,0.000025,0.000174,0.000129,-0.000015,-0.000070,0.000009,0.000069,0.000046,-0.000022,-0.000052,0.000017,0.000017,0.000023,0.000115,0.000196,0.000236,0.031551,0.023482,0.016701,0.010808,0.005130,-0.001319,-0.005535,-0.004605,-0.000337,0.003379,0.004119,0.003084,0.001907,0.000112,-0.001318,-0.001225,0.000079,0.001402,0.001740,0.001387,0.000932,0.000303,-0.000537,-0.000755,-0.000254,0.000169,0.000368,0.000323,-0.000135,-0.000653,-0.000550,0.000145,0.000536,0.000376,0.000210,0.000408,0.000512,-0.000044,-0.001201,-0.002300,-0.002519,-0.001853,-0.001077,-0.000683,-0.000405,-0.000084,-0.000073,-0.000284,-0.000265,-0.000154,-0.000132,-0.000034,0.000167,0.000252,0.000188,0.000098,0.000223,0.000662,0.000901,0.000599,0.000508,0.001386,0.002142,0.001675,0.000605,0.000003,-0.000011,-0.000056,-0.000252,-0.000435,-0.000474,-0.000365,-0.000292,-0.000425,-0.000552,-0.000474,-0.000265,0.000085,0.000361,0.000405,0.000190,-0.000077,-0.000037,0.000185,0.000173,-0.000208,-0.000952,-0.001494,-0.001523,-0.001271,-0.000943,-0.000397,0.000118,0.000186,0.000150,0.000252,0.000242,0.000001,-0.000179,-0.000234,-0.000219,-0.000140,-0.000104,-0.000173,-0.000155,-0.000038,0.000127,0.000277,0.000219,0.000137,0.000052,-0.000029,0.000049,0.000068,0.000106,0.000253,0.000311,0.000353,0.000217,0.000011,-0.000025,-0.000060,-0.000075,-0.000033,0.000153,0.000166,0.000093,0.000153,0.000123,-0.000034,-0.000121,-0.000175,-0.000202,-0.000098,0.000027,0.000058,0.000082,0.000174,
-0.003742,-0.005583,-0.009007,-0.008375,-0.004870,-0.002056,-0.001498,-0.000909,-0.000040,0.000386,0.000273,-0.000091,0.000228,0.000518,-0.000081,-0.001008,-0.001233,-0.000395,0.000928,0.001322,0.000551,-0.000352,-0.000946,-0.001203,-0.001189,-0.001100,-0.001080,-0.000972,-0.000480,-0.000068,-0.000178,-0.000254,0.000019,0.000271,0.000494,0.000742,0.000864,0.000751,0.000536,0.000186,-0.000347,-0.000728,-0.000784,-0.000655,-0.000565,-0.000338,-0.000033,-0.000070,-0.000149,-0.000131,-0.000265,-0.000350,-0.000235,-0.000076,-0.000002,-0.000161,-0.000537,-0.000593,-0.000193,0.000465,0.000647,-0.000006,-0.000096,0.000616,0.001016,0.000780,0.000609,0.000829,0.000781,0.000423,0.000037,-0.000014,0.000155,0.000246,0.000354,0.000353,0.000032,-0.000334,-0.000468,-0.000392,-0.000130,0.000156,0.000422,0.000811,0.001432,0.002003,0.001482,-0.000173,-0.001416,-0.001651,-0.001459,-0.000992,-0.000410,-0.000196,-0.000392,-0.000349,-0.000072,0.000047,0.000084,0.000127,0.000174,0.000116,0.000021,0.000059,0.000109,0.000103,0.000083,0.000043,0.000084,-0.000012,-0.000021,0.000159,0.000276,0.000296,0.000330,0.000224,-0.000051,-0.000110,-0.000121,-0.000088,-0.000010,-0.000030,-0.000041,0.000068,0.000199,0.000049,-0.000107,-0.000100,0.000008,0.000080,0.000114,0.000054,-0.000159,-0.000217,-0.000074,0.000089,0.000082,0.000117,0.031335,0.023289,0.016497,0.010579,0.004938,-0.001566,-0.005705,-0.004495,-0.000141,0.003555,0.004304,0.003240,0.001907,0.000209,-0.000961,-0.001011,-0.000059,0.001217,0.001718,0.001387,0.000843,0.000262,-0.000513,-0.000801,-0.000434,0.000071,0.000412,0.000329,-0.000238,-0.000740,-0.000671,-0.000112,0.000355,0.000239,0.000175,0.000387,0.000464,0.000009,-0.001031,-0.002255,-0.002449,-0.001564,-0.000936,-0.000756,-0.000423,-0.000012,0.000020,-0.000235,-0.000340,-0.000302,-0.000200,-0.000030,0.000122,0.000229,0.000215,0.000155,0.000326,0.000798,0.001226,0.000993,0.000766,0.001570,0.002491,0.002259,0.001269,0.000531,0.000364,0.000277,-0.000126,-0.000385,-0.000252,-0.000100,-0.000160,-0.000409,-0.000690,-0.000623,-0.000316,0.000001,0.000315,0.000324,0.000037,-0.000110,0.000021,0.000285,0.000235,-0.000396,-0.001180,-0.001683,-0.001619,-0.001209,-0.000899,-0.000430,-0.000071,0.000071,0.000259,0.000333,0.000152,-0.000127,-0.000305,-0.000435,-0.000467,-0.000441,-0.000341,-0.000202,-0.000151,-0.000182,-0.000063,0.000127,0.000271,0.000249,0.000072,0.000006,0.000036,0.000061,0.000108,0.000168,0.000192,0.000186,0.000130,0.000037,0.000030,0.000027,-0.000067,-0.000112,-0.000079,-0.000104,-0.000142,-0.000072,-0.000027,-0.000092,-0.000079,-0.000127,-0.000187,-0.000152,-0.000040,0.000086,0.000203,0.000220,
-0.004902,-0.006730,-0.009685,-0.008423,-0.004577,-0.001362,-0.000467,-0.000049,0.000424,0.000457,0.000036,-0.000496,-0.000497,-0.000436,-0.000876,-0.001373,-0.001442,-0.000539,0.000836,0.001166,0.000538,-0.000204,-0.000825,-0.001152,-0.001174,-0.001088,-0.001074,-0.000904,-0.000348,0.000110,-0.000048,-0.000213,-0.000020,0.000270,0.000629,0.000813,0.000798,0.000732,0.000413,-0.000029,-0.000499,-0.000781,-0.000776,-0.000598,-0.000514,-0.000372,-0.000068,0.000023,-0.000055,-0.000062,-0.000171,-0.000267,-0.000222,-0.000219,-0.000124,-0.000103,-0.000389,-0.000509,-0.000080,0.000505,0.000670,0.000225,-0.000046,0.000336,0.000595,0.000388,0.000248,0.000444,0.000481,0.000210,-0.000131,-0.000246,-0.000090,0.000068,0.000100,0.000098,0.000073,-0.000135,-0.000346,-0.000355,-0.000106,0.000122,0.000321,0.000827,0.001601,0.002248,0.001801,0.000007,-0.001512,-0.001752,-0.001374,-0.000905,-0.000341,-0.000154,-0.000401,-0.000402,-0.000104,0.000125,0.000136,0.000097,0.000168,0.000097,-0.000089,-0.000096,0.000098,0.000171,0.000183,0.000128,0.000068,0.000055,0.000058,0.000172,0.000191,0.000185,0.000214,0.000125,-0.000039,-0.000127,-0.000070,-0.000005,0.000004,-0.000070,-0.000041,0.000017,-0.000060,-0.000134,-0.000090,-0.000037,-0.000008,0.000062,0.000203,0.000211,-0.000014,-0.000112,-0.000018,0.000035,0.000070,0.000119,0.031002,0.022972,0.016425,0.010568,0.004737,-0.001784,-0.005716,-0.004325,0.000079,0.003770,0.004390,0.003081,0.001778,0.000244,-0.000826,-0.000717,0.000167,0.001303,0.001772,0.001518,0.001147,0.000401,-0.000606,-0.000744,-0.000287,0.000202,0.000662,0.000641,0.000028,-0.000637,-0.000641,-0.000176,0.000141,0.000145,0.000321,0.000589,0.000400,-0.000168,-0.001208,-0.002288,-0.002461,-0.001792,-0.001137,-0.000714,-0.000282,-0.000031,-0.000136,-0.000289,-0.000233,-0.000159,-0.000113,0.000009,0.000155,0.000255,0.000106,-0.000052,0.000159,0.000700,0.001085,0.000836,0.000652,0.001370,0.002029,0.001505,0.000477,-0.000036,-0.000044,0.000025,-0.000200,-0.000420,-0.000357,-0.000200,-0.000178,-0.000368,-0.000535,-0.000467,-0.000246,0.000073,0.000412,0.000486,0.000219,-0.000034,-0.000038,0.000088,0.000017,-0.000474,-0.001142,-0.001586,-0.001531,-0.001281,-0.000892,-0.000251,0.000206,0.000273,0.000303,0.000390,0.000306,0.000064,-0.000125,-0.000199,-0.000267,-0.000340,-0.000389,-0.000381,-0.000251,-0.000057,0.000070,0.000151,0.000178,0.000094,0.000032,0.000061,0.000073,0.000167,0.000243,0.000137,0.000123,0.000259,0.000205,0.000053,-0.000006,-0.000006,0.000051,0.000095,0.000123,-0.000006,-0.000070,-0.000009,-0.000005,-0.000008,-0.000053,-0.000158,-0.000161,-0.000065,0.000059,0.000224,0.000254,0.000205,
-0.006168,-0.007929,-0.010454,-0.008660,-0.004257,-0.000623,0.000274,0.000474,0.000602,0.000422,0.000010,-0.000462,-0.000232,0.000047,-0.000508,-0.001367,-0.001679,-0.000791,0.000662,0.001130,0.000524,-0.000300,-0.000864,-0.001106,-0.001035,-0.000952,-0.000988,-0.000626,-0.000033,0.000273,0.000127,-0.000081,0.000033,0.000394,0.000710,0.000850,0.000815,0.000703,0.000486,0.000084,-0.000420,-0.000691,-0.000683,-0.000608,-0.000567,-0.000435,-0.000215,-0.000203,-0.000281,-0.000227,-0.000189,-0.000315,-0.000424,-0.000411,-0.000241,-0.000181,-0.000507,-0.000646,-0.000165,0.000428,0.000433,-0.000083,-0.000187,0.000447,0.000874,0.000595,0.000287,0.000299,0.000272,0.000051,-0.000186,-0.000242,-0.000138,0.000017,0.000136,0.000068,-0.000145,-0.000291,-0.000411,-0.000322,-0.000037,0.000179,0.000369,0.000780,0.001538,0.002124,0.001572,-0.000119,-0.001533,-0.001777,-0.001327,-0.000941,-0.000547,-0.000357,-0.000482,-0.000471,-0.000272,-0.000168,-0.000036,0.000167,0.000231,0.000084,-0.000021,0.000062,0.000174,0.000185,0.000177,0.000225,0.000197,0.000108,0.000094,0.000148,0.000207,0.000259,0.000188,0.000046,-0.000122,-0.000227,-0.000143,0.000069,0.000217,0.000181,0.000054,0.000089,0.000229,0.000206,0.000119,-0.000010,-0.000082,0.000005,0.000080,0.000018,-0.000110,-0.000145,0.000009,0.000047,-0.000098,-0.000000,0.030921,0.023009,0.016411,0.010507,0.004762,-0.001718,-0.005707,-0.004204,0.000350,0.004048,0.004465,0.002925,0.001471,-0.000002,-0.001173,-0.001320,-0.000328,0.001104,0.001848,0.001630,0.001114,0.000387,-0.000413,-0.000629,-0.000218,0.000328,0.000660,0.000638,0.000132,-0.000489,-0.000552,-0.000142,0.000094,0.000144,0.000178,0.000144,0.000141,-0.000220,-0.001307,-0.002382,-0.002554,-0.001874,-0.001129,-0.000759,-0.000369,-0.000001,-0.000030,-0.000195,-0.000051,0.000027,-0.000058,-0.000007,0.000153,0.000193,0.000055,0.000048,0.000247,0.000666,0.001038,0.000802,0.000765,0.001657,0.002372,0.001823,0.000655,0.000011,-0.000088,-0.000005,-0.000084,-0.000297,-0.000326,-0.000215,-0.000210,-0.000443,-0.000562,-0.000462,-0.000241,0.000267,0.000624,0.000554,0.000241,-0.000042,0.000057,0.000257,0.000132,-0.000298,-0.000988,-0.001546,-0.001467,-0.001163,-0.000809,-0.000218,0.000090,0.000081,0.000292,0.000388,0.000148,-0.000052,-0.000237,-0.000407,-0.000424,-0.000427,-0.000483,-0.000434,-0.000291,-0.000221,-0.000015,0.000156,0.000167,0.000109,0.000080,0.000016,0.000078,0.000243,0.000267,0.000232,0.000238,0.000155,0.000128,0.000094,-0.000075,-0.000208,-0.000200,-0.000151,-0.000030,0.000164,0.000079,-0.000090,-0.000080,-0.000037,-0.000018,-0.000127,-0.000232,-0.000139,0.000042,0.000218,0.000300,0.000219,
-0.007666,-0.009176,-0.011063,-0.008791,-0.004100,-0.000202,0.000840,0.000912,0.000845,0.000468,-0.000126,-0.000669,-0.000340,0.000186,-0.000093,-0.000844,-0.001315,-0.000704,0.000624,0.001126,0.000634,-0.000106,-0.000716,-0.001036,-0.001077,-0.001074,-0.001036,-0.000581,-0.000075,0.000171,0.000042,-0.000185,-0.000086,0.000202,0.000542,0.000755,0.000726,0.000609,0.000414,0.000121,-0.000222,-0.000691,-0.000798,-0.000641,-0.000590,-0.000431,-0.000116,-0.000033,-0.000206,-0.000306,-0.000310,-0.000372,-0.000408,-0.000271,-0.000101,-0.000224,-0.000501,-0.000466,-0.000005,0.000545,0.000657,0.000106,-0.000244,0.000342,0.000990,0.000766,0.000319,0.000408,0.000445,0.000056,-0.000291,-0.000196,0.000149,0.000204,0.000070,0.000032,0.000052,-0.000111,-0.000291,-0.000233,-0.000063,0.000044,0.000202,0.000700,0.001382,0.001878,0.001409,-0.000230,-0.001504,-0.001655,-0.001262,-0.000729,-0.000329,-0.000258,-0.000362,-0.000308,-0.000131,0.000017,0.000134,0.000182,0.000104,-0.000024,-0.000060,0.000079,0.000195,0.000073,-0.000071,0.000013,0.000070,0.000011,0.000003,0.000082,0.000162,0.000149,0.000161,0.000109,-0.000017,-0.000054,-0.000049,-0.000055,-0.000045,0.000065,0.000096,0.000005,-0.000024,0.000049,0.000012,-0.000027,-0.000042,-0.000096,-0.000036,0.000062,-0.000025,-0.000182,-0.000074,0.000176,0.000244,0.000254,0.030450,0.022580,0.016364,0.010578,0.004655,-0.001677,-0.005274,-0.003651,0.000810,0.004270,0.004498,0.002851,0.001274,-0.000282,-0.001270,-0.001341,-0.000557,0.000828,0.001751,0.001679,0.001143,0.000413,-0.000429,-0.000638,-0.000228,0.000254,0.000534,0.000439,-0.000120,-0.000773,-0.000872,-0.000403,-0.000019,0.000164,0.000244,0.000282,0.000375,0.000006,-0.001050,-0.002185,-0.002497,-0.001846,-0.001143,-0.000721,-0.000256,0.000095,0.000063,-0.000192,-0.000193,-0.000065,-0.000021,0.000083,0.000243,0.000326,0.000257,0.000094,0.000114,0.000631,0.001051,0.000733,0.000454,0.001115,0.001790,0.001438,0.000455,-0.000241,-0.000394,-0.000257,-0.000256,-0.000423,-0.000481,-0.000389,-0.000306,-0.000383,-0.000527,-0.000468,-0.000109,0.000306,0.000561,0.000438,-0.000013,-0.000315,-0.000189,0.000091,0.000144,-0.000316,-0.001019,-0.001515,-0.001489,-0.001215,-0.000842,-0.000286,-0.000043,-0.000129,0.000074,0.000328,0.000337,0.000172,0.000032,-0.000153,-0.000271,-0.000251,-0.000224,-0.000302,-0.000271,-0.000108,0.000089,0.000205,0.000155,0.000044,0.000018,0.000037,0.000104,0.000187,0.000162,0.000193,0.000223,0.000145,0.000093,0.000028,-0.000140,-0.000163,-0.000057,-0.000009,0.000011,0.000048,0.000125,0.000124,0.000023,-0.000018,0.000003,-0.000117,-0.000244,-0.000270,-0.000128,0.000140,0.000243,0.000136,
-0.008492,-0.010203,-0.011630,-0.008784,-0.003734,0.000394,0.001490,0.001359,0.001021,0.000486,-0.000079,-0.000568,-0.000325,0.000011,-0.000305,-0.000764,-0.000955,-0.000376,0.000655,0.000931,0.000390,-0.000332,-0.000888,-0.001131,-0.001123,-0.001078,-0.001038,-0.000759,-0.000355,-0.000022,0.000014,-0.000129,0.000094,0.000432,0.000590,0.000713,0.000688,0.000597,0.000455,0.000106,-0.000389,-0.000628,-0.000647,-0.000562,-0.000459,-0.000339,-0.000244,-0.000243,-0.000171,-0.000177,-0.000289,-0.000369,-0.000390,-0.000207,-0.000092,-0.000210,-0.000499,-0.000598,-0.000180,0.000544,0.000743,0.000360,0.000337,0.000670,0.000615,0.000361,0.000350,0.000643,0.000650,0.000191,-0.000202,-0.000278,-0.000125,0.000109,0.000204,0.000142,0.000066,-0.000166,-0.000409,-0.000282,-0.000023,0.000111,0.000309,0.000763,0.001507,0.002066,0.001439,-0.000333,-0.001630,-0.001813,-0.001385,-0.000768,-0.000300,-0.000234,-0.000406,-0.000359,-0.000060,0.000118,0.000164,0.000201,0.000180,0.000081,-0.000052,-0.000075,0.000079,0.000151,0.000118,0.000190,0.000185,0.000060,0.000021,0.000109,0.000126,0.000083,0.000095,0.000120,-0.000048,-0.000160,-0.000063,0.000018,0.000067,0.000074,0.000126,0.000165,0.000131,0.000087,-0.000016,-0.000056,0.000013,0.000127,0.000187,0.000117,-0.000081,-0.000178,-0.000023,0.000106,0.000149,0.000246,0.029943,0.022296,0.016166,0.010309,0.004667,-0.001365,-0.004972,-0.003394,0.000989,0.004457,0.004761,0.003026,0.001337,-0.000058,-0.000842,-0.000896,-0.000293,0.000861,0.001772,0.001779,0.001321,0.000575,-0.000368,-0.000756,-0.000370,0.000266,0.000635,0.000529,-0.000108,-0.000733,-0.000752,-0.000173,0.000308,0.000315,0.000174,0.000280,0.000402,-0.000048,-0.001101,-0.002169,-0.002510,-0.001999,-0.001375,-0.000882,-0.000329,-0.000051,-0.000094,-0.000242,-0.000250,-0.000136,0.000051,0.000195,0.000207,0.000246,0.000171,0.000103,0.000281,0.000792,0.001199,0.001029,0.000906,0.001490,0.001972,0.001503,0.000667,0.000289,0.000137,-0.000054,-0.000348,-0.000689,-0.000634,-0.000357,-0.000340,-0.000386,-0.000363,-0.000366,-0.000258,0.000095,0.000444,0.000446,0.000130,-0.000089,-0.000012,0.000203,0.000215,-0.000249,-0.000968,-0.001474,-0.001518,-0.001298,-0.000986,-0.000431,0.000061,0.000054,0.000068,0.000212,0.000159,-0.000074,-0.000290,-0.000294,-0.000208,-0.000157,-0.000199,-0.000154,-0.000092,-0.000102,0.000005,0.000059,0.000033,0.000135,0.000151,0.000115,0.000114,0.000152,0.000158,0.000174,0.000278,0.000229,0.000036,-0.000057,0.000026,0.000061,-0.000061,-0.000077,-0.000032,0.000021,0.000093,0.000107,0.000078,-0.000048,-0.000152,-0.000150,-0.000137,-0.000186,-0.000203,-0.000055,0.000121,0.000163,
-0.009593,-0.011447,-0.012229,-0.008745,-0.003363,0.000733,0.001550,0.001317,0.001042,0.000437,-0.000214,-0.000652,-0.000324,0.000228,0.000014,-0.000625,-0.001021,-0.000448,0.000686,0.001070,0.000539,-0.000183,-0.000788,-0.001151,-0.001220,-0.001152,-0.001062,-0.000842,-0.000462,-0.000202,-0.000292,-0.000316,-0.000004,0.000337,0.000589,0.000686,0.000588,0.000506,0.000430,0.000065,-0.000464,-0.000651,-0.000659,-0.000601,-0.000450,-0.000298,-0.000169,-0.000151,-0.000204,-0.000232,-0.000293,-0.000379,-0.000383,-0.000355,-0.000210,-0.000190,-0.000459,-0.000556,-0.000157,0.000445,0.000485,0.000063,0.000105,0.000747,0.001059,0.000740,0.000526,0.000690,0.000600,0.000202,-0.000163,-0.000349,-0.000203,0.000147,0.000325,0.000224,0.000087,-0.000110,-0.000309,-0.000254,-0.000009,0.000175,0.000420,0.000933,0.001631,0.002083,0.001511,-0.000177,-0.001563,-0.001672,-0.001293,-0.000863,-0.000371,-0.000197,-0.000304,-0.000341,-0.000061,0.000078,0.000054,0.000160,0.000205,0.000129,0.000042,0.000111,0.000210,0.000210,0.000176,0.000154,0.000090,0.000131,0.000204,0.000220,0.000250,0.000304,0.000240,0.000088,0.000064,-0.000110,-0.000293,-0.000116,0.000034,0.000010,0.000081,0.000153,0.000108,0.000069,0.000086,0.000178,0.000214,0.000109,0.000050,0.000018,-0.000090,-0.000130,-0.000024,0.000057,0.000151,0.000305,0.029317,0.021701,0.015877,0.010316,0.004948,-0.000842,-0.004332,-0.002904,0.001314,0.004613,0.004752,0.003098,0.001712,0.000367,-0.000846,-0.001348,-0.000664,0.000787,0.001725,0.001714,0.001226,0.000467,-0.000361,-0.000647,-0.000309,0.000170,0.000483,0.000393,-0.000172,-0.000695,-0.000566,-0.000099,0.000162,0.000110,0.000039,0.000265,0.000425,0.000041,-0.001066,-0.002286,-0.002493,-0.001797,-0.001254,-0.000880,-0.000400,-0.000029,-0.000110,-0.000312,-0.000180,-0.000038,-0.000073,0.000007,0.000253,0.000256,0.000108,0.000040,0.000246,0.000672,0.001001,0.000821,0.000670,0.001297,0.001974,0.001502,0.000256,-0.000417,-0.000217,0.000032,-0.000257,-0.000629,-0.000594,-0.000355,-0.000207,-0.000265,-0.000369,-0.000279,-0.000032,0.000352,0.000559,0.000327,0.000005,-0.000177,-0.000122,0.000122,0.000159,-0.000345,-0.001108,-0.001501,-0.001401,-0.001191,-0.001001,-0.000429,0.000041,-0.000007,0.000011,0.000249,0.000287,0.000082,-0.000181,-0.000368,-0.000377,-0.000296,-0.000238,-0.000238,-0.000250,-0.000170,-0.000132,0.000014,0.000229,0.000250,0.000056,-0.000070,0.000039,0.000135,0.000231,0.000276,0.000290,0.000324,0.000135,-0.000077,-0.000055,-0.000098,-0.000188,-0.000071,0.000133,0.000135,0.000114,0.000121,-0.000012,-0.000140,-0.000168,-0.000204,-0.000288,-0.000121,0.000157,0.000230,0.000219,0.000141,
-0.011145,-0.012974,-0.012882,-0.008777,-0.003324,0.000811,0.001624,0.001251,0.000912,0.000318,-0.000321,-0.000653,-0.000132,0.000426,0.000216,-0.000358,-0.000775,-0.000225,0.000927,0.001181,0.000524,-0.000168,-0.000713,-0.001021,-0.000991,-0.001039,-0.001234,-0.001033,-0.000577,-0.000181,-0.000088,-0.000084,0.000151,0.000519,0.000783,0.000827,0.000811,0.000650,0.000398,0.000050,-0.000356,-0.000588,-0.000659,-0.000635,-0.000512,-0.000285,-0.000118,-0.000062,-0.000102,-0.000175,-0.000168,-0.000312,-0.000390,-0.000251,-0.000118,-0.000260,-0.000581,-0.000692,-0.000251,0.000500,0.000673,0.000159,0.000102,0.000781,0.001187,0.000914,0.000708,0.000852,0.000728,0.000224,-0.000130,-0.000048,0.000135,0.000291,0.000327,0.000105,0.000036,-0.000048,-0.000281,-0.000320,-0.000022,0.000296,0.000497,0.000851,0.001569,0.002143,0.001552,-0.000144,-0.001462,-0.001653,-0.001365,-0.000899,-0.000390,-0.000287,-0.000477,-0.000464,-0.000230,0.000043,0.000158,0.000116,0.000127,0.000118,0.000045,0.000114,0.000260,0.000198,0.000109,0.000067,0.000017,0.000073,0.000135,0.000113,0.000148,0.000194,0.000174,0.000093,-0.000117,-0.000234,-0.000171,-0.000053,0.000009,-0.000014,-0.000057,-0.000071,-0.000019,-0.000025,-0.000078,-0.000056,0.000088,0.000254,0.000156,-0.000022,-0.000111,-0.000138,0.000011,0.000154,0.000170,0.000292,0.028372,0.021090,0.015775,0.010398,0.005072,-0.000465,-0.003820,-0.002400,0.001666,0.004658,0.004556,0.002663,0.001106,-0.000184,-0.001058,-0.001157,-0.000506,0.000842,0.001743,0.001657,0.001269,0.000520,-0.000317,-0.000568,-0.000272,0.000139,0.000312,0.000195,-0.000158,-0.000524,-0.000450,0.000069,0.000321,0.000166,-0.000037,0.000007,0.000264,-0.000009,-0.001119,-0.002282,-0.002477,-0.001806,-0.001260,-0.000877,-0.000305,0.000065,-0.000061,-0.000217,-0.000163,-0.000093,-0.000071,0.000028,0.000158,0.000184,0.000057,0.000094,0.000271,0.000633,0.000990,0.000781,0.000686,0.001549,0.002371,0.002043,0.000934,0.000192,0.000188,0.000121,-0.000171,-0.000267,-0.000245,-0.000239,-0.000212,-0.000273,-0.000368,-0.000365,-0.000140,0.000248,0.000584,0.000551,0.000200,-0.000005,0.000069,0.000182,0.000203,-0.000210,-0.001006,-0.001481,-0.001415,-0.001173,-0.000928,-0.000340,0.000133,0.000111,0.000118,0.000239,0.000270,0.000059,-0.000157,-0.000254,-0.000254,-0.000160,-0.000201,-0.000309,-0.000225,-0.000072,0.000031,0.000053,0.000049,0.000074,0.000166,0.000115,0.000071,0.000149,0.000195,0.000142,0.000116,0.000150,0.000122,-0.000009,-0.000075,-0.000100,-0.000127,-0.000066,0.000058,0.000079,0.000054,0.000078,0.000006,-0.000150,-0.000214,-0.000312,-0.000295,-0.000096,0.000168,0.000332,0.000294,0.000187,
-0.014025,-0.015572,-0.014577,-0.009534,-0.003478,0.000883,0.001600,0.001062,0.000585,-0.000086,-0.000625,-0.000958,-0.000455,0.000241,0.000203,-0.000333,-0.000740,-0.000416,0.000548,0.000953,0.000398,-0.000259,-0.000702,-0.000980,-0.001120,-0.001101,-0.000990,-0.000730,-0.000184,0.000113,-0.000121,-0.000282,-0.000083,0.000328,0.000760,0.000922,0.000889,0.000710,0.000520,0.000298,-0.000079,-0.000418,-0.000503,-0.000505,-0.000600,-0.000479,-0.000165,-0.000048,-0.000152,-0.000291,-0.000287,-0.000317,-0.000377,-0.000275,-0.000172,-0.000183,-0.000402,-0.000664,-0.000276,0.000549,0.000688,0.000080,-0.000276,0.000166,0.000616,0.000447,0.000343,0.000556,0.000551,0.000164,-0.000164,-0.000191,-0.000039,0.000100,0.000105,0.000115,0.000074,-0.000139,-0.000317,-0.000246,-0.000041,0.000113,0.000320,0.000833,0.001602,0.002089,0.001498,-0.000150,-0.001492,-0.001628,-0.001258,-0.000949,-0.000501,-0.000233,-0.000439,-0.000493,-0.000237,-0.000181,-0.000099,0.000154,0.000217,0.000083,0.000044,0.000084,0.000054,0.000041,0.000015,0.000063,0.000071,0.000047,0.000099,0.000175,0.000192,0.000180,0.000201,0.000173,0.000043,-0.000092,-0.000157,-0.000148,-0.000062,0.000081,0.000161,0.000180,0.000135,0.000015,-0.000127,-0.000149,-0.000009,0.000110,0.000104,0.000057,-0.000019,0.000033,0.000088,0.000066,0.000122,0.000196,0.026443,0.019411,0.014658,0.009837,0.005256,0.000125,-0.003176,-0.001849,0.002170,0.005013,0.004616,0.002677,0.001409,0.000341,-0.000592,-0.000937,-0.000439,0.000850,0.001750,0.001736,0.001308,0.000450,-0.000494,-0.000655,-0.000302,0.000023,0.000239,0.000119,-0.000331,-0.000660,-0.000506,-0.000071,0.000152,0.000141,0.000139,0.000219,0.000263,-0.000161,-0.001192,-0.002330,-0.002618,-0.001919,-0.001252,-0.000917,-0.000411,-0.000078,-0.000134,-0.000367,-0.000348,-0.000173,-0.000051,0.000047,0.000057,0.000058,0.000044,-0.000084,0.000130,0.000682,0.001059,0.000887,0.000781,0.001415,0.002071,0.001789,0.000883,0.000253,0.000149,0.000138,-0.000224,-0.000506,-0.000357,-0.000093,-0.000063,-0.000325,-0.000616,-0.000558,-0.000123,0.000229,0.000336,0.000373,0.000206,-0.000032,0.000000,0.000184,0.000044,-0.000482,-0.001138,-0.001550,-0.001550,-0.001270,-0.000874,-0.000285,0.000107,0.000141,0.000238,0.000365,0.000211,-0.000010,-0.000132,-0.000234,-0.000278,-0.000171,-0.000133,-0.000103,-0.000005,0.000029,0.000068,0.000214,0.000337,0.000260,0.000052,-0.000091,0.000046,0.000277,0.000431,0.000361,0.000122,0.000100,0.000028,-0.000043,-0.000020,-0.000096,-0.000046,0.000104,0.000087,0.000082,0.000020,-0.000095,-0.000003,0.000059,-0.000128,-0.000206,-0.000165,-0.000035,0.000123,0.000196,0.000183,0.000118,
-0.015860,-0.017359,-0.015773,-0.010062,-0.003737,0.000458,0.001118,0.000683,0.000353,-0.000320,-0.001040,-0.001033,0.000076,0.001100,0.000820,-0.000014,-0.000393,-0.000073,0.000733,0.000975,0.000408,-0.000302,-0.000742,-0.000972,-0.001161,-0.001185,-0.001107,-0.000821,-0.000298,0.000030,-0.000095,-0.000290,-0.000176,0.000241,0.000578,0.000750,0.000819,0.000847,0.000729,0.000297,-0.000201,-0.000490,-0.000607,-0.000617,-0.000553,-0.000392,-0.000111,-0.000091,-0.000275,-0.000363,-0.000396,-0.000357,-0.000435,-0.000370,-0.000145,-0.000158,-0.000485,-0.000612,-0.000075,0.000639,0.000729,0.000094,-0.000081,0.000659,0.001023,0.000650,0.000318,0.000308,0.000299,0.000072,-0.000213,-0.000246,-0.000025,0.000151,0.000101,-0.000008,-0.000151,-0.000306,-0.000321,-0.000317,-0.000251,0.000051,0.000424,0.000813,0.001504,0.002025,0.001535,-0.000052,-0.001430,-0.001614,-0.001252,-0.000863,-0.000455,-0.000309,-0.000468,-0.000471,-0.000268,-0.000036,0.000151,0.000224,0.000241,0.000202,0.000090,0.000159,0.000256,0.000241,0.000239,0.000112,-0.000005,0.000099,0.000294,0.000240,0.000206,0.000281,0.000286,0.000178,-0.000047,-0.000158,-0.000195,-0.000150,-0.000052,-0.000053,0.000005,0.000114,0.000226,0.000073,-0.000262,-0.000210,-0.000052,-0.000027,-0.000021,-0.000071,-0.000163,-0.000168,-0.000031,0.000058,-0.000013,0.000046,0.024700,0.017622,0.013702,0.009527,0.005296,0.000318,-0.003089,-0.001677,0.002279,0.004815,0.004333,0.002655,0.001474,0.000229,-0.000804,-0.001043,-0.000388,0.000916,0.001918,0.001964,0.001449,0.000446,-0.000619,-0.000833,-0.000527,-0.000135,0.000147,0.000101,-0.000209,-0.000552,-0.000570,-0.000224,0.000016,0.000112,0.000205,0.000290,0.000287,-0.000204,-0.001268,-0.002267,-0.002463,-0.001815,-0.001239,-0.000966,-0.000471,-0.000021,0.000013,-0.000272,-0.000272,-0.000035,-0.000001,0.000011,-0.000012,-0.000024,-0.000028,-0.000034,0.000243,0.000735,0.001061,0.000910,0.000859,0.001565,0.002207,0.001674,0.000593,0.000035,0.000094,0.000205,0.000035,-0.000162,-0.000197,-0.000250,-0.000378,-0.000462,-0.000630,-0.000596,-0.000174,0.000271,0.000521,0.000437,0.000108,-0.000173,-0.000130,0.000118,0.000151,-0.000347,-0.001162,-0.001582,-0.001427,-0.001193,-0.000913,-0.000303,0.000111,0.000129,0.000149,0.000275,0.000264,0.000061,-0.000162,-0.000255,-0.000244,-0.000260,-0.000187,-0.000072,-0.000085,-0.000125,-0.000016,0.000093,0.000052,0.000027,0.000000,-0.000010,0.000059,0.000197,0.000300,0.000275,0.000152,0.000125,0.000032,-0.000113,-0.000090,-0.000104,-0.000175,-0.000154,-0.000137,-0.000130,-0.000060,-0.000082,-0.000127,-0.000058,-0.000016,-0.000123,-0.000134,-0.000042,0.000107,0.000197,0.000232,0.000286,
-0.016953,-0.018501,-0.016298,-0.010120,-0.003881,0.000051,0.000484,-0.000097,-0.000295,-0.000700,-0.001169,-0.001266,-0.000455,0.000453,0.000445,-0.000106,-0.000457,-0.000155,0.000543,0.000823,0.000445,-0.000145,-0.000743,-0.001130,-0.001176,-0.001073,-0.000931,-0.000651,-0.000139,0.000107,-0.000042,-0.000149,-0.000080,0.000249,0.000609,0.000705,0.000683,0.000626,0.000539,0.000303,-0.000129,-0.000483,-0.000600,-0.000569,-0.000551,-0.000412,-0.000155,-0.000128,-0.000326,-0.000367,-0.000291,-0.000441,-0.000583,-0.000457,-0.000204,-0.000236,-0.000507,-0.000499,0.000004,0.000667,0.000610,-0.000173,-0.000514,0.000119,0.000708,0.000433,0.000067,0.000251,0.000356,0.000092,-0.000030,0.000008,0.000007,0.000058,0.000117,0.000151,0.000059,-0.000151,-0.000314,-0.000239,-0.000000,0.000211,0.000359,0.000751,0.001436,0.001909,0.001338,-0.000306,-0.001534,-0.001634,-0.001279,-0.000736,-0.000243,-0.000208,-0.000452,-0.000452,-0.000232,0.000018,0.000178,0.000220,0.000177,0.000051,-0.000050,0.000050,0.000188,0.000131,0.000060,0.000111,0.000125,0.000127,0.000226,0.000380,0.000393,0.000241,0.000101,0.000021,-0.000094,-0.000181,-0.000154,-0.000085,0.000000,0.000017,0.000043,0.000042,0.000001,-0.000048,-0.000032,-0.000032,0.000003,0.000072,0.000080,0.000053,-0.000062,-0.000163,-0.000013,0.000190,0.000141,0.000065,0.022958,0.016334,0.013323,0.009642,0.005590,0.000595,-0.003065,-0.001796,0.002260,0.004758,0.004158,0.002509,0.001492,0.000537,-0.000333,-0.000619,-0.000178,0.001034,0.001960,0.001951,0.001489,0.000549,-0.000518,-0.000920,-0.000666,-0.000225,0.000091,0.000199,-0.000183,-0.000643,-0.000595,-0.000121,0.000264,0.000304,0.000324,0.000389,0.000383,-0.000024,-0.001073,-0.002265,-0.002593,-0.001968,-0.001362,-0.000943,-0.000358,0.000089,0.000024,-0.000300,-0.000411,-0.000256,-0.000102,-0.000075,-0.000065,-0.000012,-0.000040,-0.000135,0.000000,0.000583,0.001085,0.000862,0.000671,0.001420,0.002251,0.001884,0.000578,-0.000289,-0.000272,0.000013,-0.000084,-0.000384,-0.000342,-0.000215,-0.000289,-0.000445,-0.000474,-0.000396,-0.000161,0.000243,0.000512,0.000413,0.000083,-0.000187,-0.000166,-0.000027,0.000041,-0.000268,-0.001032,-0.001587,-0.001455,-0.001087,-0.000826,-0.000383,-0.000015,0.000034,0.000165,0.000382,0.000384,0.000211,0.000040,-0.000073,-0.000156,-0.000205,-0.000168,-0.000183,-0.000254,-0.000139,0.000044,0.000049,0.000013,0.000103,0.000184,0.000218,0.000260,0.000239,0.000256,0.000266,0.000298,0.000291,0.000141,0.000003,0.000024,0.000006,-0.000159,-0.000130,-0.000029,0.000001,0.000091,0.000111,0.000068,-0.000082,-0.000227,-0.000225,-0.000206,-0.000150,0.000066,0.000255,0.000274,0.000185,
-0.018164,-0.019929,-0.017259,-0.010514,-0.004263,-0.000420,0.000300,-0.000024,-0.000331,-0.000863,-0.001378,-0.001346,-0.000181,0.001006,0.000849,0.000095,-0.000317,-0.000147,0.000511,0.000779,0.000273,-0.000334,-0.000745,-0.001056,-0.001120,-0.001001,-0.000966,-0.000722,-0.000266,0.000037,-0.000101,-0.000313,-0.000187,0.000112,0.000450,0.000696,0.000755,0.000736,0.000612,0.000256,-0.000247,-0.000582,-0.000559,-0.000408,-0.000424,-0.000270,-0.000066,-0.000171,-0.000299,-0.000364,-0.000438,-0.000512,-0.000423,-0.000220,-0.000092,-0.000187,-0.000490,-0.000604,-0.000115,0.000626,0.000867,0.000524,0.000300,0.000606,0.000838,0.000629,0.000507,0.000682,0.000684,0.000227,-0.000119,-0.000179,-0.000079,0.000077,0.000166,0.000139,0.000022,-0.000134,-0.000335,-0.000291,0.000017,0.000276,0.000412,0.000736,0.001562,0.002155,0.001523,-0.000210,-0.001492,-0.001634,-0.001275,-0.000758,-0.000310,-0.000286,-0.000532,-0.000428,-0.000123,-0.000007,0.000025,0.000082,0.000157,0.000111,-0.000063,0.000033,0.000179,0.000151,0.000086,0.000073,0.000077,0.000079,0.000130,0.000257,0.000263,0.000175,0.000191,0.000168,0.000042,-0.000042,-0.000058,-0.000036,0.000038,0.000082,0.000068,0.000074,0.000124,0.000153,0.000128,0.000105,0.000122,0.000086,0.000084,0.000091,-0.000066,-0.000087,0.000100,0.000200,0.000102,0.000052,0.021116,0.014686,0.012458,0.009335,0.005632,0.000730,-0.003149,-0.001919,0.001964,0.004094,0.003446,0.002192,0.001534,0.000498,-0.000520,-0.000782,-0.000157,0.001111,0.001967,0.001919,0.001351,0.000400,-0.000532,-0.000745,-0.000480,-0.000185,0.000130,0.000179,-0.000284,-0.000648,-0.000548,-0.000200,0.000030,0.000113,0.000186,0.000273,0.000347,-0.000049,-0.001103,-0.002221,-0.002489,-0.001833,-0.001263,-0.000908,-0.000349,0.000121,-0.000048,-0.000452,-0.000455,-0.000269,-0.000101,-0.000013,-0.000024,0.000045,0.000059,-0.000016,0.000136,0.000678,0.001081,0.000887,0.000803,0.001428,0.001856,0.001358,0.000672,0.000329,0.000155,-0.000039,-0.000306,-0.000627,-0.000708,-0.000498,-0.000410,-0.000406,-0.000361,-0.000335,-0.000173,0.000159,0.000478,0.000550,0.000213,-0.000094,-0.000115,-0.000047,0.000055,-0.000326,-0.001145,-0.001615,-0.001483,-0.001198,-0.000957,-0.000396,0.000055,0.000041,0.000062,0.000262,0.000279,0.000107,-0.000042,-0.000083,-0.000026,-0.000053,-0.000032,-0.000088,-0.000177,-0.000087,0.000060,0.000118,0.000127,0.000111,0.000084,0.000095,0.000223,0.000263,0.000179,0.000074,0.000094,0.000032,-0.000017,0.000038,0.000080,0.000075,0.000013,-0.000109,-0.000075,0.000071,-0.000002,-0.000075,-0.000001,-0.000011,-0.000055,-0.000091,-0.000196,-0.000164,-0.000049,0.000091,0.000200,0.000209,
-0.018596,-0.020581,-0.017511,-0.010272,-0.004186,-0.000676,-0.000149,-0.000591,-0.000593,-0.000631,-0.000936,-0.001070,-0.000199,0.000788,0.000719,0.000077,-0.000382,-0.000123,0.000528,0.000598,0.000136,-0.000311,-0.000674,-0.000913,-0.001000,-0.001103,-0.001166,-0.001019,-0.000631,-0.000303,-0.000314,-0.000296,-0.000112,0.000185,0.000457,0.000502,0.000497,0.000506,0.000434,0.000075,-0.000455,-0.000736,-0.000657,-0.000501,-0.000420,-0.000244,0.000006,-0.000009,-0.000292,-0.000447,-0.000395,-0.000342,-0.000396,-0.000414,-0.000233,-0.000246,-0.000573,-0.000630,-0.000071,0.000655,0.000614,-0.000104,-0.000203,0.000502,0.000737,0.000360,0.000317,0.000707,0.000707,0.000247,-0.000117,-0.000233,-0.000162,-0.000011,0.000143,0.000180,0.000034,-0.000211,-0.000421,-0.000331,0.000034,0.000258,0.000408,0.000781,0.001449,0.002046,0.001529,-0.000098,-0.001472,-0.001740,-0.001343,-0.000803,-0.000255,-0.000181,-0.000453,-0.000414,-0.000177,-0.000082,-0.000046,0.000067,0.000161,0.000037,-0.000107,0.000020,0.000202,0.000276,0.000282,0.000190,0.000084,-0.000017,0.000018,0.000167,0.000245,0.000284,0.000133,-0.000035,-0.000035,-0.000020,-0.000045,-0.000018,-0.000014,-0.000050,0.000018,0.000057,0.000082,0.000034,-0.000128,-0.000114,0.000032,0.000122,0.000073,-0.000013,-0.000067,-0.000142,-0.000080,0.000037,0.000106,0.000141,0.019737,0.013539,0.012025,0.009442,0.005904,0.000988,-0.003129,-0.002232,0.001706,0.003950,0.003274,0.002116,0.001827,0.001135,-0.000086,-0.000676,-0.000112,0.001105,0.001942,0.001938,0.001450,0.000554,-0.000500,-0.000867,-0.000548,-0.000175,-0.000004,-0.000004,-0.000291,-0.000622,-0.000547,-0.000228,-0.000048,-0.000050,0.000027,0.000243,0.000357,-0.000064,-0.001164,-0.002299,-0.002521,-0.001807,-0.001132,-0.000740,-0.000220,0.000094,-0.000095,-0.000231,-0.000182,-0.000116,-0.000017,0.000037,-0.000034,-0.000004,0.000009,-0.000057,0.000011,0.000512,0.001031,0.000941,0.000819,0.001501,0.002208,0.001683,0.000420,-0.000141,0.000131,0.000265,-0.000121,-0.000481,-0.000417,-0.000235,-0.000198,-0.000304,-0.000440,-0.000441,-0.000236,0.000143,0.000402,0.000350,0.000057,-0.000164,-0.000075,0.000129,-0.000014,-0.000495,-0.001054,-0.001446,-0.001381,-0.001220,-0.000913,-0.000360,0.000014,-0.000008,0.000154,0.000413,0.000315,0.000078,-0.000111,-0.000195,-0.000257,-0.000279,-0.000288,-0.000298,-0.000247,-0.000226,-0.000045,0.000205,0.000209,0.000149,0.000062,-0.000014,0.000019,0.000070,0.000145,0.000143,0.000119,0.000138,0.000012,-0.000072,0.000006,-0.000087,-0.000217,-0.000162,-0.000033,-0.000007,-0.000018,0.000011,-0.000012,-0.000065,-0.000051,-0.000160,-0.000276,-0.000153,0.000156,0.000371,0.000435,0.000326,
-0.019442,-0.021452,-0.017972,-0.010607,-0.004395,-0.000573,0.000163,-0.000130,-0.000245,-0.000763,-0.001360,-0.001443,-0.000478,0.000527,0.000404,-0.000177,-0.000484,-0.000206,0.000489,0.000620,0.000090,-0.000405,-0.000816,-0.001158,-0.001131,-0.001065,-0.001248,-0.001043,-0.000429,-0.000021,0.000045,0.000069,0.000340,0.000636,0.000678,0.000537,0.000503,0.000539,0.000424,-0.000011,-0.000514,-0.000649,-0.000429,-0.000323,-0.000342,-0.000118,0.000026,-0.000131,-0.000304,-0.000406,-0.000443,-0.000386,-0.000352,-0.000331,-0.000154,-0.000213,-0.000559,-0.000589,-0.000037,0.000751,0.000918,0.000221,0.000086,0.000865,0.001290,0.000916,0.000593,0.000654,0.000568,0.000256,-0.000113,-0.000233,-0.000144,-0.000012,0.000185,0.000316,0.000301,-0.000016,-0.000360,-0.000332,-0.000145,0.000086,0.000329,0.000741,0.001568,0.002214,0.001681,-0.000128,-0.001624,-0.001757,-0.001398,-0.000949,-0.000477,-0.000375,-0.000423,-0.000291,-0.000180,-0.000031,0.000126,0.000237,0.000233,0.000080,-0.000006,0.000002,0.000079,0.000117,0.000001,-0.000137,-0.000094,0.000144,0.000329,0.000384,0.000317,0.000148,0.000069,0.000068,0.000054,-0.000042,-0.000018,0.000066,0.000034,0.000008,-0.000035,0.000004,0.000092,0.000072,0.000000,0.000081,0.000141,0.000085,0.000110,0.000111,-0.000013,-0.000046,-0.000009,0.000050,0.000110,0.000130,0.017561,0.011736,0.011173,0.009179,0.005989,0.001353,-0.002732,-0.002196,0.001193,0.003082,0.002572,0.001930,0.002030,0.001409,0.000173,-0.000417,0.000076,0.001320,0.002205,0.002109,0.001448,0.000455,-0.000560,-0.000873,-0.000661,-0.000328,-0.000032,0.000039,-0.000219,-0.000472,-0.000274,0.000092,0.000189,0.000079,0.000031,0.000221,0.000434,0.000093,-0.000957,-0.002086,-0.002430,-0.001765,-0.001096,-0.000784,-0.000334,0.000048,-0.000081,-0.000339,-0.000332,-0.000203,-0.000097,-0.000028,0.000053,0.000120,0.000064,-0.000032,0.000114,0.000680,0.001215,0.000950,0.000776,0.001624,0.002386,0.001986,0.000911,0.000275,0.000141,0.000016,-0.000291,-0.000465,-0.000408,-0.000264,-0.000184,-0.000415,-0.000720,-0.000701,-0.000410,0.000111,0.000536,0.000552,0.000349,0.000051,-0.000070,0.000107,0.000126,-0.000355,-0.001116,-0.001607,-0.001528,-0.001266,-0.001012,-0.000561,-0.000186,-0.000024,0.000171,0.000353,0.000257,0.000076,-0.000059,-0.000192,-0.000194,-0.000179,-0.000196,-0.000089,-0.000033,-0.000068,0.000047,0.000205,0.000187,0.000162,0.000149,0.000074,-0.000000,0.000047,0.000127,0.000116,0.000066,0.000114,0.000103,-0.000048,-0.000131,-0.000071,-0.000090,-0.000092,0.000037,0.000082,0.000028,-0.000003,-0.000087,-0.000151,-0.000146,-0.000145,-0.000152,-0.000099,-0.000001,0.000139,0.000217,0.000153,
-0.020250,-0.022382,-0.018586,-0.010799,-0.004303,-0.000367,0.000370,-0.000083,-0.000158,-0.000408,-0.001132,-0.001757,-0.001359,-0.000425,-0.000080,-0.000142,-0.000300,-0.000260,0.000166,0.000357,0.000122,-0.000311,-0.000764,-0.001042,-0.001154,-0.001154,-0.001257,-0.001028,-0.000465,-0.000104,-0.000089,-0.000269,-0.000203,0.000105,0.000388,0.000521,0.000570,0.000547,0.000456,0.000150,-0.000403,-0.000662,-0.000517,-0.000464,-0.000544,-0.000364,-0.000134,-0.000073,-0.000125,-0.000245,-0.000316,-0.000417,-0.000424,-0.000349,-0.000222,-0.000252,-0.000564,-0.000598,-0.000019,0.000647,0.000764,0.000121,-0.000160,0.000412,0.000892,0.000685,0.000279,0.000364,0.000484,0.000107,-0.000221,-0.000143,0.000114,0.000304,0.000380,0.000314,0.000069,-0.000228,-0.000425,-0.000256,0.000054,0.000262,0.000484,0.000957,0.001705,0.002240,0.001685,-0.000092,-0.001566,-0.001783,-0.001425,-0.000935,-0.000407,-0.000225,-0.000402,-0.000437,-0.000233,-0.000056,-0.000044,-0.000063,-0.000000,-0.000014,-0.000034,0.000015,0.000057,0.000029,0.000061,0.000098,0.000095,0.000096,0.000201,0.000127,0.000055,0.000175,0.000222,0.000155,-0.000057,-0.000193,-0.000092,0.000047,0.000080,0.000007,0.000009,0.000108,0.000145,0.000056,-0.000031,-0.000036,0.000079,0.000116,0.000050,-0.000050,-0.000072,-0.000024,-0.000068,0.000043,0.000186,0.000216,0.015601,0.009848,0.010109,0.009046,0.006452,0.002012,-0.002479,-0.002627,0.000353,0.002074,0.001515,0.001120,0.001681,0.001461,0.000372,-0.000348,-0.000170,0.000919,0.001847,0.001943,0.001467,0.000493,-0.000591,-0.000934,-0.000593,-0.000169,0.000171,0.000209,-0.000107,-0.000406,-0.000353,-0.000121,0.000067,0.000082,0.000021,0.000171,0.000317,-0.000007,-0.000973,-0.001974,-0.002108,-0.001556,-0.001156,-0.000837,-0.000265,0.000167,-0.000014,-0.000381,-0.000395,-0.000141,0.000049,-0.000047,-0.000152,-0.000039,-0.000028,-0.000040,0.000256,0.000778,0.001128,0.000840,0.000639,0.001446,0.002373,0.002267,0.001265,0.000385,0.000207,0.000159,-0.000122,-0.000315,-0.000145,0.000042,-0.000076,-0.000340,-0.000620,-0.000628,-0.000285,0.000100,0.000338,0.000308,0.000078,-0.000103,-0.000086,0.000104,0.000135,-0.000262,-0.000873,-0.001334,-0.001283,-0.001045,-0.000785,-0.000246,0.000047,-0.000042,0.000032,0.000241,0.000285,0.000098,-0.000135,-0.000174,-0.000181,-0.000194,-0.000198,-0.000177,-0.000090,-0.000093,-0.000046,0.000039,0.000084,0.000067,0.000124,0.000137,0.000107,0.000184,0.000192,0.000115,0.000200,0.000189,0.000159,0.000092,-0.000062,-0.000095,-0.000064,-0.000110,-0.000144,-0.000104,-0.000110,-0.000103,-0.000054,-0.000119,-0.000177,-0.000211,-0.000211,-0.000076,0.000070,0.000135,0.000200,0.000203,
-0.020756,-0.023053,-0.019124,-0.010819,-0.003981,0.000297,0.001241,0.000609,0.000137,-0.000300,-0.000924,-0.001508,-0.001233,-0.000362,0.000062,-0.000046,-0.000313,-0.000271,0.000142,0.000218,-0.000117,-0.000468,-0.000825,-0.001181,-0.001247,-0.001214,-0.001281,-0.000949,-0.000410,-0.000202,-0.000283,-0.000170,-0.000090,0.000048,0.000365,0.000491,0.000496,0.000549,0.000481,0.000054,-0.000454,-0.000704,-0.000565,-0.000477,-0.000468,-0.000307,-0.000054,-0.000023,-0.000256,-0.000348,-0.000369,-0.000392,-0.000354,-0.000290,-0.000177,-0.000228,-0.000528,-0.000601,-0.000051,0.000673,0.000799,0.000315,0.000156,0.000743,0.000984,0.000603,0.000366,0.000543,0.000595,0.000242,-0.000091,-0.000207,-0.000160,0.000008,0.000017,-0.000093,-0.000110,-0.000208,-0.000295,-0.000241,-0.000034,0.000146,0.000427,0.001058,0.001740,0.002118,0.001522,-0.000136,-0.001516,-0.001740,-0.001281,-0.000774,-0.000331,-0.000164,-0.000352,-0.000448,-0.000269,-0.000114,-0.000053,0.000031,0.000042,-0.000007,-0.000017,-0.000003,0.000025,0.000005,0.000029,0.000091,0.000069,0.000023,0.000074,0.000209,0.000230,0.000302,0.000321,0.000091,-0.000062,-0.000077,-0.000159,-0.000163,0.000011,0.000121,0.000169,0.000196,0.000065,-0.000077,-0.000146,-0.000072,0.000025,0.000164,0.000208,0.000103,-0.000018,-0.000123,-0.000086,0.000035,0.000028,0.000122,0.013175,0.007671,0.009137,0.009041,0.006919,0.002879,-0.001560,-0.002167,0.000463,0.002202,0.001592,0.000829,0.001061,0.000895,0.000093,-0.000371,0.000096,0.001135,0.001864,0.001952,0.001637,0.000778,-0.000430,-0.000896,-0.000568,-0.000004,0.000307,0.000374,0.000138,-0.000276,-0.000348,-0.000138,-0.000072,-0.000149,-0.000138,0.000062,0.000234,-0.000087,-0.001006,-0.002188,-0.002514,-0.001758,-0.001161,-0.000781,-0.000231,0.000145,-0.000001,-0.000287,-0.000364,-0.000253,-0.000067,0.000019,0.000067,0.000115,0.000067,0.000069,0.000210,0.000603,0.001101,0.000997,0.000882,0.001485,0.001943,0.001558,0.000737,0.000205,0.000111,0.000071,-0.000033,-0.000186,-0.000217,-0.000137,-0.000189,-0.000491,-0.000543,-0.000396,-0.000173,0.000143,0.000409,0.000428,0.000093,-0.000144,-0.000052,0.000082,0.000059,-0.000433,-0.001209,-0.001653,-0.001436,-0.001016,-0.000777,-0.000378,-0.000046,0.000088,0.000171,0.000254,0.000288,0.000094,-0.000131,-0.000179,-0.000171,-0.000159,-0.000088,-0.000069,-0.000100,-0.000078,0.000026,0.000125,0.000189,0.000165,0.000078,0.000040,0.000034,0.000101,0.000213,0.000232,0.000245,0.000215,0.000110,0.000001,-0.000006,-0.000019,-0.000112,-0.000078,-0.000043,-0.000099,0.000034,0.000139,0.000087,0.000013,-0.000085,-0.000168,-0.000222,-0.000115,0.000133,0.000331,0.000412,0.000312,
-0.020815,-0.023254,-0.019262,-0.010627,-0.003382,0.001169,0.001979,0.000762,-0.000444,-0.001197,-0.001571,-0.001781,-0.001203,-0.000303,0.000019,-0.000090,-0.000285,-0.000192,0.000275,0.000427,-0.000027,-0.000527,-0.000871,-0.001143,-0.001175,-0.001087,-0.001028,-0.000822,-0.000298,-0.000029,-0.000188,-0.000268,-0.000150,0.000130,0.000417,0.000465,0.000322,0.000337,0.000401,0.000121,-0.000465,-0.000771,-0.000632,-0.000586,-0.000647,-0.000430,-0.000041,0.000028,-0.000298,-0.000455,-0.000368,-0.000349,-0.000357,-0.000303,-0.000163,-0.000169,-0.000466,-0.000595,-0.000126,0.000590,0.000623,-0.000123,-0.000328,0.000370,0.000842,0.000479,-0.000002,0.000059,0.000164,-0.000078,-0.000295,-0.000197,-0.000030,0.000019,0.000060,0.000015,-0.000012,-0.000155,-0.000389,-0.000359,-0.000160,0.000051,0.000243,0.000685,0.001468,0.002023,0.001470,-0.000174,-0.001539,-0.001794,-0.001328,-0.000686,-0.000214,-0.000266,-0.000607,-0.000573,-0.000281,-0.000071,0.000103,0.000208,0.000155,0.000041,0.000001,0.000095,0.000215,0.000081,-0.000083,-0.000035,0.000101,0.000186,0.000317,0.000347,0.000218,0.000086,0.000090,0.000088,-0.000033,-0.000031,-0.000051,-0.000026,0.000047,0.000048,0.000044,0.000047,0.000080,0.000052,-0.000095,-0.000008,0.000177,0.000186,0.000136,0.000013,-0.000181,-0.000255,-0.000184,-0.000037,0.000137,0.000199,0.011363,0.006131,0.008204,0.008795,0.007381,0.003724,-0.000933,-0.002177,-0.000039,0.001533,0.001073,0.000415,0.000567,0.000451,0.000041,0.000046,0.000499,0.001345,0.001968,0.001855,0.001426,0.000616,-0.000385,-0.000738,-0.000467,-0.000082,0.000281,0.000454,0.000204,-0.000153,-0.000244,-0.000071,0.000039,0.000027,0.000092,0.000216,0.000235,-0.000111,-0.001043,-0.002119,-0.002326,-0.001750,-0.001199,-0.000732,-0.000230,0.000134,0.000075,-0.000148,-0.000131,-0.000066,-0.000004,0.000031,0.000093,0.000202,0.000087,0.000008,0.000219,0.000758,0.001228,0.001018,0.000798,0.001538,0.002389,0.002062,0.000940,0.000147,-0.000105,-0.000066,-0.000156,-0.000393,-0.000359,-0.000276,-0.000345,-0.000435,-0.000463,-0.000498,-0.000335,0.000089,0.000368,0.000360,0.000173,0.000032,0.000048,0.000153,0.000165,-0.000254,-0.000912,-0.001441,-0.001369,-0.001069,-0.000903,-0.000433,-0.000026,-0.000034,0.000069,0.000267,0.000267,0.000121,-0.000075,-0.000166,-0.000081,0.000003,-0.000084,-0.000162,-0.000151,-0.000018,0.000146,0.000159,0.000153,0.000080,0.000046,0.000084,0.000104,0.000136,0.000142,0.000181,0.000203,0.000126,-0.000007,-0.000039,-0.000011,-0.000159,-0.000278,-0.000157,-0.000018,0.000007,-0.000001,0.000070,0.000014,-0.000079,-0.000143,-0.000177,-0.000172,-0.000184,-0.000050,0.000141,0.000255,0.000297,
-0.020472,-0.023224,-0.019102,-0.010188,-0.002571,0.002269,0.002823,0.001052,-0.000451,-0.001309,-0.001751,-0.001812,-0.000991,-0.000151,-0.000152,-0.000312,-0.000348,-0.000238,0.000252,0.000378,0.000005,-0.000402,-0.000893,-0.001223,-0.001180,-0.001133,-0.001139,-0.000737,-0.000137,0.000085,-0.000126,-0.000332,-0.000270,0.000094,0.000380,0.000385,0.000383,0.000420,0.000373,0.000131,-0.000344,-0.000629,-0.000524,-0.000474,-0.000508,-0.000285,-0.000012,-0.000001,-0.000205,-0.000389,-0.000482,-0.000501,-0.000396,-0.000248,-0.000139,-0.000209,-0.000514,-0.000606,-0.000060,0.000784,0.000907,0.000201,-0.000221,0.000279,0.000938,0.000909,0.000608,0.000450,0.000282,-0.000020,-0.000355,-0.000405,-0.000177,0.000033,0.000157,0.000134,0.000003,-0.000130,-0.000163,-0.000139,0.000044,0.000295,0.000472,0.000825,0.001386,0.001888,0.001511,-0.000076,-0.001541,-0.001757,-0.001341,-0.000817,-0.000261,-0.000149,-0.000419,-0.000547,-0.000425,-0.000224,-0.000047,0.000014,0.000021,0.000025,0.000003,0.000120,0.000208,0.000094,-0.000011,-0.000014,0.000040,0.000131,0.000214,0.000304,0.000232,0.000119,0.000122,0.000123,0.000003,-0.000071,-0.000008,-0.000005,0.000049,0.000179,0.000211,0.000251,0.000226,0.000160,0.000031,-0.000127,-0.000076,0.000069,0.000137,0.000097,0.000012,-0.000019,0.000065,0.000135,0.000106,0.000143,0.009727,0.004625,0.007635,0.008872,0.007730,0.004201,-0.000901,-0.002778,-0.000858,0.000782,0.000545,0.000136,0.000355,0.000273,0.000112,0.000320,0.000843,0.001673,0.002194,0.001996,0.001469,0.000584,-0.000414,-0.000761,-0.000451,0.000058,0.000414,0.000588,0.000400,-0.000094,-0.000397,-0.000293,-0.000135,0.000034,0.000194,0.000275,0.000270,-0.000124,-0.001004,-0.002042,-0.002299,-0.001627,-0.001036,-0.000780,-0.000184,0.000389,0.000356,0.000036,-0.000233,-0.000297,-0.000199,-0.000101,-0.000028,0.000082,0.000081,0.000075,0.000310,0.000842,0.001278,0.001045,0.000664,0.001032,0.001633,0.001364,0.000610,0.000049,-0.000330,-0.000371,-0.000359,-0.000462,-0.000394,-0.000287,-0.000259,-0.000250,-0.000361,-0.000462,-0.000327,-0.000059,0.000184,0.000331,0.000175,-0.000004,0.000086,0.000223,0.000216,-0.000211,-0.001068,-0.001547,-0.001378,-0.001113,-0.000861,-0.000305,0.000031,-0.000018,-0.000008,0.000223,0.000340,0.000235,0.000110,-0.000017,-0.000173,-0.000179,-0.000064,-0.000037,-0.000110,-0.000167,-0.000115,0.000059,0.000199,0.000211,0.000159,0.000074,-0.000015,0.000048,0.000223,0.000271,0.000272,0.000229,0.000086,-0.000067,-0.000183,-0.000152,-0.000076,-0.000043,-0.000006,-0.000021,0.000027,0.000017,-0.000008,-0.000040,-0.000163,-0.000343,-0.000436,-0.000251,-0.000014,0.000088,0.000121,0.000130,
-0.020206,-0.023159,-0.018957,-0.009656,-0.001628,0.003460,0.003926,0.001591,-0.000266,-0.000940,-0.001091,-0.001145,-0.000626,-0.000063,-0.000080,-0.000250,-0.000465,-0.000402,0.000146,0.000346,-0.000027,-0.000479,-0.000847,-0.001093,-0.001170,-0.001159,-0.001195,-0.001129,-0.000693,-0.000404,-0.000418,-0.000355,-0.000167,0.000170,0.000535,0.000582,0.000440,0.000481,0.000494,0.000136,-0.000382,-0.000580,-0.000527,-0.000502,-0.000393,-0.000151,0.000022,-0.000058,-0.000295,-0.000435,-0.000398,-0.000468,-0.000532,-0.000391,-0.000151,-0.000204,-0.000559,-0.000596,-0.000007,0.000843,0.001009,0.000353,0.000161,0.000624,0.000670,0.000208,0.000102,0.000549,0.000637,0.000233,-0.000069,-0.000202,-0.000150,0.000093,0.000251,0.000171,0.000097,-0.000055,-0.000329,-0.000349,-0.000146,0.000101,0.000481,0.001035,0.001645,0.002145,0.001619,-0.000134,-0.001535,-0.001578,-0.001091,-0.000667,-0.000237,-0.000124,-0.000418,-0.000599,-0.000466,-0.000163,0.000018,0.000041,0.000118,0.000108,-0.000068,-0.000044,0.000123,0.000095,0.000055,0.000165,0.000185,0.000104,0.000104,0.000178,0.000184,0.000105,0.000161,0.000128,-0.000064,-0.000072,-0.000055,-0.000062,0.000001,-0.000002,-0.000072,0.000043,0.000081,-0.000082,-0.000063,-0.000036,-0.000101,-0.000073,0.000083,0.000108,-0.000019,-0.000130,-0.000101,0.000052,0.000165,0.000261,0.007609,0.002849,0.006871,0.008657,0.007747,0.004392,-0.000729,-0.002912,-0.001263,0.000540,0.000507,0.000170,0.000350,0.000229,0.000073,0.000308,0.000919,0.001763,0.002234,0.002161,0.001623,0.000600,-0.000414,-0.000677,-0.000287,0.000126,0.000435,0.000575,0.000426,-0.000026,-0.000298,-0.000204,-0.000089,0.000000,0.000108,0.000138,0.000162,-0.000152,-0.001035,-0.001983,-0.002107,-0.001390,-0.000913,-0.000661,-0.000272,-0.000011,-0.000040,-0.000177,-0.000148,-0.000091,-0.000135,-0.000115,0.000054,0.000267,0.000324,0.000237,0.000361,0.000891,0.001296,0.001018,0.000821,0.001532,0.002170,0.001608,0.000479,-0.000020,0.000039,0.000030,-0.000277,-0.000599,-0.000530,-0.000287,-0.000078,-0.000057,-0.000375,-0.000537,-0.000360,0.000019,0.000363,0.000468,0.000282,0.000028,0.000008,0.000069,-0.000023,-0.000375,-0.000973,-0.001438,-0.001370,-0.001084,-0.000849,-0.000392,-0.000081,-0.000107,-0.000004,0.000218,0.000203,0.000059,-0.000089,-0.000127,-0.000102,-0.000179,-0.000097,-0.000049,-0.000080,-0.000023,-0.000008,0.000078,0.000140,0.000090,0.000055,-0.000009,0.000035,0.000072,0.000104,0.000257,0.000288,0.000197,0.000033,-0.000052,-0.000065,-0.000188,-0.000327,-0.000244,-0.000092,0.000016,0.000061,0.000031,0.000039,-0.000030,-0.000169,-0.000245,-0.000262,-0.000195,0.000061,0.000280,0.000246,0.000193,
-0.020171,-0.023231,-0.019021,-0.009388,-0.000957,0.004369,0.004741,0.002018,0.000028,-0.000259,-0.000281,-0.000861,-0.000851,-0.000265,-0.000084,-0.000171,-0.000314,-0.000324,0.000175,0.000424,0.000008,-0.000434,-0.000826,-0.001211,-0.001265,-0.001240,-0.001457,-0.001350,-0.000761,-0.000346,-0.000235,-0.000101,0.000162,0.000471,0.000677,0.000633,0.000442,0.000414,0.000302,-0.000124,-0.000641,-0.000783,-0.000523,-0.000385,-0.000433,-0.000311,-0.000078,-0.000075,-0.000359,-0.000489,-0.000452,-0.000462,-0.000326,-0.000131,-0.000053,-0.000086,-0.000358,-0.000507,-0.000006,0.000704,0.000744,0.000085,-0.000125,0.000585,0.001104,0.000903,0.000586,0.000536,0.000510,0.000164,-0.000170,-0.000286,-0.000344,-0.000089,0.000292,0.000432,0.000247,-0.000160,-0.000379,-0.000352,-0.000198,0.000013,0.000442,0.001057,0.001683,0.002142,0.001466,-0.000341,-0.001629,-0.001698,-0.001216,-0.000802,-0.000441,-0.000318,-0.000461,-0.000397,-0.000194,-0.000081,-0.000018,-0.000068,-0.000017,0.000047,-0.000005,0.000099,0.000163,0.000073,0.000034,0.000132,0.000192,0.000207,0.000198,0.000264,0.000226,0.000136,0.000169,0.000229,0.000117,-0.000053,-0.000022,0.000093,0.000114,0.000004,-0.000127,-0.000095,0.000022,0.000067,0.000071,0.000043,0.000046,0.000059,0.000178,0.000236,0.000108,-0.000009,0.000017,0.000077,0.000156,0.000247,0.005307,0.000478,0.005473,0.008234,0.007802,0.004548,-0.000899,-0.003395,-0.001690,0.000007,-0.000189,-0.000171,0.000701,0.000830,0.000349,0.000467,0.001130,0.001772,0.002136,0.001991,0.001546,0.000754,-0.000185,-0.000470,-0.000216,0.000029,0.000344,0.000556,0.000337,-0.000067,-0.000173,-0.000096,-0.000054,-0.000026,-0.000068,0.000104,0.000373,0.000065,-0.001044,-0.002195,-0.002243,-0.001437,-0.000852,-0.000552,-0.000070,0.000282,0.000170,-0.000066,-0.000115,-0.000122,-0.000094,0.000003,0.000054,0.000063,-0.000006,-0.000005,0.000247,0.000712,0.001064,0.000820,0.000568,0.001315,0.002134,0.001718,0.000636,0.000029,0.000095,0.000125,-0.000161,-0.000568,-0.000564,-0.000286,-0.000235,-0.000338,-0.000450,-0.000469,-0.000234,0.000138,0.000327,0.000418,0.000278,-0.000082,-0.000234,-0.000126,-0.000072,-0.000376,-0.000924,-0.001318,-0.001312,-0.001068,-0.000866,-0.000445,-0.000062,-0.000125,-0.000048,0.000221,0.000308,0.000131,-0.000008,-0.000141,-0.000239,-0.000255,-0.000259,-0.000231,-0.000079,0.000076,0.000158,0.000222,0.000176,0.000148,0.000113,0.000006,0.000010,0.000199,0.000214,0.000112,0.000270,0.000369,0.000187,0.000057,0.000034,0.000005,0.000009,0.000143,0.000182,0.000016,-0.000024,0.000102,0.000068,-0.000032,-0.000068,-0.000105,-0.000136,-0.000058,0.000095,0.000166,0.000205,0.000229,
-0.019462,-0.022864,-0.018987,-0.009159,-0.000326,0.005222,0.005207,0.001793,-0.000486,-0.000773,-0.000685,-0.001027,-0.000821,-0.000052,0.000132,-0.000090,-0.000286,-0.000268,0.000273,0.000575,0.000174,-0.000367,-0.000781,-0.001057,-0.001088,-0.001107,-0.001298,-0.001146,-0.000588,-0.000193,-0.000035,0.000051,0.000126,0.000305,0.000600,0.000618,0.000462,0.000520,0.000462,0.000067,-0.000513,-0.000731,-0.000491,-0.000422,-0.000459,-0.000275,-0.000074,-0.000071,-0.000263,-0.000373,-0.000397,-0.000397,-0.000382,-0.000311,-0.000118,-0.000099,-0.000442,-0.000561,-0.000051,0.000730,0.000941,0.000250,-0.000068,0.000683,0.001159,0.000773,0.000463,0.000666,0.000704,0.000333,-0.000003,-0.000095,0.000036,0.000279,0.000461,0.000577,0.000470,0.000094,-0.000223,-0.000291,-0.000220,-0.000030,0.000200,0.000701,0.001534,0.002160,0.001656,-0.000044,-0.001312,-0.001484,-0.001154,-0.000644,-0.000220,-0.000185,-0.000420,-0.000521,-0.000408,-0.000214,-0.000051,0.000044,0.000071,0.000068,0.000029,-0.000001,0.000054,0.000116,0.000027,-0.000014,-0.000031,-0.000037,0.000132,0.000282,0.000252,0.000224,0.000189,0.000098,-0.000027,-0.000106,-0.000182,-0.000144,-0.000036,-0.000024,0.000041,0.000078,0.000051,0.000028,-0.000018,-0.000062,0.000030,0.000108,0.000067,0.000038,-0.000054,-0.000014,0.000140,0.000224,0.000186,0.000165,0.003833,-0.000968,0.004610,0.007939,0.007645,0.004106,-0.001439,-0.003501,-0.001436,0.000306,0.000170,0.000349,0.001139,0.000992,0.000420,0.000424,0.000883,0.001560,0.002066,0.002024,0.001662,0.000810,-0.000229,-0.000571,-0.000289,0.000125,0.000409,0.000515,0.000320,-0.000053,-0.000153,-0.000033,0.000031,-0.000038,-0.000016,0.000245,0.000468,0.000113,-0.000998,-0.002125,-0.002238,-0.001470,-0.000809,-0.000524,-0.000107,0.000350,0.000290,-0.000086,-0.000314,-0.000236,-0.000150,-0.000080,0.000070,0.000157,0.000141,0.000161,0.000276,0.000726,0.001158,0.000861,0.000627,0.001388,0.002312,0.002125,0.001226,0.000620,0.000406,0.000299,0.000015,-0.000266,-0.000272,-0.000120,-0.000085,-0.000297,-0.000485,-0.000444,-0.000223,0.000063,0.000361,0.000429,0.000234,-0.000000,0.000045,0.000248,0.000122,-0.000419,-0.001089,-0.001474,-0.001385,-0.001145,-0.000934,-0.000462,-0.000104,-0.000087,0.000003,0.000172,0.000229,0.000183,-0.000054,-0.000220,-0.000197,-0.000163,-0.000228,-0.000200,-0.000069,-0.000055,-0.000020,0.000084,0.000128,0.000080,0.000103,0.000110,0.000063,0.000149,0.000232,0.000150,0.000163,0.000226,0.000180,0.000076,0.000010,-0.000033,-0.000033,-0.000038,-0.000004,0.000089,0.000131,0.000096,0.000004,-0.000121,-0.000184,-0.000172,-0.000182,-0.000128,0.000022,0.000237,0.000335,0.000247,
-0.018971,-0.022234,-0.018612,-0.008854,0.000272,0.005911,0.005531,0.001584,-0.000908,-0.001009,-0.000533,-0.000703,-0.000788,-0.000364,-0.000117,-0.000187,-0.000444,-0.000456,0.000082,0.000307,-0.000010,-0.000469,-0.000814,-0.001070,-0.001137,-0.001141,-0.001301,-0.001237,-0.000748,-0.000302,-0.000143,-0.000092,-0.000128,0.000004,0.000398,0.000572,0.000441,0.000345,0.000281,-0.000009,-0.000425,-0.000591,-0.000476,-0.000503,-0.000608,-0.000401,-0.000088,0.000024,-0.000062,-0.000210,-0.000320,-0.000457,-0.000493,-0.000418,-0.000253,-0.000231,-0.000516,-0.000510,0.000040,0.000826,0.001053,0.000473,0.000021,0.000287,0.000637,0.000464,0.000281,0.000475,0.000528,0.000141,-0.000235,-0.000282,-0.000208,-0.000051,0.000132,0.000123,-0.000006,-0.000134,-0.000206,-0.000199,-0.000095,0.000116,0.000479,0.000915,0.001576,0.002168,0.001661,-0.000124,-0.001500,-0.001641,-0.001308,-0.000825,-0.000383,-0.000184,-0.000284,-0.000458,-0.000342,-0.000158,-0.000121,-0.000033,0.000027,-0.000003,-0.000013,0.000043,0.000109,0.000063,-0.000081,-0.000200,-0.000056,0.000054,0.000025,0.000053,0.000139,0.000109,0.000105,0.000044,-0.000140,-0.000230,-0.000248,-0.000081,0.000068,0.000026,-0.000049,0.000017,0.000151,0.000154,0.000010,-0.000059,0.000061,0.000266,0.000265,0.000127,0.000021,-0.000126,-0.000191,-0.000069,0.000048,0.000165,0.001643,-0.003092,0.003525,0.007490,0.007161,0.003727,-0.001721,-0.003714,-0.001271,0.000724,0.000300,-0.000191,0.000278,0.000518,0.000391,0.000523,0.000986,0.001499,0.001710,0.001652,0.001311,0.000513,-0.000473,-0.000760,-0.000412,0.000001,0.000419,0.000642,0.000449,0.000066,-0.000218,-0.000314,-0.000222,-0.000078,0.000059,0.000251,0.000406,0.000041,-0.001069,-0.002126,-0.002288,-0.001589,-0.000954,-0.000591,-0.000110,0.000241,0.000193,-0.000026,-0.000174,-0.000266,-0.000174,-0.000028,0.000029,0.000162,0.000271,0.000202,0.000213,0.000556,0.000995,0.000844,0.000630,0.001343,0.002041,0.001628,0.000731,0.000111,-0.000051,-0.000004,-0.000213,-0.000377,-0.000275,-0.000118,-0.000027,-0.000211,-0.000447,-0.000459,-0.000231,0.000094,0.000335,0.000409,0.000164,0.000038,0.000031,-0.000005,0.000039,-0.000309,-0.000988,-0.001424,-0.001351,-0.001052,-0.000865,-0.000461,-0.000143,-0.000121,0.000103,0.000313,0.000273,0.000128,0.000038,0.000018,0.000045,-0.000041,-0.000177,-0.000173,-0.000164,-0.000130,-0.000028,0.000097,0.000192,0.000234,0.000210,0.000160,0.000184,0.000306,0.000380,0.000306,0.000218,0.000251,0.000210,0.000081,0.000013,-0.000037,-0.000085,-0.000049,0.000041,0.000037,0.000050,0.000044,-0.000013,-0.000076,-0.000175,-0.000286,-0.000285,-0.000151,-0.000017,0.000138,0.000242,0.000183,
-0.018108,-0.021801,-0.018282,-0.008379,0.000665,0.006162,0.005571,0.001402,-0.000983,-0.000963,-0.000890,-0.001525,-0.001468,-0.000569,-0.000040,-0.000110,-0.000428,-0.000443,0.000066,0.000353,0.000076,-0.000344,-0.000730,-0.001052,-0.001036,-0.001006,-0.001162,-0.001005,-0.000431,0.000029,-0.000010,-0.000170,-0.000062,0.000136,0.000325,0.000349,0.000330,0.000361,0.000231,-0.000127,-0.000552,-0.000749,-0.000638,-0.000500,-0.000547,-0.000399,-0.000202,-0.000260,-0.000379,-0.000373,-0.000281,-0.000304,-0.000416,-0.000307,-0.000050,-0.000123,-0.000480,-0.000589,-0.000064,0.000605,0.000661,0.000041,-0.000093,0.000649,0.000917,0.000375,-0.000005,0.000113,0.000265,0.000100,-0.000209,-0.000230,-0.000139,-0.000044,0.000058,0.000112,0.000068,-0.000128,-0.000332,-0.000269,-0.000050,0.000126,0.000386,0.000884,0.001612,0.002086,0.001476,-0.000172,-0.001480,-0.001630,-0.001175,-0.000706,-0.000374,-0.000284,-0.000467,-0.000503,-0.000291,-0.000157,-0.000049,0.000055,0.000123,0.000090,-0.000047,-0.000059,0.000020,-0.000014,-0.000105,-0.000085,0.000003,0.000107,0.000164,0.000144,0.000141,0.000105,0.000040,0.000045,0.000045,-0.000022,-0.000082,-0.000064,-0.000013,0.000017,0.000031,0.000086,0.000141,0.000128,0.000062,0.000004,0.000035,0.000064,0.000109,0.000205,0.000130,-0.000056,-0.000132,-0.000032,0.000115,0.000231,0.000911,-0.003757,0.003107,0.007347,0.007053,0.003326,-0.002176,-0.003791,-0.001027,0.001000,0.000673,0.000597,0.001246,0.000988,0.000260,0.000218,0.000731,0.001539,0.001970,0.001792,0.001457,0.000709,-0.000326,-0.000663,-0.000392,-0.000054,0.000404,0.000786,0.000741,0.000291,-0.000078,-0.000265,-0.000294,-0.000229,-0.000111,0.000037,0.000122,-0.000146,-0.000963,-0.001946,-0.002192,-0.001456,-0.000767,-0.000417,0.000032,0.000390,0.000257,-0.000001,-0.000045,-0.000095,-0.000148,-0.000115,0.000000,0.000179,0.000234,0.000164,0.000215,0.000621,0.001036,0.000811,0.000694,0.001593,0.002405,0.001797,0.000574,0.000048,0.000142,0.000182,-0.000013,-0.000227,-0.000231,-0.000089,-0.000086,-0.000340,-0.000557,-0.000527,-0.000242,0.000175,0.000351,0.000254,0.000133,0.000004,-0.000029,0.000022,-0.000047,-0.000389,-0.000973,-0.001472,-0.001467,-0.001147,-0.000843,-0.000397,-0.000017,0.000070,0.000094,0.000159,0.000198,0.000167,0.000116,0.000041,-0.000101,-0.000160,-0.000134,-0.000075,-0.000053,-0.000108,-0.000031,0.000157,0.000191,0.000169,0.000195,0.000191,0.000171,0.000201,0.000267,0.000200,0.000218,0.000297,0.000157,-0.000044,-0.000125,-0.000168,-0.000185,-0.000146,-0.000034,-0.000026,-0.000013,0.000005,-0.000035,-0.000110,-0.000247,-0.000241,-0.000132,-0.000009,0.000116,0.000221,0.000308,0.000262,
-0.017446,-0.021321,-0.018033,-0.008172,0.000948,0.006197,0.005199,0.001148,-0.000934,-0.000998,-0.001147,-0.001754,-0.001571,-0.000621,0.000008,0.000041,-0.000268,-0.000213,0.000228,0.000392,0.000132,-0.000189,-0.000583,-0.001021,-0.001032,-0.000866,-0.000986,-0.001005,-0.000535,-0.000073,-0.000004,0.000065,0.000239,0.000369,0.000528,0.000530,0.000443,0.000376,0.000252,-0.000006,-0.000468,-0.000705,-0.000561,-0.000524,-0.000551,-0.000294,0.000054,0.000118,-0.000008,-0.000196,-0.000322,-0.000357,-0.000352,-0.000239,-0.000024,-0.000096,-0.000417,-0.000601,-0.000119,0.000677,0.000732,-0.000095,-0.000439,0.000343,0.000977,0.000634,0.000115,0.000140,0.000209,-0.000119,-0.000385,-0.000268,-0.000086,0.000002,0.000121,0.000262,0.000247,-0.000015,-0.000327,-0.000281,-0.000019,0.000124,0.000277,0.000819,0.001585,0.002084,0.001514,-0.000221,-0.001662,-0.001803,-0.001259,-0.000598,-0.000083,-0.000096,-0.000434,-0.000606,-0.000465,-0.000317,-0.000122,0.000124,0.000119,0.000052,0.000131,0.000157,0.000110,0.000077,0.000064,-0.000008,-0.000047,0.000058,0.000157,0.000204,0.000196,0.000174,0.000246,0.000240,0.000097,-0.000021,-0.000004,-0.000013,0.000019,0.000119,0.000128,0.000111,0.000172,0.000200,0.000047,-0.000073,0.000022,0.000126,0.000194,0.000190,-0.000012,-0.000101,0.000029,0.000096,0.000099,0.000128,0.000005,-0.004568,0.002773,0.007072,0.006527,0.002901,-0.002344,-0.003782,-0.001162,0.000444,0.000089,0.000203,0.000902,0.000798,0.000253,0.000101,0.000566,0.001372,0.001754,0.001709,0.001374,0.000538,-0.000453,-0.000759,-0.000359,0.000053,0.000389,0.000600,0.000541,0.000247,0.000008,0.000058,0.000023,-0.000004,0.000140,0.000183,0.000191,-0.000067,-0.000957,-0.002046,-0.002223,-0.001479,-0.000849,-0.000581,-0.000075,0.000346,0.000237,-0.000072,-0.000138,-0.000144,-0.000208,-0.000096,0.000116,0.000223,0.000281,0.000240,0.000300,0.000554,0.000781,0.000707,0.000532,0.001088,0.001869,0.001687,0.000632,-0.000127,-0.000226,-0.000140,-0.000178,-0.000394,-0.000460,-0.000356,-0.000263,-0.000251,-0.000446,-0.000566,-0.000327,0.000039,0.000315,0.000418,0.000174,0.000028,0.000079,0.000106,0.000128,-0.000202,-0.000985,-0.001501,-0.001348,-0.000989,-0.000698,-0.000337,-0.000076,-0.000062,0.000094,0.000330,0.000303,0.000134,-0.000023,-0.000160,-0.000112,-0.000182,-0.000292,-0.000212,-0.000165,-0.000148,-0.000093,0.000022,0.000119,0.000144,0.000122,0.000055,0.000128,0.000236,0.000152,0.000174,0.000265,0.000161,0.000132,0.000025,-0.000104,-0.000099,-0.000087,-0.000042,-0.000011,-0.000041,-0.000115,-0.000006,0.000126,-0.000020,-0.000134,-0.000211,-0.000278,-0.000113,0.000060,0.000188,0.000185,0.000150,
-0.017100,-0.021093,-0.017986,-0.008165,0.000947,0.006081,0.004839,0.000577,-0.001398,-0.001172,-0.001060,-0.001299,-0.001085,-0.000584,-0.000262,-0.000228,-0.000415,-0.000258,0.000339,0.000461,0.000023,-0.000204,-0.000470,-0.000934,-0.001015,-0.000937,-0.001102,-0.001045,-0.000533,-0.000133,0.000054,0.000187,0.000197,0.000286,0.000476,0.000544,0.000414,0.000310,0.000234,-0.000104,-0.000588,-0.000767,-0.000519,-0.000368,-0.000429,-0.000306,-0.000092,-0.000064,-0.000211,-0.000308,-0.000391,-0.000425,-0.000304,-0.000248,-0.000215,-0.000257,-0.000492,-0.000560,-0.000029,0.000817,0.001027,0.000470,0.000243,0.000578,0.000669,0.000332,0.000244,0.000523,0.000459,0.000038,-0.000297,-0.000383,-0.000302,-0.000108,0.000104,0.000233,0.000073,-0.000189,-0.000340,-0.000271,-0.000087,0.000022,0.000312,0.000802,0.001441,0.001949,0.001453,-0.000174,-0.001505,-0.001686,-0.001277,-0.000744,-0.000281,-0.000207,-0.000462,-0.000525,-0.000403,-0.000312,-0.000162,-0.000040,0.000019,0.000160,0.000100,0.000022,0.000175,0.000161,0.000072,0.000070,0.000076,0.000152,0.000217,0.000189,0.000149,0.000124,0.000078,0.000001,-0.000058,-0.000108,-0.000123,-0.000040,0.000053,0.000059,0.000047,0.000200,0.000239,0.000164,0.000065,-0.000070,0.000004,0.000159,0.000195,0.000081,-0.000068,-0.000062,0.000037,0.000092,0.000049,0.000094,-0.000360,-0.004806,0.002488,0.006939,0.006441,0.002652,-0.002328,-0.003435,-0.000618,0.001315,0.000976,0.000490,0.000609,0.000451,0.000126,0.000263,0.000770,0.001360,0.001595,0.001539,0.001355,0.000697,-0.000220,-0.000643,-0.000415,0.000004,0.000277,0.000455,0.000479,0.000215,-0.000059,-0.000202,-0.000162,-0.000082,0.000018,0.000156,0.000269,-0.000111,-0.001130,-0.002036,-0.002084,-0.001387,-0.000770,-0.000381,0.000005,0.000365,0.000285,-0.000106,-0.000354,-0.000349,-0.000205,-0.000047,0.000118,0.000166,0.000156,0.000169,0.000260,0.000661,0.001035,0.000768,0.000641,0.001350,0.001884,0.001520,0.000826,0.000426,0.000254,-0.000005,-0.000353,-0.000662,-0.000666,-0.000401,-0.000185,-0.000194,-0.000271,-0.000327,-0.000320,-0.000029,0.000263,0.000264,0.000178,0.000120,0.000058,0.000071,0.000080,-0.000288,-0.000910,-0.001365,-0.001342,-0.001116,-0.000893,-0.000422,-0.000094,-0.000116,-0.000072,0.000051,0.000131,0.000091,0.000007,-0.000049,-0.000165,-0.000264,-0.000199,-0.000094,-0.000108,-0.000183,-0.000105,0.000046,0.000135,0.000151,0.000082,-0.000011,0.000082,0.000230,0.000306,0.000282,0.000262,0.000172,0.000090,0.000041,-0.000016,-0.000018,-0.000125,-0.000185,-0.000153,-0.000149,-0.000082,-0.000006,-0.000009,-0.000138,-0.000311,-0.000328,-0.000273,-0.000107,0.000084,0.000200,0.000314,0.000381,
-0.016641,-0.020754,-0.017939,-0.008243,0.000728,0.005589,0.004443,0.000562,-0.001103,-0.000671,-0.000629,-0.001307,-0.001332,-0.000567,-0.000045,0.000015,-0.000181,-0.000156,0.000204,0.000270,-0.000060,-0.000194,-0.000409,-0.000879,-0.000902,-0.000828,-0.001054,-0.001081,-0.000666,-0.000225,-0.000004,0.000164,0.000250,0.000399,0.000539,0.000487,0.000423,0.000416,0.000294,-0.000055,-0.000466,-0.000639,-0.000482,-0.000361,-0.000433,-0.000325,-0.000106,-0.000046,-0.000150,-0.000254,-0.000358,-0.000504,-0.000461,-0.000223,0.000033,-0.000000,-0.000394,-0.000564,0.000001,0.000772,0.000712,-0.000069,-0.000294,0.000390,0.000738,0.000412,0.000268,0.000529,0.000600,0.000209,-0.000228,-0.000364,-0.000260,0.000038,0.000307,0.000320,0.000115,-0.000191,-0.000451,-0.000440,-0.000208,0.000088,0.000375,0.000787,0.001518,0.002111,0.001567,-0.000126,-0.001491,-0.001694,-0.001274,-0.000707,-0.000232,-0.000211,-0.000484,-0.000561,-0.000395,-0.000229,-0.000068,0.000025,0.000062,0.000028,-0.000076,-0.000036,0.000078,0.000113,0.000175,0.000128,0.000072,0.000149,0.000242,0.000292,0.000187,0.000174,0.000219,0.000187,0.000046,-0.000039,0.000003,0.000024,-0.000009,-0.000031,0.000001,0.000087,0.000142,0.000095,0.000040,0.000083,0.000139,0.000151,0.000087,-0.000030,-0.000080,-0.000065,0.000017,0.000051,0.000068,0.000150,-0.001059,-0.005732,0.002079,0.006777,0.006265,0.002539,-0.002334,-0.003142,-0.000294,0.001314,0.000811,0.000478,0.000714,0.000572,0.000226,0.000240,0.000688,0.001364,0.001793,0.001673,0.001285,0.000636,-0.000284,-0.000699,-0.000476,-0.000152,0.000183,0.000464,0.000503,0.000285,0.000156,0.000161,0.000034,-0.000069,0.000025,0.000234,0.000407,0.000024,-0.001020,-0.002040,-0.002130,-0.001373,-0.000799,-0.000426,0.000103,0.000440,0.000287,-0.000127,-0.000307,-0.000309,-0.000245,-0.000024,0.000167,0.000163,0.000182,0.000214,0.000294,0.000731,0.001114,0.000698,0.000484,0.001419,0.002307,0.001792,0.000447,-0.000311,-0.000165,0.000020,-0.000235,-0.000551,-0.000417,-0.000146,0.000007,0.000024,-0.000227,-0.000433,-0.000336,-0.000019,0.000308,0.000407,0.000249,0.000071,0.000064,0.000113,0.000056,-0.000299,-0.000885,-0.001285,-0.001230,-0.000958,-0.000758,-0.000402,0.000032,0.000091,0.000021,0.000141,0.000220,0.000107,-0.000064,-0.000122,-0.000136,-0.000184,-0.000184,-0.000222,-0.000184,-0.000044,0.000109,0.000255,0.000276,0.000147,0.000011,0.000031,0.000138,0.000162,0.000130,0.000104,0.000251,0.000303,0.000194,0.000068,-0.000072,-0.000186,-0.000251,-0.000158,0.000020,0.000003,-0.000025,0.000005,0.000002,-0.000078,-0.000172,-0.000204,-0.000181,-0.000131,0.000034,0.000249,0.000350,0.000245,
-0.016927,-0.021048,-0.017993,-0.008302,0.000527,0.005240,0.003895,0.000036,-0.001449,-0.001034,-0.000999,-0.001453,-0.001165,-0.000267,0.000091,-0.000090,-0.000334,-0.000211,0.000358,0.000465,-0.000004,-0.000337,-0.000572,-0.000895,-0.001003,-0.000935,-0.001045,-0.001057,-0.000707,-0.000247,0.000085,0.000315,0.000590,0.000671,0.000568,0.000560,0.000495,0.000385,0.000175,-0.000194,-0.000618,-0.000873,-0.000723,-0.000447,-0.000396,-0.000295,-0.000153,-0.000096,-0.000205,-0.000310,-0.000287,-0.000341,-0.000264,-0.000141,-0.000090,-0.000048,-0.000346,-0.000458,0.000090,0.000768,0.000830,0.000140,-0.000000,0.000765,0.001218,0.000920,0.000599,0.000606,0.000579,0.000265,-0.000061,-0.000188,-0.000144,0.000159,0.000428,0.000428,0.000292,0.000001,-0.000318,-0.000357,-0.000152,0.000120,0.000533,0.001070,0.001744,0.002299,0.001742,0.000002,-0.001380,-0.001615,-0.001297,-0.000865,-0.000422,-0.000247,-0.000495,-0.000702,-0.000560,-0.000259,-0.000101,0.000025,0.000153,0.000073,-0.000085,-0.000091,-0.000002,0.000015,0.000006,0.000023,0.000087,0.000232,0.000322,0.000305,0.000176,0.000063,0.000170,0.000210,0.000024,-0.000125,-0.000104,0.000027,0.000069,0.000042,0.000093,0.000094,0.000035,0.000034,0.000052,0.000064,0.000143,0.000193,0.000093,0.000058,0.000016,-0.000078,-0.000040,0.000044,0.000137,0.000315,-0.000885,-0.005430,0.002289,0.006884,0.006152,0.002275,-0.002594,-0.003275,-0.000244,0.001502,0.001124,0.000806,0.000936,0.000607,-0.000001,-0.000126,0.000493,0.001370,0.001821,0.001720,0.001350,0.000658,-0.000320,-0.000683,-0.000388,-0.000079,0.000201,0.000445,0.000535,0.000437,0.000419,0.000493,0.000371,0.000081,-0.000037,0.000327,0.000665,0.000246,-0.000861,-0.002073,-0.002258,-0.001344,-0.000528,-0.000227,0.000072,0.000349,0.000258,-0.000071,-0.000218,-0.000248,-0.000220,-0.000043,0.000133,0.000266,0.000260,0.000204,0.000262,0.000671,0.001100,0.000852,0.000626,0.001365,0.002307,0.002049,0.000955,0.000291,0.000215,0.000172,-0.000092,-0.000323,-0.000334,-0.000235,-0.000162,-0.000333,-0.000493,-0.000513,-0.000347,0.000043,0.000414,0.000421,0.000066,-0.000119,0.000019,0.000197,0.000231,-0.000196,-0.000937,-0.001482,-0.001440,-0.001151,-0.000937,-0.000482,-0.000160,-0.000196,-0.000112,0.000119,0.000159,0.000044,-0.000027,-0.000055,-0.000103,-0.000194,-0.000257,-0.000216,-0.000083,0.000001,-0.000010,0.000080,0.000135,0.000105,0.000037,-0.000033,0.000089,0.000225,0.000275,0.000291,0.000277,0.000169,0.000125,0.000080,-0.000023,-0.000104,-0.000107,-0.000074,0.000002,0.000022,0.000112,0.000179,0.000150,-0.000025,-0.000216,-0.000276,-0.000275,-0.000114,0.000022,0.000128,0.000247,0.000226,
-0.016872,-0.020840,-0.017999,-0.008602,-0.000012,0.004705,0.003427,-0.000349,-0.001576,-0.001047,-0.001138,-0.001482,-0.000923,-0.000102,0.000082,-0.000043,-0.000244,-0.000103,0.000435,0.000463,-0.000017,-0.000333,-0.000541,-0.000817,-0.000929,-0.000957,-0.001126,-0.001121,-0.000750,-0.000313,-0.000064,0.000193,0.000424,0.000396,0.000481,0.000513,0.000518,0.000573,0.000398,-0.000020,-0.000442,-0.000610,-0.000542,-0.000520,-0.000602,-0.000448,-0.000032,0.000044,-0.000103,-0.000182,-0.000208,-0.000319,-0.000396,-0.000256,-0.000048,-0.000147,-0.000497,-0.000436,0.000156,0.000883,0.000963,0.000230,-0.000187,0.000229,0.000663,0.000472,0.000181,0.000336,0.000527,0.000295,-0.000138,-0.000250,-0.000086,0.000117,0.000201,0.000221,0.000236,0.000019,-0.000342,-0.000493,-0.000278,0.000070,0.000377,0.000842,0.001582,0.002182,0.001651,-0.000053,-0.001395,-0.001619,-0.001299,-0.000801,-0.000244,-0.000133,-0.000387,-0.000462,-0.000323,-0.000133,-0.000032,0.000033,0.000083,0.000079,-0.000011,-0.000050,-0.000005,-0.000014,-0.000054,-0.000017,0.000057,0.000202,0.000266,0.000197,0.000102,0.000042,0.000062,0.000053,0.000024,0.000043,0.000015,0.000011,0.000039,-0.000056,-0.000050,0.000106,0.000189,0.000082,-0.000127,-0.000152,-0.000034,0.000038,0.000052,0.000059,-0.000013,-0.000133,-0.000122,-0.000003,0.000141,0.000228,-0.001017,-0.005744,0.001819,0.006615,0.006084,0.002267,-0.002375,-0.002965,-0.000210,0.001274,0.000871,0.000865,0.001279,0.000721,0.000015,0.000066,0.000603,0.001334,0.001677,0.001524,0.001287,0.000685,-0.000309,-0.000747,-0.000507,-0.000039,0.000367,0.000566,0.000537,0.000352,0.000264,0.000230,0.000062,-0.000138,-0.000060,0.000240,0.000362,-0.000033,-0.001006,-0.002075,-0.002207,-0.001389,-0.000786,-0.000519,-0.000123,0.000225,0.000185,-0.000037,-0.000192,-0.000218,-0.000110,-0.000086,0.000107,0.000268,0.000200,0.000194,0.000321,0.000656,0.001032,0.000827,0.000685,0.001449,0.002226,0.001984,0.001105,0.000403,0.000172,0.000106,-0.000206,-0.000416,-0.000335,-0.000094,0.000140,0.000055,-0.000304,-0.000530,-0.000370,0.000060,0.000349,0.000356,0.000242,0.000129,0.000085,0.000105,0.000087,-0.000345,-0.001116,-0.001624,-0.001422,-0.001126,-0.000951,-0.000379,-0.000015,-0.000074,0.000019,0.000184,0.000217,0.000105,-0.000129,-0.000196,-0.000146,-0.000160,-0.000251,-0.000222,-0.000097,0.000036,0.000179,0.000229,0.000247,0.000203,0.000126,0.000126,0.000169,0.000146,0.000088,0.000135,0.000204,0.000158,0.000062,0.000022,0.000016,-0.000045,-0.000190,-0.000230,-0.000093,-0.000037,-0.000032,0.000015,-0.000051,-0.000161,-0.000191,-0.000219,-0.000141,0.000026,0.000156,0.000202,0.000235,0.000227,
-0.017222,-0.021119,-0.018220,-0.008791,-0.000247,0.004374,0.003126,-0.000556,-0.001906,-0.001331,-0.001086,-0.001503,-0.001636,-0.000976,-0.000250,-0.000118,-0.000488,-0.000558,0.000058,0.000300,0.000017,-0.000288,-0.000629,-0.000813,-0.000724,-0.000697,-0.000859,-0.000975,-0.000704,-0.000250,-0.000008,0.000116,0.000179,0.000271,0.000447,0.000474,0.000385,0.000335,0.000281,0.000082,-0.000421,-0.000689,-0.000535,-0.000457,-0.000518,-0.000367,-0.000084,-0.000072,-0.000168,-0.000182,-0.000193,-0.000311,-0.000291,-0.000075,0.000042,-0.000106,-0.000445,-0.000518,0.000095,0.000848,0.000866,0.000247,0.000133,0.000757,0.000922,0.000428,0.000068,0.000242,0.000399,0.000220,-0.000128,-0.000219,-0.000071,0.000150,0.000255,0.000201,0.000002,-0.000212,-0.000331,-0.000290,-0.000106,0.000069,0.000349,0.000921,0.001638,0.002161,0.001669,-0.000063,-0.001557,-0.001768,-0.001272,-0.000737,-0.000330,-0.000201,-0.000396,-0.000521,-0.000494,-0.000351,-0.000148,-0.000022,0.000161,0.000171,0.000006,-0.000017,0.000071,0.000022,-0.000022,0.000043,0.000078,0.000154,0.000258,0.000333,0.000302,0.000188,0.000182,0.000159,-0.000024,-0.000090,-0.000035,-0.000016,-0.000037,-0.000057,0.000001,0.000094,0.000072,0.000077,0.000113,0.000013,-0.000039,0.000017,0.000057,0.000042,-0.000079,-0.000187,-0.000035,0.000132,0.000108,0.000070,-0.000370,-0.005127,0.002201,0.006756,0.006123,0.002280,-0.002449,-0.002974,-0.000048,0.001347,0.000595,0.000160,0.000546,0.000512,0.000216,0.000193,0.000475,0.001150,0.001612,0.001525,0.001217,0.000582,-0.000253,-0.000629,-0.000474,-0.000192,0.000099,0.000421,0.000548,0.000385,0.000177,0.000110,-0.000039,-0.000170,-0.000035,0.000149,0.000189,-0.000184,-0.001169,-0.002122,-0.002145,-0.001448,-0.000954,-0.000612,-0.000103,0.000222,0.000192,-0.000050,-0.000215,-0.000217,-0.000086,-0.000028,0.000065,0.000290,0.000222,0.000051,0.000133,0.000506,0.000917,0.000741,0.000614,0.001338,0.002006,0.001633,0.000657,0.000104,0.000048,0.000074,-0.000078,-0.000194,-0.000130,-0.000027,-0.000040,-0.000214,-0.000415,-0.000354,-0.000144,0.000065,0.000313,0.000249,0.000030,-0.000099,-0.000145,-0.000036,0.000041,-0.000226,-0.000908,-0.001479,-0.001329,-0.001065,-0.000826,-0.000311,0.000021,-0.000037,-0.000002,0.000164,0.000151,0.000013,-0.000085,-0.000134,-0.000100,-0.000079,-0.000109,-0.000119,-0.000089,-0.000099,-0.000032,0.000093,0.000217,0.000283,0.000217,0.000091,0.000101,0.000122,0.000050,0.000043,0.000094,0.000155,0.000121,0.000047,-0.000018,-0.000090,-0.000077,-0.000022,-0.000003,-0.000064,-0.000104,-0.000037,-0.000006,-0.000148,-0.000236,-0.000247,-0.000204,-0.000088,0.000123,0.000343,0.000303,0.000250,
-0.017927,-0.021678,-0.018243,-0.008911,-0.000674,0.003872,0.002565,-0.000882,-0.001763,-0.001300,-0.001722,-0.002290,-0.001859,-0.000984,-0.000421,-0.000342,-0.000547,-0.000358,0.000250,0.000422,0.000102,-0.000185,-0.000422,-0.000675,-0.000831,-0.000932,-0.001059,-0.000896,-0.000359,-0.000008,0.000012,0.000111,0.000321,0.000426,0.000555,0.000506,0.000315,0.000330,0.000306,0.000066,-0.000353,-0.000659,-0.000607,-0.000537,-0.000603,-0.000475,-0.000151,-0.000015,-0.000128,-0.000193,-0.000211,-0.000235,-0.000262,-0.000234,-0.000082,-0.000024,-0.000257,-0.000453,-0.000011,0.000678,0.000688,-0.000074,-0.000389,0.000256,0.000650,0.000306,-0.000083,-0.000017,0.000129,-0.000099,-0.000281,-0.000154,0.000021,0.000181,0.000249,0.000213,0.000195,-0.000035,-0.000278,-0.000146,0.000027,0.000096,0.000303,0.000768,0.001469,0.001992,0.001461,-0.000295,-0.001668,-0.001735,-0.001321,-0.000748,-0.000226,-0.000227,-0.000465,-0.000516,-0.000386,-0.000161,0.000052,0.000113,0.000095,0.000090,0.000046,0.000039,0.000015,0.000004,-0.000013,-0.000050,0.000123,0.000239,0.000265,0.000269,0.000214,0.000190,0.000173,0.000102,-0.000133,-0.000168,-0.000028,0.000012,-0.000004,0.000029,0.000106,0.000088,0.000092,0.000085,-0.000034,-0.000045,0.000088,0.000144,0.000026,-0.000081,-0.000135,-0.000102,-0.000064,-0.000003,0.000041,0.000176,0.001334,-0.003205,0.003417,0.007148,0.006124,0.002114,-0.002638,-0.003041,-0.000072,0.001491,0.001323,0.001389,0.001445,0.000858,0.000272,-0.000005,0.000305,0.001126,0.001712,0.001639,0.001295,0.000729,-0.000208,-0.000741,-0.000587,-0.000211,0.000117,0.000345,0.000360,0.000294,0.000317,0.000373,0.000242,0.000009,-0.000084,-0.000012,0.000073,-0.000134,-0.000928,-0.001949,-0.002161,-0.001424,-0.000778,-0.000505,-0.000052,0.000298,0.000292,0.000059,-0.000054,0.000015,-0.000009,-0.000045,0.000074,0.000262,0.000255,0.000176,0.000261,0.000593,0.000902,0.000635,0.000424,0.001347,0.002376,0.002253,0.001072,0.000074,-0.000120,-0.000015,-0.000155,-0.000285,-0.000152,-0.000109,-0.000235,-0.000375,-0.000509,-0.000469,-0.000273,0.000089,0.000425,0.000406,0.000198,0.000011,-0.000029,0.000146,0.000080,-0.000539,-0.001154,-0.001364,-0.001220,-0.000999,-0.000778,-0.000327,-0.000007,-0.000052,0.000051,0.000329,0.000368,0.000206,0.000086,-0.000038,-0.000108,-0.000112,-0.000126,-0.000074,-0.000083,-0.000075,0.000081,0.000190,0.000256,0.000238,0.000113,0.000041,0.000112,0.000173,0.000129,0.000168,0.000273,0.000231,0.000128,0.000056,-0.000016,-0.000138,-0.000125,-0.000052,-0.000058,-0.000011,0.000050,0.000026,-0.000042,-0.000106,-0.000239,-0.000281,-0.000224,-0.000087,0.000075,0.000121,0.000128,0.000095,
-0.018721,-0.022184,-0.018772,-0.009469,-0.001225,0.003307,0.002145,-0.001404,-0.002534,-0.001854,-0.001432,-0.001290,-0.000735,0.000155,0.000629,0.000371,-0.000084,-0.000109,0.000229,0.000278,-0.000003,-0.000316,-0.000585,-0.000834,-0.000861,-0.000728,-0.000931,-0.000909,-0.000371,-0.000048,-0.000060,0.000056,0.000306,0.000431,0.000519,0.000550,0.000399,0.000394,0.000417,0.000071,-0.000575,-0.000797,-0.000511,-0.000291,-0.000343,-0.000301,-0.000056,-0.000009,-0.000130,-0.000292,-0.000399,-0.000460,-0.000408,-0.000155,0.000029,-0.000105,-0.000379,-0.000476,-0.000071,0.000671,0.000865,0.000219,-0.000093,0.000476,0.000879,0.000704,0.000436,0.000428,0.000538,0.000218,-0.000214,-0.000319,-0.000210,0.000059,0.000204,0.000179,0.000112,-0.000012,-0.000111,-0.000160,-0.000082,0.000151,0.000458,0.000839,0.001483,0.002030,0.001540,-0.000192,-0.001637,-0.001845,-0.001437,-0.000821,-0.000291,-0.000155,-0.000370,-0.000521,-0.000350,-0.000166,-0.000158,-0.000058,0.000064,0.000097,0.000086,0.000032,0.000021,-0.000001,-0.000012,0.000090,0.000177,0.000173,0.000169,0.000239,0.000209,0.000052,0.000000,0.000033,0.000027,-0.000035,-0.000114,-0.000071,-0.000072,-0.000056,0.000063,0.000073,0.000046,0.000026,-0.000031,-0.000023,0.000055,0.000040,0.000052,0.000057,-0.000067,-0.000060,0.000014,0.000065,0.000085,0.000095,0.002551,-0.002099,0.003934,0.007250,0.006243,0.002147,-0.002743,-0.003138,-0.000123,0.001224,0.000453,0.000150,0.000580,0.000267,-0.000405,-0.000509,0.000023,0.000921,0.001520,0.001467,0.001175,0.000612,-0.000308,-0.000676,-0.000384,-0.000035,0.000236,0.000417,0.000445,0.000261,0.000226,0.000317,0.000114,-0.000070,-0.000083,0.000080,0.000210,-0.000061,-0.000994,-0.002103,-0.002300,-0.001448,-0.000813,-0.000657,-0.000265,0.000179,0.000177,-0.000033,-0.000183,-0.000208,-0.000131,-0.000062,0.000078,0.000275,0.000225,0.000051,0.000137,0.000625,0.001117,0.000890,0.000646,0.001263,0.001737,0.001317,0.000585,0.000125,-0.000052,-0.000148,-0.000292,-0.000509,-0.000487,-0.000253,-0.000152,-0.000203,-0.000335,-0.000430,-0.000396,-0.000147,0.000237,0.000311,0.000049,-0.000123,-0.000033,0.000206,0.000196,-0.000362,-0.001132,-0.001517,-0.001370,-0.001092,-0.000864,-0.000422,-0.000095,-0.000067,0.000030,0.000184,0.000252,0.000218,0.000130,0.000008,-0.000113,-0.000186,-0.000190,-0.000162,-0.000253,-0.000262,-0.000056,0.000146,0.000152,0.000063,0.000024,0.000071,0.000208,0.000307,0.000261,0.000238,0.000309,0.000356,0.000203,0.000028,-0.000079,-0.000091,-0.000033,-0.000002,0.000006,-0.000021,-0.000024,-0.000010,-0.000033,-0.000068,-0.000199,-0.000407,-0.000421,-0.000306,-0.000094,0.000161,0.000205,0.000171,
-0.019600,-0.022647,-0.018980,-0.009792,-0.001662,0.002982,0.001937,-0.001390,-0.002442,-0.001876,-0.001580,-0.001334,-0.000606,-0.000134,-0.000277,-0.000531,-0.000693,-0.000455,0.000230,0.000327,-0.000149,-0.000397,-0.000476,-0.000664,-0.000715,-0.000707,-0.001013,-0.001026,-0.000490,-0.000009,0.000028,0.000077,0.000269,0.000433,0.000634,0.000694,0.000664,0.000689,0.000664,0.000313,-0.000381,-0.000701,-0.000505,-0.000399,-0.000434,-0.000316,-0.000089,-0.000101,-0.000208,-0.000227,-0.000299,-0.000395,-0.000290,-0.000193,-0.000180,-0.000295,-0.000564,-0.000535,0.000012,0.000760,0.000752,0.000006,-0.000152,0.000421,0.000622,0.000186,0.000071,0.000477,0.000578,0.000174,-0.000250,-0.000311,-0.000150,0.000043,0.000233,0.000263,0.000185,-0.000015,-0.000337,-0.000297,-0.000003,0.000182,0.000375,0.000779,0.001513,0.002117,0.001589,-0.000093,-0.001388,-0.001573,-0.001190,-0.000715,-0.000331,-0.000250,-0.000484,-0.000477,-0.000265,-0.000213,-0.000044,0.000110,0.000055,0.000034,0.000014,-0.000030,-0.000009,0.000099,0.000110,0.000132,0.000131,0.000171,0.000310,0.000256,0.000095,0.000090,0.000116,0.000022,-0.000016,-0.000028,-0.000086,-0.000093,0.000018,0.000177,0.000256,0.000230,0.000150,0.000124,0.000049,-0.000044,0.000052,0.000172,0.000186,0.000099,-0.000057,-0.000140,-0.000021,0.000162,0.000167,0.000122,0.004442,-0.000379,0.004783,0.007599,0.006291,0.001989,-0.002796,-0.003053,-0.000012,0.001619,0.001725,0.001812,0.001647,0.000738,-0.000097,-0.000171,0.000466,0.001364,0.001804,0.001694,0.001376,0.000653,-0.000329,-0.000789,-0.000712,-0.000388,-0.000017,0.000269,0.000365,0.000251,0.000247,0.000302,0.000185,0.000070,0.000020,0.000105,0.000244,-0.000094,-0.000974,-0.001886,-0.002154,-0.001552,-0.000934,-0.000587,-0.000179,0.000113,0.000135,0.000008,-0.000057,-0.000073,-0.000105,-0.000046,0.000176,0.000362,0.000302,0.000199,0.000272,0.000767,0.001170,0.000838,0.000694,0.001544,0.002299,0.001733,0.000523,-0.000050,0.000066,0.000032,-0.000287,-0.000466,-0.000366,-0.000098,-0.000040,-0.000195,-0.000370,-0.000399,-0.000191,0.000103,0.000297,0.000353,0.000297,0.000109,0.000067,0.000123,0.000095,-0.000243,-0.000913,-0.001479,-0.001496,-0.001252,-0.001008,-0.000486,0.000002,0.000088,0.000051,0.000120,0.000200,0.000071,-0.000063,-0.000124,-0.000188,-0.000219,-0.000218,-0.000141,-0.000182,-0.000293,-0.000114,0.000124,0.000149,0.000096,0.000131,0.000202,0.000298,0.000364,0.000323,0.000262,0.000271,0.000188,0.000085,0.000083,0.000016,-0.000124,-0.000100,-0.000027,0.000036,0.000028,0.000004,0.000039,0.000017,-0.000036,-0.000092,-0.000136,-0.000224,-0.000169,0.000012,0.000138,0.000263,0.000208,
-0.020360,-0.023204,-0.019227,-0.009994,-0.002049,0.002444,0.001339,-0.001974,-0.002929,-0.002616,-0.002912,-0.003125,-0.002254,-0.001018,-0.000261,-0.000099,-0.000323,-0.000214,0.000377,0.000467,0.000108,-0.000174,-0.000458,-0.000687,-0.000780,-0.000882,-0.001130,-0.001018,-0.000533,-0.000186,0.000009,0.000331,0.000723,0.000803,0.000711,0.000633,0.000407,0.000287,0.000376,0.000197,-0.000222,-0.000423,-0.000419,-0.000399,-0.000386,-0.000224,0.000086,0.000102,-0.000201,-0.000364,-0.000278,-0.000291,-0.000252,-0.000071,-0.000006,-0.000171,-0.000464,-0.000546,-0.000010,0.000736,0.000782,0.000093,-0.000129,0.000621,0.001169,0.000802,0.000396,0.000503,0.000581,0.000313,-0.000151,-0.000394,-0.000296,0.000001,0.000249,0.000283,0.000177,-0.000104,-0.000326,-0.000363,-0.000255,-0.000017,0.000311,0.000741,0.001465,0.002053,0.001529,-0.000159,-0.001626,-0.001841,-0.001338,-0.000850,-0.000444,-0.000304,-0.000461,-0.000523,-0.000338,-0.000076,0.000094,0.000064,0.000044,0.000028,-0.000079,-0.000041,0.000106,0.000110,0.000076,0.000139,0.000247,0.000244,0.000334,0.000401,0.000332,0.000281,0.000277,0.000112,-0.000119,-0.000146,-0.000074,-0.000028,-0.000054,-0.000131,-0.000159,-0.000121,0.000010,0.000026,-0.000034,-0.000011,-0.000041,0.000098,0.000136,0.000041,-0.000059,-0.000126,-0.000116,-0.000004,0.000150,0.000262,0.007750,0.002807,0.006689,0.008363,0.006577,0.001998,-0.002877,-0.002915,0.000232,0.001625,0.001281,0.001188,0.001568,0.001310,0.000488,-0.000088,0.000094,0.000942,0.001606,0.001634,0.001441,0.000688,-0.000380,-0.000748,-0.000606,-0.000435,-0.000125,0.000184,0.000152,0.000001,0.000165,0.000452,0.000338,0.000036,-0.000109,0.000155,0.000500,0.000186,-0.000927,-0.002219,-0.002450,-0.001650,-0.001025,-0.000623,-0.000153,0.000105,0.000001,-0.000223,-0.000201,-0.000152,-0.000199,-0.000127,0.000164,0.000335,0.000188,0.000155,0.000332,0.000770,0.001112,0.000784,0.000607,0.001393,0.002223,0.001847,0.000752,0.000065,0.000054,0.000090,-0.000217,-0.000454,-0.000386,-0.000241,-0.000273,-0.000401,-0.000558,-0.000571,-0.000239,0.000174,0.000375,0.000307,0.000182,0.000065,0.000027,0.000146,0.000079,-0.000422,-0.001098,-0.001440,-0.001323,-0.001186,-0.000948,-0.000410,-0.000053,0.000002,0.000103,0.000269,0.000176,-0.000063,-0.000057,0.000012,-0.000041,-0.000080,-0.000115,-0.000090,0.000029,0.000146,0.000066,0.000102,0.000189,0.000075,-0.000038,0.000036,0.000148,0.000217,0.000190,0.000120,0.000210,0.000184,0.000031,-0.000076,-0.000080,-0.000173,-0.000211,-0.000078,0.000024,0.000081,0.000130,0.000043,-0.000029,-0.000140,-0.000259,-0.000242,-0.000158,-0.000110,-0.000008,0.000155,0.000276,0.000180,
-0.020445,-0.023021,-0.019236,-0.010491,-0.002755,0.001853,0.000944,-0.002229,-0.003208,-0.002754,-0.002448,-0.001943,-0.000895,0.000116,0.000414,-0.000194,-0.000869,-0.000606,0.000161,0.000336,0.000064,-0.000187,-0.000399,-0.000640,-0.000753,-0.000851,-0.001079,-0.000975,-0.000472,-0.000165,-0.000281,-0.000145,0.000225,0.000358,0.000422,0.000548,0.000644,0.000615,0.000571,0.000293,-0.000284,-0.000621,-0.000597,-0.000561,-0.000569,-0.000404,-0.000066,0.000075,-0.000060,-0.000213,-0.000203,-0.000220,-0.000188,-0.000003,0.000081,-0.000111,-0.000421,-0.000482,0.000053,0.000806,0.000854,0.000112,-0.000184,0.000397,0.000830,0.000650,0.000538,0.000731,0.000703,0.000190,-0.000114,-0.000002,0.000147,0.000296,0.000274,0.000194,0.000188,0.000025,-0.000277,-0.000357,-0.000170,0.000101,0.000323,0.000778,0.001584,0.002223,0.001728,0.000015,-0.001439,-0.001723,-0.001374,-0.000921,-0.000461,-0.000227,-0.000341,-0.000391,-0.000253,-0.000110,0.000036,0.000172,0.000160,0.000065,-0.000064,-0.000046,0.000128,0.000178,0.000075,-0.000008,0.000068,0.000157,0.000281,0.000281,0.000167,0.000112,0.000057,0.000130,0.000110,-0.000004,-0.000073,-0.000122,-0.000053,0.000020,0.000048,0.000106,0.000104,0.000047,-0.000024,-0.000003,0.000075,0.000084,0.000036,-0.000027,-0.000065,-0.000080,-0.000046,0.000082,0.000106,0.000202,0.010749,0.005592,0.008117,0.008918,0.007019,0.002271,-0.002773,-0.002792,0.000501,0.002112,0.001711,0.001230,0.001009,0.000334,-0.000333,-0.000445,0.000271,0.001402,0.001891,0.001573,0.001235,0.000675,-0.000375,-0.000865,-0.000712,-0.000411,-0.000157,0.000164,0.000194,-0.000081,-0.000021,0.000178,0.000016,-0.000205,-0.000069,0.000280,0.000562,0.000219,-0.000852,-0.001986,-0.002240,-0.001573,-0.001054,-0.000810,-0.000306,0.000053,0.000012,-0.000130,-0.000159,-0.000078,0.000007,0.000078,0.000196,0.000302,0.000300,0.000166,0.000267,0.000747,0.001075,0.000734,0.000543,0.001393,0.002316,0.002262,0.001345,0.000539,0.000416,0.000374,0.000052,-0.000147,-0.000086,0.000057,0.000034,-0.000235,-0.000465,-0.000587,-0.000453,0.000003,0.000333,0.000445,0.000355,0.000155,0.000069,0.000149,0.000123,-0.000388,-0.001148,-0.001576,-0.001410,-0.001115,-0.000935,-0.000463,-0.000046,-0.000040,-0.000019,0.000127,0.000152,0.000038,-0.000028,-0.000022,-0.000110,-0.000154,-0.000133,-0.000179,-0.000134,-0.000075,0.000004,0.000122,0.000204,0.000197,0.000057,0.000032,0.000139,0.000194,0.000132,0.000158,0.000213,0.000137,0.000083,-0.000061,-0.000156,-0.000116,-0.000078,0.000008,0.000078,0.000037,-0.000024,-0.000039,-0.000024,-0.000065,-0.000184,-0.000312,-0.000296,-0.000145,-0.000097,-0.000038,0.000184,0.000207,
-0.019830,-0.022205,-0.018525,-0.010318,-0.002929,0.001511,0.000501,-0.002471,-0.003195,-0.002832,-0.003035,-0.002629,-0.001074,-0.000001,-0.000256,-0.000760,-0.000583,-0.000003,0.000522,0.000465,-0.000021,-0.000328,-0.000626,-0.000839,-0.000761,-0.000844,-0.001113,-0.000935,-0.000400,-0.000161,-0.000051,0.000174,0.000320,0.000538,0.000787,0.000883,0.000858,0.000754,0.000671,0.000281,-0.000344,-0.000695,-0.000644,-0.000627,-0.000684,-0.000410,-0.000071,-0.000077,-0.000191,-0.000186,-0.000253,-0.000311,-0.000229,-0.000155,-0.000083,-0.000124,-0.000366,-0.000449,0.000053,0.000821,0.000919,0.000345,0.000151,0.000587,0.000853,0.000574,0.000231,0.000260,0.000336,-0.000001,-0.000250,-0.000143,-0.000027,0.000029,0.000055,-0.000031,-0.000119,-0.000317,-0.000485,-0.000374,-0.000182,0.000156,0.000508,0.000934,0.001522,0.002110,0.001625,-0.000156,-0.001560,-0.001779,-0.001397,-0.000778,-0.000251,-0.000235,-0.000526,-0.000524,-0.000311,-0.000082,0.000011,-0.000017,-0.000021,-0.000053,-0.000033,0.000050,0.000134,0.000047,-0.000136,-0.000105,-0.000002,0.000054,0.000151,0.000223,0.000143,0.000137,0.000186,0.000156,0.000045,-0.000125,-0.000176,-0.000090,0.000029,0.000084,0.000106,0.000167,0.000181,0.000077,0.000047,0.000027,0.000006,0.000083,0.000139,0.000037,-0.000075,-0.000050,0.000015,0.000050,0.000110,0.000223,0.014628,0.009192,0.010223,0.009819,0.007198,0.002066,-0.002875,-0.002767,0.000474,0.002036,0.001801,0.001831,0.001916,0.000871,-0.000286,-0.000551,0.000073,0.000985,0.001462,0.001422,0.001289,0.000732,-0.000290,-0.000779,-0.000760,-0.000560,-0.000108,0.000288,0.000230,-0.000044,-0.000010,0.000212,0.000181,0.000031,-0.000002,0.000056,0.000215,-0.000047,-0.000920,-0.002034,-0.002414,-0.001694,-0.000995,-0.000662,-0.000287,0.000221,0.000198,-0.000178,-0.000202,-0.000035,-0.000025,0.000007,0.000165,0.000311,0.000240,0.000250,0.000406,0.000858,0.001233,0.000792,0.000442,0.001194,0.001990,0.001593,0.000602,0.000161,0.000187,0.000148,-0.000092,-0.000278,-0.000142,0.000055,-0.000034,-0.000389,-0.000712,-0.000713,-0.000344,0.000133,0.000453,0.000496,0.000278,-0.000004,-0.000055,0.000086,-0.000063,-0.000554,-0.001128,-0.001546,-0.001460,-0.001086,-0.000803,-0.000299,0.000136,0.000218,0.000225,0.000307,0.000240,0.000102,-0.000043,-0.000168,-0.000156,-0.000164,-0.000110,-0.000055,-0.000131,-0.000188,-0.000007,0.000174,0.000166,0.000062,-0.000047,-0.000093,-0.000113,0.000009,0.000061,0.000039,0.000061,0.000165,0.000129,-0.000042,-0.000197,-0.000284,-0.000170,-0.000003,0.000057,0.000077,-0.000030,-0.000119,-0.000020,0.000018,-0.000132,-0.000252,-0.000250,-0.000186,0.000014,0.000226,0.000220,0.000198,
-0.018330,-0.020460,-0.017235,-0.009956,-0.003204,0.000912,-0.000167,-0.002837,-0.003320,-0.003000,-0.002883,-0.002137,-0.000771,0.000126,0.000257,-0.000143,-0.000781,-0.000814,-0.000135,0.000164,-0.000130,-0.000425,-0.000639,-0.000842,-0.000943,-0.001079,-0.001227,-0.000898,-0.000249,0.000025,-0.000103,-0.000063,0.000153,0.000236,0.000376,0.000568,0.000668,0.000598,0.000431,0.000186,-0.000229,-0.000513,-0.000558,-0.000572,-0.000589,-0.000385,-0.000170,-0.000144,-0.000217,-0.000263,-0.000260,-0.000303,-0.000270,-0.000050,0.000010,-0.000266,-0.000607,-0.000600,0.000044,0.000729,0.000524,-0.000083,-0.000055,0.000640,0.000991,0.000525,0.000099,0.000149,0.000207,0.000008,-0.000221,-0.000156,0.000057,0.000208,0.000225,0.000166,0.000017,-0.000188,-0.000349,-0.000367,-0.000169,0.000184,0.000487,0.000858,0.001482,0.001984,0.001400,-0.000327,-0.001597,-0.001736,-0.001300,-0.000736,-0.000252,-0.000159,-0.000397,-0.000476,-0.000336,-0.000129,0.000090,0.000151,0.000089,0.000062,-0.000060,-0.000138,-0.000033,-0.000013,-0.000010,0.000053,0.000145,0.000150,0.000130,0.000149,0.000122,0.000102,0.000158,0.000119,0.000007,-0.000010,0.000033,-0.000006,-0.000049,-0.000032,0.000039,0.000091,0.000165,0.000136,-0.000012,-0.000016,-0.000005,0.000004,0.000105,0.000108,-0.000043,-0.000125,0.000019,0.000151,0.000234,0.000360,0.018445,0.012849,0.012308,0.010725,0.007690,0.002179,-0.002913,-0.002607,0.000979,0.002957,0.002836,0.002312,0.001647,0.000680,-0.000021,-0.000363,-0.000064,0.000907,0.001602,0.001624,0.001336,0.000689,-0.000249,-0.000756,-0.000822,-0.000620,-0.000234,0.000099,0.000026,-0.000308,-0.000169,0.000148,0.000116,0.000037,0.000148,0.000164,0.000130,-0.000235,-0.001216,-0.002213,-0.002379,-0.001587,-0.000942,-0.000709,-0.000282,0.000084,0.000010,-0.000184,-0.000138,-0.000080,-0.000017,0.000158,0.000301,0.000303,0.000325,0.000311,0.000312,0.000679,0.001022,0.000810,0.000724,0.001499,0.002324,0.001950,0.000881,0.000160,-0.000086,-0.000065,-0.000142,-0.000295,-0.000367,-0.000264,-0.000206,-0.000364,-0.000552,-0.000552,-0.000311,0.000062,0.000348,0.000325,0.000060,-0.000117,-0.000054,0.000075,0.000008,-0.000490,-0.001140,-0.001586,-0.001572,-0.001250,-0.000898,-0.000418,-0.000028,0.000024,0.000063,0.000216,0.000202,0.000038,-0.000126,-0.000265,-0.000381,-0.000376,-0.000245,-0.000211,-0.000184,-0.000120,-0.000020,0.000107,0.000098,0.000086,0.000058,-0.000088,0.000026,0.000218,0.000193,0.000107,0.000064,0.000096,0.000027,-0.000051,-0.000020,-0.000088,-0.000076,0.000027,0.000032,-0.000053,-0.000146,-0.000124,-0.000118,-0.000129,-0.000175,-0.000168,-0.000134,-0.000137,-0.000081,0.000088,0.000139,0.000121,
-0.017177,-0.019236,-0.016683,-0.010049,-0.003466,0.000582,-0.000435,-0.002915,-0.003143,-0.002650,-0.002773,-0.002458,-0.000981,0.000220,0.000206,-0.000458,-0.000932,-0.000593,0.000280,0.000340,-0.000359,-0.000690,-0.000755,-0.000879,-0.000907,-0.000985,-0.001160,-0.000920,-0.000178,0.000192,0.000072,0.000089,0.000149,0.000226,0.000447,0.000680,0.000849,0.000838,0.000712,0.000370,-0.000176,-0.000494,-0.000576,-0.000646,-0.000657,-0.000470,-0.000191,-0.000132,-0.000213,-0.000291,-0.000365,-0.000399,-0.000314,-0.000128,0.000044,-0.000106,-0.000480,-0.000485,0.000190,0.000857,0.000777,-0.000011,-0.000365,0.000319,0.000968,0.000862,0.000470,0.000373,0.000326,0.000070,-0.000163,-0.000137,-0.000057,0.000060,0.000131,0.000052,0.000034,-0.000165,-0.000429,-0.000351,-0.000153,0.000088,0.000400,0.000760,0.001395,0.002031,0.001594,-0.000185,-0.001660,-0.001776,-0.001274,-0.000718,-0.000233,-0.000234,-0.000500,-0.000531,-0.000282,-0.000099,-0.000003,0.000068,0.000028,-0.000068,-0.000085,-0.000082,0.000021,0.000112,0.000117,0.000135,0.000142,0.000188,0.000172,0.000165,0.000234,0.000196,0.000179,0.000086,0.000023,-0.000062,-0.000203,-0.000173,-0.000033,-0.000004,-0.000017,0.000095,0.000200,0.000177,0.000062,-0.000008,-0.000012,-0.000009,-0.000051,-0.000085,-0.000192,-0.000216,-0.000028,0.000158,0.000217,0.000213,0.020957,0.014951,0.013393,0.011067,0.007922,0.002485,-0.002704,-0.002387,0.001322,0.003374,0.003234,0.002593,0.002032,0.000865,-0.000328,-0.000663,0.000126,0.001375,0.001975,0.001839,0.001460,0.000792,-0.000259,-0.000793,-0.000693,-0.000612,-0.000287,0.000125,0.000024,-0.000232,-0.000054,0.000222,0.000112,-0.000116,-0.000113,0.000040,0.000109,-0.000236,-0.001171,-0.002143,-0.002351,-0.001715,-0.001198,-0.000927,-0.000337,0.000109,-0.000035,-0.000307,-0.000263,-0.000123,0.000030,0.000142,0.000223,0.000361,0.000298,0.000187,0.000372,0.000796,0.001154,0.000775,0.000278,0.000810,0.001560,0.001344,0.000444,-0.000269,-0.000366,-0.000334,-0.000416,-0.000602,-0.000571,-0.000239,-0.000156,-0.000334,-0.000452,-0.000450,-0.000191,0.000330,0.000566,0.000370,0.000134,0.000033,0.000027,0.000087,0.000095,-0.000354,-0.001151,-0.001609,-0.001414,-0.001083,-0.000800,-0.000277,0.000037,-0.000080,0.000032,0.000397,0.000383,0.000073,-0.000093,-0.000108,-0.000057,-0.000189,-0.000267,-0.000183,-0.000186,-0.000186,-0.000069,0.000046,0.000215,0.000227,0.000120,0.000045,0.000047,0.000112,0.000202,0.000350,0.000368,0.000273,0.000181,-0.000031,-0.000114,-0.000152,-0.000117,-0.000064,-0.000014,0.000070,0.000039,0.000041,0.000044,-0.000055,-0.000226,-0.000326,-0.000275,-0.000167,-0.000027,0.000062,0.000120,0.000125,
-0.015061,-0.016981,-0.015502,-0.009845,-0.003765,0.000057,-0.000873,-0.003115,-0.003084,-0.002483,-0.002737,-0.002260,-0.000551,0.000361,-0.000204,-0.001056,-0.001187,-0.000526,0.000316,0.000433,-0.000003,-0.000327,-0.000586,-0.000854,-0.000945,-0.001138,-0.001384,-0.001068,-0.000332,0.000001,-0.000024,0.000131,0.000351,0.000410,0.000561,0.000727,0.000682,0.000633,0.000649,0.000398,-0.000198,-0.000629,-0.000659,-0.000568,-0.000544,-0.000440,-0.000322,-0.000256,-0.000212,-0.000111,-0.000173,-0.000346,-0.000338,-0.000202,-0.000089,-0.000195,-0.000537,-0.000490,0.000222,0.000839,0.000846,0.000463,0.000570,0.000932,0.000720,0.000140,0.000076,0.000588,0.000728,0.000325,-0.000099,-0.000312,-0.000181,0.000130,0.000274,0.000239,0.000112,-0.000103,-0.000318,-0.000361,-0.000061,0.000311,0.000460,0.000752,0.001549,0.002185,0.001528,-0.000287,-0.001603,-0.001728,-0.001343,-0.000914,-0.000484,-0.000350,-0.000418,-0.000442,-0.000293,-0.000100,-0.000033,0.000027,0.000048,0.000014,0.000003,0.000062,0.000091,0.000139,0.000168,0.000220,0.000259,0.000188,0.000184,0.000215,0.000140,0.000159,0.000244,0.000163,-0.000053,-0.000153,-0.000094,-0.000031,0.000003,0.000028,0.000006,0.000080,0.000137,0.000099,-0.000040,-0.000070,-0.000018,0.000054,0.000114,0.000115,0.000091,0.000026,-0.000020,0.000045,0.000103,0.000228,0.024188,0.017610,0.014638,0.011866,0.008552,0.002726,-0.002605,-0.002428,0.000907,0.002898,0.003068,0.002742,0.001966,0.000331,-0.000805,-0.000744,0.000008,0.001093,0.001684,0.001641,0.001429,0.000842,-0.000138,-0.000762,-0.000774,-0.000411,-0.000001,0.000212,0.000111,-0.000267,-0.000247,0.000059,0.000022,-0.000024,0.000131,0.000200,0.000203,-0.000193,-0.001093,-0.002101,-0.002401,-0.001763,-0.001148,-0.000745,-0.000280,-0.000023,-0.000067,-0.000212,-0.000313,-0.000308,-0.000166,0.000057,0.000293,0.000367,0.000181,0.000150,0.000406,0.000810,0.001090,0.000795,0.000705,0.001397,0.001988,0.001610,0.000740,0.000259,0.000089,-0.000000,-0.000249,-0.000535,-0.000544,-0.000336,-0.000163,-0.000275,-0.000508,-0.000430,-0.000043,0.000284,0.000488,0.000485,0.000251,0.000067,0.000004,0.000127,0.000206,-0.000268,-0.001083,-0.001591,-0.001441,-0.001180,-0.001033,-0.000481,0.000022,0.000066,0.000110,0.000190,0.000062,-0.000114,-0.000164,-0.000174,-0.000181,-0.000196,-0.000176,-0.000064,-0.000063,-0.000145,-0.000012,0.000204,0.000178,0.000123,0.000118,0.000119,0.000131,0.000112,0.000135,0.000121,0.000143,0.000166,0.000040,-0.000043,-0.000116,-0.000163,-0.000139,-0.000080,-0.000050,-0.000027,0.000012,0.000000,-0.000054,-0.000083,-0.000167,-0.000385,-0.000508,-0.000314,-0.000026,0.000212,0.000333,0.000253,
-0.013274,-0.015032,-0.014514,-0.009819,-0.004003,-0.000405,-0.001472,-0.003537,-0.003515,-0.003075,-0.003230,-0.002608,-0.001096,-0.000448,-0.000877,-0.001472,-0.001501,-0.000779,0.000070,0.000272,-0.000066,-0.000296,-0.000503,-0.000758,-0.000876,-0.001140,-0.001497,-0.001370,-0.000766,-0.000261,-0.000075,0.000181,0.000409,0.000453,0.000602,0.000798,0.000741,0.000713,0.000771,0.000434,-0.000213,-0.000595,-0.000560,-0.000481,-0.000520,-0.000341,-0.000209,-0.000311,-0.000398,-0.000197,-0.000056,-0.000129,-0.000225,-0.000213,-0.000032,-0.000112,-0.000297,-0.000301,0.000102,0.000631,0.000489,-0.000126,-0.000246,0.000523,0.000973,0.000666,0.000478,0.000767,0.000782,0.000305,-0.000221,-0.000346,-0.000065,0.000170,0.000148,0.000215,0.000248,-0.000057,-0.000271,-0.000151,0.000095,0.000287,0.000498,0.000867,0.001496,0.002053,0.001610,-0.000131,-0.001614,-0.001775,-0.001324,-0.000863,-0.000375,-0.000277,-0.000481,-0.000300,-0.000022,0.000018,0.000024,0.000058,0.000078,0.000042,-0.000054,-0.000033,0.000105,0.000190,0.000117,0.000047,0.000120,0.000147,0.000193,0.000219,0.000086,0.000017,0.000073,0.000170,0.000150,-0.000061,-0.000147,-0.000066,-0.000048,-0.000103,-0.000084,0.000086,0.000147,0.000018,-0.000199,-0.000160,0.000058,0.000153,0.000072,-0.000016,-0.000107,-0.000157,-0.000119,0.000043,0.000269,0.000224,0.025999,0.019262,0.015435,0.012318,0.008932,0.002995,-0.002505,-0.002416,0.001155,0.003553,0.003780,0.003041,0.001904,0.000432,-0.000376,-0.000345,0.000418,0.001519,0.001909,0.001639,0.001369,0.000837,-0.000120,-0.000643,-0.000642,-0.000512,-0.000095,0.000180,-0.000073,-0.000457,-0.000369,0.000016,-0.000000,-0.000205,-0.000167,0.000065,0.000288,-0.000041,-0.001123,-0.002215,-0.002373,-0.001701,-0.001108,-0.000775,-0.000346,-0.000098,-0.000218,-0.000320,-0.000275,-0.000260,-0.000134,0.000049,0.000227,0.000262,0.000142,0.000110,0.000318,0.000909,0.001285,0.000864,0.000565,0.001307,0.002117,0.001708,0.000544,-0.000089,-0.000121,-0.000129,-0.000285,-0.000511,-0.000516,-0.000258,-0.000260,-0.000413,-0.000448,-0.000479,-0.000296,0.000169,0.000420,0.000465,0.000359,0.000116,0.000053,0.000195,0.000157,-0.000428,-0.001169,-0.001527,-0.001456,-0.001227,-0.000938,-0.000380,0.000085,0.000149,0.000239,0.000352,0.000272,0.000117,-0.000027,-0.000116,-0.000216,-0.000259,-0.000198,-0.000086,-0.000018,-0.000042,0.000007,0.000107,0.000117,0.000100,0.000114,0.000127,0.000088,0.000081,0.000161,0.000212,0.000197,0.000149,0.000006,-0.000081,-0.000064,-0.000074,-0.000074,-0.000021,0.000049,0.000046,0.000027,0.000048,0.000060,-0.000017,-0.000160,-0.000125,-0.000053,-0.000111,-0.000042,0.000160,0.000254,0.000129,
-0.011272,-0.013069,-0.013313,-0.009322,-0.004035,-0.000624,-0.001706,-0.003608,-0.003201,-0.002442,-0.002369,-0.001782,-0.000548,-0.000034,-0.000488,-0.001092,-0.001127,-0.000504,0.000236,0.000237,-0.000271,-0.000514,-0.000526,-0.000621,-0.000827,-0.001148,-0.001488,-0.001292,-0.000539,-0.000016,0.000114,0.000376,0.000565,0.000554,0.000646,0.000730,0.000690,0.000677,0.000675,0.000357,-0.000269,-0.000614,-0.000682,-0.000693,-0.000729,-0.000606,-0.000310,-0.000172,-0.000198,-0.000200,-0.000166,-0.000296,-0.000392,-0.000200,-0.000062,-0.000144,-0.000434,-0.000531,0.000071,0.000825,0.000721,-0.000017,-0.000083,0.000750,0.001266,0.000967,0.000707,0.000887,0.000807,0.000305,-0.000067,-0.000061,0.000160,0.000346,0.000288,0.000186,0.000053,-0.000249,-0.000455,-0.000413,-0.000086,0.000318,0.000552,0.000914,0.001614,0.002192,0.001703,-0.000020,-0.001540,-0.001719,-0.001234,-0.000734,-0.000275,-0.000248,-0.000438,-0.000374,-0.000132,-0.000020,0.000035,0.000053,0.000058,-0.000017,-0.000138,-0.000105,0.000041,0.000121,0.000141,0.000142,0.000092,0.000123,0.000311,0.000359,0.000241,0.000233,0.000246,0.000223,0.000100,-0.000019,-0.000029,-0.000057,0.000015,0.000193,0.000249,0.000180,0.000120,0.000080,0.000010,-0.000070,-0.000086,-0.000037,-0.000051,-0.000074,-0.000033,-0.000005,-0.000015,0.000065,0.000147,0.000200,0.027524,0.020501,0.016002,0.012519,0.009235,0.003383,-0.002149,-0.002203,0.001343,0.004030,0.004627,0.003799,0.002307,0.000695,-0.000152,-0.000238,0.000362,0.001458,0.001914,0.001659,0.001400,0.000806,-0.000364,-0.001011,-0.000825,-0.000479,-0.000073,0.000128,-0.000169,-0.000531,-0.000377,0.000024,0.000122,-0.000033,-0.000108,0.000168,0.000366,0.000021,-0.001013,-0.002175,-0.002405,-0.001724,-0.001174,-0.000835,-0.000372,0.000021,-0.000018,-0.000249,-0.000239,-0.000167,-0.000038,0.000119,0.000171,0.000225,0.000253,0.000257,0.000359,0.000811,0.001110,0.000753,0.000556,0.001394,0.002351,0.002181,0.001283,0.000635,0.000395,0.000208,-0.000118,-0.000299,-0.000217,-0.000050,-0.000024,-0.000262,-0.000534,-0.000553,-0.000235,0.000191,0.000471,0.000409,0.000071,-0.000105,0.000002,0.000163,0.000197,-0.000321,-0.001142,-0.001594,-0.001501,-0.001251,-0.001099,-0.000509,0.000033,0.000021,0.000057,0.000207,0.000117,-0.000050,-0.000077,-0.000035,-0.000015,-0.000068,-0.000147,-0.000150,-0.000205,-0.000250,-0.000093,0.000133,0.000217,0.000155,0.000051,0.000004,-0.000006,0.000040,0.000206,0.000321,0.000269,0.000161,0.000101,0.000048,-0.000064,-0.000125,-0.000077,0.000020,0.000067,0.000021,0.000018,0.000112,0.000167,0.000037,-0.000093,-0.000090,-0.000201,-0.000220,-0.000057,0.000152,0.000276,0.000211,
-0.008985,-0.010785,-0.011844,-0.008686,-0.003705,-0.000626,-0.001955,-0.003724,-0.002850,-0.001604,-0.001369,-0.000948,-0.000063,0.000089,-0.000514,-0.001103,-0.001122,-0.000483,0.000194,0.000214,-0.000137,-0.000533,-0.000777,-0.001006,-0.001206,-0.001297,-0.001448,-0.001242,-0.000487,-0.000129,-0.000188,-0.000126,-0.000106,0.000046,0.000474,0.000835,0.000920,0.000829,0.000558,0.000280,-0.000106,-0.000409,-0.000584,-0.000803,-0.000878,-0.000627,-0.000322,-0.000170,-0.000061,-0.000032,-0.000101,-0.000254,-0.000282,-0.000178,-0.000014,-0.000017,-0.000276,-0.000292,0.000116,0.000701,0.000854,0.000306,-0.000030,0.000330,0.000623,0.000426,0.000284,0.000484,0.000443,0.000088,-0.000214,-0.000272,-0.000120,0.000009,0.000056,0.000023,-0.000012,-0.000193,-0.000276,-0.000212,-0.000074,0.000181,0.000524,0.001015,0.001700,0.002263,0.001596,-0.000248,-0.001631,-0.001806,-0.001396,-0.000876,-0.000321,-0.000167,-0.000337,-0.000309,-0.000106,0.000029,0.000048,0.000089,0.000156,0.000083,-0.000087,-0.000021,0.000159,0.000212,0.000120,0.000112,0.000119,0.000111,0.000151,0.000151,0.000119,0.000023,-0.000022,0.000025,-0.000048,-0.000140,-0.000074,0.000014,0.000069,0.000085,0.000022,0.000024,0.000114,0.000004,-0.000081,-0.000052,-0.000017,0.000040,0.000068,0.000032,-0.000088,-0.000052,0.000097,0.000116,0.000170,0.000279,0.028971,0.021864,0.017061,0.013329,0.009696,0.003434,-0.002132,-0.001992,0.001534,0.004047,0.004476,0.003545,0.001982,0.000354,-0.000417,-0.000342,0.000386,0.001385,0.001833,0.001622,0.001380,0.000739,-0.000379,-0.000916,-0.000786,-0.000468,-0.000076,0.000151,-0.000021,-0.000371,-0.000298,-0.000028,-0.000128,-0.000195,0.000002,0.000221,0.000233,-0.000250,-0.001327,-0.002390,-0.002514,-0.001782,-0.001135,-0.000862,-0.000373,0.000069,0.000001,-0.000229,-0.000190,-0.000124,-0.000068,0.000046,0.000274,0.000437,0.000316,0.000212,0.000409,0.000869,0.001131,0.000743,0.000412,0.001155,0.001979,0.001605,0.000754,0.000304,0.000198,0.000139,-0.000171,-0.000508,-0.000422,-0.000071,0.000046,-0.000252,-0.000526,-0.000447,-0.000140,0.000220,0.000468,0.000430,0.000109,-0.000074,-0.000056,0.000059,0.000073,-0.000408,-0.001198,-0.001635,-0.001470,-0.001058,-0.000667,-0.000147,0.000203,0.000175,0.000209,0.000302,0.000171,-0.000052,-0.000213,-0.000253,-0.000209,-0.000189,-0.000219,-0.000177,-0.000088,-0.000059,-0.000055,0.000076,0.000187,0.000149,0.000057,0.000018,0.000053,0.000139,0.000124,0.000100,0.000141,0.000095,0.000092,0.000039,-0.000065,-0.000018,0.000123,0.000099,0.000031,-0.000032,-0.000080,-0.000083,-0.000106,-0.000130,-0.000208,-0.000299,-0.000240,-0.000112,0.000010,0.000057,0.000166,0.000238,
-0.008014,-0.009807,-0.011366,-0.008686,-0.003867,-0.000869,-0.002138,-0.003735,-0.002848,-0.001710,-0.001494,-0.001154,-0.000313,-0.000044,-0.000614,-0.001217,-0.001265,-0.000633,0.000131,0.000136,-0.000291,-0.000527,-0.000734,-0.000906,-0.000990,-0.001214,-0.001494,-0.001071,-0.000192,0.000244,0.000211,0.000076,0.000012,0.000032,0.000308,0.000605,0.000696,0.000661,0.000639,0.000494,0.000013,-0.000504,-0.000723,-0.000761,-0.000838,-0.000680,-0.000359,-0.000299,-0.000242,-0.000185,-0.000229,-0.000267,-0.000222,-0.000174,-0.000132,-0.000195,-0.000457,-0.000359,0.000269,0.000809,0.000686,0.000109,0.000083,0.000720,0.000942,0.000579,0.000406,0.000485,0.000463,0.000224,-0.000091,-0.000245,-0.000095,0.000130,0.000131,-0.000002,-0.000113,-0.000229,-0.000304,-0.000246,-0.000048,0.000197,0.000419,0.000758,0.001383,0.002019,0.001661,-0.000086,-0.001560,-0.001647,-0.001233,-0.000781,-0.000345,-0.000240,-0.000340,-0.000379,-0.000203,-0.000006,0.000053,0.000116,0.000003,-0.000195,-0.000185,-0.000001,0.000164,0.000242,0.000167,0.000123,0.000159,0.000229,0.000357,0.000305,0.000151,0.000135,0.000108,-0.000013,-0.000093,-0.000120,-0.000038,-0.000001,-0.000024,0.000085,0.000180,0.000140,0.000056,0.000024,-0.000009,-0.000057,0.000030,0.000048,0.000010,0.000000,-0.000049,-0.000071,0.000026,0.000135,0.000164,0.000284,0.029678,0.022239,0.017030,0.013335,0.009898,0.003787,-0.001865,-0.002070,0.001186,0.003620,0.004006,0.003022,0.001564,0.000217,-0.000412,-0.000316,0.000420,0.001367,0.001785,0.001717,0.001502,0.000889,-0.000206,-0.000854,-0.000708,-0.000369,-0.000066,0.000210,0.000049,-0.000299,-0.000245,-0.000094,-0.000108,-0.000118,-0.000029,0.000034,-0.000041,-0.000379,-0.001226,-0.002350,-0.002681,-0.001918,-0.001113,-0.000674,-0.000203,0.000088,-0.000072,-0.000233,-0.000201,-0.000138,-0.000079,0.000061,0.000245,0.000368,0.000195,0.000099,0.000356,0.000798,0.001071,0.000737,0.000519,0.001400,0.002260,0.001831,0.000628,-0.000130,-0.000113,0.000070,-0.000105,-0.000369,-0.000312,-0.000061,-0.000076,-0.000361,-0.000504,-0.000394,-0.000135,0.000129,0.000350,0.000414,0.000157,-0.000040,-0.000067,0.000002,0.000019,-0.000416,-0.001146,-0.001575,-0.001423,-0.001024,-0.000761,-0.000278,0.000161,0.000204,0.000133,0.000201,0.000173,-0.000092,-0.000226,-0.000197,-0.000087,-0.000085,-0.000196,-0.000299,-0.000366,-0.000270,-0.000121,0.000026,0.000099,0.000100,0.000141,0.000141,0.000105,0.000129,0.000243,0.000175,0.000052,0.000066,0.000040,-0.000075,-0.000126,-0.000177,-0.000187,-0.000084,-0.000056,-0.000128,-0.000112,-0.000102,-0.000202,-0.000287,-0.000211,-0.000162,-0.000209,-0.000160,0.000018,0.000122,0.000192,0.000233,
-0.007761,-0.009598,-0.011494,-0.008976,-0.004231,-0.001171,-0.002363,-0.003966,-0.003026,-0.001839,-0.001820,-0.001765,-0.000904,-0.000313,-0.000574,-0.001056,-0.001235,-0.000753,0.000057,0.000176,-0.000275,-0.000562,-0.000721,-0.000854,-0.000889,-0.001038,-0.001234,-0.001007,-0.000389,0.000098,0.000205,0.000217,0.000106,0.000207,0.000638,0.000886,0.000854,0.000752,0.000645,0.000421,0.000026,-0.000423,-0.000670,-0.000808,-0.000848,-0.000630,-0.000321,-0.000253,-0.000238,-0.000074,-0.000067,-0.000206,-0.000307,-0.000148,0.000120,0.000069,-0.000269,-0.000398,0.000124,0.000875,0.000722,-0.000268,-0.000608,0.000251,0.000975,0.000819,0.000356,0.000299,0.000384,0.000179,-0.000066,-0.000061,0.000067,0.000170,0.000145,0.000073,0.000027,-0.000092,-0.000220,-0.000156,-0.000005,0.000108,0.000204,0.000636,0.001498,0.002082,0.001508,-0.000170,-0.001567,-0.001768,-0.001300,-0.000728,-0.000152,-0.000081,-0.000397,-0.000417,-0.000112,0.000067,0.000078,0.000137,0.000121,-0.000019,-0.000070,0.000020,0.000078,0.000027,0.000021,0.000087,0.000122,0.000114,0.000101,0.000073,0.000093,0.000112,0.000082,0.000085,-0.000045,-0.000200,-0.000132,-0.000061,-0.000056,-0.000077,0.000042,0.000113,0.000070,-0.000007,0.000015,0.000049,0.000084,0.000093,0.000146,0.000185,-0.000031,-0.000247,-0.000120,0.000089,0.000109,0.000068,0.029990,0.022324,0.016987,0.013446,0.010123,0.004052,-0.001630,-0.002062,0.000949,0.003360,0.003736,0.002765,0.001365,0.000123,-0.000472,-0.000504,0.000115,0.001271,0.001970,0.001909,0.001539,0.000774,-0.000286,-0.000855,-0.000822,-0.000503,-0.000116,0.000148,-0.000001,-0.000290,-0.000271,-0.000142,-0.000067,-0.000137,-0.000195,-0.000069,-0.000027,-0.000395,-0.001276,-0.002339,-0.002623,-0.001929,-0.001153,-0.000792,-0.000329,0.000138,0.000107,-0.000167,-0.000210,-0.000071,-0.000024,-0.000035,0.000146,0.000289,0.000242,0.000196,0.000327,0.000936,0.001277,0.000872,0.000524,0.001138,0.001970,0.001714,0.000573,-0.000301,-0.000390,-0.000210,-0.000278,-0.000447,-0.000368,-0.000230,-0.000246,-0.000408,-0.000469,-0.000416,-0.000202,0.000168,0.000346,0.000278,0.000114,-0.000076,-0.000074,0.000149,0.000176,-0.000286,-0.001011,-0.001481,-0.001381,-0.001173,-0.000874,-0.000245,0.000174,0.000139,0.000183,0.000338,0.000239,0.000038,-0.000118,-0.000198,-0.000141,-0.000097,-0.000073,-0.000148,-0.000161,-0.000125,-0.000114,0.000028,0.000143,0.000130,0.000137,0.000175,0.000088,0.000045,0.000123,0.000134,0.000134,0.000148,0.000135,0.000009,-0.000119,-0.000121,-0.000114,-0.000068,0.000018,0.000167,0.000235,0.000054,-0.000105,-0.000153,-0.000177,-0.000186,-0.000180,-0.000115,-0.000114,-0.000100,-0.000010,0.000043,
-0.007353,-0.009115,-0.011112,-0.008745,-0.004003,-0.001059,-0.002516,-0.004171,-0.003150,-0.001947,-0.001941,-0.001974,-0.001316,-0.000770,-0.000729,-0.001036,-0.001270,-0.000707,0.000168,0.000258,-0.000313,-0.000594,-0.000598,-0.000722,-0.000884,-0.001090,-0.001469,-0.001204,-0.000346,0.000062,0.000147,0.000248,0.000272,0.000340,0.000551,0.000780,0.000856,0.000781,0.000690,0.000485,0.000028,-0.000370,-0.000569,-0.000651,-0.000748,-0.000628,-0.000259,-0.000188,-0.000297,-0.000133,0.000025,-0.000013,-0.000175,-0.000159,-0.000024,-0.000150,-0.000448,-0.000487,0.000211,0.001009,0.001042,0.000469,0.000303,0.000734,0.000842,0.000465,0.000352,0.000632,0.000640,0.000211,-0.000233,-0.000368,-0.000139,0.000095,0.000102,0.000085,0.000049,-0.000016,-0.000177,-0.000269,-0.000013,0.000230,0.000380,0.000769,0.001514,0.002162,0.001630,-0.000125,-0.001534,-0.001707,-0.001316,-0.000868,-0.000395,-0.000304,-0.000448,-0.000443,-0.000267,-0.000030,0.000143,0.000219,0.000143,0.000029,-0.000024,0.000034,0.000131,0.000108,0.000073,0.000159,0.000220,0.000200,0.000253,0.000234,0.000184,0.000264,0.000222,0.000098,0.000047,-0.000067,-0.000042,0.000058,0.000049,0.000105,0.000197,0.000151,0.000025,-0.000024,-0.000023,-0.000097,-0.000044,0.000020,0.000028,0.000033,-0.000021,0.000056,0.000254,0.000316,0.000202,0.000179,0.030011,0.022448,0.017087,0.013447,0.010266,0.004177,-0.001622,-0.001986,0.001096,0.003532,0.003866,0.002971,0.001722,0.000442,-0.000314,-0.000502,0.000160,0.001418,0.002161,0.002143,0.001767,0.000976,-0.000190,-0.000904,-0.000826,-0.000474,-0.000071,0.000298,0.000166,-0.000207,-0.000214,-0.000138,-0.000245,-0.000219,-0.000068,0.000064,0.000121,-0.000308,-0.001371,-0.002485,-0.002680,-0.001846,-0.001010,-0.000622,-0.000175,0.000165,0.000066,-0.000093,-0.000091,-0.000106,-0.000047,0.000082,0.000169,0.000316,0.000278,0.000125,0.000301,0.000814,0.001093,0.000743,0.000484,0.001199,0.001922,0.001624,0.000890,0.000429,0.000079,-0.000172,-0.000420,-0.000675,-0.000619,-0.000446,-0.000314,-0.000375,-0.000515,-0.000325,-0.000014,0.000312,0.000568,0.000527,0.000293,0.000078,0.000013,0.000107,0.000105,-0.000323,-0.001088,-0.001664,-0.001608,-0.001222,-0.000857,-0.000309,0.000064,0.000008,-0.000008,0.000098,0.000113,-0.000049,-0.000173,-0.000195,-0.000183,-0.000075,0.000011,-0.000028,-0.000076,-0.000065,0.000000,0.000046,0.000045,0.000013,0.000050,0.000108,0.000033,0.000003,0.000116,0.000244,0.000286,0.000240,0.000091,0.000064,0.000049,-0.000103,-0.000145,-0.000077,-0.000052,0.000008,0.000069,0.000039,0.000040,0.000048,0.000038,-0.000082,-0.000294,-0.000319,-0.000099,0.000022,0.000012,0.000065,
-0.007586,-0.009315,-0.011290,-0.008803,-0.004036,-0.001146,-0.002581,-0.004176,-0.003150,-0.001930,-0.001968,-0.002020,-0.001314,-0.000704,-0.000634,-0.001000,-0.001267,-0.000772,0.000078,0.000159,-0.000384,-0.000674,-0.000757,-0.000846,-0.000979,-0.001133,-0.001384,-0.001241,-0.000585,0.000006,0.000231,0.000313,0.000238,0.000198,0.000541,0.000873,0.000964,0.000886,0.000782,0.000542,-0.000016,-0.000500,-0.000562,-0.000508,-0.000597,-0.000521,-0.000334,-0.000244,-0.000248,-0.000197,-0.000167,-0.000199,-0.000217,-0.000236,-0.000171,-0.000101,-0.000291,-0.000358,0.000167,0.000747,0.000509,-0.000258,-0.000288,0.000471,0.000885,0.000528,0.000225,0.000500,0.000653,0.000258,-0.000207,-0.000282,-0.000045,0.000245,0.000309,0.000207,0.000032,-0.000239,-0.000353,-0.000283,-0.000093,0.000146,0.000409,0.000841,0.001451,0.001926,0.001448,-0.000158,-0.001538,-0.001726,-0.001292,-0.000805,-0.000258,-0.000118,-0.000361,-0.000293,-0.000071,-0.000089,-0.000151,-0.000063,0.000044,0.000097,0.000019,-0.000018,0.000084,0.000072,0.000058,0.000081,0.000116,0.000194,0.000253,0.000241,0.000222,0.000197,0.000224,0.000218,0.000136,-0.000031,-0.000102,0.000002,0.000057,0.000091,0.000138,0.000164,0.000111,0.000084,-0.000009,-0.000001,0.000137,0.000110,0.000069,0.000045,-0.000021,-0.000050,0.000025,0.000177,0.000264,0.000255,0.030225,0.022556,0.017215,0.013707,0.010435,0.004375,-0.001359,-0.001813,0.001158,0.003367,0.003758,0.003127,0.001995,0.000610,-0.000451,-0.000603,0.000253,0.001408,0.002074,0.002097,0.001770,0.001042,-0.000158,-0.000905,-0.000862,-0.000527,-0.000136,0.000087,-0.000024,-0.000249,-0.000254,-0.000055,0.000037,-0.000028,0.000023,0.000128,0.000131,-0.000257,-0.001433,-0.002640,-0.002782,-0.001967,-0.001269,-0.000801,-0.000196,0.000198,0.000120,-0.000164,-0.000281,-0.000140,0.000055,0.000135,0.000139,0.000238,0.000218,0.000206,0.000445,0.000962,0.001303,0.000840,0.000478,0.001313,0.002258,0.001752,0.000443,-0.000229,-0.000137,-0.000011,-0.000313,-0.000604,-0.000552,-0.000245,-0.000098,-0.000270,-0.000415,-0.000291,-0.000061,0.000213,0.000461,0.000447,0.000275,0.000066,-0.000027,0.000139,0.000162,-0.000383,-0.001156,-0.001669,-0.001558,-0.001164,-0.000877,-0.000404,0.000050,0.000072,0.000077,0.000172,0.000139,-0.000072,-0.000224,-0.000236,-0.000251,-0.000272,-0.000249,-0.000218,-0.000149,-0.000038,0.000053,0.000169,0.000166,0.000033,0.000015,0.000113,0.000230,0.000186,0.000070,0.000084,0.000138,0.000104,0.000036,0.000029,0.000009,-0.000054,-0.000036,0.000021,0.000028,0.000072,0.000091,-0.000070,-0.000217,-0.000251,-0.000203,-0.000238,-0.000236,-0.000105,-0.000006,0.000117,0.000234,0.000196,
-0.008537,-0.010158,-0.011718,-0.008995,-0.004118,-0.001192,-0.002679,-0.004275,-0.003290,-0.002069,-0.002023,-0.002108,-0.001512,-0.000838,-0.000736,-0.001134,-0.001460,-0.000964,0.000092,0.000267,-0.000316,-0.000657,-0.000771,-0.000979,-0.001154,-0.001306,-0.001593,-0.001366,-0.000536,0.000081,0.000166,0.000270,0.000454,0.000531,0.000694,0.000893,0.000901,0.000721,0.000643,0.000494,-0.000009,-0.000530,-0.000671,-0.000607,-0.000550,-0.000405,-0.000192,-0.000140,-0.000106,-0.000051,-0.000067,-0.000152,-0.000264,-0.000237,-0.000111,-0.000114,-0.000301,-0.000281,0.000280,0.001021,0.000972,0.000122,-0.000125,0.000738,0.001325,0.001047,0.000750,0.000800,0.000716,0.000351,0.000039,-0.000044,0.000122,0.000305,0.000349,0.000313,0.000298,0.000066,-0.000244,-0.000240,-0.000016,0.000287,0.000591,0.001038,0.001754,0.002348,0.001835,0.000029,-0.001528,-0.001739,-0.001262,-0.000721,-0.000253,-0.000189,-0.000385,-0.000402,-0.000145,0.000126,0.000159,0.000122,0.000143,-0.000004,-0.000213,-0.000078,0.000211,0.000245,0.000182,0.000086,0.000030,0.000149,0.000355,0.000366,0.000320,0.000323,0.000189,0.000098,-0.000074,-0.000065,-0.000005,-0.000063,-0.000085,-0.000030,0.000161,0.000223,0.000179,-0.000014,-0.000210,-0.000161,0.000042,0.000121,0.000062,0.000030,-0.000027,-0.000047,0.000060,0.000139,0.000143,0.000217,0.029658,0.022179,0.017018,0.013429,0.010337,0.004580,-0.001113,-0.001663,0.001142,0.003355,0.003896,0.003215,0.002016,0.000594,-0.000406,-0.000551,0.000194,0.001432,0.002249,0.002259,0.001824,0.000922,-0.000329,-0.000953,-0.000798,-0.000518,-0.000143,0.000134,0.000042,-0.000226,-0.000092,0.000264,0.000301,0.000074,-0.000069,0.000099,0.000264,-0.000183,-0.001343,-0.002603,-0.002844,-0.001911,-0.001151,-0.000829,-0.000269,0.000076,-0.000042,-0.000273,-0.000326,-0.000273,-0.000072,0.000126,0.000257,0.000392,0.000266,0.000094,0.000314,0.000933,0.001276,0.000780,0.000522,0.001415,0.002343,0.002007,0.001022,0.000401,0.000227,0.000108,-0.000256,-0.000550,-0.000459,-0.000286,-0.000313,-0.000481,-0.000637,-0.000509,-0.000125,0.000290,0.000480,0.000398,0.000148,0.000003,0.000018,0.000084,-0.000014,-0.000462,-0.001162,-0.001697,-0.001636,-0.001275,-0.000957,-0.000399,-0.000015,-0.000113,-0.000044,0.000130,0.000045,-0.000139,-0.000165,-0.000129,-0.000192,-0.000166,-0.000065,-0.000012,-0.000006,-0.000081,-0.000065,0.000050,0.000083,0.000175,0.000211,0.000051,-0.000045,0.000105,0.000185,0.000175,0.000213,0.000190,0.000173,0.000060,-0.000051,-0.000104,-0.000174,-0.000140,-0.000027,0.000071,0.000148,0.000273,0.000147,-0.000120,-0.000246,-0.000214,-0.000116,-0.000124,-0.000021,0.000122,0.000138,0.000104,
-0.008320,-0.010050,-0.011455,-0.008567,-0.003820,-0.001231,-0.002817,-0.004363,-0.003265,-0.002093,-0.002050,-0.001994,-0.001321,-0.000772,-0.000805,-0.001201,-0.001401,-0.000869,0.000060,0.000233,-0.000265,-0.000666,-0.000882,-0.001008,-0.001201,-0.001486,-0.001641,-0.001278,-0.000375,0.000295,0.000349,0.000303,0.000199,0.000218,0.000432,0.000647,0.000781,0.000799,0.000761,0.000525,0.000028,-0.000412,-0.000660,-0.000793,-0.000822,-0.000650,-0.000285,-0.000007,-0.000044,-0.000242,-0.000325,-0.000295,-0.000197,-0.000037,0.000102,-0.000031,-0.000333,-0.000269,0.000353,0.000889,0.000726,0.000002,-0.000305,0.000295,0.000825,0.000607,0.000341,0.000480,0.000500,0.000251,-0.000053,-0.000144,-0.000072,0.000088,0.000111,0.000084,0.000108,-0.000082,-0.000305,-0.000388,-0.000182,0.000237,0.000603,0.000949,0.001577,0.002132,0.001676,-0.000064,-0.001592,-0.001745,-0.001255,-0.000720,-0.000251,-0.000117,-0.000254,-0.000361,-0.000228,-0.000033,0.000058,0.000053,0.000003,-0.000062,-0.000128,-0.000085,0.000069,0.000157,0.000184,0.000166,0.000108,0.000107,0.000189,0.000303,0.000265,0.000080,0.000016,0.000009,-0.000034,-0.000032,-0.000004,0.000069,0.000068,-0.000003,-0.000014,0.000033,0.000093,0.000091,0.000033,0.000045,0.000058,0.000014,0.000043,0.000091,-0.000037,-0.000108,-0.000019,0.000024,0.000039,0.000255,0.029364,0.022055,0.017156,0.013501,0.010263,0.004436,-0.001135,-0.001567,0.001362,0.003620,0.004097,0.003356,0.002136,0.000733,-0.000252,-0.000362,0.000261,0.001285,0.001975,0.002044,0.001740,0.000896,-0.000383,-0.000996,-0.000861,-0.000534,-0.000029,0.000297,0.000119,-0.000188,-0.000211,-0.000027,-0.000022,-0.000128,-0.000067,0.000012,0.000013,-0.000369,-0.001351,-0.002509,-0.002768,-0.001867,-0.001108,-0.000836,-0.000405,-0.000060,-0.000115,-0.000249,-0.000145,-0.000077,-0.000104,-0.000019,0.000210,0.000336,0.000234,0.000286,0.000447,0.000736,0.001057,0.000831,0.000566,0.001340,0.002242,0.001941,0.000999,0.000324,0.000104,0.000137,-0.000146,-0.000425,-0.000303,-0.000074,0.000008,-0.000259,-0.000642,-0.000666,-0.000264,0.000198,0.000428,0.000353,0.000048,-0.000163,-0.000088,0.000105,0.000089,-0.000418,-0.001160,-0.001477,-0.001348,-0.001141,-0.000934,-0.000326,0.000236,0.000192,0.000096,0.000198,0.000197,-0.000066,-0.000270,-0.000265,-0.000224,-0.000189,-0.000186,-0.000174,-0.000179,-0.000157,-0.000068,0.000049,0.000158,0.000194,0.000093,-0.000008,0.000003,0.000080,0.000127,0.000129,0.000116,0.000242,0.000251,0.000080,-0.000066,-0.000066,0.000031,0.000028,0.000073,0.000112,0.000060,-0.000039,-0.000101,-0.000092,-0.000191,-0.000329,-0.000242,-0.000164,-0.000107,0.000029,0.000150,0.000225,
-0.008861,-0.010699,-0.011756,-0.008562,-0.003638,-0.001058,-0.002686,-0.004338,-0.003405,-0.002112,-0.001881,-0.001769,-0.001086,-0.000677,-0.000843,-0.001244,-0.001341,-0.000691,0.000244,0.000302,-0.000180,-0.000465,-0.000715,-0.000957,-0.001190,-0.001456,-0.001682,-0.001227,-0.000292,0.000188,0.000331,0.000354,0.000236,0.000223,0.000487,0.000728,0.000862,0.000941,0.000739,0.000365,-0.000152,-0.000584,-0.000753,-0.000769,-0.000692,-0.000534,-0.000222,-0.000086,-0.000120,-0.000132,-0.000201,-0.000257,-0.000198,-0.000088,-0.000046,-0.000099,-0.000387,-0.000371,0.000293,0.000922,0.000791,0.000122,0.000138,0.000855,0.001121,0.000749,0.000434,0.000449,0.000393,0.000027,-0.000275,-0.000177,0.000133,0.000313,0.000250,0.000140,0.000125,-0.000028,-0.000224,-0.000222,0.000024,0.000195,0.000346,0.000730,0.001412,0.002090,0.001630,-0.000215,-0.001728,-0.001768,-0.001312,-0.000904,-0.000399,-0.000231,-0.000453,-0.000417,-0.000127,0.000041,0.000069,0.000129,0.000117,-0.000031,-0.000061,0.000036,0.000124,0.000098,0.000129,0.000162,0.000123,0.000174,0.000251,0.000300,0.000258,0.000130,0.000091,0.000099,-0.000037,-0.000134,-0.000011,0.000046,-0.000047,-0.000025,-0.000023,0.000008,0.000170,0.000128,-0.000045,0.000024,0.000057,-0.000058,-0.000011,0.000175,0.000096,0.000058,0.000117,0.000073,0.000097,0.000102,0.029158,0.021884,0.017019,0.013601,0.010482,0.004521,-0.001147,-0.001515,0.001366,0.003662,0.004291,0.003542,0.002216,0.000805,-0.000212,-0.000459,0.000244,0.001359,0.001984,0.001974,0.001632,0.000863,-0.000315,-0.000953,-0.000800,-0.000498,-0.000105,0.000314,0.000145,-0.000263,-0.000257,-0.000097,-0.000242,-0.000338,-0.000188,-0.000002,-0.000001,-0.000393,-0.001242,-0.002385,-0.002718,-0.001919,-0.001120,-0.000707,-0.000277,0.000089,-0.000010,-0.000208,-0.000157,-0.000125,-0.000118,-0.000039,0.000153,0.000279,0.000168,0.000091,0.000287,0.000754,0.001081,0.000729,0.000559,0.001458,0.002121,0.001584,0.000574,0.000056,0.000014,0.000057,-0.000082,-0.000291,-0.000220,-0.000007,-0.000103,-0.000511,-0.000738,-0.000564,-0.000194,0.000265,0.000545,0.000431,0.000123,-0.000127,-0.000184,-0.000087,-0.000032,-0.000483,-0.001193,-0.001517,-0.001356,-0.001046,-0.000737,-0.000258,0.000048,0.000051,0.000121,0.000240,0.000120,-0.000030,-0.000152,-0.000214,-0.000121,-0.000013,-0.000029,-0.000083,-0.000120,-0.000145,-0.000028,0.000095,0.000130,0.000115,0.000080,0.000109,0.000128,0.000093,0.000043,0.000022,0.000095,0.000160,0.000086,-0.000004,-0.000068,-0.000134,-0.000136,-0.000081,-0.000026,-0.000032,-0.000043,-0.000051,-0.000122,-0.000110,-0.000125,-0.000256,-0.000258,-0.000082,0.000090,0.000143,0.000221,0.000221,
-0.009667,-0.011279,-0.012155,-0.008847,-0.003703,-0.000883,-0.002608,-0.004310,-0.003322,-0.002146,-0.001899,-0.001674,-0.000948,-0.000580,-0.000895,-0.001281,-0.001305,-0.000670,0.000232,0.000239,-0.000313,-0.000587,-0.000812,-0.001040,-0.001183,-0.001360,-0.001543,-0.001102,-0.000079,0.000369,0.000227,0.000177,0.000110,0.000112,0.000350,0.000658,0.000751,0.000699,0.000692,0.000543,0.000010,-0.000500,-0.000654,-0.000644,-0.000633,-0.000524,-0.000307,-0.000195,-0.000135,-0.000143,-0.000179,-0.000279,-0.000341,-0.000289,-0.000100,-0.000099,-0.000317,-0.000250,0.000344,0.000879,0.000660,-0.000169,-0.000429,0.000357,0.000920,0.000554,0.000111,0.000265,0.000420,0.000114,-0.000182,-0.000131,0.000121,0.000217,0.000107,0.000101,0.000171,0.000060,-0.000208,-0.000253,-0.000002,0.000178,0.000392,0.000848,0.001528,0.002041,0.001444,-0.000303,-0.001628,-0.001692,-0.001297,-0.000764,-0.000208,-0.000125,-0.000400,-0.000412,-0.000185,-0.000018,0.000035,0.000126,0.000114,-0.000110,-0.000201,-0.000122,-0.000011,-0.000044,-0.000141,-0.000102,0.000005,0.000067,0.000198,0.000301,0.000226,0.000238,0.000240,0.000015,-0.000155,-0.000144,-0.000084,-0.000083,-0.000093,-0.000018,0.000129,0.000288,0.000286,-0.000003,-0.000208,-0.000093,0.000120,0.000194,0.000056,-0.000107,-0.000039,0.000070,0.000099,0.000169,0.000190,0.000116,0.028797,0.021688,0.016979,0.013417,0.010280,0.004481,-0.001165,-0.001528,0.001566,0.003899,0.004436,0.003715,0.002386,0.000828,-0.000256,-0.000388,0.000411,0.001425,0.001849,0.001904,0.001759,0.000937,-0.000320,-0.000936,-0.000876,-0.000582,-0.000083,0.000217,-0.000031,-0.000431,-0.000460,-0.000273,-0.000225,-0.000190,-0.000083,0.000016,0.000029,-0.000298,-0.001267,-0.002454,-0.002709,-0.001879,-0.001104,-0.000678,-0.000229,0.000101,0.000080,-0.000092,-0.000173,-0.000190,-0.000111,-0.000013,0.000177,0.000292,0.000204,0.000154,0.000402,0.000901,0.001154,0.000674,0.000360,0.001267,0.002278,0.001993,0.000869,0.000106,0.000001,0.000043,-0.000182,-0.000525,-0.000527,-0.000261,-0.000288,-0.000510,-0.000587,-0.000488,-0.000189,0.000301,0.000575,0.000507,0.000209,-0.000085,-0.000089,0.000076,0.000049,-0.000335,-0.001034,-0.001586,-0.001489,-0.001124,-0.000821,-0.000234,0.000209,0.000198,0.000127,0.000119,0.000071,0.000020,-0.000110,-0.000263,-0.000149,0.000001,-0.000062,-0.000154,-0.000129,-0.000067,-0.000007,0.000136,0.000151,0.000102,-0.000014,-0.000024,0.000080,0.000083,0.000114,0.000214,0.000183,0.000039,0.000044,0.000043,-0.000001,-0.000055,-0.000057,0.000068,0.000098,-0.000049,-0.000089,-0.000026,-0.000047,-0.000127,-0.000229,-0.000233,-0.000247,-0.000217,-0.000026,0.000083,0.000157,0.000209,
-0.010997,-0.012673,-0.013126,-0.009309,-0.004066,-0.001092,-0.002702,-0.004503,-0.003589,-0.002454,-0.002278,-0.001888,-0.001005,-0.000594,-0.000964,-0.001470,-0.001346,-0.000502,0.000319,0.000284,-0.000220,-0.000603,-0.000734,-0.000807,-0.001074,-0.001346,-0.001516,-0.001057,-0.000034,0.000499,0.000348,0.000174,0.000128,0.000103,0.000393,0.000803,0.001027,0.001065,0.000945,0.000582,0.000064,-0.000389,-0.000551,-0.000541,-0.000568,-0.000477,-0.000254,-0.000162,-0.000138,-0.000110,-0.000157,-0.000220,-0.000246,-0.000162,-0.000064,-0.000110,-0.000340,-0.000360,0.000234,0.000949,0.000946,0.000233,-0.000086,0.000486,0.001052,0.000920,0.000655,0.000667,0.000561,0.000133,-0.000286,-0.000258,0.000022,0.000197,0.000171,0.000065,-0.000044,-0.000213,-0.000344,-0.000214,0.000098,0.000292,0.000464,0.000841,0.001567,0.002088,0.001487,-0.000177,-0.001651,-0.001828,-0.001326,-0.000769,-0.000199,0.000005,-0.000283,-0.000465,-0.000253,0.000009,0.000058,-0.000040,-0.000052,-0.000074,-0.000203,-0.000135,-0.000001,-0.000012,0.000042,0.000143,0.000137,0.000122,0.000224,0.000338,0.000343,0.000293,0.000127,-0.000110,-0.000221,-0.000169,-0.000059,0.000019,0.000023,0.000039,0.000100,0.000170,0.000158,0.000047,-0.000007,0.000020,0.000095,0.000135,0.000185,0.000093,-0.000051,-0.000146,-0.000147,-0.000029,0.000074,0.000159,0.027974,0.020925,0.016546,0.013206,0.010123,0.004478,-0.001116,-0.001586,0.001335,0.003682,0.004346,0.003766,0.002534,0.001020,-0.000034,-0.000210,0.000480,0.001463,0.001904,0.001875,0.001643,0.000842,-0.000367,-0.000979,-0.000912,-0.000533,-0.000111,0.000176,0.000121,-0.000216,-0.000123,0.000010,-0.000310,-0.000321,-0.000005,0.000165,0.000206,-0.000191,-0.001433,-0.002710,-0.002824,-0.001961,-0.001218,-0.000778,-0.000193,0.000151,-0.000018,-0.000280,-0.000204,-0.000112,-0.000113,-0.000007,0.000114,0.000201,0.000279,0.000306,0.000422,0.000847,0.001072,0.000632,0.000397,0.000980,0.001587,0.001409,0.000763,0.000345,0.000044,-0.000167,-0.000419,-0.000612,-0.000552,-0.000385,-0.000335,-0.000474,-0.000602,-0.000456,-0.000179,0.000139,0.000481,0.000500,0.000139,-0.000139,-0.000203,0.000015,0.000087,-0.000432,-0.001223,-0.001649,-0.001485,-0.001171,-0.000905,-0.000315,0.000182,0.000094,-0.000029,0.000115,0.000143,0.000013,-0.000109,-0.000148,-0.000123,-0.000082,-0.000190,-0.000261,-0.000130,-0.000067,-0.000077,-0.000057,0.000033,0.000095,0.000104,0.000069,0.000135,0.000242,0.000194,0.000203,0.000188,0.000118,0.000082,0.000036,-0.000018,-0.000125,-0.000184,-0.000044,0.000092,0.000095,0.000121,0.000017,-0.000096,-0.000100,-0.000098,-0.000117,-0.000284,-0.000285,-0.000105,0.000059,0.000129,0.000113,
-0.010791,-0.012626,-0.013010,-0.009072,-0.003748,-0.000835,-0.002587,-0.004468,-0.003609,-0.002439,-0.002205,-0.001915,-0.001103,-0.000723,-0.000959,-0.001337,-0.001261,-0.000469,0.000342,0.000318,-0.000172,-0.000501,-0.000783,-0.001161,-0.001280,-0.001373,-0.001603,-0.001338,-0.000539,0.000055,0.000266,0.000334,0.000322,0.000414,0.000700,0.000823,0.000788,0.000727,0.000705,0.000444,-0.000222,-0.000630,-0.000628,-0.000548,-0.000524,-0.000384,-0.000207,-0.000132,-0.000230,-0.000319,-0.000317,-0.000231,-0.000135,-0.000091,-0.000017,0.000006,-0.000224,-0.000318,0.000208,0.000895,0.000782,0.000100,-0.000035,0.000462,0.000667,0.000318,0.000284,0.000741,0.000796,0.000320,-0.000162,-0.000221,0.000007,0.000199,0.000238,0.000165,0.000060,-0.000185,-0.000411,-0.000289,0.000059,0.000308,0.000511,0.000902,0.001529,0.002036,0.001432,-0.000189,-0.001594,-0.001858,-0.001385,-0.000809,-0.000248,-0.000090,-0.000278,-0.000302,-0.000149,-0.000040,-0.000005,0.000068,0.000148,0.000051,-0.000072,-0.000012,0.000057,-0.000001,0.000034,0.000164,0.000196,0.000125,0.000142,0.000173,0.000122,0.000101,0.000052,-0.000017,-0.000061,-0.000159,-0.000160,-0.000037,-0.000032,-0.000001,0.000121,0.000093,0.000072,0.000079,0.000052,0.000058,0.000069,0.000078,0.000126,0.000149,-0.000071,-0.000240,-0.000129,-0.000009,0.000102,0.000185,0.027826,0.020698,0.016428,0.013287,0.010228,0.004461,-0.001183,-0.001589,0.001447,0.003916,0.004646,0.004005,0.002583,0.000875,-0.000249,-0.000238,0.000467,0.001278,0.001823,0.001958,0.001783,0.000968,-0.000342,-0.001045,-0.000988,-0.000617,-0.000056,0.000271,0.000045,-0.000290,-0.000358,-0.000226,-0.000167,-0.000253,-0.000109,0.000138,0.000149,-0.000396,-0.001503,-0.002581,-0.002746,-0.001841,-0.001045,-0.000677,-0.000287,-0.000019,-0.000067,-0.000212,-0.000184,-0.000109,-0.000057,0.000070,0.000236,0.000275,0.000190,0.000132,0.000405,0.000986,0.001217,0.000782,0.000674,0.001583,0.002310,0.001657,0.000350,-0.000186,-0.000014,0.000003,-0.000353,-0.000649,-0.000578,-0.000270,-0.000221,-0.000425,-0.000544,-0.000410,-0.000123,0.000212,0.000459,0.000425,0.000184,0.000058,0.000078,0.000085,0.000029,-0.000305,-0.001001,-0.001478,-0.001346,-0.001113,-0.000843,-0.000248,0.000178,0.000094,0.000119,0.000306,0.000225,0.000000,-0.000225,-0.000333,-0.000240,-0.000138,-0.000111,-0.000166,-0.000260,-0.000149,0.000053,0.000115,0.000167,0.000198,0.000097,-0.000108,-0.000163,-0.000033,0.000128,0.000093,0.000066,0.000134,0.000129,0.000024,-0.000066,-0.000058,-0.000115,-0.000092,0.000059,0.000079,0.000075,0.000052,-0.000025,-0.000095,-0.000120,-0.000094,-0.000154,-0.000131,0.000050,0.000181,0.000212,0.000143,
-0.011960,-0.013639,-0.013607,-0.009350,-0.003870,-0.000898,-0.002563,-0.004456,-0.003672,-0.002455,-0.002318,-0.002135,-0.001038,-0.000384,-0.000778,-0.001397,-0.001261,-0.000285,0.000537,0.000328,-0.000314,-0.000548,-0.000646,-0.000940,-0.001186,-0.001306,-0.001436,-0.001180,-0.000458,0.000097,0.000340,0.000579,0.000721,0.000635,0.000582,0.000636,0.000650,0.000547,0.000434,0.000241,-0.000197,-0.000577,-0.000602,-0.000577,-0.000583,-0.000389,-0.000076,0.000005,-0.000102,-0.000196,-0.000233,-0.000360,-0.000426,-0.000227,-0.000037,-0.000130,-0.000383,-0.000308,0.000249,0.000951,0.000939,0.000231,0.000046,0.000687,0.001137,0.000902,0.000581,0.000634,0.000717,0.000353,-0.000149,-0.000268,-0.000107,0.000076,0.000255,0.000241,0.000051,-0.000237,-0.000407,-0.000285,-0.000046,0.000136,0.000422,0.000927,0.001685,0.002190,0.001633,-0.000068,-0.001542,-0.001697,-0.001256,-0.000822,-0.000380,-0.000219,-0.000447,-0.000575,-0.000359,-0.000150,-0.000066,-0.000036,-0.000055,-0.000018,0.000021,-0.000000,-0.000001,0.000003,0.000037,0.000072,0.000170,0.000271,0.000299,0.000260,0.000102,0.000061,0.000049,-0.000015,-0.000080,-0.000112,-0.000079,0.000003,0.000057,0.000030,0.000094,0.000145,0.000071,-0.000061,-0.000176,-0.000044,0.000147,0.000163,0.000127,0.000021,-0.000014,-0.000013,0.000005,0.000086,0.000124,0.000131,0.027088,0.020114,0.016116,0.013064,0.009963,0.004140,-0.001304,-0.001571,0.001378,0.003818,0.004477,0.003847,0.002566,0.000894,-0.000189,-0.000226,0.000534,0.001399,0.001830,0.001895,0.001689,0.000849,-0.000454,-0.001101,-0.000958,-0.000539,-0.000133,0.000161,0.000078,-0.000163,-0.000104,0.000146,0.000172,-0.000053,-0.000255,-0.000039,0.000259,-0.000192,-0.001408,-0.002619,-0.002728,-0.001818,-0.001013,-0.000562,-0.000196,0.000028,-0.000037,-0.000222,-0.000244,-0.000156,-0.000084,0.000128,0.000215,0.000188,0.000220,0.000292,0.000449,0.000886,0.001091,0.000628,0.000480,0.001309,0.002161,0.001913,0.000870,0.000188,0.000065,-0.000082,-0.000416,-0.000599,-0.000510,-0.000311,-0.000195,-0.000421,-0.000733,-0.000623,-0.000221,0.000228,0.000471,0.000386,0.000165,0.000047,0.000085,0.000189,0.000028,-0.000497,-0.001172,-0.001661,-0.001653,-0.001291,-0.000942,-0.000333,0.000073,-0.000006,0.000040,0.000178,0.000064,-0.000022,-0.000070,-0.000127,-0.000133,-0.000176,-0.000208,-0.000232,-0.000195,-0.000024,0.000085,0.000115,0.000138,0.000170,0.000069,0.000059,0.000085,0.000121,0.000166,0.000148,0.000222,0.000241,0.000160,0.000071,-0.000001,0.000040,0.000038,0.000085,0.000103,0.000013,0.000008,0.000008,-0.000062,-0.000211,-0.000216,-0.000194,-0.000231,-0.000144,-0.000008,0.000255,0.000375,0.000258,
-0.011596,-0.013457,-0.013361,-0.009135,-0.003719,-0.000726,-0.002498,-0.004517,-0.003742,-0.002646,-0.002458,-0.002060,-0.000976,-0.000391,-0.000855,-0.001407,-0.001209,-0.000258,0.000631,0.000461,-0.000193,-0.000505,-0.000716,-0.001008,-0.001127,-0.001321,-0.001482,-0.001145,-0.000347,0.000256,0.000385,0.000369,0.000272,0.000175,0.000428,0.000807,0.000919,0.000855,0.000763,0.000432,-0.000127,-0.000445,-0.000499,-0.000561,-0.000561,-0.000342,-0.000106,-0.000049,-0.000086,-0.000160,-0.000186,-0.000235,-0.000240,-0.000220,-0.000112,-0.000056,-0.000365,-0.000341,0.000303,0.000857,0.000706,0.000029,-0.000134,0.000564,0.001064,0.000825,0.000642,0.000746,0.000733,0.000306,-0.000150,-0.000122,0.000166,0.000369,0.000354,0.000204,0.000122,-0.000133,-0.000426,-0.000292,0.000030,0.000256,0.000428,0.000811,0.001486,0.002043,0.001538,-0.000133,-0.001587,-0.001749,-0.001255,-0.000814,-0.000360,-0.000234,-0.000465,-0.000458,-0.000215,-0.000072,-0.000051,-0.000003,0.000052,-0.000068,-0.000102,0.000026,0.000136,0.000144,0.000167,0.000268,0.000272,0.000220,0.000216,0.000217,0.000227,0.000162,0.000200,0.000210,0.000062,-0.000007,-0.000067,-0.000014,0.000012,-0.000025,0.000024,0.000183,0.000195,0.000030,-0.000059,0.000013,0.000080,0.000019,0.000042,-0.000023,-0.000196,-0.000177,0.000027,0.000153,0.000177,0.000188,0.026881,0.020056,0.016223,0.013118,0.009972,0.004214,-0.001273,-0.001701,0.001296,0.003792,0.004387,0.003756,0.002530,0.000824,-0.000303,-0.000275,0.000513,0.001433,0.001884,0.001887,0.001704,0.000923,-0.000311,-0.000968,-0.000866,-0.000502,0.000025,0.000450,0.000257,-0.000224,-0.000358,-0.000265,-0.000338,-0.000410,-0.000360,-0.000002,0.000300,-0.000036,-0.001169,-0.002422,-0.002648,-0.001805,-0.000965,-0.000586,-0.000132,0.000228,0.000093,-0.000157,-0.000161,-0.000213,-0.000259,-0.000077,0.000097,0.000138,0.000082,0.000028,0.000246,0.000683,0.000973,0.000710,0.000555,0.001252,0.002188,0.002122,0.001156,0.000404,0.000145,0.000017,-0.000206,-0.000420,-0.000194,0.000141,0.000013,-0.000417,-0.000722,-0.000646,-0.000231,0.000196,0.000339,0.000328,0.000116,-0.000067,0.000002,0.000126,0.000040,-0.000445,-0.001182,-0.001616,-0.001400,-0.001118,-0.000804,-0.000194,0.000055,-0.000088,-0.000039,0.000123,0.000154,0.000063,-0.000098,-0.000152,-0.000136,-0.000164,-0.000157,-0.000153,-0.000191,-0.000152,-0.000006,0.000096,0.000123,0.000107,0.000017,0.000049,0.000147,0.000156,0.000149,0.000142,0.000165,0.000143,0.000018,-0.000073,-0.000050,-0.000072,-0.000199,-0.000178,-0.000078,0.000001,0.000013,0.000031,0.000033,-0.000066,-0.000144,-0.000173,-0.000173,-0.000157,-0.000031,0.000077,0.000116,0.000150,
-0.012379,-0.014204,-0.013953,-0.009417,-0.003789,-0.000697,-0.002286,-0.004301,-0.003705,-0.002698,-0.002492,-0.002052,-0.000909,-0.000268,-0.000778,-0.001481,-0.001279,-0.000348,0.000364,0.000271,-0.000221,-0.000517,-0.000640,-0.000901,-0.001129,-0.001164,-0.001289,-0.001077,-0.000304,0.000234,0.000325,0.000293,0.000192,0.000239,0.000641,0.000989,0.000933,0.000884,0.000772,0.000350,-0.000236,-0.000589,-0.000625,-0.000671,-0.000807,-0.000665,-0.000346,-0.000217,-0.000053,-0.000018,-0.000154,-0.000279,-0.000380,-0.000302,-0.000102,-0.000118,-0.000410,-0.000424,0.000210,0.000928,0.000850,0.000189,0.000135,0.000643,0.000874,0.000640,0.000425,0.000486,0.000476,0.000149,-0.000256,-0.000304,-0.000117,-0.000015,-0.000051,-0.000060,0.000045,-0.000093,-0.000345,-0.000351,-0.000108,0.000171,0.000419,0.000832,0.001618,0.002188,0.001507,-0.000185,-0.001530,-0.001673,-0.001228,-0.000829,-0.000474,-0.000285,-0.000474,-0.000524,-0.000333,-0.000227,-0.000184,-0.000057,-0.000011,-0.000091,-0.000069,0.000035,0.000073,0.000028,0.000046,0.000124,0.000151,0.000204,0.000279,0.000259,0.000071,0.000036,0.000143,0.000123,0.000041,-0.000118,-0.000166,-0.000092,-0.000032,0.000098,0.000165,0.000142,0.000133,0.000061,-0.000054,-0.000041,0.000056,-0.000009,-0.000022,0.000136,0.000045,-0.000091,0.000007,0.000153,0.000160,0.000167,0.026504,0.019708,0.015907,0.012916,0.009744,0.004035,-0.001421,-0.001819,0.001245,0.003762,0.004528,0.003991,0.002638,0.000873,-0.000354,-0.000325,0.000673,0.001558,0.001922,0.001797,0.001512,0.000882,-0.000255,-0.000948,-0.000887,-0.000489,0.000047,0.000427,0.000135,-0.000405,-0.000469,-0.000215,-0.000190,-0.000320,-0.000169,0.000067,0.000104,-0.000369,-0.001387,-0.002438,-0.002688,-0.001951,-0.001264,-0.000790,-0.000128,0.000213,0.000069,-0.000182,-0.000106,0.000020,0.000032,0.000268,0.000396,0.000335,0.000259,0.000195,0.000462,0.000963,0.001162,0.000757,0.000524,0.001236,0.001918,0.001419,0.000499,0.000041,0.000054,0.000076,-0.000154,-0.000420,-0.000371,-0.000099,-0.000143,-0.000405,-0.000525,-0.000418,-0.000037,0.000322,0.000415,0.000389,0.000164,-0.000054,-0.000040,0.000092,0.000026,-0.000485,-0.001207,-0.001679,-0.001517,-0.001117,-0.000774,-0.000234,0.000138,0.000039,0.000076,0.000288,0.000222,0.000023,-0.000140,-0.000193,-0.000138,-0.000131,-0.000228,-0.000295,-0.000266,-0.000235,-0.000106,0.000060,0.000091,0.000070,0.000045,-0.000088,-0.000120,0.000012,0.000078,0.000031,0.000065,0.000083,0.000061,0.000014,-0.000020,-0.000079,-0.000104,-0.000078,-0.000015,0.000053,-0.000006,-0.000040,-0.000012,-0.000126,-0.000240,-0.000285,-0.000297,-0.000234,-0.000055,0.000129,0.000171,0.000048,
-0.013549,-0.015134,-0.014578,-0.009808,-0.004135,-0.000825,-0.002212,-0.004245,-0.003767,-0.002891,-0.002856,-0.002426,-0.001089,-0.000313,-0.000750,-0.001425,-0.001435,-0.000593,0.000218,0.000084,-0.000397,-0.000593,-0.000819,-0.001117,-0.001178,-0.001230,-0.001290,-0.000846,-0.000012,0.000535,0.000497,0.000303,0.000208,0.000216,0.000402,0.000618,0.000702,0.000700,0.000671,0.000444,-0.000005,-0.000472,-0.000611,-0.000565,-0.000575,-0.000440,-0.000161,-0.000078,-0.000175,-0.000162,-0.000179,-0.000329,-0.000420,-0.000236,-0.000053,-0.000169,-0.000385,-0.000384,0.000209,0.000805,0.000528,-0.000305,-0.000402,0.000465,0.000946,0.000491,0.000036,0.000124,0.000268,0.000134,-0.000080,0.000030,0.000273,0.000365,0.000251,0.000065,-0.000040,-0.000148,-0.000293,-0.000296,-0.000046,0.000257,0.000510,0.000911,0.001569,0.002102,0.001537,-0.000262,-0.001599,-0.001645,-0.001205,-0.000769,-0.000237,-0.000091,-0.000416,-0.000451,-0.000156,0.000030,0.000184,0.000176,0.000048,-0.000060,-0.000167,-0.000121,0.000099,0.000071,-0.000041,0.000048,0.000059,0.000086,0.000193,0.000245,0.000219,0.000260,0.000317,0.000230,0.000048,-0.000103,-0.000126,-0.000012,0.000127,0.000163,0.000190,0.000215,0.000127,0.000011,-0.000014,0.000009,0.000077,0.000130,0.000087,0.000018,-0.000021,-0.000044,-0.000055,0.000006,0.000158,0.000220,0.025945,0.018896,0.015204,0.012589,0.009873,0.004155,-0.001667,-0.002041,0.001156,0.003538,0.004117,0.003628,0.002494,0.000861,-0.000334,-0.000349,0.000484,0.001371,0.001825,0.001842,0.001632,0.000803,-0.000477,-0.001094,-0.000970,-0.000663,-0.000272,0.000201,0.000276,-0.000053,-0.000173,-0.000159,-0.000329,-0.000432,-0.000232,0.000134,0.000249,-0.000339,-0.001507,-0.002536,-0.002537,-0.001746,-0.001138,-0.000773,-0.000252,0.000094,0.000090,-0.000030,-0.000064,0.000013,0.000006,0.000107,0.000217,0.000246,0.000226,0.000192,0.000333,0.000719,0.001104,0.000851,0.000663,0.001509,0.002339,0.002006,0.000866,0.000134,0.000009,-0.000016,-0.000167,-0.000372,-0.000365,-0.000266,-0.000220,-0.000329,-0.000427,-0.000414,-0.000198,0.000224,0.000502,0.000510,0.000218,0.000017,0.000065,0.000104,0.000091,-0.000232,-0.000827,-0.001282,-0.001342,-0.001138,-0.000882,-0.000463,-0.000065,-0.000015,0.000034,0.000302,0.000398,0.000162,-0.000071,-0.000095,-0.000054,-0.000091,-0.000191,-0.000273,-0.000254,-0.000118,-0.000092,-0.000068,0.000123,0.000131,-0.000007,-0.000002,0.000059,0.000147,0.000179,0.000119,0.000161,0.000115,-0.000057,-0.000142,-0.000171,-0.000186,-0.000086,0.000032,0.000084,0.000100,0.000079,0.000025,-0.000015,-0.000179,-0.000392,-0.000411,-0.000355,-0.000281,-0.000099,0.000153,0.000260,0.000244,
-0.013971,-0.015533,-0.014824,-0.009845,-0.003879,-0.000463,-0.001955,-0.004159,-0.003879,-0.003145,-0.002990,-0.002536,-0.001311,-0.000484,-0.000721,-0.001345,-0.001329,-0.000488,0.000220,0.000007,-0.000533,-0.000690,-0.000790,-0.000973,-0.001016,-0.001138,-0.001307,-0.000945,-0.000133,0.000404,0.000501,0.000407,0.000296,0.000308,0.000528,0.000749,0.000809,0.000780,0.000702,0.000336,-0.000219,-0.000557,-0.000589,-0.000481,-0.000499,-0.000420,-0.000149,-0.000117,-0.000182,-0.000107,-0.000134,-0.000299,-0.000281,-0.000146,-0.000059,-0.000115,-0.000350,-0.000334,0.000214,0.000858,0.000716,-0.000034,-0.000365,0.000229,0.000987,0.000992,0.000656,0.000571,0.000492,0.000100,-0.000250,-0.000171,0.000109,0.000151,0.000071,0.000028,0.000020,-0.000063,-0.000158,-0.000096,0.000113,0.000258,0.000392,0.000750,0.001470,0.002128,0.001692,-0.000145,-0.001632,-0.001739,-0.001294,-0.000702,-0.000151,-0.000114,-0.000353,-0.000409,-0.000259,-0.000059,0.000063,0.000044,-0.000013,-0.000076,-0.000080,0.000002,0.000118,0.000100,-0.000011,-0.000010,0.000020,0.000020,0.000166,0.000252,0.000192,0.000132,0.000069,0.000070,0.000027,-0.000054,-0.000095,-0.000152,-0.000095,0.000065,0.000138,0.000160,0.000135,0.000080,0.000076,0.000088,0.000043,-0.000004,-0.000043,-0.000068,-0.000066,-0.000086,-0.000076,-0.000085,-0.000011,0.000109,0.025330,0.018510,0.015101,0.012425,0.009557,0.003895,-0.001692,-0.002023,0.001173,0.003499,0.003915,0.003465,0.002451,0.000729,-0.000580,-0.000491,0.000505,0.001439,0.001792,0.001705,0.001493,0.000699,-0.000478,-0.000929,-0.000767,-0.000405,0.000028,0.000391,0.000337,-0.000095,-0.000311,-0.000297,-0.000471,-0.000566,-0.000332,0.000061,0.000235,-0.000255,-0.001347,-0.002440,-0.002680,-0.001824,-0.001078,-0.000716,-0.000185,0.000095,-0.000009,-0.000159,-0.000228,-0.000153,-0.000085,-0.000041,0.000113,0.000229,0.000194,0.000131,0.000304,0.000859,0.001206,0.000766,0.000298,0.000751,0.001419,0.001181,0.000391,-0.000222,-0.000406,-0.000339,-0.000388,-0.000500,-0.000406,-0.000098,-0.000053,-0.000315,-0.000502,-0.000523,-0.000292,0.000147,0.000372,0.000384,0.000172,-0.000074,-0.000052,0.000106,0.000168,-0.000297,-0.001080,-0.001563,-0.001488,-0.001153,-0.000807,-0.000187,0.000155,-0.000031,-0.000106,0.000122,0.000273,0.000148,0.000068,-0.000045,-0.000142,-0.000188,-0.000194,-0.000168,-0.000180,-0.000153,0.000015,0.000150,0.000094,0.000132,0.000087,-0.000090,0.000019,0.000120,0.000113,0.000108,0.000170,0.000280,0.000178,-0.000018,-0.000098,-0.000110,-0.000064,-0.000113,-0.000189,-0.000193,-0.000129,-0.000069,-0.000049,-0.000136,-0.000248,-0.000340,-0.000348,-0.000235,0.000030,0.000189,0.000210,0.000159,
-0.013812,-0.015587,-0.014847,-0.009698,-0.003656,-0.000180,-0.001794,-0.004248,-0.003975,-0.003012,-0.002854,-0.002429,-0.001178,-0.000328,-0.000625,-0.001323,-0.001413,-0.000518,0.000266,0.000094,-0.000382,-0.000599,-0.000719,-0.000959,-0.001127,-0.001192,-0.001378,-0.001111,-0.000274,0.000298,0.000328,0.000171,0.000111,0.000189,0.000442,0.000739,0.000799,0.000700,0.000568,0.000301,-0.000164,-0.000529,-0.000492,-0.000487,-0.000587,-0.000389,-0.000244,-0.000261,-0.000276,-0.000153,-0.000034,-0.000146,-0.000292,-0.000184,-0.000075,-0.000145,-0.000376,-0.000332,0.000268,0.000921,0.000841,0.000273,0.000213,0.000573,0.000526,0.000126,0.000218,0.000610,0.000613,0.000326,0.000025,-0.000137,-0.000038,0.000186,0.000222,0.000183,0.000114,-0.000150,-0.000334,-0.000244,-0.000033,0.000211,0.000420,0.000851,0.001537,0.002046,0.001522,-0.000099,-0.001598,-0.001808,-0.001166,-0.000617,-0.000181,-0.000157,-0.000403,-0.000422,-0.000202,-0.000035,-0.000014,-0.000019,0.000034,-0.000018,-0.000075,-0.000003,0.000121,0.000142,0.000050,0.000015,0.000026,0.000125,0.000255,0.000217,0.000140,0.000167,0.000111,0.000079,0.000146,0.000033,-0.000110,-0.000099,-0.000029,-0.000044,0.000070,0.000211,0.000168,0.000081,-0.000011,-0.000047,-0.000007,0.000017,0.000065,0.000061,-0.000085,-0.000120,0.000019,0.000153,0.000220,0.000280,0.025533,0.018758,0.015370,0.012752,0.009759,0.003957,-0.001803,-0.002170,0.001193,0.003693,0.004038,0.003414,0.002512,0.000915,-0.000538,-0.000680,0.000315,0.001368,0.001767,0.001604,0.001411,0.000800,-0.000339,-0.000987,-0.000923,-0.000612,-0.000192,0.000305,0.000357,-0.000036,-0.000205,-0.000284,-0.000525,-0.000518,-0.000214,0.000029,0.000138,-0.000317,-0.001446,-0.002541,-0.002617,-0.001663,-0.000976,-0.000715,-0.000295,0.000119,0.000124,-0.000090,-0.000183,-0.000260,-0.000242,-0.000017,0.000115,0.000141,0.000099,0.000034,0.000233,0.000799,0.001127,0.000781,0.000640,0.001547,0.002239,0.001691,0.000679,0.000157,0.000046,-0.000040,-0.000309,-0.000569,-0.000495,-0.000237,-0.000135,-0.000255,-0.000381,-0.000391,-0.000227,0.000144,0.000441,0.000536,0.000417,0.000154,0.000065,0.000220,0.000131,-0.000369,-0.000928,-0.001346,-0.001239,-0.000978,-0.000844,-0.000377,0.000003,0.000060,0.000176,0.000277,0.000121,-0.000046,-0.000085,-0.000115,-0.000090,-0.000093,-0.000205,-0.000160,-0.000022,0.000003,-0.000007,-0.000001,0.000053,0.000089,-0.000004,-0.000074,-0.000005,0.000115,0.000198,0.000129,0.000057,0.000134,0.000141,0.000044,-0.000038,-0.000076,-0.000017,0.000045,0.000042,-0.000005,-0.000068,-0.000086,-0.000076,-0.000120,-0.000097,-0.000123,-0.000252,-0.000224,0.000006,0.000183,0.000218,0.000178,
-0.014096,-0.015888,-0.014887,-0.009746,-0.003626,-0.000005,-0.001502,-0.003967,-0.003828,-0.003034,-0.003134,-0.002817,-0.001323,-0.000329,-0.000592,-0.001310,-0.001371,-0.000508,0.000257,0.000077,-0.000462,-0.000735,-0.000820,-0.000941,-0.001111,-0.001253,-0.001465,-0.001321,-0.000534,0.000206,0.000406,0.000324,0.000372,0.000516,0.000626,0.000740,0.000794,0.000724,0.000585,0.000343,-0.000130,-0.000540,-0.000613,-0.000524,-0.000347,-0.000146,-0.000065,-0.000064,-0.000169,-0.000218,-0.000261,-0.000315,-0.000215,-0.000051,-0.000018,-0.000167,-0.000388,-0.000357,0.000163,0.000748,0.000642,-0.000059,-0.000223,0.000528,0.001107,0.000996,0.000651,0.000736,0.000772,0.000250,-0.000128,-0.000193,-0.000065,0.000197,0.000305,0.000232,0.000230,-0.000072,-0.000397,-0.000306,-0.000001,0.000335,0.000548,0.000910,0.001580,0.002144,0.001633,-0.000141,-0.001554,-0.001705,-0.001213,-0.000619,-0.000189,-0.000232,-0.000450,-0.000338,-0.000042,0.000019,-0.000023,0.000048,0.000104,0.000064,0.000016,-0.000051,-0.000023,0.000001,0.000067,0.000207,0.000263,0.000319,0.000380,0.000247,0.000157,0.000188,0.000191,0.000214,0.000148,0.000023,-0.000053,0.000009,0.000153,0.000164,0.000123,0.000130,0.000102,0.000076,0.000043,0.000042,0.000068,0.000066,0.000067,0.000011,-0.000126,-0.000140,0.000014,0.000124,0.000052,0.000085,0.025407,0.018803,0.015517,0.012741,0.009772,0.003939,-0.001989,-0.002430,0.000934,0.003440,0.003838,0.003315,0.002330,0.000650,-0.000589,-0.000523,0.000443,0.001337,0.001628,0.001563,0.001412,0.000753,-0.000469,-0.001006,-0.000795,-0.000531,-0.000083,0.000405,0.000324,-0.000059,-0.000119,-0.000074,-0.000269,-0.000505,-0.000325,0.000098,0.000271,-0.000240,-0.001417,-0.002473,-0.002541,-0.001715,-0.000963,-0.000657,-0.000319,0.000059,0.000035,-0.000268,-0.000348,-0.000278,-0.000196,0.000008,0.000167,0.000217,0.000177,0.000101,0.000344,0.000907,0.001146,0.000628,0.000381,0.001282,0.002196,0.001746,0.000544,0.000022,0.000001,-0.000104,-0.000329,-0.000578,-0.000486,-0.000221,-0.000085,-0.000207,-0.000368,-0.000337,-0.000135,0.000179,0.000508,0.000518,0.000254,0.000060,0.000035,0.000161,0.000136,-0.000306,-0.000962,-0.001433,-0.001409,-0.001017,-0.000739,-0.000370,-0.000011,-0.000041,0.000075,0.000298,0.000316,0.000135,-0.000084,-0.000102,-0.000136,-0.000266,-0.000270,-0.000185,-0.000115,-0.000081,-0.000011,0.000108,0.000173,0.000131,0.000039,-0.000075,-0.000083,0.000028,0.000154,0.000264,0.000278,0.000208,0.000061,-0.000032,-0.000035,-0.000019,0.000062,0.000037,-0.000034,-0.000023,0.000035,0.000085,-0.000033,-0.000222,-0.000232,-0.000097,-0.000093,-0.000102,0.000055,0.000197,0.000180,0.000136,
-0.014374,-0.016101,-0.014913,-0.009633,-0.003404,0.000396,-0.001077,-0.003739,-0.003831,-0.003073,-0.003092,-0.002815,-0.001487,-0.000402,-0.000470,-0.001120,-0.001217,-0.000484,0.000197,0.000039,-0.000519,-0.000728,-0.000830,-0.001053,-0.001145,-0.001117,-0.001302,-0.001050,-0.000202,0.000303,0.000321,0.000266,0.000314,0.000392,0.000517,0.000727,0.000811,0.000758,0.000693,0.000459,-0.000131,-0.000604,-0.000642,-0.000648,-0.000607,-0.000405,-0.000247,-0.000166,-0.000171,-0.000287,-0.000283,-0.000325,-0.000379,-0.000266,-0.000088,-0.000195,-0.000456,-0.000436,0.000114,0.000769,0.000823,0.000113,-0.000057,0.000656,0.001082,0.000892,0.000720,0.000832,0.000709,0.000244,-0.000008,0.000058,0.000241,0.000314,0.000280,0.000196,0.000056,-0.000274,-0.000472,-0.000261,0.000021,0.000242,0.000449,0.000907,0.001549,0.002007,0.001510,-0.000078,-0.001508,-0.001755,-0.001362,-0.000762,-0.000174,-0.000128,-0.000339,-0.000329,-0.000093,0.000066,-0.000017,-0.000071,-0.000070,-0.000040,0.000027,0.000072,0.000114,0.000182,0.000227,0.000243,0.000173,0.000110,0.000128,0.000279,0.000297,0.000136,0.000044,0.000029,-0.000011,-0.000044,-0.000103,-0.000066,0.000091,0.000158,0.000086,0.000094,0.000095,0.000007,-0.000106,-0.000147,-0.000113,-0.000059,0.000040,0.000069,0.000021,-0.000091,-0.000016,0.000121,0.000158,0.000211,0.024868,0.018337,0.015375,0.012798,0.009685,0.003689,-0.002230,-0.002635,0.000829,0.003477,0.003826,0.003182,0.002200,0.000625,-0.000593,-0.000588,0.000380,0.001299,0.001629,0.001568,0.001297,0.000623,-0.000337,-0.000808,-0.000634,-0.000406,-0.000044,0.000284,0.000147,-0.000080,-0.000077,0.000044,-0.000141,-0.000355,-0.000248,0.000145,0.000338,-0.000145,-0.001310,-0.002482,-0.002567,-0.001610,-0.000848,-0.000633,-0.000250,0.000166,0.000127,-0.000068,-0.000131,-0.000174,-0.000060,-0.000037,-0.000058,0.000028,0.000022,0.000061,0.000349,0.000850,0.001153,0.000820,0.000654,0.001443,0.002278,0.002040,0.001040,0.000378,0.000332,0.000199,-0.000221,-0.000340,-0.000192,-0.000040,0.000011,-0.000270,-0.000632,-0.000637,-0.000297,0.000223,0.000557,0.000460,0.000100,-0.000145,-0.000132,0.000068,0.000179,-0.000263,-0.000974,-0.001392,-0.001390,-0.001141,-0.000791,-0.000312,0.000031,-0.000002,0.000069,0.000228,0.000190,0.000031,-0.000148,-0.000242,-0.000244,-0.000250,-0.000331,-0.000278,-0.000179,-0.000096,0.000001,0.000092,0.000185,0.000233,0.000130,0.000011,0.000042,0.000161,0.000183,0.000116,0.000094,0.000050,-0.000025,-0.000052,-0.000083,-0.000138,-0.000137,-0.000012,-0.000023,-0.000031,0.000069,0.000090,0.000045,-0.000101,-0.000255,-0.000320,-0.000274,-0.000113,0.000004,0.000096,0.000195,0.000179,
-0.014909,-0.016697,-0.015231,-0.009724,-0.003309,0.000798,-0.000527,-0.003288,-0.003538,-0.002981,-0.003113,-0.002914,-0.001528,-0.000368,-0.000438,-0.001082,-0.001258,-0.000560,0.000247,0.000037,-0.000600,-0.000721,-0.000861,-0.001000,-0.000933,-0.001087,-0.001326,-0.001030,-0.000341,0.000095,0.000098,0.000030,-0.000087,-0.000035,0.000383,0.000824,0.001070,0.001029,0.000739,0.000295,-0.000221,-0.000531,-0.000613,-0.000693,-0.000722,-0.000556,-0.000255,-0.000071,-0.000053,-0.000113,-0.000224,-0.000382,-0.000386,-0.000262,-0.000063,-0.000067,-0.000272,-0.000338,0.000163,0.000843,0.000858,0.000187,-0.000086,0.000431,0.000743,0.000573,0.000484,0.000538,0.000513,0.000250,-0.000190,-0.000302,-0.000060,0.000089,0.000031,-0.000032,-0.000051,-0.000191,-0.000308,-0.000268,-0.000011,0.000230,0.000425,0.000897,0.001611,0.002156,0.001591,-0.000174,-0.001600,-0.001815,-0.001335,-0.000814,-0.000381,-0.000190,-0.000283,-0.000320,-0.000262,-0.000194,-0.000036,0.000002,-0.000139,-0.000153,-0.000171,-0.000118,0.000005,0.000074,0.000165,0.000199,0.000150,0.000111,0.000228,0.000353,0.000254,0.000084,0.000105,0.000082,-0.000073,-0.000150,-0.000065,-0.000087,-0.000096,0.000008,0.000014,0.000072,0.000058,-0.000048,-0.000044,-0.000030,-0.000052,-0.000004,0.000120,0.000142,0.000069,0.000004,0.000003,0.000135,0.000235,0.000227,0.024554,0.017873,0.015119,0.012666,0.009685,0.003814,-0.002303,-0.002919,0.000601,0.003266,0.003559,0.002932,0.002023,0.000510,-0.000623,-0.000586,0.000385,0.001276,0.001541,0.001484,0.001256,0.000664,-0.000329,-0.000846,-0.000756,-0.000446,0.000085,0.000438,0.000318,-0.000033,-0.000206,-0.000174,-0.000313,-0.000476,-0.000257,0.000046,0.000090,-0.000422,-0.001501,-0.002545,-0.002607,-0.001626,-0.000866,-0.000549,-0.000197,0.000106,0.000146,0.000037,-0.000004,-0.000134,-0.000275,-0.000079,0.000271,0.000312,0.000172,0.000126,0.000411,0.000919,0.001146,0.000773,0.000549,0.001213,0.001813,0.001461,0.000671,0.000249,0.000126,-0.000003,-0.000284,-0.000484,-0.000320,-0.000115,-0.000125,-0.000292,-0.000533,-0.000580,-0.000314,0.000151,0.000469,0.000465,0.000202,0.000019,0.000026,0.000122,0.000082,-0.000406,-0.001105,-0.001490,-0.001332,-0.001037,-0.000709,-0.000187,0.000043,-0.000103,0.000067,0.000392,0.000297,0.000064,-0.000185,-0.000200,-0.000146,-0.000194,-0.000164,-0.000150,-0.000153,-0.000117,-0.000043,0.000062,0.000064,0.000033,0.000056,0.000032,0.000052,0.000059,0.000036,0.000168,0.000233,0.000175,0.000131,0.000115,-0.000040,-0.000129,-0.000066,-0.000011,0.000033,0.000074,0.000175,0.000179,0.000050,-0.000046,-0.000127,-0.000186,-0.000219,-0.000181,-0.000010,0.000207,0.000258,0.000182,
-0.015775,-0.017474,-0.015850,-0.010136,-0.003538,0.000753,-0.000278,-0.003027,-0.003502,-0.003021,-0.003087,-0.002844,-0.001516,-0.000385,-0.000497,-0.001188,-0.001445,-0.000819,0.000071,0.000039,-0.000549,-0.000863,-0.000942,-0.001034,-0.001084,-0.001117,-0.001198,-0.000858,-0.000031,0.000365,0.000266,0.000194,0.000103,0.000076,0.000316,0.000637,0.000786,0.000736,0.000567,0.000256,-0.000249,-0.000654,-0.000691,-0.000660,-0.000651,-0.000416,-0.000102,-0.000093,-0.000168,-0.000175,-0.000161,-0.000286,-0.000440,-0.000302,-0.000123,-0.000120,-0.000403,-0.000436,0.000177,0.000788,0.000703,0.000070,0.000108,0.000806,0.000938,0.000502,0.000185,0.000247,0.000316,0.000112,-0.000189,-0.000276,-0.000029,0.000188,0.000183,0.000037,-0.000077,-0.000156,-0.000197,-0.000186,-0.000063,0.000102,0.000314,0.000834,0.001594,0.002131,0.001588,-0.000108,-0.001524,-0.001698,-0.001256,-0.000780,-0.000298,-0.000121,-0.000329,-0.000428,-0.000232,0.000105,0.000180,0.000068,-0.000014,-0.000075,-0.000005,0.000147,0.000178,0.000189,0.000101,0.000064,0.000117,0.000196,0.000152,0.000051,0.000190,0.000242,0.000156,0.000049,-0.000103,-0.000183,-0.000139,-0.000061,0.000130,0.000237,0.000209,0.000169,0.000092,0.000010,-0.000068,-0.000128,-0.000050,0.000034,0.000057,0.000113,0.000071,-0.000013,0.000016,0.000122,0.000137,0.000217,0.023886,0.017368,0.014737,0.012388,0.009656,0.003873,-0.002511,-0.003318,0.000308,0.003086,0.003375,0.002722,0.001834,0.000445,-0.000619,-0.000623,0.000350,0.001295,0.001598,0.001504,0.001247,0.000602,-0.000331,-0.000771,-0.000719,-0.000460,0.000021,0.000447,0.000388,-0.000047,-0.000240,-0.000240,-0.000410,-0.000400,-0.000214,-0.000017,0.000100,-0.000317,-0.001422,-0.002570,-0.002683,-0.001816,-0.000996,-0.000646,-0.000280,0.000060,0.000102,-0.000009,-0.000070,-0.000094,-0.000118,-0.000071,0.000072,0.000107,0.000095,0.000245,0.000572,0.000897,0.001049,0.000812,0.000795,0.001665,0.002401,0.001916,0.000682,-0.000038,-0.000090,-0.000049,-0.000175,-0.000313,-0.000259,-0.000181,-0.000267,-0.000429,-0.000541,-0.000478,-0.000159,0.000269,0.000522,0.000481,0.000287,0.000055,0.000005,0.000115,0.000086,-0.000349,-0.001026,-0.001407,-0.001313,-0.000979,-0.000709,-0.000247,0.000138,0.000199,0.000225,0.000295,0.000242,0.000032,-0.000144,-0.000234,-0.000226,-0.000166,-0.000290,-0.000349,-0.000227,-0.000037,0.000009,-0.000012,0.000091,0.000134,0.000108,0.000129,0.000224,0.000321,0.000214,0.000103,0.000078,-0.000065,-0.000088,0.000013,-0.000032,-0.000074,-0.000117,-0.000184,-0.000114,0.000024,-0.000041,-0.000150,-0.000117,-0.000091,-0.000184,-0.000305,-0.000255,-0.000104,-0.000007,0.000090,0.000157,0.000155,
-0.016568,-0.018374,-0.016464,-0.010378,-0.003533,0.001150,0.000340,-0.002469,-0.003178,-0.002810,-0.002868,-0.002767,-0.001575,-0.000411,-0.000436,-0.001064,-0.001204,-0.000510,0.000166,-0.000027,-0.000551,-0.000784,-0.000852,-0.000868,-0.000885,-0.000951,-0.000977,-0.000704,-0.000042,0.000364,0.000322,0.000213,0.000186,0.000311,0.000616,0.000838,0.000847,0.000794,0.000691,0.000328,-0.000226,-0.000602,-0.000589,-0.000509,-0.000473,-0.000328,-0.000228,-0.000245,-0.000261,-0.000230,-0.000287,-0.000385,-0.000348,-0.000205,-0.000101,-0.000195,-0.000396,-0.000292,0.000270,0.000795,0.000612,-0.000183,-0.000398,0.000457,0.001179,0.000906,0.000459,0.000408,0.000363,0.000071,-0.000188,-0.000147,0.000027,0.000187,0.000147,0.000035,0.000029,-0.000124,-0.000388,-0.000321,-0.000038,0.000201,0.000400,0.000794,0.001410,0.001966,0.001488,-0.000221,-0.001629,-0.001786,-0.001374,-0.000756,-0.000130,-0.000044,-0.000309,-0.000360,-0.000146,-0.000015,0.000001,0.000059,0.000042,-0.000006,-0.000027,0.000013,0.000151,0.000245,0.000167,0.000142,0.000197,0.000201,0.000187,0.000235,0.000213,0.000084,0.000064,0.000144,0.000087,-0.000054,-0.000099,-0.000121,-0.000068,0.000021,-0.000047,-0.000042,0.000038,0.000140,0.000054,-0.000055,-0.000038,0.000038,0.000197,0.000128,-0.000071,-0.000097,0.000037,0.000153,0.000162,0.000215,0.023145,0.016786,0.014447,0.012183,0.009518,0.003983,-0.002409,-0.003524,0.000045,0.002802,0.003046,0.002345,0.001508,0.000273,-0.000711,-0.000578,0.000430,0.001296,0.001568,0.001412,0.001127,0.000530,-0.000347,-0.000795,-0.000679,-0.000416,-0.000043,0.000381,0.000420,0.000039,-0.000024,0.000045,-0.000096,-0.000184,-0.000107,0.000089,0.000239,-0.000151,-0.001362,-0.002555,-0.002596,-0.001687,-0.001063,-0.000786,-0.000238,0.000133,0.000098,0.000002,-0.000074,-0.000106,-0.000015,0.000176,0.000262,0.000205,0.000114,0.000093,0.000288,0.000834,0.001123,0.000730,0.000450,0.001160,0.002031,0.001762,0.000691,-0.000104,-0.000285,-0.000243,-0.000315,-0.000510,-0.000590,-0.000322,-0.000168,-0.000343,-0.000456,-0.000310,-0.000119,0.000107,0.000447,0.000524,0.000260,0.000037,0.000074,0.000162,0.000070,-0.000296,-0.001001,-0.001496,-0.001279,-0.000913,-0.000597,-0.000087,0.000273,0.000152,0.000060,0.000193,0.000335,0.000230,-0.000028,-0.000155,-0.000149,-0.000168,-0.000234,-0.000230,-0.000291,-0.000274,-0.000096,0.000088,0.000200,0.000232,0.000093,0.000051,0.000170,0.000206,0.000214,0.000220,0.000221,0.000167,0.000030,-0.000040,-0.000058,-0.000081,-0.000192,-0.000217,-0.000060,-0.000045,-0.000046,0.000017,-0.000074,-0.000231,-0.000276,-0.000224,-0.000201,-0.000122,0.000001,0.000120,0.000252,0.000226,
-0.016870,-0.018758,-0.016709,-0.010426,-0.003507,0.001251,0.000748,-0.002006,-0.003062,-0.002866,-0.002872,-0.002627,-0.001372,-0.000314,-0.000370,-0.000924,-0.001089,-0.000486,0.000264,0.000195,-0.000430,-0.000796,-0.000903,-0.001045,-0.000978,-0.000969,-0.001199,-0.001002,-0.000313,0.000130,0.000049,-0.000080,0.000005,0.000219,0.000527,0.000766,0.000897,0.000887,0.000736,0.000415,-0.000163,-0.000601,-0.000714,-0.000662,-0.000630,-0.000571,-0.000419,-0.000328,-0.000341,-0.000405,-0.000400,-0.000365,-0.000289,-0.000192,-0.000111,-0.000132,-0.000388,-0.000403,0.000284,0.001034,0.001039,0.000425,0.000218,0.000531,0.000707,0.000552,0.000526,0.000741,0.000635,0.000166,-0.000145,-0.000171,0.000028,0.000233,0.000195,0.000154,0.000074,-0.000244,-0.000456,-0.000284,-0.000001,0.000127,0.000289,0.000791,0.001542,0.002168,0.001719,-0.000135,-0.001716,-0.001940,-0.001509,-0.000854,-0.000213,-0.000114,-0.000365,-0.000370,-0.000220,-0.000138,-0.000102,-0.000012,0.000006,-0.000022,0.000004,-0.000019,0.000059,0.000169,0.000140,0.000148,0.000089,0.000089,0.000209,0.000232,0.000226,0.000148,0.000066,0.000024,-0.000029,-0.000036,-0.000062,-0.000145,-0.000168,-0.000049,0.000040,0.000068,0.000054,-0.000016,-0.000080,-0.000128,-0.000131,-0.000088,-0.000046,0.000025,-0.000004,-0.000056,0.000049,0.000184,0.000231,0.000233,0.022523,0.016161,0.014191,0.012374,0.009761,0.004032,-0.002416,-0.003705,-0.000271,0.002643,0.002878,0.002144,0.001506,0.000340,-0.000582,-0.000399,0.000531,0.001349,0.001562,0.001377,0.001133,0.000638,-0.000211,-0.000705,-0.000664,-0.000433,-0.000098,0.000213,0.000215,-0.000033,-0.000195,-0.000126,-0.000134,-0.000139,0.000042,0.000213,0.000260,-0.000136,-0.001229,-0.002418,-0.002586,-0.001727,-0.000940,-0.000574,-0.000190,0.000141,0.000105,-0.000229,-0.000316,-0.000272,-0.000226,-0.000101,0.000115,0.000180,0.000101,0.000093,0.000360,0.000848,0.001181,0.000926,0.000778,0.001420,0.001946,0.001505,0.000740,0.000388,0.000216,0.000031,-0.000247,-0.000599,-0.000666,-0.000324,-0.000084,-0.000272,-0.000505,-0.000472,-0.000178,0.000288,0.000524,0.000386,0.000189,0.000026,-0.000064,0.000128,0.000191,-0.000212,-0.000867,-0.001303,-0.001238,-0.001080,-0.000756,-0.000164,0.000112,0.000063,0.000130,0.000261,0.000269,0.000187,-0.000026,-0.000177,-0.000158,-0.000127,-0.000115,-0.000096,-0.000088,-0.000019,0.000099,0.000055,0.000077,0.000164,0.000058,-0.000049,-0.000033,0.000063,0.000068,0.000084,0.000163,0.000185,0.000149,0.000028,-0.000028,-0.000093,-0.000187,-0.000175,-0.000142,-0.000121,-0.000084,0.000004,0.000102,0.000003,-0.000231,-0.000303,-0.000251,-0.000204,-0.000116,0.000084,0.000244,0.000170,
-0.017060,-0.019001,-0.016741,-0.010426,-0.003664,0.001271,0.001035,-0.001727,-0.002838,-0.002623,-0.002665,-0.002424,-0.001203,-0.000159,-0.000302,-0.001038,-0.001277,-0.000528,0.000320,0.000104,-0.000577,-0.000816,-0.000893,-0.000995,-0.000909,-0.000979,-0.001244,-0.000975,-0.000420,-0.000026,0.000020,-0.000054,0.000051,0.000266,0.000559,0.000844,0.000861,0.000803,0.000636,0.000223,-0.000305,-0.000645,-0.000577,-0.000441,-0.000436,-0.000292,-0.000044,-0.000035,-0.000192,-0.000239,-0.000230,-0.000325,-0.000267,-0.000032,-0.000077,-0.000290,-0.000414,-0.000263,0.000245,0.000812,0.000715,-0.000004,-0.000110,0.000643,0.001015,0.000663,0.000458,0.000658,0.000673,0.000251,-0.000209,-0.000374,-0.000162,0.000197,0.000285,0.000173,0.000067,-0.000118,-0.000341,-0.000357,-0.000147,0.000180,0.000474,0.000927,0.001643,0.002177,0.001659,-0.000098,-0.001560,-0.001744,-0.001308,-0.000719,-0.000187,-0.000045,-0.000230,-0.000169,0.000085,0.000087,0.000009,0.000006,0.000042,0.000041,0.000027,0.000141,0.000182,0.000127,0.000163,0.000201,0.000207,0.000196,0.000248,0.000270,0.000166,0.000114,0.000149,0.000212,0.000204,-0.000038,-0.000135,-0.000054,0.000098,0.000171,0.000158,0.000178,0.000141,0.000108,-0.000009,-0.000035,0.000061,0.000118,0.000112,0.000036,-0.000042,-0.000076,-0.000021,0.000107,0.000171,0.000175,0.022197,0.015986,0.013935,0.012182,0.009778,0.004207,-0.002368,-0.003891,-0.000597,0.002310,0.002606,0.001894,0.001261,0.000227,-0.000580,-0.000366,0.000565,0.001284,0.001461,0.001288,0.001108,0.000664,-0.000290,-0.000827,-0.000640,-0.000196,0.000170,0.000448,0.000353,-0.000071,-0.000166,0.000002,-0.000014,-0.000100,0.000090,0.000311,0.000400,-0.000070,-0.001180,-0.002370,-0.002614,-0.001781,-0.001042,-0.000676,-0.000290,0.000045,0.000071,-0.000011,-0.000091,-0.000159,-0.000161,-0.000127,0.000063,0.000234,0.000151,0.000010,0.000312,0.000998,0.001298,0.000874,0.000690,0.001483,0.002156,0.001559,0.000369,-0.000213,-0.000080,0.000064,-0.000267,-0.000570,-0.000349,0.000005,0.000035,-0.000177,-0.000370,-0.000374,-0.000192,0.000204,0.000504,0.000493,0.000258,0.000028,0.000043,0.000169,0.000066,-0.000422,-0.001073,-0.001370,-0.001316,-0.001173,-0.000904,-0.000266,0.000171,0.000120,0.000172,0.000339,0.000286,0.000048,-0.000152,-0.000190,-0.000233,-0.000276,-0.000314,-0.000204,-0.000066,-0.000057,0.000058,0.000164,0.000114,0.000152,0.000131,-0.000078,-0.000144,-0.000000,0.000075,0.000086,0.000143,0.000127,0.000030,-0.000073,-0.000129,-0.000100,-0.000137,-0.000101,0.000031,0.000033,-0.000025,-0.000035,0.000032,-0.000037,-0.000168,-0.000106,-0.000156,-0.000201,-0.000064,0.000089,0.000181,0.000248,
-0.017601,-0.019414,-0.016978,-0.010664,-0.003903,0.001032,0.001150,-0.001282,-0.002432,-0.002390,-0.002476,-0.002304,-0.001186,-0.000185,-0.000363,-0.001132,-0.001320,-0.000618,0.000158,0.000202,-0.000326,-0.000749,-0.000838,-0.000953,-0.001046,-0.001065,-0.001199,-0.001003,-0.000434,-0.000029,0.000067,0.000194,0.000447,0.000583,0.000575,0.000704,0.000805,0.000746,0.000651,0.000297,-0.000244,-0.000521,-0.000534,-0.000516,-0.000480,-0.000362,-0.000280,-0.000271,-0.000262,-0.000241,-0.000220,-0.000253,-0.000297,-0.000213,-0.000093,-0.000185,-0.000410,-0.000321,0.000302,0.000926,0.000841,0.000187,0.000103,0.000821,0.001216,0.000929,0.000776,0.000916,0.000850,0.000427,-0.000067,-0.000243,-0.000101,0.000121,0.000278,0.000269,0.000098,-0.000257,-0.000417,-0.000265,-0.000073,0.000236,0.000522,0.000902,0.001565,0.002196,0.001705,-0.000044,-0.001501,-0.001767,-0.001383,-0.000797,-0.000283,-0.000124,-0.000285,-0.000411,-0.000349,-0.000066,0.000136,0.000141,0.000078,-0.000097,-0.000161,0.000018,0.000171,0.000095,0.000054,0.000119,0.000019,0.000013,0.000176,0.000282,0.000238,0.000098,0.000113,0.000141,0.000047,-0.000042,-0.000071,0.000051,0.000082,0.000040,0.000096,0.000138,0.000055,-0.000054,-0.000064,-0.000001,0.000100,0.000153,0.000071,-0.000077,-0.000185,-0.000154,-0.000115,-0.000110,-0.000079,0.000080,0.021339,0.015487,0.013955,0.012006,0.009594,0.004370,-0.002049,-0.003686,-0.000532,0.002328,0.002548,0.001909,0.001342,0.000270,-0.000522,-0.000343,0.000482,0.001252,0.001452,0.001344,0.001148,0.000578,-0.000394,-0.000828,-0.000613,-0.000303,0.000072,0.000350,0.000262,-0.000013,0.000042,0.000276,0.000328,0.000155,0.000063,0.000313,0.000546,0.000054,-0.001198,-0.002399,-0.002546,-0.001724,-0.001047,-0.000731,-0.000284,0.000022,-0.000028,-0.000193,-0.000224,-0.000160,-0.000067,0.000145,0.000297,0.000222,0.000154,0.000151,0.000282,0.000840,0.001234,0.000915,0.000666,0.001429,0.002308,0.001912,0.000832,0.000278,0.000236,0.000152,-0.000191,-0.000475,-0.000436,-0.000259,-0.000229,-0.000484,-0.000612,-0.000534,-0.000336,0.000066,0.000396,0.000455,0.000164,0.000035,0.000154,0.000251,0.000205,-0.000351,-0.001099,-0.001579,-0.001500,-0.001150,-0.000787,-0.000232,0.000104,-0.000018,0.000016,0.000240,0.000209,0.000023,-0.000091,-0.000178,-0.000196,-0.000155,-0.000163,-0.000136,-0.000031,0.000085,0.000089,0.000088,0.000191,0.000234,0.000166,0.000115,0.000146,0.000204,0.000162,0.000158,0.000148,0.000071,-0.000041,-0.000052,0.000032,-0.000038,-0.000152,-0.000096,0.000004,0.000020,0.000019,0.000063,0.000059,-0.000039,-0.000135,-0.000204,-0.000253,-0.000156,-0.000015,0.000115,0.000196,0.000201,
