0.031588,0.025744,0.006215,-0.003918,-0.003859,-0.001056,-0.000029,-0.000833,-0.001322,-0.000391,0.001523,0.002460,0.001895,0.001307,0.001063,0.000107,-0.000614,-0.000197,0.000616,0.001112,0.001542,0.001823,0.001472,0.000218,-0.001241,-0.001855,-0.001473,-0.000393,0.000694,0.000791,0.000144,-0.000479,-0.001048,-0.001242,-0.000559,0.000260,0.000708,0.000749,0.000109,-0.000777,-0.000969,-0.000605,0.000031,0.000541,0.000622,0.000292,-0.000125,-0.000295,-0.000407,-0.000611,-0.000838,-0.000811,-0.000544,-0.000244,0.000216,0.000464,0.000329,0.000100,-0.000076,-0.000481,-0.001026,-0.001484,-0.001516,-0.000433,0.001100,0.001851,0.001648,0.000639,-0.000678,-0.001603,-0.001751,-0.001525,-0.000911,-0.000023,0.000514,0.000328,-0.000243,-0.000591,-0.000370,-0.000029,0.000058,0.000153,0.000320,0.000507,0.001090,0.001831,0.001796,0.000621,-0.000711,-0.001197,-0.001032,-0.000751,-0.000327,0.000288,0.000713,0.000903,0.001156,0.001156,0.000604,0.000115,-0.000060,-0.000123,-0.000146,-0.000203,-0.000139,-0.000040,0.000037,0.000050,0.000043,-0.000045,-0.000261,-0.000317,-0.000185,0.000006,0.000325,0.000352,-0.000035,-0.000268,-0.000169,0.000092,0.000286,0.000172,0.000041,-0.000016,0.000023,0.000140,0.000214,0.000115,0.000038,0.000052,-0.000078,-0.000145,0.000030,0.000130,0.000054,-0.000033,0.000027,0.000133,0.041930,0.030326,0.022104,0.017039,0.012727,0.008430,0.006895,0.007691,0.008857,0.009686,0.008348,0.004722,0.001963,0.000670,-0.000698,-0.001199,-0.000148,0.000671,0.000411,-0.000238,-0.000500,-0.000545,-0.000804,-0.000800,-0.000483,-0.000034,0.000482,0.000355,-0.000796,-0.001861,-0.001721,-0.000874,-0.000066,0.000370,0.000379,0.000191,0.000237,0.000684,0.001073,0.000911,0.000414,-0.000279,-0.000698,-0.000382,0.000007,0.000039,0.000036,0.000147,0.000307,0.000468,0.000419,0.000170,0.000138,0.000355,0.000251,-0.000028,-0.000019,0.000222,-0.000084,-0.000778,-0.000628,0.000937,0.002673,0.002286,-0.000036,-0.002003,-0.002528,-0.002405,-0.002259,-0.002159,-0.001753,-0.000983,-0.000165,0.000421,0.000147,-0.000717,-0.000944,-0.000330,0.000431,0.000838,0.000763,0.000438,0.000380,0.000432,0.000254,-0.000056,-0.000944,-0.002294,-0.003174,-0.003104,-0.001962,-0.000268,0.000801,0.000707,0.000199,-0.000121,-0.000187,-0.000199,-0.000330,-0.000366,-0.000211,-0.000115,0.000050,0.000295,0.000325,0.000029,-0.000221,-0.000338,-0.000222,0.000111,0.000161,-0.000074,-0.000222,-0.000159,0.000003,0.000028,0.000010,0.000056,-0.000102,-0.000275,-0.000304,-0.000161,-0.000105,-0.000151,-0.000261,-0.000316,-0.000064,0.000144,0.000156,0.000127,0.000035,-0.000107,-0.000050,0.000006,0.000040,0.000013,-0.000070,-0.000137,
0.025350,0.020435,0.004903,-0.002988,-0.003106,-0.001009,-0.000063,-0.000569,-0.000929,-0.000104,0.001366,0.001903,0.001236,0.000862,0.000853,0.000323,-0.000172,-0.000047,0.000373,0.000808,0.001258,0.001487,0.001202,0.000177,-0.001072,-0.001519,-0.001046,-0.000047,0.000739,0.000591,-0.000016,-0.000437,-0.000825,-0.000926,-0.000365,0.000272,0.000573,0.000448,0.000114,-0.000276,-0.000488,-0.000361,0.000016,0.000430,0.000507,0.000151,-0.000157,-0.000239,-0.000350,-0.000576,-0.000683,-0.000630,-0.000443,-0.000215,0.000041,0.000234,0.000178,0.000097,-0.000025,-0.000398,-0.000816,-0.001131,-0.001138,0.000077,0.001821,0.002352,0.001585,0.000449,-0.000591,-0.001171,-0.001235,-0.001060,-0.000655,-0.000020,0.000355,0.000164,-0.000255,-0.000476,-0.000452,-0.000301,-0.000031,0.000240,0.000485,0.000774,0.001148,0.001529,0.001459,0.000420,-0.000676,-0.000925,-0.000818,-0.000588,-0.000132,0.000301,0.000515,0.000605,0.000688,0.000707,0.000483,0.000156,-0.000052,-0.000132,-0.000172,-0.000174,-0.000014,0.000134,0.000145,0.000087,-0.000070,-0.000123,-0.000044,-0.000070,-0.000113,0.000078,0.000169,0.000150,0.000106,0.000063,0.000055,0.000023,0.000042,0.000032,0.000022,0.000078,0.000086,0.000091,0.000184,0.000173,0.000040,0.000027,0.000034,0.000030,-0.000090,-0.000201,-0.000064,0.000088,0.000136,0.000175,0.031763,0.022898,0.016697,0.013065,0.009886,0.006677,0.005385,0.005942,0.006829,0.007416,0.006397,0.003651,0.001435,0.000387,-0.000633,-0.000957,-0.000031,0.000675,0.000293,-0.000307,-0.000433,-0.000391,-0.000571,-0.000529,-0.000246,0.000034,0.000410,0.000348,-0.000598,-0.001434,-0.001226,-0.000661,-0.000234,0.000100,0.000269,0.000301,0.000417,0.000605,0.000789,0.000739,0.000413,0.000037,-0.000288,-0.000269,-0.000117,-0.000017,0.000054,0.000116,0.000204,0.000196,0.000143,0.000102,0.000178,0.000295,0.000204,-0.000083,-0.000164,0.000076,-0.000022,-0.000586,-0.000749,0.000198,0.001539,0.001599,-0.000073,-0.001904,-0.002570,-0.002548,-0.002398,-0.002124,-0.001478,-0.000643,-0.000030,0.000169,-0.000180,-0.000774,-0.000782,-0.000154,0.000363,0.000623,0.000619,0.000459,0.000361,0.000363,0.000320,-0.000096,-0.000952,-0.001913,-0.002514,-0.002455,-0.001542,-0.000152,0.000664,0.000553,0.000124,0.000000,0.000036,-0.000058,-0.000165,-0.000129,-0.000009,0.000058,0.000071,0.000106,0.000125,0.000022,-0.000100,-0.000055,0.000051,0.000028,-0.000030,-0.000049,0.000025,0.000087,0.000081,-0.000087,-0.000232,-0.000188,-0.000088,-0.000146,-0.000127,-0.000000,0.000001,-0.000046,-0.000134,-0.000156,-0.000165,-0.000153,-0.000087,-0.000020,-0.000106,-0.000196,-0.000159,-0.000162,-0.000127,-0.000052,-0.000005,-0.000109,
0.025494,0.020778,0.005292,-0.003015,-0.003250,-0.001085,-0.000036,-0.000386,-0.000749,0.000009,0.001520,0.002047,0.001354,0.000991,0.000909,0.000237,-0.000193,0.000043,0.000369,0.000677,0.001140,0.001430,0.001156,0.000164,-0.000961,-0.001380,-0.001070,-0.000304,0.000446,0.000425,-0.000109,-0.000452,-0.000763,-0.000844,-0.000418,0.000089,0.000361,0.000338,0.000128,-0.000296,-0.000532,-0.000280,0.000101,0.000436,0.000529,0.000284,0.000041,-0.000019,-0.000100,-0.000386,-0.000624,-0.000523,-0.000376,-0.000273,0.000000,0.000181,0.000230,0.000293,0.000126,-0.000260,-0.000513,-0.000592,-0.000481,0.000175,0.001155,0.001649,0.001371,0.000657,-0.000155,-0.000718,-0.000955,-0.000954,-0.000626,0.000098,0.000691,0.000503,-0.000167,-0.000484,-0.000423,-0.000264,-0.000016,0.000246,0.000369,0.000509,0.000926,0.001499,0.001613,0.000779,-0.000360,-0.000848,-0.000836,-0.000665,-0.000196,0.000313,0.000514,0.000636,0.000824,0.000716,0.000361,0.000192,0.000055,-0.000071,-0.000156,-0.000204,-0.000028,0.000231,0.000252,0.000073,-0.000150,-0.000238,-0.000216,-0.000087,0.000040,0.000131,0.000216,0.000211,0.000114,-0.000088,-0.000093,-0.000024,0.000002,0.000002,-0.000067,-0.000068,-0.000026,0.000001,0.000025,0.000029,-0.000025,-0.000026,-0.000001,-0.000036,-0.000017,0.000019,0.000037,0.000084,0.000069,0.000052,0.031041,0.022137,0.016289,0.012978,0.010049,0.007083,0.005847,0.006224,0.006892,0.007381,0.006342,0.003483,0.001185,0.000255,-0.000678,-0.001043,-0.000083,0.000638,0.000222,-0.000361,-0.000445,-0.000434,-0.000606,-0.000544,-0.000241,0.000139,0.000445,0.000119,-0.000893,-0.001555,-0.001218,-0.000462,0.000077,0.000299,0.000270,0.000166,0.000165,0.000328,0.000642,0.000756,0.000436,-0.000064,-0.000410,-0.000305,-0.000161,-0.000130,-0.000004,0.000133,0.000280,0.000363,0.000244,0.000081,0.000156,0.000293,0.000183,-0.000130,-0.000181,0.000016,-0.000108,-0.000628,-0.000564,0.000641,0.001824,0.001731,0.000404,-0.001009,-0.001621,-0.001926,-0.002065,-0.001816,-0.001367,-0.000735,-0.000043,0.000151,-0.000460,-0.000941,-0.000638,-0.000005,0.000517,0.000642,0.000635,0.000607,0.000457,0.000432,0.000464,0.000005,-0.000938,-0.001908,-0.002466,-0.002302,-0.001473,-0.000329,0.000461,0.000494,0.000201,0.000008,-0.000112,-0.000352,-0.000568,-0.000358,-0.000028,0.000063,0.000101,0.000082,0.000071,0.000087,-0.000008,-0.000069,-0.000025,-0.000029,-0.000069,-0.000162,-0.000130,0.000012,0.000077,-0.000001,-0.000112,-0.000155,-0.000080,-0.000087,-0.000084,-0.000050,-0.000024,0.000003,-0.000108,-0.000108,-0.000053,-0.000129,-0.000034,-0.000016,-0.000081,-0.000007,0.000082,0.000121,0.000057,-0.000077,-0.000094,-0.000152,
0.025880,0.021162,0.005605,-0.002770,-0.003311,-0.001237,0.000048,-0.000076,-0.000270,0.000560,0.001984,0.002264,0.001372,0.000849,0.000750,0.000322,-0.000037,0.000094,0.000422,0.000753,0.001079,0.001245,0.000954,0.000061,-0.000958,-0.001419,-0.001110,-0.000261,0.000363,0.000321,-0.000153,-0.000478,-0.000754,-0.000764,-0.000299,0.000188,0.000317,0.000041,-0.000149,-0.000360,-0.000524,-0.000267,0.000082,0.000218,0.000292,0.000154,-0.000061,-0.000124,-0.000297,-0.000673,-0.000874,-0.000755,-0.000525,-0.000241,0.000063,0.000195,0.000243,0.000324,0.000227,-0.000225,-0.000828,-0.001125,-0.000962,0.000089,0.001531,0.001904,0.001205,0.000324,-0.000391,-0.000871,-0.001257,-0.001360,-0.000917,0.000046,0.000794,0.000631,0.000022,-0.000339,-0.000414,-0.000276,-0.000126,0.000049,0.000306,0.000550,0.000937,0.001395,0.001327,0.000412,-0.000495,-0.000777,-0.000743,-0.000580,-0.000225,0.000221,0.000545,0.000764,0.000892,0.000694,0.000250,0.000025,-0.000037,-0.000084,-0.000121,-0.000108,0.000049,0.000236,0.000300,0.000168,-0.000007,-0.000124,-0.000275,-0.000235,-0.000043,0.000001,-0.000063,0.000038,0.000108,-0.000030,-0.000054,0.000053,-0.000005,-0.000230,-0.000248,-0.000107,-0.000017,-0.000002,-0.000125,-0.000022,0.000151,0.000122,-0.000000,-0.000071,-0.000152,-0.000169,-0.000079,-0.000021,0.000198,0.000408,0.030278,0.021766,0.016246,0.013040,0.010177,0.007317,0.006248,0.006536,0.006979,0.007384,0.006246,0.003297,0.001086,0.000209,-0.000771,-0.001004,-0.000056,0.000510,0.000219,-0.000225,-0.000420,-0.000518,-0.000699,-0.000585,-0.000185,0.000152,0.000296,-0.000018,-0.001037,-0.001794,-0.001353,-0.000406,0.000333,0.000596,0.000390,0.000030,-0.000036,0.000283,0.000579,0.000581,0.000446,0.000035,-0.000481,-0.000531,-0.000291,-0.000205,-0.000080,0.000084,0.000207,0.000271,0.000172,0.000088,0.000167,0.000321,0.000264,0.000043,-0.000054,0.000166,0.000106,-0.000437,-0.000530,0.000619,0.001983,0.001705,-0.000136,-0.001693,-0.002068,-0.002035,-0.001955,-0.001883,-0.001426,-0.000668,-0.000009,0.000355,-0.000119,-0.000853,-0.000841,-0.000205,0.000432,0.000666,0.000572,0.000412,0.000299,0.000265,0.000253,-0.000114,-0.000992,-0.001960,-0.002464,-0.002263,-0.001439,-0.000259,0.000564,0.000622,0.000294,0.000063,-0.000042,-0.000182,-0.000292,-0.000274,-0.000032,0.000028,-0.000021,0.000057,0.000075,0.000031,-0.000029,0.000004,0.000024,0.000052,0.000085,0.000020,0.000001,0.000033,0.000027,-0.000110,-0.000203,-0.000210,-0.000163,-0.000106,-0.000050,0.000006,-0.000034,-0.000052,-0.000162,-0.000189,-0.000093,-0.000056,-0.000081,-0.000167,-0.000253,-0.000188,0.000061,0.000108,0.000015,0.000021,0.000016,-0.000016,
0.026269,0.021561,0.005688,-0.003121,-0.003931,-0.001758,-0.000180,-0.000108,-0.000291,0.000538,0.002014,0.002282,0.001293,0.000745,0.000628,0.000128,-0.000202,0.000025,0.000410,0.000646,0.001012,0.001333,0.001038,0.000163,-0.000887,-0.001313,-0.000998,-0.000173,0.000485,0.000267,-0.000232,-0.000672,-0.000951,-0.000773,-0.000284,0.000138,0.000368,0.000336,0.000095,-0.000261,-0.000543,-0.000443,-0.000007,0.000311,0.000347,0.000126,-0.000123,-0.000200,-0.000204,-0.000470,-0.000711,-0.000600,-0.000518,-0.000280,0.000100,0.000319,0.000329,0.000380,0.000232,-0.000309,-0.000802,-0.001112,-0.000902,0.000280,0.001541,0.001796,0.001197,0.000462,-0.000260,-0.000835,-0.001055,-0.001042,-0.000595,0.000156,0.000657,0.000501,-0.000110,-0.000479,-0.000497,-0.000252,0.000087,0.000267,0.000322,0.000523,0.000909,0.001300,0.001285,0.000457,-0.000521,-0.000802,-0.000680,-0.000494,-0.000073,0.000325,0.000461,0.000596,0.000767,0.000699,0.000407,0.000143,-0.000031,-0.000127,-0.000219,-0.000221,-0.000061,0.000031,0.000066,0.000034,-0.000121,-0.000216,-0.000185,-0.000133,0.000049,0.000238,0.000237,0.000186,0.000103,-0.000020,0.000071,0.000088,-0.000052,-0.000053,0.000022,0.000047,0.000100,0.000121,0.000001,0.000002,0.000106,0.000079,-0.000012,-0.000059,-0.000098,-0.000068,-0.000084,-0.000100,0.000010,0.000077,0.030063,0.021252,0.015866,0.013091,0.010625,0.008010,0.006804,0.006654,0.006797,0.007140,0.006154,0.003427,0.001198,0.000226,-0.000621,-0.000845,0.000011,0.000514,0.000150,-0.000136,-0.000214,-0.000460,-0.000745,-0.000549,-0.000157,0.000088,0.000203,-0.000183,-0.001043,-0.001532,-0.000927,0.000020,0.000585,0.000718,0.000347,-0.000075,-0.000051,0.000255,0.000600,0.000770,0.000506,-0.000094,-0.000490,-0.000474,-0.000237,0.000037,0.000205,0.000273,0.000272,0.000317,0.000301,0.000195,0.000210,0.000297,0.000174,-0.000125,-0.000227,-0.000034,-0.000188,-0.000609,-0.000542,0.000506,0.001865,0.001981,0.000368,-0.001229,-0.001687,-0.001799,-0.001941,-0.001923,-0.001425,-0.000627,-0.000017,0.000175,-0.000291,-0.000922,-0.000973,-0.000367,0.000275,0.000504,0.000473,0.000387,0.000322,0.000416,0.000422,-0.000054,-0.000894,-0.001682,-0.002303,-0.002270,-0.001430,-0.000226,0.000643,0.000643,0.000157,-0.000107,-0.000107,-0.000209,-0.000272,-0.000216,-0.000175,-0.000049,0.000118,0.000044,-0.000055,0.000029,0.000036,0.000036,0.000025,0.000007,0.000002,-0.000052,-0.000059,0.000044,0.000084,-0.000017,-0.000122,-0.000096,0.000020,0.000067,0.000075,0.000052,-0.000017,-0.000081,-0.000111,-0.000145,-0.000113,-0.000012,0.000110,0.000112,0.000046,-0.000018,-0.000063,-0.000090,-0.000141,-0.000126,-0.000060,-0.000063,
0.026225,0.021641,0.005490,-0.003524,-0.004361,-0.002059,-0.000163,0.000143,0.000027,0.000851,0.002164,0.002333,0.001378,0.000773,0.000603,0.000191,-0.000118,0.000031,0.000421,0.000765,0.001247,0.001633,0.001272,0.000082,-0.001042,-0.001282,-0.000900,-0.000006,0.000659,0.000406,-0.000189,-0.000546,-0.000762,-0.000703,-0.000262,0.000354,0.000682,0.000514,0.000187,-0.000273,-0.000587,-0.000342,0.000072,0.000273,0.000402,0.000279,-0.000160,-0.000298,-0.000310,-0.000605,-0.000740,-0.000480,-0.000314,-0.000139,0.000240,0.000350,0.000192,0.000192,0.000167,-0.000248,-0.000728,-0.001161,-0.001197,-0.000373,0.000871,0.001471,0.001086,0.000325,-0.000308,-0.000817,-0.001213,-0.001375,-0.001136,-0.000470,0.000283,0.000410,-0.000069,-0.000463,-0.000562,-0.000356,0.000021,0.000197,0.000273,0.000556,0.001062,0.001587,0.001587,0.000596,-0.000584,-0.000999,-0.000742,-0.000490,-0.000183,0.000338,0.000612,0.000744,0.000916,0.000852,0.000435,0.000081,-0.000048,-0.000044,-0.000107,-0.000129,0.000024,0.000110,0.000114,0.000098,0.000012,-0.000067,-0.000056,-0.000027,0.000029,0.000137,0.000151,0.000033,-0.000034,-0.000000,0.000067,0.000127,0.000057,0.000012,0.000021,0.000069,0.000131,0.000127,-0.000006,-0.000031,0.000013,-0.000066,-0.000132,-0.000108,-0.000026,0.000019,-0.000033,-0.000073,0.000063,0.000200,0.029794,0.021041,0.015826,0.013130,0.010793,0.008441,0.007288,0.006928,0.006717,0.006866,0.005950,0.003254,0.001094,0.000203,-0.000721,-0.000981,-0.000101,0.000454,0.000165,-0.000230,-0.000350,-0.000424,-0.000647,-0.000581,-0.000347,-0.000062,0.000178,-0.000087,-0.001073,-0.001626,-0.001221,-0.000647,-0.000230,0.000216,0.000360,0.000123,0.000133,0.000442,0.000688,0.000632,0.000212,-0.000338,-0.000556,-0.000351,-0.000096,0.000036,0.000069,0.000114,0.000239,0.000412,0.000313,0.000097,0.000118,0.000316,0.000339,-0.000016,-0.000190,-0.000031,-0.000039,-0.000507,-0.000502,0.000446,0.001527,0.001538,0.000149,-0.001255,-0.001718,-0.001829,-0.001934,-0.001871,-0.001509,-0.000760,0.000019,0.000265,-0.000177,-0.000812,-0.000927,-0.000413,0.000237,0.000472,0.000299,0.000239,0.000345,0.000400,0.000329,-0.000169,-0.000938,-0.001744,-0.002318,-0.002359,-0.001550,-0.000273,0.000586,0.000670,0.000259,-0.000121,-0.000195,-0.000233,-0.000282,-0.000267,-0.000271,-0.000174,-0.000010,0.000046,0.000107,0.000122,-0.000033,-0.000188,-0.000164,-0.000036,0.000036,-0.000034,-0.000058,0.000041,0.000059,-0.000031,-0.000115,-0.000107,-0.000057,-0.000036,-0.000032,-0.000090,-0.000153,-0.000095,-0.000129,-0.000282,-0.000256,-0.000067,-0.000043,-0.000239,-0.000352,-0.000274,-0.000171,-0.000079,-0.000084,-0.000100,-0.000064,-0.000007,
0.026980,0.022294,0.005939,-0.003397,-0.004354,-0.002061,0.000023,0.000492,0.000312,0.001044,0.002436,0.002570,0.001436,0.000757,0.000611,0.000224,-0.000080,0.000079,0.000356,0.000706,0.001256,0.001686,0.001446,0.000285,-0.000888,-0.001241,-0.000957,-0.000128,0.000515,0.000494,0.000065,-0.000408,-0.000750,-0.000751,-0.000261,0.000372,0.000723,0.000618,0.000254,-0.000192,-0.000462,-0.000282,0.000149,0.000486,0.000557,0.000241,-0.000100,-0.000165,-0.000299,-0.000497,-0.000557,-0.000545,-0.000394,-0.000124,0.000165,0.000337,0.000271,0.000136,-0.000065,-0.000465,-0.000894,-0.001042,-0.000729,0.000207,0.001310,0.001579,0.001162,0.000497,-0.000350,-0.001076,-0.001385,-0.001431,-0.001096,-0.000208,0.000598,0.000562,0.000015,-0.000382,-0.000342,-0.000062,0.000161,0.000335,0.000459,0.000578,0.000892,0.001362,0.001375,0.000379,-0.000669,-0.000936,-0.000843,-0.000630,-0.000209,0.000220,0.000499,0.000587,0.000580,0.000560,0.000369,0.000008,-0.000130,-0.000139,-0.000182,-0.000168,-0.000112,0.000042,0.000163,0.000094,0.000006,-0.000156,-0.000259,-0.000201,-0.000060,0.000058,0.000053,0.000065,0.000071,0.000051,0.000054,0.000067,-0.000011,-0.000086,-0.000084,0.000011,0.000037,-0.000007,-0.000054,0.000039,0.000100,-0.000020,-0.000061,-0.000061,-0.000103,-0.000171,-0.000128,-0.000033,0.000102,0.000143,0.028635,0.020176,0.015469,0.013465,0.011586,0.009360,0.008065,0.007300,0.006726,0.006667,0.005741,0.003180,0.001176,0.000235,-0.000758,-0.000946,-0.000090,0.000462,0.000218,-0.000213,-0.000414,-0.000533,-0.000766,-0.000653,-0.000225,0.000091,0.000251,-0.000037,-0.000969,-0.001551,-0.001199,-0.000785,-0.000417,0.000029,0.000212,0.000048,0.000039,0.000288,0.000519,0.000479,0.000148,-0.000271,-0.000567,-0.000492,-0.000243,-0.000122,-0.000065,-0.000014,0.000088,0.000206,0.000211,0.000094,0.000111,0.000175,0.000078,-0.000147,-0.000252,-0.000036,-0.000089,-0.000557,-0.000537,0.000598,0.001810,0.001534,-0.000079,-0.001485,-0.001931,-0.001963,-0.001804,-0.001601,-0.001292,-0.000800,-0.000147,0.000250,-0.000029,-0.000609,-0.000730,-0.000255,0.000206,0.000487,0.000460,0.000268,0.000193,0.000234,0.000266,-0.000079,-0.000895,-0.001720,-0.002212,-0.002170,-0.001444,-0.000304,0.000554,0.000573,0.000265,0.000085,-0.000087,-0.000347,-0.000455,-0.000279,-0.000054,0.000043,0.000066,0.000081,0.000028,-0.000127,-0.000202,-0.000107,-0.000033,-0.000035,-0.000076,-0.000125,-0.000061,0.000031,0.000016,-0.000029,-0.000085,-0.000108,-0.000024,0.000075,0.000067,0.000103,0.000125,0.000023,-0.000143,-0.000259,-0.000194,-0.000051,0.000020,-0.000033,-0.000022,-0.000062,-0.000028,0.000113,0.000090,0.000023,0.000039,-0.000004,
0.027192,0.022557,0.006043,-0.003549,-0.004914,-0.002639,-0.000146,0.000648,0.000494,0.001267,0.002649,0.002656,0.001457,0.000768,0.000681,0.000151,-0.000247,-0.000024,0.000267,0.000531,0.001050,0.001568,0.001259,0.000129,-0.000956,-0.001425,-0.001105,-0.000055,0.000643,0.000462,-0.000084,-0.000530,-0.000980,-0.001111,-0.000576,0.000205,0.000612,0.000504,0.000093,-0.000384,-0.000629,-0.000429,0.000120,0.000506,0.000673,0.000452,0.000008,-0.000191,-0.000373,-0.000653,-0.000691,-0.000497,-0.000323,-0.000099,0.000232,0.000331,0.000241,0.000243,0.000167,-0.000253,-0.000905,-0.001408,-0.001311,-0.000042,0.001479,0.001764,0.000974,0.000052,-0.000760,-0.001386,-0.001578,-0.001310,-0.000778,-0.000156,0.000394,0.000276,-0.000193,-0.000431,-0.000437,-0.000270,-0.000003,0.000216,0.000351,0.000555,0.000915,0.001418,0.001405,0.000386,-0.000679,-0.000993,-0.000914,-0.000695,-0.000193,0.000371,0.000561,0.000618,0.000718,0.000637,0.000364,0.000092,-0.000020,-0.000074,-0.000146,-0.000118,-0.000073,0.000040,0.000148,0.000145,-0.000000,-0.000131,-0.000198,-0.000203,-0.000120,-0.000077,0.000026,0.000088,-0.000009,-0.000118,-0.000098,-0.000003,0.000027,0.000012,0.000000,-0.000061,0.000028,0.000130,0.000047,-0.000059,-0.000051,-0.000092,-0.000124,-0.000107,-0.000074,0.000018,0.000014,0.000126,0.000211,0.000155,0.028322,0.019932,0.015342,0.013543,0.012145,0.010108,0.008631,0.007565,0.006755,0.006727,0.005759,0.003120,0.001095,0.000125,-0.000782,-0.000882,0.000054,0.000566,0.000232,-0.000149,-0.000307,-0.000457,-0.000652,-0.000529,-0.000216,-0.000003,0.000166,-0.000056,-0.000854,-0.001535,-0.001466,-0.000864,-0.000254,0.000202,0.000267,0.000060,0.000084,0.000485,0.000767,0.000644,0.000339,-0.000112,-0.000434,-0.000333,-0.000125,0.000061,0.000174,0.000078,0.000080,0.000228,0.000240,0.000041,0.000018,0.000251,0.000142,-0.000234,-0.000203,0.000095,-0.000081,-0.000604,-0.000636,0.000385,0.001753,0.001776,0.000002,-0.001821,-0.002427,-0.002365,-0.002146,-0.001914,-0.001423,-0.000690,-0.000041,0.000161,-0.000172,-0.000684,-0.000668,-0.000088,0.000475,0.000717,0.000544,0.000385,0.000422,0.000437,0.000402,0.000030,-0.000782,-0.001756,-0.002399,-0.002279,-0.001437,-0.000209,0.000565,0.000583,0.000251,0.000086,0.000094,-0.000078,-0.000327,-0.000357,-0.000227,-0.000133,-0.000139,-0.000001,0.000054,-0.000024,-0.000082,-0.000092,-0.000097,-0.000151,-0.000121,-0.000060,0.000019,0.000140,0.000167,0.000078,-0.000127,-0.000167,-0.000077,-0.000044,-0.000046,0.000009,0.000066,0.000054,-0.000030,-0.000113,-0.000157,-0.000139,-0.000047,-0.000088,-0.000173,-0.000068,-0.000046,0.000019,0.000042,-0.000058,-0.000151,-0.000182,
0.027419,0.022894,0.006393,-0.003418,-0.004921,-0.002633,-0.000004,0.000978,0.000946,0.001659,0.002931,0.002822,0.001479,0.000759,0.000530,0.000137,0.000019,0.000132,0.000202,0.000459,0.001109,0.001583,0.001355,0.000235,-0.000972,-0.001325,-0.000859,0.000019,0.000610,0.000466,-0.000020,-0.000381,-0.000660,-0.000730,-0.000461,0.000081,0.000462,0.000410,0.000202,-0.000184,-0.000555,-0.000349,0.000138,0.000493,0.000622,0.000391,0.000061,-0.000089,-0.000158,-0.000364,-0.000527,-0.000421,-0.000254,-0.000142,0.000051,0.000196,0.000206,0.000332,0.000256,-0.000305,-0.000696,-0.000697,-0.000471,0.000323,0.001536,0.002056,0.001498,0.000536,-0.000286,-0.000834,-0.001069,-0.001051,-0.000651,-0.000014,0.000436,0.000330,-0.000120,-0.000427,-0.000439,-0.000281,-0.000026,0.000214,0.000420,0.000632,0.000991,0.001453,0.001378,0.000392,-0.000644,-0.000934,-0.000797,-0.000548,-0.000054,0.000386,0.000537,0.000612,0.000689,0.000636,0.000318,0.000042,-0.000016,-0.000006,-0.000097,-0.000102,0.000138,0.000302,0.000253,0.000100,-0.000041,-0.000183,-0.000202,-0.000173,-0.000082,0.000081,0.000192,0.000177,0.000117,0.000029,-0.000024,-0.000013,0.000040,0.000052,-0.000014,0.000015,0.000068,-0.000018,-0.000029,0.000023,0.000018,-0.000029,-0.000002,-0.000078,-0.000129,-0.000016,0.000062,0.000109,0.000151,0.000157,0.026886,0.018769,0.015013,0.013972,0.012961,0.011065,0.009482,0.008056,0.006934,0.006709,0.005516,0.002907,0.001022,0.000058,-0.000928,-0.001042,-0.000023,0.000568,0.000182,-0.000249,-0.000397,-0.000538,-0.000730,-0.000537,-0.000121,0.000071,0.000163,-0.000061,-0.001024,-0.001624,-0.001194,-0.000588,-0.000159,0.000165,0.000267,0.000179,0.000232,0.000444,0.000653,0.000624,0.000225,-0.000254,-0.000477,-0.000309,-0.000067,-0.000034,-0.000040,0.000115,0.000279,0.000396,0.000349,0.000131,0.000146,0.000234,0.000069,-0.000178,-0.000175,0.000021,-0.000122,-0.000665,-0.000750,0.000232,0.001463,0.001475,0.000188,-0.001105,-0.001747,-0.002036,-0.002030,-0.001833,-0.001424,-0.000674,0.000157,0.000368,-0.000176,-0.000890,-0.000904,-0.000242,0.000411,0.000671,0.000541,0.000294,0.000213,0.000305,0.000232,-0.000248,-0.001011,-0.001881,-0.002393,-0.002152,-0.001230,0.000048,0.000740,0.000566,0.000110,-0.000134,-0.000290,-0.000485,-0.000448,-0.000290,-0.000207,-0.000078,0.000019,0.000057,0.000025,-0.000066,0.000002,0.000019,0.000017,0.000075,0.000036,-0.000022,-0.000020,-0.000027,-0.000005,-0.000089,-0.000198,-0.000084,-0.000025,-0.000044,-0.000001,0.000074,0.000066,-0.000073,-0.000192,-0.000270,-0.000272,-0.000190,-0.000164,-0.000132,-0.000074,-0.000026,-0.000045,-0.000047,0.000025,-0.000085,-0.000250,-0.000228,
0.028069,0.023617,0.006886,-0.003145,-0.004696,-0.002466,0.000080,0.001302,0.001508,0.002161,0.003341,0.003181,0.001597,0.000671,0.000439,-0.000050,-0.000219,0.000122,0.000298,0.000517,0.001203,0.001641,0.001265,0.000196,-0.000852,-0.001274,-0.001023,-0.000286,0.000305,0.000171,-0.000362,-0.000674,-0.000930,-0.000945,-0.000428,0.000157,0.000403,0.000392,0.000165,-0.000214,-0.000349,-0.000210,-0.000077,0.000124,0.000339,0.000184,0.000008,-0.000059,-0.000203,-0.000507,-0.000705,-0.000660,-0.000542,-0.000269,0.000081,0.000162,0.000151,0.000342,0.000281,-0.000287,-0.000876,-0.001130,-0.000767,0.000214,0.001160,0.001367,0.000945,0.000372,-0.000242,-0.000829,-0.001229,-0.001240,-0.000759,0.000092,0.000752,0.000644,-0.000085,-0.000557,-0.000501,-0.000291,-0.000063,0.000184,0.000394,0.000593,0.000868,0.001199,0.001255,0.000313,-0.000771,-0.001060,-0.000920,-0.000722,-0.000341,0.000101,0.000349,0.000476,0.000590,0.000507,0.000259,0.000034,-0.000132,-0.000236,-0.000375,-0.000356,-0.000145,0.000025,0.000124,0.000070,-0.000068,-0.000153,-0.000151,-0.000083,-0.000020,-0.000037,0.000007,0.000139,0.000106,0.000048,-0.000002,-0.000057,-0.000010,-0.000002,-0.000064,-0.000066,0.000019,0.000084,0.000085,0.000117,0.000098,0.000006,-0.000087,-0.000133,-0.000098,-0.000034,-0.000035,-0.000049,0.000069,0.000150,0.025582,0.017513,0.014562,0.014212,0.013511,0.011885,0.010152,0.008292,0.006838,0.006494,0.005405,0.002874,0.000893,-0.000088,-0.000965,-0.000985,0.000035,0.000619,0.000349,-0.000155,-0.000425,-0.000607,-0.000785,-0.000565,-0.000186,0.000008,0.000021,-0.000434,-0.001441,-0.001922,-0.001349,-0.000587,-0.000097,0.000239,0.000217,-0.000112,-0.000257,0.000037,0.000463,0.000524,0.000220,-0.000180,-0.000478,-0.000433,-0.000233,-0.000146,0.000064,0.000211,0.000170,0.000260,0.000243,0.000022,0.000068,0.000260,0.000125,-0.000218,-0.000220,0.000042,-0.000067,-0.000565,-0.000488,0.000664,0.001939,0.001607,-0.000360,-0.001877,-0.002067,-0.001845,-0.001738,-0.001715,-0.001262,-0.000613,-0.000089,0.000127,-0.000310,-0.000892,-0.000903,-0.000294,0.000302,0.000622,0.000624,0.000443,0.000418,0.000368,0.000292,0.000005,-0.000692,-0.001666,-0.002415,-0.002388,-0.001467,-0.000117,0.000726,0.000510,0.000103,-0.000149,-0.000324,-0.000363,-0.000348,-0.000210,-0.000091,-0.000048,0.000013,0.000050,0.000044,-0.000042,-0.000144,-0.000120,-0.000097,-0.000108,-0.000154,-0.000108,-0.000077,-0.000145,-0.000147,-0.000208,-0.000239,-0.000120,-0.000035,0.000027,0.000096,0.000086,0.000058,-0.000040,-0.000121,-0.000112,-0.000077,-0.000098,-0.000091,-0.000070,-0.000056,0.000001,0.000034,-0.000010,-0.000054,-0.000041,-0.000052,-0.000038,
0.027737,0.023380,0.006462,-0.003652,-0.005352,-0.003167,-0.000211,0.001311,0.001576,0.002294,0.003573,0.003348,0.001733,0.000699,0.000466,0.000070,-0.000135,0.000147,0.000374,0.000647,0.001153,0.001605,0.001331,0.000197,-0.000887,-0.001244,-0.000939,-0.000140,0.000454,0.000269,-0.000330,-0.000842,-0.001145,-0.001037,-0.000412,0.000274,0.000317,-0.000002,-0.000157,-0.000373,-0.000633,-0.000498,-0.000066,0.000287,0.000405,0.000167,-0.000192,-0.000240,-0.000262,-0.000491,-0.000615,-0.000535,-0.000437,-0.000232,0.000095,0.000125,0.000032,0.000155,0.000155,-0.000311,-0.000924,-0.001310,-0.001146,0.000077,0.001618,0.001970,0.001311,0.000490,-0.000210,-0.000659,-0.000926,-0.001056,-0.000750,-0.000041,0.000652,0.000559,-0.000099,-0.000377,-0.000367,-0.000239,-0.000140,-0.000017,0.000202,0.000471,0.000968,0.001506,0.001470,0.000504,-0.000530,-0.000854,-0.000730,-0.000433,-0.000041,0.000227,0.000425,0.000678,0.000735,0.000588,0.000318,0.000054,-0.000075,-0.000164,-0.000157,-0.000095,-0.000106,0.000023,0.000121,0.000025,-0.000189,-0.000246,-0.000086,0.000037,0.000133,0.000175,0.000151,0.000206,0.000208,0.000054,-0.000007,0.000030,0.000014,-0.000019,-0.000012,-0.000002,-0.000014,-0.000013,-0.000012,0.000067,0.000110,0.000090,0.000059,-0.000096,-0.000211,-0.000156,-0.000121,-0.000160,0.000033,0.000145,0.025689,0.017562,0.014564,0.014341,0.014017,0.012577,0.010791,0.008679,0.006947,0.006500,0.005502,0.002884,0.000849,-0.000102,-0.000992,-0.001096,-0.000118,0.000498,0.000300,-0.000103,-0.000372,-0.000527,-0.000671,-0.000555,-0.000316,-0.000131,-0.000001,-0.000371,-0.001338,-0.001696,-0.000919,0.000080,0.000759,0.000861,0.000415,-0.000087,-0.000227,0.000057,0.000391,0.000431,0.000289,-0.000082,-0.000463,-0.000432,-0.000192,-0.000084,0.000009,0.000201,0.000345,0.000308,0.000158,-0.000027,0.000010,0.000217,0.000154,-0.000161,-0.000219,-0.000001,-0.000027,-0.000466,-0.000565,0.000446,0.001861,0.001796,0.000186,-0.001278,-0.001735,-0.001784,-0.001813,-0.001867,-0.001538,-0.000770,-0.000106,0.000131,-0.000311,-0.000860,-0.000856,-0.000247,0.000419,0.000623,0.000478,0.000257,0.000276,0.000347,0.000295,-0.000036,-0.000745,-0.001545,-0.002181,-0.002237,-0.001426,-0.000206,0.000626,0.000626,0.000153,-0.000197,-0.000287,-0.000351,-0.000334,-0.000270,-0.000185,-0.000110,-0.000063,0.000016,0.000039,0.000006,-0.000089,-0.000144,-0.000061,0.000087,0.000002,-0.000124,-0.000050,0.000067,0.000119,0.000005,-0.000128,-0.000164,-0.000066,-0.000015,-0.000000,-0.000016,-0.000112,-0.000135,-0.000155,-0.000145,-0.000021,0.000086,-0.000009,-0.000158,-0.000104,0.000086,0.000144,0.000209,0.000186,0.000109,0.000093,0.000048,
0.028332,0.024055,0.006740,-0.003820,-0.005500,-0.003215,-0.000206,0.001463,0.001846,0.002585,0.003785,0.003558,0.001858,0.000749,0.000453,0.000036,-0.000107,0.000186,0.000412,0.000676,0.001170,0.001589,0.001285,0.000255,-0.000885,-0.001328,-0.000935,-0.000045,0.000631,0.000489,-0.000124,-0.000522,-0.000825,-0.000943,-0.000456,0.000199,0.000565,0.000428,0.000150,-0.000093,-0.000388,-0.000352,0.000065,0.000465,0.000631,0.000444,0.000133,-0.000007,-0.000212,-0.000493,-0.000625,-0.000570,-0.000385,-0.000198,-0.000038,0.000150,0.000215,0.000234,0.000106,-0.000406,-0.000908,-0.001155,-0.001078,-0.000153,0.001051,0.001439,0.001003,0.000218,-0.000540,-0.000976,-0.001189,-0.001273,-0.000897,-0.000064,0.000589,0.000435,-0.000136,-0.000412,-0.000346,-0.000102,0.000105,0.000282,0.000364,0.000436,0.000797,0.001310,0.001433,0.000541,-0.000512,-0.000718,-0.000597,-0.000442,-0.000093,0.000277,0.000489,0.000566,0.000590,0.000551,0.000418,0.000244,0.000093,-0.000070,-0.000218,-0.000119,0.000044,0.000114,0.000170,0.000176,0.000078,-0.000128,-0.000290,-0.000184,-0.000023,0.000015,0.000064,0.000122,0.000073,-0.000072,-0.000134,-0.000151,-0.000169,-0.000066,-0.000005,0.000019,0.000039,-0.000000,-0.000039,0.000072,0.000114,0.000035,-0.000015,0.000012,0.000101,0.000095,0.000013,0.000082,0.000250,0.000110,0.024505,0.016604,0.013981,0.014322,0.014393,0.013106,0.011041,0.008705,0.007018,0.006705,0.005671,0.002948,0.000786,-0.000167,-0.000948,-0.000916,0.000018,0.000526,0.000234,-0.000150,-0.000343,-0.000574,-0.000741,-0.000449,-0.000189,-0.000121,-0.000038,-0.000515,-0.001429,-0.001835,-0.001338,-0.000657,-0.000259,-0.000015,0.000106,0.000056,0.000185,0.000524,0.000719,0.000622,0.000258,-0.000275,-0.000724,-0.000687,-0.000308,-0.000048,0.000015,0.000098,0.000191,0.000270,0.000322,0.000192,0.000015,0.000113,0.000157,-0.000051,-0.000093,0.000004,-0.000088,-0.000377,-0.000431,0.000413,0.001741,0.001960,0.000473,-0.001257,-0.001817,-0.001828,-0.001818,-0.001685,-0.001274,-0.000497,0.000176,0.000277,-0.000272,-0.000921,-0.000896,-0.000246,0.000352,0.000544,0.000452,0.000253,0.000237,0.000353,0.000361,-0.000006,-0.000771,-0.001658,-0.002300,-0.002325,-0.001543,-0.000400,0.000375,0.000408,0.000017,-0.000200,-0.000297,-0.000413,-0.000503,-0.000383,-0.000131,-0.000009,-0.000024,-0.000090,-0.000003,0.000136,0.000056,-0.000083,-0.000106,-0.000069,-0.000110,-0.000189,-0.000160,-0.000059,0.000019,-0.000083,-0.000189,-0.000192,-0.000213,-0.000164,-0.000146,-0.000019,0.000041,-0.000015,-0.000109,-0.000217,-0.000196,-0.000057,0.000025,-0.000049,-0.000111,-0.000113,-0.000112,-0.000117,-0.000126,-0.000058,0.000006,-0.000002,
0.028578,0.024419,0.006866,-0.003861,-0.005725,-0.003589,-0.000478,0.001321,0.001898,0.002895,0.004070,0.003639,0.001905,0.000753,0.000322,-0.000153,-0.000139,0.000239,0.000535,0.000820,0.001413,0.001848,0.001384,0.000212,-0.000846,-0.001205,-0.000846,-0.000020,0.000555,0.000283,-0.000268,-0.000474,-0.000625,-0.000773,-0.000350,0.000389,0.000687,0.000472,0.000121,-0.000397,-0.000797,-0.000646,-0.000171,0.000355,0.000738,0.000566,0.000154,-0.000009,-0.000139,-0.000407,-0.000570,-0.000495,-0.000395,-0.000251,0.000104,0.000337,0.000322,0.000255,0.000131,-0.000289,-0.000763,-0.000898,-0.000642,0.000209,0.001337,0.001783,0.001261,0.000436,-0.000321,-0.001001,-0.001422,-0.001555,-0.001184,-0.000297,0.000366,0.000424,0.000135,-0.000177,-0.000375,-0.000266,-0.000024,0.000123,0.000314,0.000525,0.000874,0.001418,0.001446,0.000549,-0.000418,-0.000782,-0.000731,-0.000591,-0.000193,0.000318,0.000484,0.000558,0.000599,0.000477,0.000334,0.000214,0.000097,-0.000087,-0.000232,-0.000195,-0.000054,0.000074,0.000096,0.000068,0.000097,0.000022,-0.000158,-0.000169,-0.000013,0.000009,-0.000042,0.000058,0.000119,-0.000027,-0.000131,-0.000053,-0.000061,-0.000158,-0.000217,-0.000155,0.000013,0.000090,0.000047,0.000092,0.000128,0.000078,0.000009,-0.000060,-0.000087,-0.000016,0.000051,0.000017,0.000081,0.000170,0.023377,0.015352,0.013293,0.014328,0.014760,0.013321,0.011050,0.008556,0.006889,0.006663,0.005625,0.002828,0.000711,-0.000165,-0.000925,-0.000941,0.000040,0.000532,0.000226,-0.000156,-0.000442,-0.000562,-0.000637,-0.000471,-0.000260,-0.000150,-0.000071,-0.000368,-0.001268,-0.001866,-0.001500,-0.000829,-0.000208,0.000210,0.000306,0.000070,-0.000030,0.000304,0.000585,0.000486,0.000041,-0.000387,-0.000527,-0.000404,-0.000192,0.000051,0.000199,0.000178,0.000188,0.000204,0.000146,0.000100,0.000099,0.000192,0.000173,-0.000083,-0.000100,0.000241,0.000118,-0.000494,-0.000576,0.000400,0.001576,0.001463,-0.000034,-0.001356,-0.001712,-0.001764,-0.001798,-0.001749,-0.001456,-0.000869,-0.000155,0.000264,-0.000101,-0.000767,-0.000761,-0.000181,0.000286,0.000470,0.000490,0.000503,0.000478,0.000437,0.000407,0.000096,-0.000677,-0.001591,-0.002264,-0.002294,-0.001432,-0.000303,0.000422,0.000588,0.000269,-0.000080,-0.000192,-0.000271,-0.000425,-0.000364,-0.000161,-0.000089,-0.000025,-0.000010,-0.000071,-0.000152,-0.000179,-0.000090,-0.000036,0.000014,-0.000021,-0.000147,-0.000108,-0.000000,-0.000017,-0.000123,-0.000166,-0.000086,0.000010,-0.000055,-0.000068,0.000057,0.000043,-0.000083,-0.000182,-0.000206,-0.000135,-0.000090,-0.000084,-0.000093,-0.000046,-0.000063,-0.000108,-0.000056,-0.000058,-0.000090,-0.000064,-0.000116,
0.029725,0.025407,0.007742,-0.003170,-0.005322,-0.003273,0.000021,0.001928,0.002487,0.003360,0.004377,0.003782,0.001836,0.000664,0.000306,-0.000204,-0.000292,0.000189,0.000436,0.000559,0.001171,0.001719,0.001238,0.000033,-0.001068,-0.001317,-0.000794,0.000134,0.000762,0.000426,-0.000154,-0.000443,-0.000752,-0.000826,-0.000437,0.000208,0.000603,0.000470,0.000144,-0.000244,-0.000492,-0.000521,-0.000255,0.000233,0.000542,0.000432,0.000135,-0.000029,-0.000207,-0.000409,-0.000507,-0.000567,-0.000482,-0.000238,0.000109,0.000335,0.000282,0.000195,0.000075,-0.000413,-0.001005,-0.001263,-0.001046,-0.000057,0.001096,0.001343,0.000682,-0.000151,-0.000947,-0.001554,-0.001577,-0.001199,-0.000723,-0.000004,0.000492,0.000501,0.000184,-0.000161,-0.000254,-0.000092,0.000171,0.000372,0.000459,0.000485,0.000738,0.001303,0.001323,0.000274,-0.000796,-0.001069,-0.000885,-0.000438,0.000079,0.000337,0.000369,0.000456,0.000520,0.000469,0.000228,-0.000052,-0.000131,-0.000101,-0.000175,-0.000197,0.000031,0.000224,0.000181,0.000089,-0.000011,-0.000115,-0.000261,-0.000276,-0.000115,-0.000064,-0.000054,0.000132,0.000264,0.000160,0.000052,-0.000037,-0.000096,-0.000020,0.000023,-0.000004,-0.000089,-0.000093,0.000018,0.000061,0.000102,0.000156,0.000076,-0.000166,-0.000310,-0.000181,-0.000054,-0.000054,0.000007,0.000040,0.020501,0.012996,0.012340,0.014244,0.014915,0.013260,0.010575,0.008052,0.006480,0.006243,0.005139,0.002415,0.000586,-0.000147,-0.000933,-0.000949,0.000042,0.000580,0.000214,-0.000254,-0.000476,-0.000581,-0.000745,-0.000608,-0.000195,-0.000024,-0.000108,-0.000521,-0.001293,-0.001727,-0.001418,-0.000905,-0.000445,0.000016,0.000212,0.000008,-0.000014,0.000295,0.000522,0.000510,0.000300,-0.000144,-0.000494,-0.000421,-0.000147,0.000014,0.000097,0.000186,0.000216,0.000240,0.000265,0.000117,0.000137,0.000323,0.000129,-0.000248,-0.000189,0.000086,-0.000054,-0.000526,-0.000528,0.000659,0.001937,0.001685,-0.000113,-0.001764,-0.002158,-0.001955,-0.001881,-0.001630,-0.001089,-0.000550,-0.000003,0.000220,-0.000149,-0.000611,-0.000609,-0.000115,0.000371,0.000543,0.000482,0.000311,0.000194,0.000224,0.000278,-0.000048,-0.000852,-0.001694,-0.002190,-0.002096,-0.001413,-0.000373,0.000394,0.000390,-0.000002,-0.000211,-0.000184,-0.000213,-0.000216,-0.000118,-0.000071,-0.000041,-0.000010,0.000056,0.000117,0.000002,-0.000028,0.000073,0.000078,0.000048,-0.000077,-0.000236,-0.000179,0.000021,0.000086,-0.000112,-0.000237,-0.000199,-0.000154,-0.000147,-0.000190,-0.000120,-0.000013,-0.000067,-0.000091,-0.000057,-0.000028,0.000071,0.000022,-0.000097,-0.000070,0.000053,0.000116,0.000102,0.000052,-0.000037,-0.000101,-0.000141,
0.030277,0.026027,0.008139,-0.002788,-0.004698,-0.002844,0.000017,0.002010,0.002898,0.003790,0.004817,0.004159,0.002070,0.000773,0.000266,-0.000259,-0.000250,0.000141,0.000293,0.000532,0.001141,0.001556,0.001274,0.000347,-0.000744,-0.001228,-0.000938,-0.000132,0.000393,0.000114,-0.000258,-0.000433,-0.000711,-0.000843,-0.000405,0.000277,0.000654,0.000586,0.000315,-0.000149,-0.000575,-0.000493,-0.000070,0.000396,0.000599,0.000395,0.000074,-0.000079,-0.000145,-0.000451,-0.000747,-0.000660,-0.000332,-0.000001,0.000204,0.000279,0.000281,0.000293,0.000147,-0.000330,-0.000904,-0.001191,-0.001007,0.000134,0.001764,0.002434,0.001740,0.000598,-0.000397,-0.001123,-0.001303,-0.001113,-0.000647,-0.000011,0.000318,0.000191,-0.000219,-0.000452,-0.000358,-0.000086,0.000133,0.000260,0.000335,0.000498,0.000894,0.001320,0.001258,0.000343,-0.000659,-0.000916,-0.000775,-0.000559,-0.000098,0.000313,0.000497,0.000509,0.000487,0.000461,0.000136,-0.000179,-0.000170,-0.000095,-0.000092,0.000016,0.000168,0.000210,0.000141,0.000051,-0.000059,-0.000180,-0.000158,0.000000,0.000075,0.000115,0.000221,0.000243,0.000040,-0.000145,-0.000102,-0.000117,-0.000140,-0.000023,0.000030,0.000044,0.000036,-0.000013,0.000066,0.000155,0.000066,0.000066,0.000048,-0.000146,-0.000225,-0.000171,-0.000110,-0.000000,0.000125,0.000156,0.018367,0.010905,0.011388,0.014181,0.014855,0.012907,0.009894,0.007247,0.005916,0.005864,0.004772,0.002180,0.000456,-0.000190,-0.000961,-0.001053,-0.000100,0.000447,0.000236,-0.000087,-0.000330,-0.000624,-0.000970,-0.000736,-0.000258,-0.000088,-0.000144,-0.000552,-0.001418,-0.001908,-0.001433,-0.000754,-0.000320,0.000060,0.000164,-0.000022,0.000113,0.000481,0.000722,0.000558,0.000184,-0.000229,-0.000531,-0.000416,-0.000241,-0.000074,0.000105,0.000209,0.000324,0.000398,0.000372,0.000204,0.000112,0.000170,0.000030,-0.000257,-0.000243,0.000066,0.000040,-0.000478,-0.000715,0.000104,0.001273,0.001332,-0.000131,-0.001763,-0.002363,-0.002331,-0.002149,-0.001915,-0.001377,-0.000588,0.000105,0.000293,-0.000205,-0.000848,-0.000791,-0.000121,0.000345,0.000504,0.000442,0.000278,0.000287,0.000419,0.000383,-0.000098,-0.000909,-0.001731,-0.002240,-0.002169,-0.001312,-0.000067,0.000673,0.000574,0.000042,-0.000237,-0.000282,-0.000342,-0.000329,-0.000224,-0.000157,-0.000123,-0.000076,0.000072,0.000101,-0.000074,-0.000194,-0.000180,-0.000047,0.000002,-0.000136,-0.000206,-0.000148,-0.000080,-0.000009,-0.000066,-0.000145,-0.000161,-0.000026,0.000045,-0.000015,0.000018,-0.000026,-0.000164,-0.000241,-0.000275,-0.000210,-0.000046,-0.000017,-0.000086,-0.000107,-0.000127,-0.000197,-0.000111,-0.000078,-0.000109,-0.000141,-0.000253,
0.030837,0.026547,0.008252,-0.002874,-0.004730,-0.002784,0.000198,0.002161,0.002941,0.003967,0.005004,0.004147,0.001920,0.000671,0.000233,-0.000252,-0.000219,0.000194,0.000267,0.000464,0.001133,0.001541,0.001199,0.000117,-0.000879,-0.001043,-0.000689,-0.000169,0.000350,0.000312,-0.000147,-0.000541,-0.000855,-0.000938,-0.000591,-0.000043,0.000263,0.000269,0.000187,-0.000101,-0.000457,-0.000472,-0.000268,0.000049,0.000297,0.000255,0.000048,-0.000136,-0.000294,-0.000466,-0.000550,-0.000497,-0.000350,-0.000154,0.000109,0.000295,0.000341,0.000412,0.000310,-0.000145,-0.000706,-0.000941,-0.000613,0.000261,0.001061,0.001254,0.000837,0.000211,-0.000436,-0.001008,-0.001170,-0.001035,-0.000649,0.000156,0.000728,0.000509,0.000007,-0.000317,-0.000272,-0.000021,0.000067,0.000186,0.000359,0.000507,0.000855,0.001389,0.001466,0.000487,-0.000641,-0.000951,-0.000821,-0.000665,-0.000282,0.000194,0.000371,0.000466,0.000537,0.000510,0.000283,0.000020,-0.000046,-0.000001,-0.000103,-0.000171,-0.000042,0.000069,0.000024,-0.000040,-0.000006,-0.000036,-0.000110,-0.000085,-0.000016,-0.000005,0.000111,0.000159,0.000065,-0.000080,-0.000078,0.000073,0.000096,0.000030,0.000027,0.000040,0.000064,0.000064,0.000045,-0.000019,-0.000024,-0.000011,-0.000024,-0.000073,-0.000094,-0.000078,-0.000091,0.000037,0.000162,0.000127,0.017284,0.009757,0.010695,0.013888,0.014619,0.012305,0.008959,0.006448,0.005504,0.005667,0.004622,0.001969,0.000206,-0.000285,-0.000971,-0.001213,-0.000291,0.000351,0.000184,-0.000079,-0.000390,-0.000763,-0.000926,-0.000545,-0.000139,-0.000060,-0.000211,-0.000740,-0.001438,-0.001680,-0.001319,-0.000814,-0.000300,0.000153,0.000232,-0.000004,-0.000039,0.000299,0.000634,0.000561,0.000214,-0.000212,-0.000607,-0.000566,-0.000224,-0.000074,0.000161,0.000313,0.000216,0.000187,0.000272,0.000199,0.000081,0.000166,0.000145,-0.000165,-0.000284,-0.000070,-0.000130,-0.000462,-0.000265,0.000915,0.002011,0.001678,0.000018,-0.001441,-0.001967,-0.002077,-0.001900,-0.001547,-0.001032,-0.000342,0.000213,0.000296,-0.000254,-0.000840,-0.000690,-0.000062,0.000500,0.000754,0.000547,0.000236,0.000144,0.000302,0.000437,0.000058,-0.000713,-0.001624,-0.002318,-0.002265,-0.001511,-0.000356,0.000511,0.000515,0.000070,-0.000212,-0.000289,-0.000384,-0.000413,-0.000309,-0.000109,-0.000059,-0.000120,-0.000127,-0.000011,-0.000021,-0.000133,-0.000122,-0.000092,-0.000030,0.000022,-0.000082,-0.000111,0.000014,0.000001,-0.000143,-0.000185,-0.000093,-0.000083,-0.000174,-0.000116,-0.000070,0.000019,0.000055,-0.000110,-0.000291,-0.000194,-0.000047,-0.000094,-0.000109,-0.000099,-0.000226,-0.000177,0.000077,0.000106,-0.000018,-0.000121,-0.000169,
0.030663,0.026620,0.008291,-0.002960,-0.004850,-0.002908,0.000080,0.002201,0.003088,0.003986,0.004985,0.004209,0.001899,0.000456,0.000090,-0.000276,-0.000206,0.000235,0.000400,0.000566,0.001173,0.001586,0.001198,0.000072,-0.000910,-0.001080,-0.000845,-0.000271,0.000181,0.000031,-0.000369,-0.000736,-0.001036,-0.000923,-0.000350,0.000148,0.000235,0.000098,0.000007,-0.000261,-0.000664,-0.000627,-0.000210,0.000148,0.000373,0.000288,0.000107,0.000010,-0.000188,-0.000487,-0.000612,-0.000542,-0.000345,-0.000030,0.000215,0.000306,0.000334,0.000365,0.000226,-0.000315,-0.000921,-0.001258,-0.001131,0.000117,0.001568,0.001794,0.001081,0.000358,-0.000286,-0.000821,-0.001184,-0.001223,-0.000747,0.000095,0.000869,0.000839,0.000185,-0.000271,-0.000319,-0.000171,0.000019,0.000223,0.000413,0.000513,0.000869,0.001338,0.001276,0.000370,-0.000637,-0.000855,-0.000639,-0.000391,-0.000043,0.000349,0.000518,0.000505,0.000465,0.000343,0.000140,0.000030,-0.000065,-0.000194,-0.000240,-0.000169,-0.000067,0.000075,0.000090,-0.000044,-0.000180,-0.000248,-0.000243,-0.000170,-0.000111,0.000013,0.000131,0.000047,-0.000062,-0.000103,-0.000095,0.000012,-0.000007,0.000021,0.000127,0.000079,-0.000017,0.000020,-0.000006,-0.000038,0.000013,-0.000044,-0.000165,-0.000180,-0.000137,-0.000045,-0.000015,-0.000018,0.000049,0.000114,0.016297,0.009043,0.010144,0.013432,0.013942,0.011348,0.007882,0.005662,0.005250,0.005500,0.004383,0.001921,0.000233,-0.000284,-0.000953,-0.001152,-0.000365,0.000225,0.000212,-0.000041,-0.000397,-0.000774,-0.000982,-0.000658,-0.000165,0.000007,-0.000161,-0.000776,-0.001688,-0.001944,-0.001225,-0.000268,0.000465,0.000780,0.000507,-0.000140,-0.000381,0.000005,0.000427,0.000461,0.000245,-0.000153,-0.000479,-0.000456,-0.000207,-0.000005,0.000112,0.000180,0.000246,0.000344,0.000272,0.000047,-0.000038,0.000030,0.000022,-0.000126,-0.000121,0.000062,-0.000030,-0.000472,-0.000500,0.000604,0.001840,0.001569,-0.000218,-0.001660,-0.001894,-0.001849,-0.001925,-0.001832,-0.001293,-0.000491,0.000236,0.000358,-0.000294,-0.000947,-0.000862,-0.000140,0.000416,0.000542,0.000503,0.000406,0.000309,0.000295,0.000257,-0.000019,-0.000693,-0.001652,-0.002272,-0.002152,-0.001328,-0.000211,0.000468,0.000389,-0.000059,-0.000354,-0.000438,-0.000493,-0.000427,-0.000163,-0.000060,-0.000080,-0.000107,-0.000113,-0.000083,-0.000101,-0.000135,-0.000062,-0.000003,-0.000044,-0.000086,-0.000099,-0.000130,-0.000130,-0.000109,-0.000181,-0.000243,-0.000152,-0.000102,-0.000126,-0.000161,-0.000148,-0.000118,-0.000186,-0.000311,-0.000419,-0.000398,-0.000270,-0.000195,-0.000243,-0.000255,-0.000208,-0.000086,-0.000031,-0.000089,-0.000030,-0.000024,-0.000092,
0.030704,0.026757,0.008566,-0.002546,-0.004339,-0.002338,0.000505,0.002462,0.003397,0.004270,0.005173,0.004334,0.001958,0.000606,0.000298,-0.000121,-0.000123,0.000213,0.000281,0.000502,0.001167,0.001602,0.001166,0.000049,-0.000905,-0.001143,-0.000822,-0.000063,0.000468,0.000167,-0.000310,-0.000576,-0.000848,-0.000871,-0.000484,0.000005,0.000316,0.000314,0.000156,-0.000149,-0.000454,-0.000400,-0.000149,0.000122,0.000427,0.000339,0.000083,0.000004,-0.000273,-0.000664,-0.000771,-0.000496,-0.000249,-0.000128,0.000044,0.000168,0.000217,0.000291,0.000145,-0.000424,-0.001004,-0.001302,-0.001163,-0.000151,0.001107,0.001462,0.000991,0.000336,-0.000425,-0.001075,-0.001231,-0.001128,-0.000684,0.000141,0.000632,0.000505,-0.000009,-0.000382,-0.000345,-0.000199,-0.000042,0.000134,0.000381,0.000562,0.000791,0.001274,0.001186,0.000188,-0.000694,-0.000851,-0.000733,-0.000527,-0.000026,0.000427,0.000528,0.000533,0.000542,0.000403,0.000206,0.000060,-0.000049,-0.000141,-0.000235,-0.000325,-0.000179,0.000071,0.000144,0.000105,0.000049,-0.000065,-0.000193,-0.000192,-0.000096,0.000036,0.000204,0.000250,0.000181,0.000037,0.000009,0.000136,0.000099,-0.000017,0.000001,0.000029,-0.000055,-0.000141,-0.000134,-0.000001,0.000160,0.000103,-0.000081,-0.000202,-0.000172,-0.000003,0.000060,-0.000055,-0.000063,0.000044,0.015158,0.007820,0.009409,0.013092,0.013580,0.010547,0.006904,0.004892,0.004646,0.005156,0.004175,0.001657,0.000110,-0.000289,-0.000977,-0.001238,-0.000439,0.000195,0.000052,-0.000205,-0.000485,-0.000787,-0.000850,-0.000557,-0.000233,-0.000137,-0.000239,-0.000767,-0.001538,-0.001799,-0.001208,-0.000415,0.000177,0.000437,0.000280,-0.000077,0.000018,0.000486,0.000731,0.000647,0.000324,-0.000222,-0.000607,-0.000437,-0.000137,0.000058,0.000146,0.000228,0.000290,0.000420,0.000475,0.000147,-0.000021,0.000061,0.000034,-0.000175,-0.000192,0.000047,-0.000113,-0.000611,-0.000559,0.000641,0.001965,0.001903,0.000323,-0.001205,-0.001638,-0.001736,-0.001847,-0.001748,-0.001202,-0.000442,0.000183,0.000373,-0.000167,-0.000857,-0.000861,-0.000314,0.000278,0.000416,0.000254,0.000171,0.000202,0.000344,0.000340,0.000068,-0.000546,-0.001441,-0.002117,-0.002099,-0.001486,-0.000398,0.000436,0.000389,-0.000049,-0.000359,-0.000393,-0.000409,-0.000419,-0.000235,-0.000054,0.000038,0.000167,0.000166,0.000064,-0.000005,-0.000056,-0.000047,0.000039,0.000012,-0.000061,-0.000091,-0.000086,-0.000006,0.000114,0.000087,-0.000047,-0.000114,-0.000110,-0.000122,-0.000104,-0.000028,0.000040,-0.000006,-0.000159,-0.000281,-0.000228,-0.000127,-0.000089,-0.000127,-0.000139,-0.000133,-0.000100,-0.000068,-0.000022,0.000028,0.000023,-0.000063,
0.031013,0.027060,0.008651,-0.002311,-0.003797,-0.001831,0.000776,0.002487,0.003403,0.004431,0.005337,0.004415,0.001920,0.000343,0.000088,0.000029,0.000098,0.000405,0.000502,0.000569,0.001029,0.001406,0.001084,0.000099,-0.000865,-0.001112,-0.000699,0.000176,0.000634,0.000315,-0.000172,-0.000524,-0.000737,-0.000615,-0.000167,0.000279,0.000507,0.000527,0.000323,-0.000282,-0.000794,-0.000772,-0.000333,0.000225,0.000566,0.000410,-0.000008,-0.000222,-0.000296,-0.000468,-0.000627,-0.000570,-0.000473,-0.000289,0.000091,0.000383,0.000427,0.000367,0.000092,-0.000462,-0.000966,-0.001058,-0.000868,-0.000081,0.001069,0.001475,0.000998,0.000336,-0.000328,-0.000988,-0.001449,-0.001722,-0.001371,-0.000342,0.000595,0.000575,-0.000057,-0.000533,-0.000483,-0.000208,0.000032,0.000187,0.000318,0.000548,0.000958,0.001543,0.001605,0.000536,-0.000590,-0.000970,-0.000822,-0.000485,-0.000076,0.000358,0.000531,0.000468,0.000403,0.000302,0.000156,0.000045,0.000023,0.000029,-0.000118,-0.000208,-0.000127,0.000001,0.000048,0.000001,-0.000075,-0.000151,-0.000066,0.000094,0.000068,0.000027,0.000117,0.000173,0.000127,0.000020,-0.000064,-0.000091,-0.000067,-0.000035,-0.000011,-0.000052,-0.000036,0.000013,-0.000027,-0.000057,0.000069,0.000075,0.000001,-0.000071,-0.000130,-0.000058,0.000028,0.000120,0.000213,0.000094,0.013888,0.006735,0.008867,0.012943,0.013250,0.009699,0.005812,0.004079,0.004071,0.004576,0.003699,0.001418,-0.000073,-0.000453,-0.001039,-0.001170,-0.000372,0.000140,0.000042,-0.000138,-0.000430,-0.000824,-0.000975,-0.000660,-0.000234,0.000023,-0.000024,-0.000560,-0.001443,-0.001846,-0.001280,-0.000564,0.000056,0.000486,0.000438,0.000167,0.000142,0.000340,0.000528,0.000321,-0.000078,-0.000435,-0.000614,-0.000455,-0.000265,-0.000065,0.000154,0.000151,0.000152,0.000287,0.000319,0.000163,0.000064,0.000072,-0.000072,-0.000296,-0.000266,0.000037,-0.000063,-0.000555,-0.000524,0.000429,0.001644,0.001584,-0.000007,-0.001531,-0.002039,-0.001959,-0.001801,-0.001752,-0.001417,-0.000622,0.000157,0.000409,-0.000177,-0.000966,-0.000905,-0.000246,0.000317,0.000516,0.000395,0.000355,0.000454,0.000427,0.000380,0.000001,-0.000774,-0.001638,-0.002228,-0.002274,-0.001652,-0.000404,0.000464,0.000434,0.000103,-0.000117,-0.000237,-0.000402,-0.000356,-0.000222,-0.000179,-0.000078,-0.000007,-0.000053,-0.000061,-0.000057,-0.000053,-0.000046,-0.000042,-0.000067,-0.000093,-0.000050,-0.000027,-0.000049,-0.000073,-0.000165,-0.000188,-0.000134,-0.000100,-0.000087,-0.000084,-0.000088,-0.000025,0.000031,-0.000009,-0.000086,-0.000091,-0.000112,-0.000188,-0.000146,-0.000028,-0.000025,-0.000046,-0.000015,-0.000144,-0.000196,-0.000059,-0.000017,
0.030958,0.027106,0.008783,-0.002216,-0.003669,-0.001487,0.001209,0.002750,0.003484,0.004486,0.005357,0.004465,0.002150,0.000577,0.000140,-0.000056,0.000132,0.000524,0.000478,0.000513,0.001107,0.001545,0.001140,0.000055,-0.000889,-0.001065,-0.000674,0.000051,0.000614,0.000451,0.000027,-0.000268,-0.000531,-0.000620,-0.000279,0.000287,0.000565,0.000508,0.000244,-0.000188,-0.000622,-0.000697,-0.000362,0.000159,0.000539,0.000394,0.000090,-0.000057,-0.000200,-0.000460,-0.000616,-0.000507,-0.000319,-0.000160,0.000054,0.000221,0.000296,0.000378,0.000191,-0.000413,-0.001026,-0.001299,-0.001046,-0.000013,0.001155,0.001408,0.000849,0.000065,-0.000842,-0.001528,-0.001658,-0.001521,-0.001073,-0.000273,0.000413,0.000513,0.000159,-0.000222,-0.000341,-0.000277,-0.000020,0.000286,0.000430,0.000473,0.000701,0.001196,0.001358,0.000495,-0.000615,-0.000968,-0.000828,-0.000574,-0.000178,0.000254,0.000488,0.000397,0.000322,0.000333,0.000196,0.000042,0.000037,-0.000036,-0.000100,-0.000140,-0.000044,0.000148,0.000140,0.000039,0.000052,0.000022,-0.000003,0.000041,0.000056,0.000066,0.000191,0.000276,0.000082,-0.000171,-0.000149,0.000037,0.000073,0.000054,0.000074,0.000026,0.000046,0.000163,0.000149,0.000043,0.000016,0.000013,0.000021,0.000099,0.000146,0.000060,-0.000093,-0.000135,-0.000044,0.000163,0.012812,0.005698,0.008373,0.012687,0.012705,0.008921,0.005061,0.003606,0.003936,0.004588,0.003628,0.001297,-0.000118,-0.000483,-0.001054,-0.001166,-0.000432,0.000021,-0.000029,-0.000195,-0.000462,-0.000845,-0.001076,-0.000673,-0.000120,0.000012,-0.000134,-0.000615,-0.001357,-0.001635,-0.001146,-0.000491,0.000015,0.000192,0.000059,-0.000071,0.000051,0.000420,0.000713,0.000548,0.000183,-0.000265,-0.000552,-0.000341,-0.000135,-0.000010,0.000075,0.000197,0.000316,0.000237,0.000194,0.000090,0.000107,0.000279,0.000139,-0.000195,-0.000149,0.000023,-0.000111,-0.000443,-0.000343,0.000604,0.001632,0.001533,-0.000017,-0.001497,-0.001870,-0.001781,-0.001570,-0.001476,-0.001176,-0.000595,0.000019,0.000413,0.000084,-0.000646,-0.000703,-0.000040,0.000386,0.000409,0.000311,0.000207,0.000250,0.000340,0.000341,-0.000084,-0.000925,-0.001764,-0.002234,-0.002065,-0.001430,-0.000416,0.000302,0.000263,-0.000100,-0.000335,-0.000400,-0.000349,-0.000268,-0.000194,-0.000095,-0.000064,0.000025,0.000206,0.000186,-0.000021,-0.000174,-0.000151,-0.000015,0.000054,-0.000050,-0.000158,-0.000132,-0.000061,-0.000086,-0.000194,-0.000251,-0.000182,-0.000097,-0.000111,-0.000126,-0.000102,-0.000169,-0.000190,-0.000150,-0.000139,-0.000101,0.000013,0.000031,-0.000029,-0.000084,-0.000069,-0.000079,-0.000019,-0.000029,-0.000073,-0.000018,-0.000103,
0.030640,0.026913,0.009035,-0.001707,-0.002990,-0.000764,0.001708,0.002951,0.003525,0.004520,0.005449,0.004570,0.002046,0.000313,-0.000070,-0.000164,0.000106,0.000522,0.000481,0.000516,0.000931,0.001297,0.001072,0.000109,-0.000815,-0.000908,-0.000563,0.000058,0.000547,0.000369,0.000004,-0.000228,-0.000630,-0.000770,-0.000353,0.000167,0.000582,0.000733,0.000450,-0.000172,-0.000709,-0.000802,-0.000323,0.000213,0.000466,0.000337,0.000032,-0.000033,-0.000080,-0.000294,-0.000511,-0.000524,-0.000289,-0.000061,0.000152,0.000349,0.000374,0.000429,0.000318,-0.000320,-0.001008,-0.001402,-0.001247,0.000074,0.001719,0.002077,0.001177,0.000137,-0.000777,-0.001419,-0.001584,-0.001231,-0.000697,-0.000092,0.000359,0.000284,-0.000092,-0.000219,-0.000143,-0.000096,-0.000042,0.000130,0.000272,0.000516,0.000992,0.001447,0.001325,0.000354,-0.000729,-0.001047,-0.000858,-0.000578,-0.000080,0.000423,0.000548,0.000456,0.000387,0.000272,0.000133,0.000044,-0.000049,-0.000163,-0.000181,-0.000124,0.000005,0.000114,0.000088,0.000102,-0.000020,-0.000163,-0.000146,-0.000028,0.000102,0.000116,0.000071,0.000135,0.000158,0.000034,0.000006,0.000045,0.000071,0.000093,0.000159,0.000280,0.000378,0.000262,0.000061,0.000039,0.000161,0.000185,0.000023,-0.000042,-0.000015,-0.000022,0.000008,0.000086,0.000151,0.000148,0.011716,0.004768,0.007882,0.012462,0.012284,0.008310,0.004561,0.003205,0.003549,0.004148,0.003365,0.001224,-0.000068,-0.000315,-0.000827,-0.001083,-0.000450,0.000052,-0.000110,-0.000258,-0.000450,-0.000902,-0.001080,-0.000545,0.000002,0.000137,-0.000039,-0.000616,-0.001440,-0.001688,-0.001243,-0.000749,-0.000153,0.000320,0.000372,0.000114,0.000077,0.000377,0.000617,0.000488,0.000122,-0.000298,-0.000603,-0.000387,-0.000063,0.000002,0.000085,0.000220,0.000204,0.000226,0.000212,0.000044,-0.000047,0.000022,0.000016,-0.000219,-0.000261,0.000042,0.000036,-0.000462,-0.000670,0.000110,0.001327,0.001430,-0.000192,-0.002037,-0.002626,-0.002451,-0.002119,-0.001766,-0.001308,-0.000547,0.000240,0.000432,-0.000079,-0.000732,-0.000718,-0.000115,0.000476,0.000706,0.000472,0.000288,0.000362,0.000395,0.000333,0.000024,-0.000850,-0.001704,-0.002078,-0.002055,-0.001352,-0.000208,0.000487,0.000367,0.000041,-0.000127,-0.000177,-0.000179,-0.000225,-0.000131,-0.000020,-0.000031,0.000007,0.000072,-0.000063,-0.000100,-0.000043,-0.000027,0.000031,0.000073,0.000072,-0.000048,-0.000085,-0.000046,-0.000041,-0.000084,-0.000119,-0.000089,-0.000041,0.000005,0.000065,0.000039,0.000031,0.000122,0.000048,-0.000098,-0.000117,-0.000155,-0.000128,-0.000134,-0.000197,-0.000192,-0.000100,-0.000028,-0.000094,-0.000171,-0.000125,-0.000116,
0.030911,0.027085,0.008957,-0.001901,-0.003005,-0.000468,0.002030,0.003184,0.003677,0.004531,0.005328,0.004353,0.001901,0.000247,-0.000050,-0.000015,0.000237,0.000525,0.000476,0.000427,0.000823,0.001242,0.001026,-0.000064,-0.001150,-0.001247,-0.000715,0.000020,0.000469,0.000353,0.000086,-0.000071,-0.000366,-0.000602,-0.000407,0.000034,0.000403,0.000481,0.000264,-0.000185,-0.000602,-0.000682,-0.000399,0.000054,0.000415,0.000300,-0.000048,-0.000129,-0.000192,-0.000444,-0.000555,-0.000570,-0.000467,-0.000148,0.000201,0.000304,0.000298,0.000310,0.000085,-0.000361,-0.000676,-0.000778,-0.000572,0.000258,0.001231,0.001646,0.001189,0.000329,-0.000465,-0.001002,-0.001200,-0.001193,-0.000692,0.000101,0.000545,0.000375,-0.000136,-0.000506,-0.000502,-0.000236,0.000056,0.000243,0.000350,0.000497,0.000876,0.001411,0.001419,0.000389,-0.000745,-0.001066,-0.000882,-0.000639,-0.000194,0.000298,0.000455,0.000394,0.000305,0.000258,0.000053,-0.000126,-0.000100,-0.000120,-0.000178,-0.000159,-0.000037,0.000011,-0.000037,-0.000051,-0.000017,-0.000106,-0.000167,-0.000043,0.000068,0.000137,0.000221,0.000181,0.000068,-0.000005,-0.000035,-0.000053,-0.000121,-0.000152,-0.000042,0.000079,0.000041,-0.000062,-0.000010,0.000018,0.000075,0.000080,0.000032,0.000014,0.000025,0.000028,0.000095,0.000205,0.000242,0.000230,0.011921,0.004824,0.007777,0.012292,0.012020,0.007982,0.004357,0.003100,0.003467,0.004178,0.003521,0.001380,-0.000095,-0.000401,-0.000891,-0.001113,-0.000369,0.000151,-0.000050,-0.000254,-0.000402,-0.000760,-0.000889,-0.000457,-0.000113,0.000017,-0.000128,-0.000657,-0.001415,-0.001726,-0.001209,-0.000487,0.000146,0.000535,0.000322,-0.000142,-0.000077,0.000386,0.000633,0.000492,0.000133,-0.000260,-0.000435,-0.000302,-0.000103,-0.000026,0.000094,0.000232,0.000369,0.000418,0.000341,0.000167,0.000125,0.000273,0.000195,-0.000062,-0.000138,-0.000029,-0.000272,-0.000741,-0.000617,0.000418,0.001527,0.001497,0.000271,-0.001108,-0.001882,-0.002041,-0.001875,-0.001696,-0.001202,-0.000473,0.000171,0.000296,-0.000332,-0.000901,-0.000776,-0.000066,0.000503,0.000602,0.000480,0.000407,0.000523,0.000535,0.000522,0.000273,-0.000545,-0.001647,-0.002294,-0.002208,-0.001432,-0.000203,0.000494,0.000478,0.000160,-0.000219,-0.000332,-0.000351,-0.000389,-0.000274,-0.000120,-0.000049,0.000009,0.000024,-0.000008,-0.000111,-0.000209,-0.000106,0.000063,0.000140,0.000159,0.000167,0.000086,-0.000054,-0.000079,-0.000085,-0.000139,-0.000073,0.000035,0.000079,0.000104,0.000068,-0.000013,-0.000044,-0.000089,-0.000288,-0.000286,-0.000135,-0.000118,-0.000158,-0.000152,-0.000108,-0.000072,-0.000107,-0.000158,-0.000110,-0.000017,-0.000087,
0.031050,0.027345,0.008976,-0.001898,-0.002698,-0.000146,0.002202,0.003197,0.003616,0.004525,0.005450,0.004565,0.002042,0.000277,-0.000024,0.000025,0.000210,0.000509,0.000511,0.000497,0.000911,0.001355,0.001093,0.000051,-0.000871,-0.001018,-0.000657,0.000036,0.000560,0.000483,0.000035,-0.000344,-0.000637,-0.000665,-0.000419,-0.000115,0.000176,0.000300,0.000110,-0.000295,-0.000587,-0.000606,-0.000367,0.000030,0.000334,0.000297,0.000038,-0.000106,-0.000233,-0.000458,-0.000594,-0.000498,-0.000268,-0.000023,0.000188,0.000280,0.000275,0.000354,0.000270,-0.000339,-0.001050,-0.001380,-0.001152,-0.000083,0.001180,0.001565,0.001057,0.000298,-0.000402,-0.000978,-0.001297,-0.001300,-0.000820,0.000075,0.000755,0.000686,0.000136,-0.000290,-0.000305,-0.000226,-0.000139,0.000129,0.000417,0.000563,0.000903,0.001379,0.001339,0.000509,-0.000427,-0.000731,-0.000634,-0.000514,-0.000262,0.000132,0.000383,0.000519,0.000436,0.000193,0.000028,-0.000018,-0.000019,-0.000093,-0.000228,-0.000178,-0.000006,0.000104,0.000240,0.000230,0.000057,-0.000116,-0.000135,0.000068,0.000128,0.000079,0.000173,0.000215,0.000151,0.000074,-0.000009,-0.000002,0.000010,-0.000105,-0.000100,-0.000017,-0.000005,-0.000007,0.000011,0.000116,0.000098,-0.000036,-0.000089,-0.000009,-0.000016,-0.000080,-0.000022,0.000043,0.000093,0.000023,0.012152,0.005129,0.007918,0.012024,0.011793,0.008040,0.004476,0.003204,0.003488,0.004216,0.003520,0.001230,-0.000239,-0.000544,-0.000918,-0.000913,-0.000184,0.000082,-0.000135,-0.000215,-0.000425,-0.000800,-0.001033,-0.000681,-0.000132,-0.000007,-0.000197,-0.000724,-0.001596,-0.001904,-0.001260,-0.000400,0.000260,0.000536,0.000293,-0.000218,-0.000298,0.000262,0.000653,0.000475,0.000214,-0.000112,-0.000465,-0.000453,-0.000232,-0.000063,0.000027,0.000187,0.000329,0.000322,0.000208,0.000047,0.000023,0.000119,0.000064,-0.000156,-0.000131,0.000071,-0.000092,-0.000585,-0.000524,0.000676,0.001908,0.001614,-0.000226,-0.001838,-0.002023,-0.001660,-0.001625,-0.001671,-0.001231,-0.000384,0.000326,0.000432,-0.000197,-0.000845,-0.000714,-0.000097,0.000409,0.000544,0.000418,0.000297,0.000331,0.000356,0.000354,0.000046,-0.000681,-0.001573,-0.002216,-0.002192,-0.001418,-0.000285,0.000352,0.000344,-0.000018,-0.000219,-0.000183,-0.000209,-0.000305,-0.000270,-0.000098,-0.000013,-0.000043,-0.000003,0.000010,-0.000085,-0.000023,0.000086,0.000132,0.000114,0.000029,-0.000120,-0.000116,-0.000065,-0.000077,-0.000068,-0.000118,-0.000074,0.000009,-0.000042,-0.000158,-0.000158,-0.000102,-0.000142,-0.000222,-0.000218,-0.000157,-0.000062,-0.000090,-0.000155,-0.000131,-0.000142,-0.000125,-0.000087,-0.000070,-0.000023,-0.000039,-0.000203,
0.031116,0.027408,0.009048,-0.001660,-0.002274,0.000289,0.002374,0.003180,0.003592,0.004510,0.005453,0.004492,0.002051,0.000380,-0.000076,-0.000133,0.000201,0.000646,0.000585,0.000502,0.000928,0.001425,0.001146,0.000048,-0.000987,-0.001141,-0.000514,0.000312,0.000775,0.000615,0.000109,-0.000329,-0.000629,-0.000658,-0.000363,0.000033,0.000241,0.000408,0.000348,-0.000169,-0.000636,-0.000624,-0.000308,0.000057,0.000315,0.000200,-0.000088,-0.000171,-0.000224,-0.000450,-0.000600,-0.000535,-0.000241,0.000047,0.000272,0.000344,0.000333,0.000386,0.000263,-0.000259,-0.000883,-0.001214,-0.001047,-0.000015,0.001332,0.001702,0.001137,0.000385,-0.000253,-0.000723,-0.000990,-0.001044,-0.000757,0.000010,0.000688,0.000614,-0.000015,-0.000414,-0.000388,-0.000250,-0.000034,0.000272,0.000361,0.000471,0.000881,0.001386,0.001427,0.000497,-0.000572,-0.000914,-0.000664,-0.000347,-0.000030,0.000313,0.000508,0.000558,0.000528,0.000345,0.000047,-0.000092,-0.000081,0.000023,-0.000046,-0.000131,-0.000034,0.000038,0.000011,0.000015,0.000051,-0.000000,-0.000063,-0.000081,-0.000049,0.000054,0.000089,0.000035,-0.000058,-0.000087,-0.000052,-0.000040,-0.000067,-0.000062,-0.000108,-0.000072,-0.000004,-0.000068,-0.000034,0.000111,0.000140,0.000030,-0.000101,-0.000149,-0.000036,0.000054,0.000078,0.000061,0.000062,0.000076,0.012189,0.005144,0.007823,0.011918,0.011752,0.008098,0.004733,0.003396,0.003501,0.004167,0.003586,0.001412,-0.000120,-0.000438,-0.000854,-0.000772,0.000037,0.000355,0.000000,-0.000313,-0.000494,-0.000758,-0.000987,-0.000648,-0.000033,0.000168,-0.000037,-0.000691,-0.001498,-0.001711,-0.000988,0.000100,0.000861,0.000850,0.000263,-0.000305,-0.000322,0.000241,0.000669,0.000648,0.000348,-0.000130,-0.000418,-0.000338,-0.000169,-0.000025,0.000064,0.000051,0.000157,0.000335,0.000395,0.000197,0.000130,0.000212,0.000090,-0.000090,-0.000126,0.000057,-0.000075,-0.000569,-0.000586,0.000493,0.001862,0.001844,0.000320,-0.001109,-0.001610,-0.001694,-0.001738,-0.001675,-0.001256,-0.000564,0.000030,0.000131,-0.000333,-0.000849,-0.000738,-0.000119,0.000384,0.000603,0.000401,0.000194,0.000205,0.000249,0.000222,-0.000035,-0.000688,-0.001580,-0.002101,-0.002050,-0.001460,-0.000430,0.000312,0.000293,-0.000020,-0.000231,-0.000302,-0.000307,-0.000281,-0.000206,-0.000117,0.000077,0.000113,0.000038,0.000032,-0.000079,-0.000148,-0.000086,-0.000059,-0.000026,-0.000027,-0.000175,-0.000239,-0.000045,0.000036,-0.000091,-0.000232,-0.000185,-0.000107,-0.000108,-0.000134,-0.000134,-0.000036,-0.000029,-0.000129,-0.000248,-0.000269,-0.000124,0.000042,0.000032,-0.000096,-0.000160,-0.000087,0.000044,0.000072,-0.000004,-0.000033,-0.000016,
0.031356,0.027583,0.009313,-0.001301,-0.001809,0.000783,0.002734,0.003332,0.003481,0.004291,0.005260,0.004445,0.001978,0.000246,-0.000320,-0.000468,0.000007,0.000657,0.000708,0.000554,0.000855,0.001349,0.000994,-0.000188,-0.001034,-0.001042,-0.000487,0.000352,0.000846,0.000660,0.000239,-0.000206,-0.000568,-0.000643,-0.000386,0.000059,0.000471,0.000575,0.000333,-0.000119,-0.000584,-0.000688,-0.000432,0.000004,0.000300,0.000207,-0.000092,-0.000262,-0.000351,-0.000564,-0.000636,-0.000480,-0.000253,0.000027,0.000171,0.000203,0.000278,0.000377,0.000238,-0.000315,-0.000856,-0.001233,-0.001311,-0.000408,0.000945,0.001400,0.000872,0.000150,-0.000486,-0.000968,-0.001297,-0.001431,-0.001083,-0.000213,0.000561,0.000476,-0.000064,-0.000340,-0.000335,-0.000212,0.000014,0.000134,0.000265,0.000652,0.001115,0.001556,0.001565,0.000576,-0.000600,-0.000830,-0.000646,-0.000550,-0.000154,0.000339,0.000591,0.000694,0.000632,0.000418,0.000217,-0.000019,-0.000189,-0.000158,-0.000163,-0.000206,0.000006,0.000176,0.000188,0.000226,0.000138,-0.000058,-0.000047,0.000038,0.000048,0.000066,0.000186,0.000228,0.000058,0.000037,0.000110,0.000087,0.000037,-0.000030,0.000074,0.000115,0.000054,0.000058,0.000130,0.000266,0.000283,0.000112,-0.000041,-0.000050,-0.000049,-0.000023,0.000043,0.000046,0.000068,0.000100,0.012272,0.005289,0.008049,0.012014,0.011705,0.008254,0.005033,0.003675,0.003770,0.004370,0.003592,0.001276,-0.000212,-0.000387,-0.000647,-0.000559,0.000205,0.000346,-0.000033,-0.000205,-0.000418,-0.000635,-0.000734,-0.000496,0.000012,0.000267,0.000117,-0.000389,-0.001301,-0.001745,-0.001102,-0.000372,0.000052,0.000374,0.000272,-0.000030,0.000122,0.000616,0.000753,0.000568,0.000165,-0.000361,-0.000556,-0.000342,-0.000223,-0.000242,-0.000136,0.000063,0.000278,0.000471,0.000433,0.000149,0.000052,0.000083,-0.000018,-0.000179,-0.000260,-0.000122,-0.000200,-0.000571,-0.000489,0.000472,0.001677,0.001684,0.000181,-0.001370,-0.001888,-0.001828,-0.001740,-0.001621,-0.001212,-0.000517,0.000141,0.000283,-0.000267,-0.000914,-0.000874,-0.000220,0.000336,0.000476,0.000403,0.000305,0.000358,0.000470,0.000461,0.000080,-0.000715,-0.001613,-0.002262,-0.002231,-0.001517,-0.000431,0.000407,0.000436,0.000053,-0.000232,-0.000408,-0.000435,-0.000300,-0.000145,-0.000052,0.000079,0.000040,-0.000036,-0.000080,-0.000091,-0.000130,-0.000145,-0.000090,-0.000034,-0.000064,-0.000185,-0.000152,-0.000014,-0.000004,-0.000140,-0.000210,-0.000227,-0.000206,-0.000156,-0.000125,-0.000135,-0.000128,-0.000106,-0.000146,-0.000174,-0.000054,0.000044,0.000027,-0.000080,-0.000086,0.000042,0.000029,-0.000043,0.000010,0.000018,-0.000127,-0.000163,
0.032067,0.028135,0.009819,-0.000711,-0.001126,0.001320,0.003098,0.003562,0.003599,0.004337,0.005288,0.004490,0.002083,0.000433,-0.000107,-0.000393,-0.000014,0.000603,0.000670,0.000607,0.000860,0.001228,0.001003,-0.000077,-0.000937,-0.000981,-0.000458,0.000332,0.000827,0.000624,0.000115,-0.000133,-0.000343,-0.000480,-0.000267,0.000138,0.000466,0.000583,0.000368,-0.000247,-0.000750,-0.000705,-0.000322,0.000097,0.000479,0.000424,0.000022,-0.000238,-0.000384,-0.000556,-0.000655,-0.000484,-0.000221,-0.000018,0.000161,0.000299,0.000373,0.000324,0.000194,-0.000237,-0.000852,-0.001225,-0.000958,0.000141,0.001218,0.001558,0.001120,0.000277,-0.000600,-0.001247,-0.001523,-0.001587,-0.001187,-0.000151,0.000626,0.000529,0.000064,-0.000250,-0.000252,-0.000066,0.000065,0.000146,0.000262,0.000463,0.000822,0.001387,0.001467,0.000504,-0.000589,-0.000972,-0.000878,-0.000719,-0.000296,0.000255,0.000455,0.000518,0.000571,0.000437,0.000216,0.000061,-0.000034,-0.000055,-0.000133,-0.000118,0.000091,0.000171,0.000226,0.000264,0.000154,-0.000063,-0.000188,-0.000070,0.000081,0.000191,0.000188,0.000107,0.000014,-0.000028,-0.000104,-0.000140,-0.000107,-0.000049,0.000055,0.000139,0.000127,0.000121,0.000163,0.000167,0.000129,0.000033,-0.000051,-0.000052,-0.000057,-0.000064,-0.000018,-0.000017,0.000040,0.000160,0.011962,0.004887,0.008010,0.012179,0.011704,0.008253,0.005119,0.003573,0.003470,0.004189,0.003573,0.001365,-0.000129,-0.000440,-0.000808,-0.000737,0.000065,0.000326,-0.000043,-0.000262,-0.000432,-0.000696,-0.000775,-0.000359,0.000081,0.000131,0.000015,-0.000454,-0.001330,-0.001800,-0.001393,-0.000711,-0.000034,0.000346,0.000214,-0.000113,-0.000127,0.000246,0.000510,0.000480,0.000155,-0.000356,-0.000566,-0.000434,-0.000336,-0.000290,-0.000190,-0.000031,0.000121,0.000291,0.000396,0.000283,0.000156,0.000217,0.000103,-0.000178,-0.000195,0.000033,-0.000118,-0.000602,-0.000534,0.000644,0.001865,0.001497,-0.000125,-0.001459,-0.001835,-0.001734,-0.001593,-0.001432,-0.001065,-0.000542,0.000082,0.000431,0.000024,-0.000605,-0.000661,-0.000186,0.000346,0.000505,0.000369,0.000319,0.000304,0.000322,0.000325,-0.000063,-0.000862,-0.001672,-0.002221,-0.002163,-0.001313,-0.000241,0.000355,0.000319,-0.000077,-0.000325,-0.000371,-0.000408,-0.000356,-0.000294,-0.000203,-0.000065,-0.000104,-0.000082,0.000010,-0.000070,-0.000168,-0.000126,-0.000031,0.000019,-0.000005,-0.000098,-0.000091,-0.000063,-0.000121,-0.000147,-0.000142,-0.000073,-0.000013,-0.000082,-0.000079,-0.000141,-0.000073,0.000027,-0.000056,-0.000112,-0.000149,-0.000120,-0.000081,-0.000032,0.000008,-0.000014,0.000090,0.000198,0.000136,0.000033,-0.000072,-0.000134,
0.032239,0.028077,0.009633,-0.000671,-0.000943,0.001456,0.003082,0.003488,0.003480,0.004074,0.005035,0.004587,0.002375,0.000560,-0.000005,-0.000284,-0.000029,0.000567,0.000753,0.000776,0.001041,0.001281,0.000988,-0.000022,-0.000918,-0.000896,-0.000232,0.000671,0.001178,0.000917,0.000374,0.000089,-0.000247,-0.000545,-0.000427,0.000034,0.000549,0.000769,0.000497,-0.000192,-0.000551,-0.000572,-0.000449,0.000072,0.000425,0.000303,0.000056,-0.000074,-0.000202,-0.000389,-0.000496,-0.000333,-0.000118,0.000027,0.000181,0.000255,0.000315,0.000283,0.000064,-0.000505,-0.001151,-0.001486,-0.001254,-0.000112,0.001214,0.001421,0.000662,-0.000080,-0.000781,-0.001431,-0.001538,-0.001154,-0.000612,0.000020,0.000512,0.000380,-0.000066,-0.000358,-0.000380,-0.000133,0.000022,0.000098,0.000314,0.000583,0.001001,0.001421,0.001285,0.000316,-0.000722,-0.001044,-0.000882,-0.000633,-0.000122,0.000412,0.000601,0.000623,0.000603,0.000503,0.000324,0.000142,-0.000043,-0.000075,-0.000069,-0.000172,-0.000135,0.000026,0.000054,0.000013,0.000017,-0.000099,-0.000205,-0.000114,-0.000012,0.000044,0.000122,0.000176,0.000012,-0.000138,-0.000104,-0.000010,-0.000017,-0.000037,-0.000018,0.000037,0.000031,0.000014,0.000061,-0.000004,-0.000019,0.000059,-0.000008,-0.000106,-0.000045,-0.000023,0.000058,0.000155,0.000143,0.000078,0.013351,0.006470,0.008799,0.012413,0.011803,0.008394,0.005479,0.004073,0.003834,0.004416,0.003799,0.001518,-0.000119,-0.000518,-0.000713,-0.000418,0.000261,0.000287,-0.000087,-0.000261,-0.000348,-0.000536,-0.000672,-0.000357,0.000108,0.000141,-0.000086,-0.000485,-0.001301,-0.001774,-0.001315,-0.000494,0.000037,0.000231,0.000198,-0.000063,-0.000044,0.000280,0.000610,0.000535,0.000094,-0.000398,-0.000694,-0.000520,-0.000224,-0.000217,-0.000226,-0.000059,0.000104,0.000311,0.000325,0.000104,0.000070,0.000126,0.000025,-0.000204,-0.000248,-0.000021,-0.000108,-0.000564,-0.000636,0.000352,0.001740,0.001743,-0.000072,-0.001997,-0.002590,-0.002313,-0.001924,-0.001687,-0.001203,-0.000509,0.000025,0.000274,-0.000126,-0.000706,-0.000650,-0.000127,0.000358,0.000571,0.000492,0.000314,0.000308,0.000384,0.000322,-0.000047,-0.000797,-0.001656,-0.002214,-0.002138,-0.001359,-0.000277,0.000383,0.000350,0.000078,-0.000081,-0.000128,-0.000081,-0.000104,-0.000138,-0.000060,0.000030,0.000063,0.000080,-0.000060,-0.000203,-0.000203,-0.000142,0.000040,0.000172,0.000112,-0.000070,-0.000045,0.000102,0.000053,-0.000037,-0.000068,-0.000154,-0.000180,-0.000157,-0.000164,-0.000087,-0.000045,0.000003,-0.000044,-0.000125,-0.000145,-0.000125,-0.000071,-0.000044,-0.000090,-0.000136,-0.000081,-0.000020,-0.000047,-0.000046,-0.000053,-0.000106,
0.032877,0.028610,0.009699,-0.000861,-0.001033,0.001447,0.003060,0.003351,0.003191,0.003799,0.004859,0.004438,0.002316,0.000608,-0.000076,-0.000435,-0.000151,0.000432,0.000571,0.000642,0.001100,0.001560,0.001157,-0.000100,-0.001001,-0.000958,-0.000391,0.000442,0.000973,0.000808,0.000309,-0.000211,-0.000547,-0.000630,-0.000470,0.000005,0.000470,0.000621,0.000344,-0.000211,-0.000578,-0.000580,-0.000286,0.000216,0.000556,0.000376,0.000018,-0.000129,-0.000218,-0.000389,-0.000439,-0.000380,-0.000229,-0.000008,0.000074,0.000106,0.000123,0.000160,0.000175,-0.000329,-0.000917,-0.000914,-0.000628,0.000132,0.001585,0.002313,0.001632,0.000541,-0.000292,-0.000818,-0.001011,-0.000963,-0.000663,0.000065,0.000592,0.000296,-0.000293,-0.000465,-0.000359,-0.000239,0.000019,0.000230,0.000343,0.000535,0.000942,0.001507,0.001505,0.000477,-0.000706,-0.001054,-0.000882,-0.000629,-0.000136,0.000301,0.000554,0.000664,0.000626,0.000380,0.000144,0.000043,0.000050,-0.000038,-0.000190,-0.000131,0.000007,0.000108,0.000083,0.000019,0.000007,-0.000028,-0.000009,0.000065,0.000157,0.000095,0.000076,0.000133,0.000096,-0.000041,-0.000169,-0.000089,-0.000057,-0.000059,-0.000040,0.000009,0.000150,0.000207,0.000085,-0.000013,0.000055,0.000009,-0.000185,-0.000192,-0.000045,0.000022,0.000112,0.000217,0.000318,0.000317,0.014523,0.007310,0.009006,0.012161,0.011627,0.008464,0.005620,0.004197,0.003985,0.004528,0.003820,0.001598,0.000098,-0.000301,-0.000662,-0.000595,0.000172,0.000409,-0.000030,-0.000336,-0.000472,-0.000562,-0.000528,-0.000124,0.000187,0.000215,0.000048,-0.000499,-0.001380,-0.001854,-0.001433,-0.000720,-0.000069,0.000311,0.000220,0.000007,0.000223,0.000522,0.000584,0.000454,0.000083,-0.000348,-0.000592,-0.000481,-0.000282,-0.000212,-0.000125,0.000092,0.000234,0.000265,0.000312,0.000213,0.000097,0.000124,0.000016,-0.000285,-0.000380,-0.000119,-0.000242,-0.000719,-0.000665,0.000185,0.001261,0.001390,0.000220,-0.001285,-0.001951,-0.002013,-0.001922,-0.001679,-0.001264,-0.000571,0.000191,0.000350,-0.000253,-0.000903,-0.000755,-0.000020,0.000527,0.000599,0.000416,0.000325,0.000421,0.000425,0.000275,-0.000236,-0.001013,-0.001782,-0.002296,-0.002151,-0.001294,-0.000088,0.000733,0.000592,0.000097,-0.000112,-0.000194,-0.000254,-0.000285,-0.000196,-0.000006,0.000102,0.000037,-0.000008,0.000029,-0.000021,-0.000122,-0.000130,-0.000083,-0.000137,-0.000185,-0.000188,-0.000100,0.000075,0.000013,-0.000164,-0.000224,-0.000176,-0.000210,-0.000137,0.000093,0.000105,-0.000091,-0.000164,-0.000206,-0.000276,-0.000152,-0.000135,-0.000132,-0.000186,-0.000243,-0.000112,0.000013,0.000063,0.000063,-0.000092,-0.000221,-0.000197,
0.033544,0.028980,0.010021,-0.000563,-0.000664,0.001940,0.003340,0.003468,0.003189,0.003616,0.004745,0.004402,0.002475,0.000913,0.000161,-0.000464,-0.000320,0.000390,0.000640,0.000648,0.000971,0.001261,0.000912,-0.000139,-0.000980,-0.000849,-0.000245,0.000424,0.000864,0.000684,0.000195,-0.000235,-0.000597,-0.000659,-0.000329,0.000095,0.000294,0.000411,0.000310,-0.000260,-0.000696,-0.000670,-0.000450,-0.000095,0.000191,0.000155,0.000004,0.000004,-0.000060,-0.000333,-0.000561,-0.000510,-0.000323,-0.000114,0.000138,0.000196,0.000191,0.000223,0.000216,-0.000208,-0.000829,-0.001156,-0.000924,0.000026,0.001103,0.001511,0.001149,0.000481,-0.000232,-0.000855,-0.001201,-0.001160,-0.000698,0.000215,0.000919,0.000701,-0.000015,-0.000444,-0.000437,-0.000225,-0.000014,0.000156,0.000410,0.000621,0.000955,0.001561,0.001598,0.000537,-0.000580,-0.000862,-0.000784,-0.000606,-0.000262,0.000070,0.000195,0.000387,0.000500,0.000344,0.000183,0.000076,-0.000092,-0.000175,-0.000120,-0.000046,0.000010,0.000047,0.000183,0.000254,0.000097,-0.000115,-0.000167,0.000010,0.000119,0.000082,0.000129,0.000274,0.000174,-0.000040,-0.000083,-0.000085,-0.000106,-0.000097,-0.000024,-0.000064,-0.000098,-0.000002,0.000042,0.000063,0.000065,0.000085,-0.000010,-0.000111,0.000028,0.000081,0.000075,0.000229,0.000284,0.000178,0.015365,0.008024,0.009438,0.012217,0.011340,0.008222,0.005612,0.004353,0.004225,0.004865,0.004312,0.001914,0.000143,-0.000285,-0.000643,-0.000494,0.000249,0.000360,-0.000126,-0.000394,-0.000433,-0.000467,-0.000520,-0.000181,0.000266,0.000252,-0.000153,-0.000816,-0.001710,-0.001906,-0.001147,-0.000301,0.000288,0.000578,0.000332,-0.000189,-0.000271,0.000082,0.000415,0.000462,0.000175,-0.000248,-0.000478,-0.000332,-0.000063,-0.000016,-0.000043,0.000033,0.000157,0.000215,0.000227,0.000167,0.000116,0.000160,0.000030,-0.000239,-0.000209,-0.000002,-0.000220,-0.000679,-0.000387,0.000951,0.002112,0.001612,-0.000222,-0.001699,-0.002068,-0.001924,-0.001789,-0.001692,-0.001281,-0.000546,0.000150,0.000343,-0.000203,-0.000872,-0.000823,-0.000155,0.000335,0.000429,0.000372,0.000230,0.000194,0.000373,0.000373,0.000005,-0.000793,-0.001762,-0.002321,-0.002227,-0.001528,-0.000431,0.000370,0.000402,0.000095,-0.000127,-0.000236,-0.000334,-0.000303,-0.000207,-0.000145,-0.000055,0.000003,-0.000008,-0.000012,-0.000139,-0.000216,-0.000160,-0.000077,-0.000063,-0.000154,-0.000203,-0.000125,-0.000058,-0.000171,-0.000257,-0.000219,-0.000244,-0.000194,-0.000118,-0.000159,-0.000220,-0.000178,-0.000097,-0.000118,-0.000150,-0.000186,-0.000220,-0.000177,-0.000143,-0.000094,-0.000037,0.000016,-0.000007,-0.000087,-0.000107,-0.000058,-0.000108,
0.033690,0.029032,0.009827,-0.000864,-0.000778,0.001988,0.003434,0.003382,0.002977,0.003383,0.004508,0.004396,0.002615,0.000945,-0.000005,-0.000589,-0.000407,0.000260,0.000605,0.000638,0.001044,0.001480,0.001067,-0.000117,-0.001001,-0.000984,-0.000489,0.000325,0.000865,0.000687,0.000150,-0.000374,-0.000699,-0.000562,-0.000236,0.000060,0.000320,0.000411,0.000218,-0.000234,-0.000670,-0.000650,-0.000217,0.000080,0.000227,0.000197,-0.000092,-0.000231,-0.000283,-0.000417,-0.000653,-0.000665,-0.000457,-0.000235,0.000109,0.000339,0.000386,0.000403,0.000259,-0.000235,-0.000878,-0.001351,-0.001202,0.000038,0.001493,0.001889,0.001315,0.000532,-0.000177,-0.000667,-0.000909,-0.001015,-0.000712,0.000125,0.000776,0.000721,0.000176,-0.000426,-0.000551,-0.000163,0.000136,0.000247,0.000278,0.000478,0.000857,0.001340,0.001392,0.000484,-0.000548,-0.000860,-0.000698,-0.000539,-0.000272,0.000165,0.000390,0.000418,0.000404,0.000348,0.000252,0.000116,-0.000010,-0.000051,-0.000074,-0.000116,-0.000090,0.000091,0.000171,0.000040,-0.000020,-0.000118,0.000000,0.000171,0.000130,0.000151,0.000168,0.000126,0.000102,-0.000006,-0.000057,-0.000106,-0.000095,-0.000001,-0.000018,0.000001,0.000007,-0.000076,-0.000076,0.000006,0.000108,0.000057,-0.000070,-0.000131,-0.000173,-0.000083,0.000067,0.000097,0.000086,0.000075,0.017475,0.009862,0.010180,0.012213,0.011308,0.008264,0.005825,0.004690,0.004546,0.005188,0.004615,0.002134,0.000262,-0.000209,-0.000602,-0.000495,0.000278,0.000518,0.000049,-0.000346,-0.000478,-0.000519,-0.000512,-0.000144,0.000257,0.000232,-0.000114,-0.000752,-0.001589,-0.001853,-0.001042,0.000209,0.001118,0.001227,0.000585,-0.000186,-0.000352,-0.000021,0.000391,0.000483,0.000178,-0.000232,-0.000490,-0.000385,-0.000208,-0.000085,0.000061,0.000237,0.000268,0.000263,0.000272,0.000078,-0.000034,0.000025,-0.000065,-0.000240,-0.000169,0.000086,-0.000169,-0.000770,-0.000689,0.000444,0.001744,0.001762,0.000265,-0.001256,-0.001741,-0.001840,-0.001844,-0.001708,-0.001324,-0.000645,0.000075,0.000335,-0.000129,-0.000801,-0.000807,-0.000125,0.000350,0.000581,0.000525,0.000420,0.000492,0.000496,0.000321,-0.000114,-0.000826,-0.001725,-0.002294,-0.002185,-0.001409,-0.000245,0.000544,0.000559,0.000187,-0.000062,-0.000175,-0.000316,-0.000278,-0.000137,-0.000027,0.000028,0.000031,-0.000018,-0.000085,-0.000087,-0.000155,-0.000163,-0.000079,-0.000026,-0.000135,-0.000193,-0.000094,-0.000008,0.000002,-0.000159,-0.000261,-0.000184,-0.000074,-0.000059,-0.000133,-0.000098,0.000035,0.000105,0.000043,-0.000110,-0.000044,0.000058,0.000019,-0.000061,-0.000049,0.000005,0.000006,0.000029,0.000008,-0.000025,-0.000054,-0.000103,
0.034224,0.029321,0.009904,-0.000656,-0.000426,0.002276,0.003564,0.003447,0.002850,0.003174,0.004399,0.004311,0.002551,0.001079,0.000196,-0.000552,-0.000424,0.000304,0.000616,0.000657,0.001023,0.001385,0.001081,-0.000042,-0.001069,-0.001035,-0.000334,0.000444,0.000936,0.000675,-0.000005,-0.000469,-0.000745,-0.000725,-0.000281,0.000226,0.000527,0.000558,0.000386,-0.000066,-0.000568,-0.000682,-0.000405,0.000028,0.000416,0.000380,-0.000020,-0.000232,-0.000246,-0.000442,-0.000681,-0.000637,-0.000424,-0.000104,0.000113,0.000167,0.000229,0.000343,0.000176,-0.000363,-0.000897,-0.001271,-0.001260,-0.000374,0.000995,0.001444,0.000867,0.000215,-0.000339,-0.000854,-0.001104,-0.001100,-0.000725,0.000085,0.000676,0.000437,-0.000269,-0.000590,-0.000410,-0.000132,0.000126,0.000238,0.000273,0.000517,0.000957,0.001510,0.001544,0.000493,-0.000605,-0.000817,-0.000592,-0.000463,-0.000129,0.000333,0.000536,0.000537,0.000608,0.000529,0.000199,0.000067,-0.000033,-0.000209,-0.000164,0.000018,0.000144,0.000227,0.000225,0.000182,0.000056,-0.000023,-0.000101,-0.000103,0.000045,0.000100,0.000096,0.000151,0.000140,-0.000027,-0.000144,-0.000129,0.000000,0.000142,0.000170,0.000029,-0.000004,0.000098,0.000012,-0.000041,0.000004,-0.000008,0.000046,0.000053,-0.000011,-0.000073,-0.000130,-0.000020,0.000128,0.000165,0.018436,0.010946,0.010797,0.012261,0.011112,0.007999,0.005606,0.004631,0.004572,0.005336,0.004834,0.002314,0.000374,-0.000239,-0.000710,-0.000627,0.000286,0.000522,-0.000035,-0.000303,-0.000441,-0.000586,-0.000583,-0.000187,0.000255,0.000309,-0.000001,-0.000731,-0.001716,-0.002034,-0.001463,-0.000664,0.000015,0.000309,0.000108,-0.000120,0.000045,0.000408,0.000657,0.000647,0.000261,-0.000403,-0.000688,-0.000402,-0.000161,-0.000094,0.000012,0.000201,0.000364,0.000404,0.000351,0.000247,0.000154,0.000257,0.000175,-0.000148,-0.000166,0.000103,-0.000035,-0.000644,-0.000658,0.000391,0.001706,0.001786,0.000306,-0.001332,-0.001896,-0.001893,-0.001856,-0.001695,-0.001200,-0.000431,0.000255,0.000430,-0.000147,-0.000886,-0.000900,-0.000295,0.000285,0.000486,0.000435,0.000301,0.000299,0.000426,0.000384,0.000020,-0.000753,-0.001589,-0.002162,-0.002205,-0.001478,-0.000346,0.000443,0.000493,0.000210,-0.000021,-0.000156,-0.000187,-0.000143,-0.000125,-0.000086,-0.000004,-0.000047,-0.000025,0.000091,0.000053,-0.000075,-0.000130,-0.000133,-0.000010,0.000082,0.000004,-0.000020,0.000104,0.000094,-0.000018,-0.000173,-0.000234,-0.000146,-0.000109,-0.000105,-0.000096,-0.000057,0.000028,-0.000109,-0.000226,-0.000149,-0.000169,-0.000113,-0.000047,-0.000050,-0.000010,0.000076,0.000158,0.000096,0.000055,0.000003,-0.000076,
0.034223,0.029348,0.010199,-0.000217,0.000082,0.002675,0.003811,0.003524,0.002807,0.003059,0.004236,0.004167,0.002518,0.001102,0.000169,-0.000726,-0.000565,0.000342,0.000589,0.000562,0.001000,0.001426,0.001053,-0.000109,-0.001038,-0.001044,-0.000496,0.000316,0.000892,0.000798,0.000202,-0.000318,-0.000612,-0.000751,-0.000525,0.000017,0.000492,0.000599,0.000250,-0.000379,-0.000752,-0.000652,-0.000214,0.000202,0.000363,0.000266,-0.000014,-0.000185,-0.000322,-0.000556,-0.000757,-0.000609,-0.000156,0.000127,0.000223,0.000244,0.000212,0.000231,0.000170,-0.000283,-0.000861,-0.001104,-0.000862,0.000087,0.001286,0.001735,0.001254,0.000385,-0.000409,-0.001045,-0.001453,-0.001609,-0.001263,-0.000393,0.000420,0.000490,-0.000067,-0.000360,-0.000159,0.000044,0.000095,0.000146,0.000224,0.000533,0.001059,0.001566,0.001610,0.000605,-0.000627,-0.001036,-0.000898,-0.000631,-0.000251,0.000209,0.000400,0.000422,0.000427,0.000331,0.000207,0.000053,-0.000099,-0.000056,-0.000012,-0.000088,0.000010,0.000185,0.000245,0.000201,0.000111,-0.000012,-0.000095,-0.000006,0.000097,0.000131,0.000113,0.000051,-0.000089,-0.000196,-0.000130,-0.000015,0.000024,-0.000004,-0.000009,0.000079,0.000131,0.000142,0.000131,0.000091,0.000021,-0.000049,-0.000087,-0.000064,-0.000038,-0.000025,-0.000030,0.000041,0.000185,0.000225,0.019355,0.011745,0.011256,0.012340,0.010887,0.007762,0.005512,0.004592,0.004631,0.005443,0.004880,0.002276,0.000321,-0.000246,-0.000739,-0.000581,0.000359,0.000591,0.000018,-0.000330,-0.000416,-0.000411,-0.000482,-0.000290,0.000101,0.000241,0.000057,-0.000590,-0.001536,-0.001928,-0.001370,-0.000608,-0.000147,0.000180,0.000220,-0.000047,-0.000024,0.000271,0.000493,0.000398,-0.000048,-0.000496,-0.000627,-0.000398,-0.000184,-0.000152,-0.000042,0.000167,0.000266,0.000297,0.000194,0.000039,-0.000025,0.000051,0.000029,-0.000140,-0.000132,-0.000018,-0.000186,-0.000505,-0.000479,0.000440,0.001644,0.001498,-0.000141,-0.001624,-0.002082,-0.001967,-0.001781,-0.001694,-0.001368,-0.000715,0.000016,0.000395,-0.000051,-0.000766,-0.000777,-0.000133,0.000395,0.000487,0.000398,0.000325,0.000312,0.000389,0.000451,0.000132,-0.000601,-0.001501,-0.002241,-0.002311,-0.001606,-0.000346,0.000582,0.000581,0.000117,-0.000076,-0.000163,-0.000340,-0.000241,-0.000121,0.000034,0.000213,0.000281,0.000248,0.000132,0.000068,0.000027,-0.000040,-0.000086,0.000027,0.000077,0.000089,0.000087,0.000017,-0.000028,0.000033,-0.000051,-0.000194,-0.000183,-0.000145,-0.000125,-0.000045,0.000121,0.000178,0.000039,-0.000107,-0.000067,-0.000045,-0.000093,-0.000087,-0.000074,-0.000039,-0.000009,0.000052,0.000017,-0.000019,-0.000012,-0.000028,
0.034212,0.029221,0.009997,-0.000292,0.000141,0.002811,0.003803,0.003263,0.002536,0.002820,0.004073,0.004176,0.002612,0.001223,0.000333,-0.000510,-0.000436,0.000250,0.000494,0.000523,0.000950,0.001361,0.000922,-0.000254,-0.001110,-0.001033,-0.000432,0.000488,0.001139,0.000953,0.000239,-0.000366,-0.000656,-0.000640,-0.000300,0.000259,0.000715,0.000650,0.000128,-0.000385,-0.000670,-0.000690,-0.000436,0.000070,0.000466,0.000346,0.000003,-0.000081,-0.000086,-0.000172,-0.000346,-0.000494,-0.000346,-0.000106,0.000103,0.000234,0.000280,0.000301,0.000085,-0.000422,-0.000984,-0.001336,-0.001179,-0.000084,0.001020,0.001294,0.000847,0.000121,-0.000662,-0.001337,-0.001463,-0.001107,-0.000629,-0.000018,0.000605,0.000624,0.000070,-0.000249,-0.000138,0.000076,0.000281,0.000396,0.000399,0.000524,0.000926,0.001359,0.001301,0.000371,-0.000633,-0.000954,-0.000825,-0.000572,-0.000024,0.000439,0.000482,0.000454,0.000440,0.000279,0.000089,0.000082,0.000119,0.000042,-0.000039,-0.000057,0.000062,0.000195,0.000183,0.000116,0.000009,-0.000134,-0.000236,-0.000160,-0.000025,-0.000037,0.000056,0.000151,0.000126,0.000060,0.000058,0.000137,0.000068,-0.000041,-0.000089,-0.000117,-0.000057,-0.000025,-0.000093,-0.000082,0.000030,0.000047,0.000004,0.000006,-0.000036,-0.000059,-0.000033,0.000105,0.000220,0.000092,0.020543,0.012785,0.011720,0.012322,0.010547,0.007409,0.005498,0.004849,0.004920,0.005816,0.005231,0.002543,0.000522,-0.000204,-0.000792,-0.000696,0.000204,0.000504,0.000017,-0.000338,-0.000370,-0.000306,-0.000290,-0.000071,0.000250,0.000310,0.000119,-0.000377,-0.001230,-0.001814,-0.001541,-0.000865,-0.000226,0.000111,0.000101,0.000044,0.000048,0.000237,0.000513,0.000467,0.000006,-0.000491,-0.000657,-0.000484,-0.000268,-0.000145,-0.000028,0.000245,0.000390,0.000330,0.000249,0.000080,0.000042,0.000226,0.000057,-0.000247,-0.000207,-0.000003,-0.000192,-0.000566,-0.000411,0.000754,0.001943,0.001643,-0.000068,-0.001647,-0.002031,-0.001847,-0.001714,-0.001524,-0.001104,-0.000477,0.000093,0.000352,0.000113,-0.000486,-0.000701,-0.000285,0.000236,0.000539,0.000441,0.000200,0.000199,0.000291,0.000236,-0.000032,-0.000647,-0.001528,-0.002145,-0.002015,-0.001233,-0.000271,0.000313,0.000419,0.000232,0.000011,-0.000166,-0.000191,-0.000086,-0.000025,0.000069,0.000183,0.000101,0.000063,0.000063,-0.000090,-0.000176,-0.000105,0.000016,0.000077,0.000005,-0.000124,-0.000106,-0.000012,0.000006,-0.000093,-0.000127,-0.000163,-0.000180,-0.000023,0.000059,0.000051,0.000067,-0.000002,-0.000119,-0.000036,0.000025,-0.000120,-0.000174,-0.000111,-0.000085,-0.000071,-0.000067,-0.000015,-0.000061,-0.000138,-0.000118,-0.000125,
0.034067,0.029111,0.009923,-0.000292,0.000201,0.002800,0.003856,0.003371,0.002431,0.002662,0.004036,0.004187,0.002671,0.001310,0.000365,-0.000542,-0.000476,0.000358,0.000652,0.000582,0.000936,0.001316,0.001028,-0.000008,-0.001021,-0.001182,-0.000569,0.000375,0.001034,0.000920,0.000273,-0.000283,-0.000609,-0.000642,-0.000307,0.000223,0.000609,0.000608,0.000269,-0.000264,-0.000614,-0.000613,-0.000337,0.000176,0.000378,0.000125,-0.000158,-0.000298,-0.000376,-0.000473,-0.000523,-0.000535,-0.000467,-0.000189,0.000093,0.000183,0.000234,0.000285,0.000141,-0.000359,-0.000880,-0.001258,-0.001269,-0.000092,0.001664,0.002309,0.001577,0.000444,-0.000482,-0.001059,-0.001254,-0.001169,-0.000760,-0.000036,0.000453,0.000315,-0.000152,-0.000415,-0.000404,-0.000200,0.000098,0.000280,0.000390,0.000540,0.000891,0.001364,0.001314,0.000285,-0.000790,-0.001059,-0.000881,-0.000590,-0.000095,0.000407,0.000560,0.000565,0.000537,0.000368,0.000163,-0.000028,-0.000117,-0.000128,-0.000180,-0.000090,0.000083,0.000154,0.000158,0.000094,-0.000005,-0.000154,-0.000082,0.000056,0.000074,0.000188,0.000283,0.000230,0.000148,0.000026,-0.000054,-0.000038,-0.000008,0.000028,0.000010,0.000082,0.000123,0.000043,0.000064,0.000100,0.000104,0.000018,-0.000030,-0.000067,-0.000085,-0.000105,-0.000140,-0.000037,0.000143,0.000174,0.021547,0.013454,0.011886,0.012081,0.010261,0.007074,0.005128,0.004734,0.005096,0.005970,0.005376,0.002756,0.000704,-0.000144,-0.000875,-0.000851,0.000109,0.000507,-0.000013,-0.000440,-0.000498,-0.000427,-0.000331,0.000024,0.000325,0.000335,0.000112,-0.000498,-0.001457,-0.001919,-0.001519,-0.000888,-0.000287,0.000089,0.000090,-0.000050,0.000044,0.000380,0.000572,0.000453,0.000052,-0.000458,-0.000762,-0.000626,-0.000281,-0.000106,0.000016,0.000211,0.000289,0.000321,0.000234,0.000061,0.000045,0.000182,0.000129,-0.000131,-0.000224,0.000014,-0.000087,-0.000605,-0.000744,0.000045,0.001243,0.001453,0.000023,-0.001819,-0.002570,-0.002528,-0.002284,-0.001970,-0.001363,-0.000479,0.000205,0.000335,-0.000123,-0.000746,-0.000808,-0.000221,0.000364,0.000551,0.000493,0.000449,0.000489,0.000488,0.000333,-0.000017,-0.000791,-0.001770,-0.002399,-0.002231,-0.001303,-0.000065,0.000712,0.000656,0.000275,0.000031,0.000028,-0.000001,-0.000098,0.000009,0.000170,0.000181,0.000059,-0.000094,-0.000114,-0.000088,-0.000037,0.000048,-0.000022,-0.000024,0.000054,0.000061,0.000104,0.000097,0.000090,0.000028,-0.000033,-0.000069,0.000023,0.000061,-0.000118,-0.000099,0.000032,-0.000047,-0.000127,-0.000163,-0.000159,-0.000056,-0.000051,-0.000084,-0.000127,-0.000121,-0.000097,-0.000043,0.000006,0.000011,-0.000097,-0.000224,
0.034171,0.029257,0.009997,-0.000193,0.000400,0.003018,0.003839,0.003132,0.002245,0.002536,0.003846,0.004095,0.002698,0.001346,0.000433,-0.000410,-0.000345,0.000445,0.000780,0.000700,0.000994,0.001267,0.000890,-0.000143,-0.001113,-0.001202,-0.000643,0.000175,0.000749,0.000561,-0.000019,-0.000441,-0.000729,-0.000830,-0.000590,-0.000106,0.000312,0.000408,0.000145,-0.000257,-0.000553,-0.000623,-0.000416,-0.000042,0.000212,0.000155,-0.000101,-0.000124,-0.000079,-0.000348,-0.000588,-0.000525,-0.000401,-0.000197,0.000160,0.000363,0.000424,0.000445,0.000286,-0.000097,-0.000494,-0.000677,-0.000573,0.000078,0.000936,0.001212,0.000895,0.000404,-0.000207,-0.000800,-0.001053,-0.001049,-0.000577,0.000232,0.000749,0.000532,-0.000087,-0.000456,-0.000458,-0.000241,0.000117,0.000322,0.000340,0.000457,0.000816,0.001429,0.001528,0.000442,-0.000632,-0.000922,-0.000779,-0.000566,-0.000231,0.000246,0.000388,0.000418,0.000463,0.000323,0.000066,0.000023,0.000038,-0.000076,-0.000131,-0.000061,-0.000025,0.000057,0.000151,0.000101,-0.000012,-0.000066,0.000008,0.000066,0.000024,-0.000007,-0.000010,0.000046,0.000053,-0.000047,-0.000104,-0.000099,-0.000053,-0.000048,-0.000011,0.000087,0.000099,0.000037,0.000015,0.000004,0.000051,0.000068,0.000068,0.000035,-0.000087,-0.000101,-0.000008,0.000117,0.000227,0.000181,0.022368,0.014296,0.012290,0.011898,0.009727,0.006590,0.004932,0.004748,0.005198,0.006080,0.005473,0.002866,0.000837,-0.000044,-0.000779,-0.000682,0.000294,0.000566,0.000028,-0.000385,-0.000437,-0.000410,-0.000443,-0.000202,0.000169,0.000328,0.000081,-0.000608,-0.001619,-0.002122,-0.001558,-0.000784,-0.000208,0.000078,0.000015,-0.000164,-0.000105,0.000162,0.000435,0.000466,0.000095,-0.000503,-0.000705,-0.000370,-0.000065,0.000074,0.000219,0.000313,0.000348,0.000363,0.000297,0.000133,0.000060,0.000133,0.000046,-0.000180,-0.000245,-0.000046,-0.000238,-0.000739,-0.000451,0.000821,0.001907,0.001583,0.000100,-0.001333,-0.001930,-0.002009,-0.001845,-0.001648,-0.001214,-0.000480,0.000094,0.000140,-0.000430,-0.000923,-0.000750,-0.000123,0.000429,0.000562,0.000418,0.000324,0.000336,0.000375,0.000332,0.000037,-0.000673,-0.001599,-0.002296,-0.002308,-0.001649,-0.000488,0.000422,0.000530,0.000155,-0.000131,-0.000292,-0.000428,-0.000328,-0.000080,0.000034,0.000112,0.000138,-0.000020,-0.000101,-0.000029,-0.000016,-0.000010,0.000069,0.000052,-0.000052,-0.000165,-0.000149,0.000018,0.000040,-0.000056,-0.000108,-0.000116,-0.000088,-0.000034,-0.000006,-0.000019,-0.000042,-0.000057,-0.000096,-0.000267,-0.000310,-0.000227,-0.000119,-0.000064,-0.000057,-0.000072,-0.000057,-0.000049,-0.000087,-0.000100,-0.000054,-0.000078,
0.035027,0.029929,0.010353,-0.000014,0.000609,0.003166,0.003723,0.002820,0.002066,0.002472,0.003844,0.004041,0.002541,0.001395,0.000670,-0.000226,-0.000358,0.000299,0.000631,0.000652,0.000934,0.001164,0.000749,-0.000285,-0.001098,-0.001160,-0.000699,0.000011,0.000555,0.000472,-0.000094,-0.000591,-0.000800,-0.000688,-0.000331,-0.000046,0.000052,-0.000023,-0.000156,-0.000391,-0.000671,-0.000656,-0.000355,-0.000009,0.000088,-0.000065,-0.000179,-0.000235,-0.000272,-0.000424,-0.000643,-0.000554,-0.000383,-0.000274,0.000039,0.000274,0.000341,0.000392,0.000206,-0.000396,-0.001039,-0.001442,-0.001267,-0.000047,0.001305,0.001695,0.001177,0.000445,-0.000211,-0.000824,-0.001212,-0.001193,-0.000707,0.000193,0.000933,0.000789,0.000105,-0.000226,-0.000136,-0.000012,0.000099,0.000171,0.000255,0.000517,0.000934,0.001471,0.001458,0.000486,-0.000497,-0.000717,-0.000590,-0.000503,-0.000234,0.000121,0.000343,0.000477,0.000588,0.000583,0.000288,-0.000033,-0.000111,-0.000123,-0.000058,-0.000016,-0.000024,0.000005,0.000023,0.000020,-0.000066,-0.000174,-0.000183,-0.000049,0.000195,0.000223,0.000137,0.000129,0.000041,-0.000074,-0.000008,0.000055,-0.000040,-0.000080,-0.000046,0.000068,0.000169,0.000120,-0.000025,-0.000054,0.000010,-0.000046,-0.000174,-0.000193,-0.000134,-0.000134,-0.000084,-0.000003,0.000084,0.000209,0.021946,0.013923,0.012169,0.011854,0.009311,0.005851,0.004338,0.004617,0.005298,0.006207,0.005648,0.002970,0.000836,0.000021,-0.000784,-0.000881,0.000063,0.000405,-0.000129,-0.000490,-0.000527,-0.000588,-0.000579,-0.000265,0.000172,0.000354,0.000124,-0.000690,-0.001684,-0.002005,-0.001278,-0.000133,0.000690,0.000809,0.000333,-0.000252,-0.000454,-0.000130,0.000283,0.000352,0.000118,-0.000320,-0.000751,-0.000619,-0.000210,0.000034,0.000074,0.000181,0.000353,0.000391,0.000214,-0.000075,-0.000045,0.000116,0.000084,-0.000049,-0.000060,0.000110,-0.000023,-0.000607,-0.000592,0.000576,0.001867,0.001707,-0.000028,-0.001630,-0.002043,-0.001834,-0.001756,-0.001780,-0.001349,-0.000607,0.000074,0.000325,-0.000155,-0.000843,-0.000855,-0.000258,0.000294,0.000477,0.000420,0.000389,0.000423,0.000384,0.000330,-0.000018,-0.000667,-0.001567,-0.002360,-0.002391,-0.001596,-0.000357,0.000602,0.000681,0.000183,-0.000157,-0.000165,-0.000256,-0.000226,-0.000021,0.000122,0.000165,0.000159,0.000088,-0.000024,-0.000138,-0.000190,-0.000086,0.000023,0.000025,-0.000040,-0.000068,-0.000036,0.000050,0.000028,-0.000129,-0.000179,-0.000107,-0.000005,-0.000051,-0.000186,-0.000100,-0.000028,-0.000057,-0.000104,-0.000134,-0.000079,-0.000003,0.000006,-0.000008,-0.000002,0.000018,-0.000019,0.000033,0.000105,0.000039,-0.000009,-0.000024,
0.035284,0.030015,0.010599,0.000303,0.000945,0.003224,0.003495,0.002655,0.002025,0.002620,0.003957,0.004036,0.002615,0.001445,0.000676,-0.000217,-0.000232,0.000407,0.000568,0.000575,0.000892,0.001071,0.000691,-0.000387,-0.001296,-0.001299,-0.000742,0.000088,0.000812,0.000746,0.000132,-0.000472,-0.000980,-0.001027,-0.000572,-0.000039,0.000206,0.000162,-0.000047,-0.000414,-0.000750,-0.000671,-0.000279,0.000093,0.000220,0.000125,-0.000100,-0.000221,-0.000233,-0.000486,-0.000694,-0.000558,-0.000386,-0.000101,0.000240,0.000251,0.000222,0.000259,0.000156,-0.000209,-0.000872,-0.001279,-0.001064,0.000072,0.001318,0.001578,0.001054,0.000369,-0.000352,-0.000879,-0.001047,-0.000998,-0.000679,0.000059,0.000735,0.000620,-0.000027,-0.000356,-0.000240,-0.000049,0.000160,0.000309,0.000445,0.000678,0.001012,0.001443,0.001388,0.000497,-0.000467,-0.000726,-0.000583,-0.000357,-0.000007,0.000338,0.000535,0.000604,0.000653,0.000497,0.000226,0.000075,0.000022,-0.000062,-0.000236,-0.000234,-0.000055,0.000009,0.000005,0.000032,-0.000057,-0.000107,-0.000178,-0.000168,0.000021,0.000132,0.000225,0.000238,0.000080,-0.000144,-0.000155,-0.000082,-0.000036,-0.000038,-0.000091,-0.000095,0.000003,0.000096,0.000051,-0.000056,0.000005,0.000104,0.000037,-0.000072,-0.000065,-0.000056,-0.000174,-0.000054,0.000175,0.000189,0.021485,0.013389,0.011729,0.011394,0.008651,0.005138,0.003872,0.004421,0.005188,0.006140,0.005546,0.002938,0.000925,0.000083,-0.000748,-0.000814,0.000140,0.000525,-0.000130,-0.000591,-0.000613,-0.000578,-0.000553,-0.000235,0.000141,0.000263,0.000079,-0.000658,-0.001700,-0.002107,-0.001380,-0.000308,0.000379,0.000552,0.000259,-0.000075,-0.000049,0.000357,0.000727,0.000660,0.000156,-0.000434,-0.000643,-0.000447,-0.000164,-0.000035,0.000118,0.000468,0.000593,0.000470,0.000282,0.000112,0.000164,0.000227,0.000120,-0.000140,-0.000192,-0.000031,-0.000175,-0.000680,-0.000642,0.000553,0.002006,0.002072,0.000477,-0.001049,-0.001638,-0.001760,-0.001790,-0.001666,-0.001177,-0.000493,0.000096,0.000244,-0.000173,-0.000720,-0.000747,-0.000289,0.000186,0.000423,0.000333,0.000218,0.000317,0.000421,0.000382,0.000018,-0.000719,-0.001519,-0.002133,-0.002221,-0.001492,-0.000299,0.000509,0.000557,0.000266,0.000031,-0.000102,-0.000273,-0.000229,-0.000098,-0.000025,0.000097,0.000087,0.000031,0.000013,-0.000055,-0.000031,-0.000015,-0.000042,-0.000012,0.000049,0.000065,0.000077,0.000028,-0.000102,-0.000096,-0.000079,-0.000088,0.000047,0.000072,-0.000048,-0.000044,0.000052,0.000024,-0.000120,-0.000084,0.000081,0.000022,-0.000137,-0.000162,-0.000176,-0.000099,-0.000003,0.000033,-0.000046,-0.000138,-0.000091,-0.000083,
0.035944,0.030630,0.011049,0.000678,0.001133,0.003157,0.003281,0.002404,0.001865,0.002681,0.004196,0.004210,0.002582,0.001375,0.000700,-0.000083,0.000008,0.000581,0.000657,0.000603,0.000863,0.001106,0.000851,-0.000150,-0.001032,-0.001141,-0.000684,0.000073,0.000716,0.000714,0.000051,-0.000612,-0.000912,-0.000762,-0.000259,0.000149,0.000345,0.000383,0.000055,-0.000529,-0.000790,-0.000723,-0.000424,0.000062,0.000350,0.000223,-0.000012,-0.000018,-0.000159,-0.000511,-0.000619,-0.000490,-0.000391,-0.000220,0.000031,0.000239,0.000353,0.000302,0.000168,-0.000295,-0.000858,-0.001126,-0.001036,-0.000286,0.000926,0.001456,0.000994,0.000225,-0.000442,-0.000895,-0.001180,-0.001344,-0.001034,-0.000177,0.000489,0.000408,-0.000111,-0.000448,-0.000398,-0.000149,0.000048,0.000178,0.000295,0.000474,0.000935,0.001543,0.001537,0.000496,-0.000650,-0.001032,-0.000817,-0.000522,-0.000112,0.000328,0.000503,0.000574,0.000541,0.000414,0.000281,0.000131,0.000045,0.000031,-0.000082,-0.000124,-0.000032,0.000048,0.000061,0.000101,0.000120,0.000097,0.000028,0.000055,0.000067,0.000041,0.000116,0.000157,0.000041,-0.000124,-0.000200,-0.000098,0.000036,0.000108,0.000113,0.000042,0.000023,-0.000038,0.000010,0.000149,0.000168,0.000072,-0.000138,-0.000254,-0.000181,-0.000042,0.000019,0.000018,0.000143,0.000161,0.020195,0.012386,0.011427,0.011177,0.008187,0.004405,0.003039,0.003878,0.005045,0.006143,0.005518,0.002848,0.000742,-0.000177,-0.000826,-0.000822,0.000036,0.000478,0.000099,-0.000344,-0.000523,-0.000563,-0.000586,-0.000249,0.000140,0.000180,0.000002,-0.000480,-0.001349,-0.001860,-0.001480,-0.000697,0.000020,0.000308,0.000102,-0.000189,-0.000053,0.000336,0.000429,0.000272,-0.000060,-0.000551,-0.000794,-0.000654,-0.000384,-0.000192,0.000039,0.000330,0.000487,0.000396,0.000180,0.000094,0.000048,0.000075,0.000076,-0.000140,-0.000185,-0.000037,-0.000225,-0.000692,-0.000646,0.000389,0.001504,0.001451,0.000100,-0.001413,-0.001977,-0.001921,-0.001750,-0.001557,-0.001176,-0.000437,0.000276,0.000472,-0.000176,-0.000945,-0.000993,-0.000423,0.000170,0.000272,0.000147,0.000228,0.000331,0.000438,0.000512,0.000178,-0.000651,-0.001657,-0.002259,-0.002187,-0.001475,-0.000325,0.000506,0.000496,0.000193,0.000076,-0.000096,-0.000249,-0.000195,-0.000079,0.000083,0.000217,0.000064,-0.000168,-0.000102,-0.000034,-0.000077,-0.000104,-0.000114,-0.000112,-0.000118,-0.000119,-0.000088,-0.000065,-0.000062,-0.000056,-0.000102,-0.000082,-0.000014,-0.000039,-0.000014,0.000021,0.000047,-0.000033,-0.000114,-0.000127,-0.000103,-0.000042,-0.000046,-0.000070,-0.000095,-0.000136,-0.000134,-0.000093,-0.000031,0.000011,0.000039,-0.000079,
0.035985,0.030746,0.010839,0.000419,0.000888,0.002673,0.002694,0.002100,0.001812,0.002533,0.003949,0.004064,0.002568,0.001333,0.000668,-0.000011,-0.000003,0.000627,0.000785,0.000714,0.000975,0.001124,0.000814,-0.000260,-0.001312,-0.001408,-0.000939,-0.000142,0.000595,0.000617,0.000084,-0.000369,-0.000684,-0.000797,-0.000484,-0.000014,0.000391,0.000490,0.000072,-0.000526,-0.000799,-0.000731,-0.000438,0.000097,0.000383,0.000175,-0.000043,-0.000051,-0.000145,-0.000496,-0.000644,-0.000448,-0.000324,-0.000199,0.000139,0.000302,0.000309,0.000377,0.000221,-0.000382,-0.001026,-0.001334,-0.001088,-0.000023,0.001038,0.001416,0.001026,0.000261,-0.000609,-0.001184,-0.001341,-0.001373,-0.001034,-0.000256,0.000464,0.000530,0.000105,-0.000142,-0.000151,0.000061,0.000208,0.000170,0.000224,0.000433,0.000813,0.001390,0.001433,0.000514,-0.000562,-0.000924,-0.000703,-0.000388,-0.000028,0.000286,0.000465,0.000601,0.000594,0.000523,0.000392,0.000092,-0.000153,-0.000197,-0.000135,-0.000062,-0.000031,0.000022,0.000095,0.000185,0.000148,-0.000034,-0.000224,-0.000174,0.000032,0.000143,0.000164,0.000117,-0.000028,-0.000072,-0.000009,-0.000013,0.000040,0.000143,-0.000002,-0.000074,-0.000018,0.000010,0.000051,0.000056,0.000020,-0.000003,-0.000073,-0.000145,-0.000057,0.000006,-0.000054,-0.000014,0.000188,0.000233,0.020823,0.012628,0.011114,0.010580,0.007250,0.003439,0.002528,0.003786,0.005150,0.006223,0.005555,0.002911,0.000883,0.000084,-0.000742,-0.000825,0.000090,0.000488,0.000067,-0.000390,-0.000560,-0.000650,-0.000612,-0.000248,0.000120,0.000352,0.000322,-0.000208,-0.001134,-0.001667,-0.001335,-0.000753,-0.000200,0.000137,0.000011,-0.000217,-0.000067,0.000321,0.000481,0.000371,-0.000028,-0.000561,-0.000733,-0.000476,-0.000131,-0.000087,-0.000111,0.000114,0.000365,0.000491,0.000360,0.000107,0.000114,0.000258,0.000186,-0.000051,-0.000073,0.000104,-0.000165,-0.000596,-0.000401,0.000745,0.001886,0.001560,-0.000084,-0.001563,-0.001995,-0.001895,-0.001627,-0.001362,-0.001004,-0.000501,-0.000045,0.000256,0.000102,-0.000517,-0.000748,-0.000270,0.000286,0.000504,0.000449,0.000321,0.000272,0.000362,0.000385,-0.000012,-0.000720,-0.001579,-0.002260,-0.002291,-0.001563,-0.000375,0.000387,0.000421,0.000049,-0.000169,-0.000168,-0.000173,-0.000153,-0.000009,0.000084,0.000063,0.000015,-0.000070,-0.000124,-0.000081,-0.000158,-0.000176,-0.000121,-0.000066,-0.000068,-0.000137,-0.000198,-0.000112,0.000017,0.000002,-0.000125,-0.000219,-0.000120,-0.000006,-0.000022,0.000012,-0.000025,-0.000109,-0.000119,-0.000133,-0.000071,-0.000050,-0.000089,-0.000117,-0.000109,-0.000033,0.000068,0.000079,0.000001,-0.000014,-0.000021,-0.000033,
0.036449,0.031065,0.011014,0.000369,0.000565,0.002106,0.001910,0.001422,0.001458,0.002451,0.004002,0.004120,0.002561,0.001267,0.000543,-0.000056,0.000039,0.000659,0.000812,0.000615,0.000831,0.001115,0.000823,-0.000174,-0.001237,-0.001529,-0.001080,-0.000112,0.000701,0.000695,0.000124,-0.000427,-0.000816,-0.000788,-0.000392,0.000020,0.000327,0.000310,-0.000000,-0.000451,-0.000678,-0.000709,-0.000468,0.000098,0.000508,0.000355,-0.000054,-0.000242,-0.000325,-0.000555,-0.000660,-0.000501,-0.000288,-0.000033,0.000173,0.000311,0.000352,0.000315,0.000210,-0.000228,-0.000896,-0.001271,-0.001170,-0.000017,0.001600,0.002018,0.001233,0.000206,-0.000640,-0.001173,-0.001360,-0.001233,-0.000727,-0.000011,0.000444,0.000225,-0.000280,-0.000502,-0.000398,-0.000105,0.000143,0.000151,0.000331,0.000642,0.000953,0.001398,0.001325,0.000359,-0.000753,-0.001104,-0.000797,-0.000446,-0.000015,0.000331,0.000449,0.000536,0.000538,0.000409,0.000235,0.000093,-0.000020,-0.000031,-0.000068,-0.000114,-0.000012,0.000063,0.000104,0.000044,-0.000137,-0.000224,-0.000246,-0.000202,-0.000114,-0.000022,0.000083,0.000121,-0.000038,-0.000253,-0.000248,-0.000056,0.000035,0.000012,0.000070,0.000028,-0.000030,0.000044,0.000127,0.000090,0.000031,-0.000003,0.000065,-0.000014,-0.000224,-0.000257,-0.000235,-0.000155,0.000011,0.000006,0.020563,0.012309,0.010758,0.010108,0.006371,0.002206,0.001632,0.003519,0.005125,0.006244,0.005581,0.002931,0.000852,-0.000090,-0.000896,-0.000860,0.000084,0.000466,0.000037,-0.000437,-0.000613,-0.000643,-0.000692,-0.000414,-0.000003,0.000351,0.000339,-0.000270,-0.001214,-0.001803,-0.001436,-0.000740,-0.000163,0.000321,0.000326,0.000033,0.000106,0.000420,0.000560,0.000363,-0.000032,-0.000444,-0.000638,-0.000546,-0.000345,-0.000151,0.000094,0.000299,0.000437,0.000412,0.000269,0.000065,-0.000005,0.000213,0.000184,-0.000134,-0.000271,-0.000080,-0.000297,-0.000860,-0.000832,0.000125,0.001382,0.001539,-0.000128,-0.002027,-0.002610,-0.002421,-0.002161,-0.001793,-0.001267,-0.000621,0.000009,0.000347,-0.000007,-0.000575,-0.000671,-0.000330,0.000077,0.000333,0.000341,0.000254,0.000244,0.000275,0.000279,-0.000023,-0.000789,-0.001653,-0.002271,-0.002220,-0.001455,-0.000413,0.000437,0.000607,0.000160,-0.000101,-0.000100,-0.000146,-0.000179,-0.000060,0.000071,0.000005,-0.000037,0.000016,0.000058,0.000005,-0.000093,-0.000050,-0.000100,-0.000138,-0.000133,-0.000150,-0.000129,-0.000119,-0.000090,-0.000117,-0.000155,-0.000122,-0.000140,-0.000147,-0.000129,-0.000164,-0.000148,-0.000141,-0.000196,-0.000316,-0.000290,-0.000194,-0.000184,-0.000158,-0.000033,0.000053,-0.000058,-0.000128,0.000004,0.000045,-0.000066,-0.000181,
0.036217,0.030956,0.010935,0.000164,0.000092,0.001270,0.000928,0.000673,0.001123,0.002440,0.004068,0.004059,0.002538,0.001415,0.000745,0.000078,0.000110,0.000674,0.000707,0.000492,0.000802,0.001240,0.000957,-0.000228,-0.001295,-0.001457,-0.000944,-0.000141,0.000592,0.000681,0.000150,-0.000483,-0.000890,-0.000990,-0.000714,-0.000138,0.000219,0.000194,-0.000094,-0.000544,-0.000803,-0.000639,-0.000295,0.000040,0.000333,0.000188,-0.000076,-0.000048,-0.000085,-0.000346,-0.000569,-0.000564,-0.000431,-0.000167,0.000162,0.000290,0.000343,0.000412,0.000225,-0.000276,-0.000761,-0.000872,-0.000644,0.000162,0.001232,0.001679,0.001326,0.000560,-0.000354,-0.000996,-0.001136,-0.001002,-0.000604,0.000170,0.000677,0.000347,-0.000289,-0.000569,-0.000512,-0.000284,0.000031,0.000218,0.000387,0.000610,0.001013,0.001642,0.001722,0.000666,-0.000468,-0.000846,-0.000774,-0.000538,-0.000107,0.000344,0.000588,0.000601,0.000589,0.000480,0.000175,-0.000033,-0.000003,-0.000043,-0.000122,-0.000101,-0.000055,0.000016,0.000145,0.000071,-0.000024,-0.000013,-0.000118,-0.000084,0.000017,-0.000020,0.000006,0.000051,-0.000008,-0.000111,-0.000137,-0.000108,-0.000130,-0.000077,-0.000072,-0.000127,-0.000097,-0.000025,0.000029,0.000116,0.000079,-0.000034,-0.000051,-0.000003,-0.000047,-0.000059,0.000053,0.000137,0.000221,0.000197,0.021048,0.012788,0.010836,0.009655,0.005614,0.001562,0.001122,0.003325,0.005170,0.006228,0.005653,0.003161,0.001064,0.000046,-0.000760,-0.000675,0.000291,0.000537,-0.000035,-0.000479,-0.000564,-0.000571,-0.000625,-0.000474,-0.000094,0.000284,0.000408,-0.000125,-0.001185,-0.001871,-0.001475,-0.000551,0.000275,0.000586,0.000314,-0.000026,-0.000046,0.000304,0.000631,0.000506,0.000094,-0.000447,-0.000718,-0.000427,-0.000084,0.000080,0.000172,0.000258,0.000368,0.000338,0.000207,0.000108,0.000019,0.000001,-0.000019,-0.000113,-0.000149,-0.000066,-0.000181,-0.000575,-0.000533,0.000438,0.001541,0.001440,0.000145,-0.001242,-0.001828,-0.001953,-0.001885,-0.001590,-0.001127,-0.000474,0.000088,0.000268,-0.000147,-0.000808,-0.000853,-0.000274,0.000249,0.000416,0.000342,0.000242,0.000321,0.000555,0.000542,0.000071,-0.000647,-0.001636,-0.002384,-0.002288,-0.001400,-0.000200,0.000585,0.000578,0.000161,-0.000097,-0.000209,-0.000351,-0.000286,-0.000098,0.000046,0.000094,-0.000049,-0.000051,0.000056,0.000012,-0.000079,-0.000100,-0.000019,0.000115,0.000098,-0.000013,0.000030,0.000072,-0.000127,-0.000274,-0.000244,-0.000226,-0.000244,-0.000210,-0.000181,-0.000189,-0.000149,-0.000090,-0.000128,-0.000155,-0.000110,-0.000040,0.000026,-0.000044,-0.000141,-0.000096,-0.000072,-0.000078,-0.000006,-0.000004,-0.000090,-0.000147,
0.036446,0.031166,0.010922,-0.000044,-0.000524,0.000145,-0.000056,0.000330,0.001175,0.002583,0.004079,0.003903,0.002311,0.001209,0.000603,0.000030,0.000236,0.000850,0.000825,0.000582,0.000822,0.001149,0.000807,-0.000250,-0.001281,-0.001566,-0.001160,-0.000363,0.000481,0.000640,0.000062,-0.000674,-0.000972,-0.000948,-0.000647,-0.000259,0.000029,0.000124,-0.000160,-0.000586,-0.000845,-0.000801,-0.000408,0.000058,0.000287,0.000145,-0.000121,-0.000086,-0.000088,-0.000399,-0.000717,-0.000744,-0.000529,-0.000291,0.000003,0.000309,0.000470,0.000467,0.000227,-0.000395,-0.001078,-0.001372,-0.001077,0.000011,0.001216,0.001498,0.000886,0.000160,-0.000332,-0.000805,-0.001133,-0.001181,-0.000723,0.000162,0.000788,0.000588,-0.000086,-0.000428,-0.000359,-0.000136,0.000070,0.000271,0.000431,0.000613,0.000956,0.001526,0.001612,0.000666,-0.000406,-0.000688,-0.000535,-0.000482,-0.000220,0.000115,0.000380,0.000536,0.000587,0.000424,0.000069,-0.000110,-0.000105,-0.000066,-0.000067,-0.000144,-0.000070,0.000136,0.000286,0.000249,0.000044,-0.000102,-0.000093,-0.000048,-0.000070,-0.000042,0.000138,0.000269,0.000183,-0.000027,-0.000187,-0.000162,-0.000052,-0.000023,0.000019,0.000129,0.000162,0.000076,0.000011,-0.000065,-0.000107,-0.000091,-0.000189,-0.000213,-0.000036,0.000031,-0.000032,0.000027,0.000184,0.000219,0.020764,0.012490,0.010603,0.009297,0.004879,0.000845,0.000829,0.003275,0.005054,0.006005,0.005504,0.003251,0.001190,0.000128,-0.000618,-0.000478,0.000431,0.000584,-0.000147,-0.000573,-0.000565,-0.000596,-0.000664,-0.000507,-0.000176,0.000163,0.000268,-0.000262,-0.001269,-0.001890,-0.001426,-0.000485,0.000247,0.000541,0.000203,-0.000299,-0.000320,0.000099,0.000427,0.000448,0.000262,-0.000195,-0.000496,-0.000336,-0.000066,0.000031,0.000112,0.000260,0.000416,0.000365,0.000228,0.000098,0.000082,0.000223,0.000176,-0.000056,-0.000087,0.000112,-0.000066,-0.000552,-0.000500,0.000601,0.001910,0.001739,-0.000094,-0.001718,-0.001985,-0.001744,-0.001676,-0.001660,-0.001294,-0.000671,-0.000010,0.000310,-0.000162,-0.000910,-0.000988,-0.000414,0.000099,0.000299,0.000294,0.000262,0.000281,0.000373,0.000401,0.000076,-0.000631,-0.001479,-0.002125,-0.002144,-0.001379,-0.000185,0.000625,0.000573,0.000155,-0.000158,-0.000324,-0.000326,-0.000211,-0.000051,0.000051,0.000083,0.000103,-0.000009,-0.000155,-0.000160,-0.000147,-0.000124,-0.000070,0.000036,-0.000010,-0.000179,-0.000177,-0.000062,-0.000068,-0.000090,-0.000073,-0.000050,-0.000058,-0.000111,-0.000073,-0.000039,-0.000036,-0.000044,-0.000022,-0.000067,-0.000125,-0.000107,-0.000073,-0.000075,-0.000110,-0.000083,-0.000002,0.000009,-0.000040,-0.000055,0.000002,-0.000076,
0.036518,0.031160,0.011121,-0.000118,-0.001367,-0.001051,-0.000998,-0.000089,0.001072,0.002541,0.004165,0.003978,0.002338,0.001222,0.000624,0.000097,0.000454,0.001065,0.000948,0.000739,0.000858,0.001070,0.000852,-0.000245,-0.001307,-0.001616,-0.001197,-0.000184,0.000719,0.000730,0.000055,-0.000573,-0.000935,-0.000860,-0.000429,-0.000124,-0.000049,-0.000179,-0.000410,-0.000759,-0.000918,-0.000846,-0.000607,-0.000132,0.000191,0.000034,-0.000174,-0.000206,-0.000228,-0.000415,-0.000708,-0.000784,-0.000536,-0.000199,0.000085,0.000307,0.000354,0.000357,0.000257,-0.000362,-0.001029,-0.001270,-0.001089,0.000046,0.001375,0.001599,0.000971,0.000282,-0.000332,-0.000834,-0.001050,-0.000965,-0.000518,0.000238,0.000771,0.000550,-0.000159,-0.000632,-0.000487,-0.000208,-0.000095,0.000081,0.000310,0.000497,0.000896,0.001394,0.001363,0.000378,-0.000612,-0.000716,-0.000518,-0.000339,-0.000043,0.000361,0.000540,0.000520,0.000532,0.000514,0.000328,0.000256,0.000184,0.000042,-0.000071,-0.000234,-0.000134,0.000130,0.000173,0.000189,0.000206,0.000055,-0.000142,-0.000144,-0.000003,0.000130,0.000246,0.000285,0.000191,0.000022,-0.000089,-0.000091,-0.000125,-0.000165,-0.000005,0.000116,0.000060,0.000154,0.000331,0.000269,0.000121,0.000126,0.000102,0.000047,0.000062,0.000010,-0.000028,0.000081,0.000137,0.000263,0.020029,0.011856,0.010204,0.009100,0.004678,0.000516,0.000752,0.003282,0.004954,0.005927,0.005522,0.003339,0.001341,0.000172,-0.000647,-0.000407,0.000518,0.000638,-0.000074,-0.000523,-0.000468,-0.000410,-0.000487,-0.000351,-0.000027,0.000260,0.000367,-0.000153,-0.001211,-0.001764,-0.001210,-0.000027,0.000988,0.001169,0.000538,-0.000053,-0.000150,0.000143,0.000515,0.000554,0.000239,-0.000302,-0.000603,-0.000374,-0.000051,0.000037,0.000203,0.000441,0.000481,0.000446,0.000337,0.000102,0.000080,0.000221,0.000092,-0.000150,-0.000097,0.000049,-0.000174,-0.000691,-0.000603,0.000583,0.001849,0.001824,0.000350,-0.001144,-0.001535,-0.001476,-0.001515,-0.001570,-0.001287,-0.000704,-0.000096,0.000176,-0.000136,-0.000689,-0.000727,-0.000223,0.000266,0.000455,0.000451,0.000346,0.000467,0.000532,0.000383,0.000068,-0.000654,-0.001571,-0.002185,-0.002140,-0.001352,-0.000113,0.000630,0.000524,0.000145,-0.000064,-0.000147,-0.000265,-0.000369,-0.000250,-0.000012,0.000073,0.000037,0.000037,0.000073,0.000101,0.000117,0.000104,0.000081,0.000104,0.000009,-0.000087,-0.000150,-0.000156,-0.000149,-0.000186,-0.000199,-0.000087,0.000071,0.000059,-0.000043,-0.000065,0.000002,0.000029,-0.000128,-0.000220,-0.000090,-0.000042,-0.000137,-0.000191,-0.000258,-0.000177,0.000081,0.000172,0.000080,0.000021,0.000051,-0.000051,
0.036296,0.031133,0.011103,-0.000521,-0.002221,-0.002150,-0.001694,-0.000331,0.000898,0.002422,0.004195,0.004184,0.002489,0.001318,0.000775,0.000201,0.000403,0.001061,0.001164,0.000846,0.000892,0.001240,0.000969,-0.000163,-0.001151,-0.001312,-0.000823,-0.000007,0.000706,0.000773,0.000200,-0.000420,-0.000763,-0.000697,-0.000337,0.000050,0.000363,0.000460,0.000193,-0.000412,-0.000865,-0.000765,-0.000310,0.000253,0.000606,0.000465,0.000132,-0.000016,-0.000164,-0.000436,-0.000640,-0.000575,-0.000391,-0.000187,0.000068,0.000249,0.000280,0.000322,0.000217,-0.000291,-0.000936,-0.001215,-0.001120,-0.000242,0.000990,0.001451,0.001018,0.000288,-0.000359,-0.000874,-0.001157,-0.001248,-0.000941,-0.000071,0.000582,0.000291,-0.000262,-0.000459,-0.000442,-0.000189,0.000141,0.000232,0.000334,0.000643,0.001062,0.001478,0.001525,0.000609,-0.000468,-0.000660,-0.000500,-0.000330,0.000010,0.000387,0.000635,0.000615,0.000487,0.000426,0.000283,0.000084,0.000039,-0.000040,-0.000112,0.000010,0.000129,0.000161,0.000145,0.000152,0.000062,-0.000087,-0.000094,0.000015,0.000071,0.000077,0.000080,0.000067,0.000031,-0.000094,-0.000083,-0.000029,-0.000061,-0.000005,0.000092,0.000105,0.000070,0.000143,0.000118,0.000006,-0.000021,-0.000068,-0.000105,-0.000103,-0.000048,-0.000020,-0.000051,-0.000101,0.000053,0.000189,0.019724,0.011694,0.010311,0.009109,0.004651,0.000774,0.001245,0.003694,0.004984,0.005731,0.005318,0.003249,0.001411,0.000411,-0.000396,-0.000212,0.000597,0.000466,-0.000307,-0.000610,-0.000412,-0.000336,-0.000449,-0.000330,-0.000033,0.000239,0.000289,-0.000100,-0.001014,-0.001649,-0.001319,-0.000508,0.000277,0.000704,0.000615,0.000218,0.000217,0.000540,0.000676,0.000510,0.000062,-0.000458,-0.000610,-0.000407,-0.000182,-0.000099,0.000035,0.000272,0.000384,0.000392,0.000226,0.000089,0.000149,0.000158,-0.000000,-0.000257,-0.000282,0.000015,-0.000144,-0.000732,-0.000592,0.000546,0.001676,0.001640,0.000283,-0.001190,-0.001792,-0.001813,-0.001690,-0.001572,-0.001288,-0.000594,0.000139,0.000304,-0.000211,-0.000817,-0.000819,-0.000345,0.000120,0.000370,0.000326,0.000251,0.000291,0.000338,0.000289,-0.000146,-0.000780,-0.001519,-0.002152,-0.002165,-0.001476,-0.000430,0.000227,0.000215,-0.000051,-0.000251,-0.000318,-0.000352,-0.000306,-0.000196,-0.000108,-0.000041,-0.000092,-0.000039,0.000026,-0.000061,-0.000179,-0.000192,-0.000193,-0.000178,-0.000107,-0.000190,-0.000272,-0.000197,-0.000148,-0.000192,-0.000234,-0.000241,-0.000150,-0.000022,0.000008,-0.000020,-0.000062,-0.000196,-0.000360,-0.000313,-0.000164,-0.000086,-0.000145,-0.000257,-0.000276,-0.000164,-0.000061,-0.000028,0.000062,-0.000019,-0.000152,-0.000246,
0.036145,0.030964,0.010775,-0.001008,-0.002947,-0.002784,-0.002036,-0.000525,0.000713,0.002207,0.004004,0.004232,0.002761,0.001441,0.000564,-0.000093,0.000279,0.001122,0.001266,0.000957,0.000930,0.001267,0.001116,0.000023,-0.001097,-0.001410,-0.000913,0.000044,0.000853,0.000775,0.000107,-0.000366,-0.000596,-0.000590,-0.000228,0.000210,0.000538,0.000557,0.000161,-0.000496,-0.000969,-0.000910,-0.000348,0.000319,0.000588,0.000408,0.000043,-0.000150,-0.000248,-0.000489,-0.000632,-0.000619,-0.000548,-0.000287,0.000044,0.000250,0.000293,0.000231,0.000055,-0.000371,-0.000876,-0.001096,-0.000826,0.000232,0.001387,0.001673,0.001247,0.000469,-0.000406,-0.001009,-0.001292,-0.001378,-0.001124,-0.000312,0.000435,0.000473,-0.000011,-0.000343,-0.000322,-0.000046,0.000220,0.000256,0.000241,0.000357,0.000838,0.001531,0.001556,0.000573,-0.000504,-0.000844,-0.000739,-0.000568,-0.000224,0.000176,0.000475,0.000613,0.000592,0.000517,0.000340,0.000251,0.000113,-0.000058,-0.000117,-0.000133,-0.000072,0.000150,0.000256,0.000187,0.000085,-0.000064,-0.000071,0.000007,0.000061,0.000033,0.000065,0.000126,-0.000030,-0.000080,0.000123,0.000166,0.000033,-0.000007,0.000062,0.000037,0.000031,0.000115,0.000175,0.000065,-0.000020,0.000064,-0.000043,-0.000091,-0.000021,-0.000008,-0.000070,-0.000049,0.000101,0.000121,0.020958,0.012856,0.010837,0.009454,0.005429,0.001907,0.002286,0.004283,0.005252,0.006002,0.005604,0.003404,0.001464,0.000413,-0.000351,-0.000171,0.000542,0.000475,-0.000147,-0.000378,-0.000285,-0.000309,-0.000522,-0.000464,-0.000141,0.000188,0.000320,-0.000070,-0.001031,-0.001767,-0.001544,-0.000788,-0.000111,0.000114,0.000011,-0.000130,-0.000043,0.000242,0.000536,0.000492,0.000127,-0.000367,-0.000565,-0.000391,-0.000250,-0.000128,0.000133,0.000316,0.000300,0.000334,0.000271,0.000081,0.000031,0.000188,0.000147,-0.000180,-0.000282,-0.000146,-0.000387,-0.000753,-0.000586,0.000404,0.001541,0.001334,-0.000189,-0.001438,-0.001715,-0.001658,-0.001594,-0.001615,-0.001377,-0.000870,-0.000166,0.000299,0.000036,-0.000635,-0.000824,-0.000310,0.000165,0.000342,0.000262,0.000145,0.000221,0.000362,0.000344,0.000089,-0.000683,-0.001714,-0.002269,-0.002142,-0.001439,-0.000343,0.000376,0.000454,0.000152,-0.000133,-0.000180,-0.000211,-0.000261,-0.000220,-0.000081,0.000050,0.000020,-0.000090,-0.000182,-0.000248,-0.000167,-0.000086,-0.000019,-0.000010,-0.000120,-0.000266,-0.000249,-0.000121,-0.000118,-0.000169,-0.000132,-0.000079,-0.000090,-0.000049,0.000009,0.000012,-0.000102,-0.000150,-0.000140,-0.000080,-0.000107,-0.000216,-0.000240,-0.000174,-0.000076,-0.000080,-0.000108,-0.000097,0.000010,0.000044,0.000056,0.000013,
0.036426,0.031265,0.011025,-0.000962,-0.003007,-0.002759,-0.001792,-0.000154,0.000997,0.002435,0.004280,0.004359,0.002851,0.001571,0.000677,-0.000004,0.000269,0.001108,0.001199,0.000800,0.000975,0.001510,0.001237,0.000011,-0.001135,-0.001431,-0.000892,0.000127,0.000933,0.000906,0.000238,-0.000365,-0.000623,-0.000619,-0.000309,0.000144,0.000505,0.000568,0.000139,-0.000494,-0.000803,-0.000645,-0.000226,0.000213,0.000587,0.000480,0.000145,0.000103,0.000005,-0.000166,-0.000336,-0.000441,-0.000312,-0.000060,0.000118,0.000177,0.000210,0.000305,0.000205,-0.000372,-0.001048,-0.001484,-0.001339,-0.000094,0.001160,0.001188,0.000578,-0.000023,-0.000737,-0.001250,-0.001306,-0.001005,-0.000563,0.000071,0.000514,0.000328,-0.000109,-0.000356,-0.000310,-0.000117,0.000108,0.000200,0.000206,0.000389,0.000792,0.001357,0.001386,0.000416,-0.000655,-0.001052,-0.000941,-0.000615,-0.000100,0.000441,0.000609,0.000593,0.000681,0.000509,0.000229,0.000079,0.000023,-0.000003,-0.000023,-0.000050,0.000016,0.000129,0.000174,0.000138,-0.000088,-0.000218,-0.000178,-0.000114,-0.000077,0.000041,0.000162,0.000095,-0.000082,-0.000116,-0.000042,-0.000011,0.000026,-0.000032,-0.000047,-0.000009,-0.000014,-0.000042,-0.000011,-0.000014,-0.000009,-0.000022,-0.000092,-0.000147,-0.000183,-0.000195,-0.000080,0.000129,0.000266,0.000196,0.020337,0.012281,0.010710,0.009952,0.006665,0.003641,0.003664,0.004972,0.005695,0.006280,0.005611,0.003321,0.001584,0.000644,-0.000088,0.000161,0.000827,0.000474,-0.000282,-0.000514,-0.000414,-0.000309,-0.000305,-0.000277,-0.000129,0.000076,0.000286,0.000085,-0.000929,-0.001801,-0.001614,-0.000849,-0.000117,0.000398,0.000480,0.000223,0.000189,0.000365,0.000503,0.000393,0.000072,-0.000352,-0.000523,-0.000343,-0.000301,-0.000310,-0.000019,0.000302,0.000468,0.000477,0.000271,0.000033,0.000068,0.000193,0.000160,-0.000082,-0.000328,-0.000211,-0.000237,-0.000657,-0.000665,0.000516,0.001844,0.001736,0.000042,-0.001738,-0.002195,-0.002052,-0.001999,-0.001697,-0.001126,-0.000526,0.000042,0.000268,-0.000130,-0.000626,-0.000594,-0.000194,0.000216,0.000534,0.000422,0.000087,0.000111,0.000353,0.000357,-0.000062,-0.000883,-0.001744,-0.002257,-0.002236,-0.001570,-0.000311,0.000525,0.000432,0.000143,0.000089,-0.000007,-0.000143,-0.000205,-0.000218,-0.000174,-0.000065,-0.000002,-0.000085,-0.000125,-0.000163,-0.000220,-0.000096,-0.000049,-0.000083,-0.000084,-0.000160,-0.000198,-0.000102,-0.000114,-0.000156,-0.000164,-0.000129,-0.000022,-0.000073,-0.000134,-0.000091,0.000041,0.000125,0.000001,-0.000140,-0.000206,-0.000210,-0.000123,-0.000046,-0.000176,-0.000204,-0.000095,-0.000118,-0.000134,-0.000180,-0.000229,-0.000172,
0.036082,0.031087,0.011014,-0.000877,-0.002707,-0.002263,-0.001326,-0.000072,0.000822,0.002329,0.004256,0.004439,0.002860,0.001442,0.000464,-0.000198,0.000168,0.001020,0.001130,0.000870,0.001140,0.001500,0.001163,-0.000028,-0.001229,-0.001364,-0.000765,0.000144,0.000920,0.000928,0.000402,-0.000009,-0.000258,-0.000371,-0.000195,0.000114,0.000401,0.000484,0.000197,-0.000457,-0.000866,-0.000811,-0.000278,0.000318,0.000606,0.000584,0.000229,0.000011,-0.000035,-0.000239,-0.000501,-0.000557,-0.000414,-0.000180,0.000106,0.000164,0.000237,0.000386,0.000239,-0.000272,-0.000760,-0.000918,-0.000817,0.000143,0.001623,0.002240,0.001667,0.000616,-0.000217,-0.000789,-0.001138,-0.001097,-0.000642,0.000025,0.000385,0.000134,-0.000291,-0.000580,-0.000570,-0.000334,-0.000074,0.000221,0.000406,0.000623,0.001036,0.001533,0.001514,0.000545,-0.000643,-0.001020,-0.000749,-0.000426,-0.000100,0.000416,0.000682,0.000600,0.000596,0.000600,0.000295,0.000017,-0.000045,-0.000019,-0.000020,-0.000066,-0.000071,-0.000006,0.000110,0.000057,-0.000014,-0.000068,-0.000126,-0.000106,-0.000048,0.000004,0.000138,0.000094,-0.000076,-0.000057,-0.000001,-0.000006,0.000044,0.000051,0.000099,0.000070,0.000088,0.000118,0.000111,0.000188,0.000177,-0.000006,-0.000138,-0.000194,-0.000145,-0.000095,0.000039,0.000108,0.000102,0.000103,0.020822,0.012825,0.010923,0.010342,0.007970,0.005404,0.004834,0.005511,0.006142,0.006690,0.005820,0.003336,0.001548,0.000723,0.000047,0.000225,0.000756,0.000534,-0.000098,-0.000348,-0.000338,-0.000385,-0.000483,-0.000379,-0.000190,0.000049,0.000281,0.000034,-0.000980,-0.001897,-0.001755,-0.001039,-0.000370,0.000039,0.000128,0.000001,0.000126,0.000397,0.000488,0.000366,0.000060,-0.000383,-0.000513,-0.000219,-0.000047,-0.000025,0.000081,0.000212,0.000320,0.000405,0.000300,0.000072,0.000077,0.000232,0.000163,-0.000170,-0.000318,-0.000081,-0.000202,-0.000834,-0.000898,0.000021,0.001178,0.001371,0.000132,-0.001329,-0.001940,-0.002098,-0.002026,-0.001755,-0.001315,-0.000646,0.000056,0.000299,-0.000240,-0.000903,-0.000754,-0.000026,0.000472,0.000608,0.000468,0.000376,0.000399,0.000465,0.000449,-0.000002,-0.000924,-0.001879,-0.002514,-0.002391,-0.001474,-0.000268,0.000536,0.000524,0.000130,-0.000041,-0.000085,-0.000266,-0.000377,-0.000286,-0.000105,-0.000009,-0.000117,-0.000174,-0.000149,-0.000151,-0.000097,-0.000092,-0.000126,-0.000143,-0.000152,-0.000062,0.000016,0.000003,0.000022,-0.000053,-0.000186,-0.000144,-0.000108,-0.000132,-0.000063,-0.000014,-0.000086,-0.000094,-0.000111,-0.000148,-0.000150,-0.000146,-0.000135,-0.000182,-0.000185,-0.000172,-0.000169,-0.000209,-0.000104,0.000018,-0.000010,-0.000134,
0.036463,0.031453,0.011316,-0.000503,-0.002119,-0.001390,-0.000483,0.000567,0.001377,0.002819,0.004528,0.004473,0.002981,0.001622,0.000596,-0.000122,0.000214,0.001021,0.001092,0.000863,0.001052,0.001321,0.001037,-0.000031,-0.001104,-0.001450,-0.001037,0.000007,0.000902,0.000964,0.000333,-0.000209,-0.000437,-0.000450,-0.000179,0.000121,0.000323,0.000373,0.000034,-0.000540,-0.000901,-0.000721,-0.000217,0.000271,0.000581,0.000420,0.000068,0.000040,0.000104,-0.000237,-0.000554,-0.000474,-0.000430,-0.000346,-0.000054,0.000068,0.000135,0.000329,0.000198,-0.000335,-0.000904,-0.001187,-0.000746,0.000259,0.001056,0.001294,0.001006,0.000377,-0.000282,-0.000879,-0.001221,-0.001123,-0.000534,0.000302,0.000830,0.000490,-0.000218,-0.000402,-0.000193,-0.000061,0.000075,0.000237,0.000397,0.000648,0.001009,0.001466,0.001507,0.000578,-0.000615,-0.000952,-0.000737,-0.000558,-0.000214,0.000197,0.000327,0.000461,0.000667,0.000640,0.000368,0.000151,0.000097,0.000033,-0.000082,-0.000096,0.000020,0.000098,0.000040,0.000008,0.000038,-0.000059,-0.000221,-0.000098,0.000102,0.000157,0.000097,0.000078,0.000031,-0.000201,-0.000231,-0.000016,0.000009,-0.000165,-0.000168,-0.000091,-0.000069,0.000092,0.000220,0.000197,0.000174,0.000089,-0.000046,-0.000100,-0.000099,-0.000067,-0.000021,0.000066,0.000163,0.000134,0.020348,0.012181,0.010672,0.010727,0.008865,0.006365,0.005379,0.005608,0.006270,0.006977,0.005864,0.003348,0.001747,0.000890,0.000066,0.000048,0.000591,0.000426,-0.000238,-0.000424,-0.000364,-0.000522,-0.000753,-0.000561,-0.000231,0.000061,0.000215,-0.000280,-0.001491,-0.002257,-0.001920,-0.001093,-0.000322,0.000081,0.000070,-0.000167,-0.000241,-0.000036,0.000174,0.000196,0.000005,-0.000351,-0.000489,-0.000352,-0.000251,-0.000082,0.000090,0.000170,0.000235,0.000252,0.000250,0.000088,0.000101,0.000338,0.000253,-0.000181,-0.000315,-0.000155,-0.000387,-0.000834,-0.000540,0.000685,0.001757,0.001532,-0.000078,-0.001616,-0.002010,-0.001904,-0.001828,-0.001815,-0.001349,-0.000581,0.000088,0.000213,-0.000402,-0.000971,-0.000814,-0.000089,0.000519,0.000613,0.000423,0.000291,0.000275,0.000404,0.000468,0.000066,-0.000717,-0.001739,-0.002529,-0.002507,-0.001643,-0.000412,0.000401,0.000491,0.000077,-0.000233,-0.000282,-0.000388,-0.000392,-0.000248,-0.000171,-0.000087,-0.000036,-0.000074,-0.000072,-0.000066,-0.000134,-0.000158,-0.000057,-0.000006,-0.000019,0.000015,-0.000044,-0.000051,0.000047,-0.000090,-0.000159,-0.000050,0.000003,-0.000031,-0.000046,-0.000079,-0.000053,-0.000003,-0.000114,-0.000255,-0.000155,-0.000081,-0.000171,-0.000211,-0.000183,-0.000120,-0.000077,-0.000017,-0.000066,-0.000130,-0.000110,-0.000135,
0.036604,0.031672,0.011593,-0.000066,-0.001197,-0.000303,0.000179,0.000860,0.001765,0.003204,0.004666,0.004541,0.003047,0.001648,0.000681,0.000080,0.000344,0.000907,0.000909,0.000763,0.000961,0.001228,0.000964,-0.000092,-0.001146,-0.001353,-0.000883,-0.000071,0.000701,0.000707,0.000163,-0.000347,-0.000572,-0.000357,-0.000090,0.000043,0.000120,0.000035,-0.000184,-0.000645,-0.001102,-0.000983,-0.000491,-0.000041,0.000336,0.000299,0.000044,0.000086,0.000142,-0.000227,-0.000660,-0.000608,-0.000392,-0.000184,0.000066,0.000081,0.000090,0.000269,0.000219,-0.000429,-0.001134,-0.001382,-0.001055,0.000144,0.001522,0.001767,0.001030,0.000291,-0.000206,-0.000584,-0.000889,-0.000941,-0.000646,-0.000031,0.000509,0.000418,-0.000036,-0.000285,-0.000259,-0.000114,-0.000012,0.000073,0.000308,0.000522,0.000818,0.001360,0.001414,0.000391,-0.000686,-0.000955,-0.000694,-0.000333,0.000056,0.000371,0.000502,0.000581,0.000521,0.000319,0.000255,0.000150,-0.000075,-0.000084,-0.000133,-0.000209,-0.000105,-0.000037,-0.000050,-0.000002,0.000035,-0.000102,-0.000148,0.000007,0.000077,0.000070,0.000043,0.000051,0.000025,-0.000102,-0.000093,-0.000044,-0.000045,-0.000051,-0.000041,-0.000013,-0.000096,-0.000131,-0.000060,0.000101,0.000196,0.000060,-0.000093,-0.000101,-0.000127,-0.000181,-0.000055,0.000075,0.000175,0.000180,0.019734,0.011497,0.010418,0.010953,0.009256,0.006633,0.005371,0.005568,0.006375,0.007013,0.005793,0.003209,0.001469,0.000596,-0.000099,0.000050,0.000694,0.000514,-0.000177,-0.000450,-0.000436,-0.000542,-0.000717,-0.000531,-0.000129,0.000180,0.000248,-0.000327,-0.001527,-0.002228,-0.001576,-0.000415,0.000383,0.000673,0.000222,-0.000491,-0.000602,-0.000305,-0.000066,0.000047,0.000071,-0.000135,-0.000450,-0.000508,-0.000417,-0.000367,-0.000096,0.000182,0.000220,0.000182,0.000160,0.000128,0.000189,0.000199,0.000083,-0.000168,-0.000257,-0.000105,-0.000240,-0.000661,-0.000611,0.000486,0.001826,0.001714,0.000096,-0.001411,-0.001747,-0.001603,-0.001631,-0.001689,-0.001384,-0.000693,-0.000025,0.000232,-0.000154,-0.000781,-0.000733,-0.000078,0.000422,0.000535,0.000466,0.000307,0.000216,0.000262,0.000245,-0.000028,-0.000726,-0.001713,-0.002332,-0.002168,-0.001456,-0.000429,0.000343,0.000420,0.000101,-0.000084,-0.000241,-0.000492,-0.000510,-0.000299,-0.000071,-0.000056,-0.000045,0.000048,0.000062,-0.000026,-0.000088,-0.000019,0.000028,0.000026,-0.000057,-0.000189,-0.000142,-0.000079,0.000006,-0.000017,-0.000130,-0.000148,-0.000114,-0.000009,0.000051,0.000032,0.000003,0.000007,-0.000136,-0.000223,-0.000099,0.000011,0.000158,0.000202,0.000164,0.000114,-0.000021,-0.000081,-0.000004,-0.000028,-0.000077,-0.000033,
0.036863,0.031838,0.011525,-0.000208,-0.001431,-0.000547,-0.000097,0.000621,0.001738,0.003268,0.004682,0.004609,0.002975,0.001386,0.000493,0.000002,0.000312,0.000868,0.000756,0.000658,0.001102,0.001423,0.001084,-0.000052,-0.001107,-0.001263,-0.000733,0.000182,0.000836,0.000567,-0.000046,-0.000382,-0.000621,-0.000746,-0.000450,-0.000045,0.000218,0.000238,-0.000060,-0.000569,-0.000922,-0.000720,-0.000260,0.000117,0.000348,0.000294,0.000085,0.000002,-0.000003,-0.000170,-0.000489,-0.000612,-0.000488,-0.000282,-0.000092,-0.000018,0.000041,0.000153,0.000097,-0.000358,-0.000945,-0.001233,-0.001058,-0.000175,0.001121,0.001548,0.000971,0.000155,-0.000615,-0.001098,-0.001297,-0.001269,-0.000876,-0.000175,0.000414,0.000294,-0.000252,-0.000562,-0.000510,-0.000229,-0.000064,0.000057,0.000263,0.000483,0.000981,0.001542,0.001423,0.000450,-0.000583,-0.000894,-0.000747,-0.000482,-0.000066,0.000312,0.000453,0.000487,0.000565,0.000433,0.000158,-0.000044,-0.000178,-0.000167,-0.000143,-0.000124,-0.000096,0.000004,0.000157,0.000071,-0.000095,-0.000221,-0.000235,-0.000026,0.000111,0.000090,0.000107,0.000098,0.000024,0.000017,-0.000004,-0.000140,-0.000155,-0.000066,-0.000096,-0.000141,-0.000098,-0.000033,0.000016,0.000065,0.000030,-0.000072,-0.000070,-0.000077,-0.000146,-0.000178,-0.000173,-0.000070,0.000065,0.000143,0.020112,0.011974,0.010620,0.010743,0.008698,0.005983,0.004823,0.005257,0.006187,0.006702,0.005556,0.003090,0.001263,0.000384,-0.000221,-0.000001,0.000615,0.000396,-0.000286,-0.000572,-0.000581,-0.000675,-0.000749,-0.000444,-0.000075,0.000046,0.000063,-0.000406,-0.001462,-0.002173,-0.001898,-0.001222,-0.000605,-0.000156,-0.000090,-0.000234,-0.000028,0.000302,0.000402,0.000254,-0.000020,-0.000358,-0.000545,-0.000369,-0.000251,-0.000203,-0.000004,0.000216,0.000297,0.000288,0.000302,0.000163,0.000129,0.000279,0.000182,-0.000153,-0.000288,-0.000233,-0.000403,-0.000791,-0.000709,0.000390,0.001781,0.001867,0.000376,-0.001127,-0.001586,-0.001579,-0.001574,-0.001461,-0.001059,-0.000274,0.000373,0.000449,0.000010,-0.000615,-0.000654,-0.000100,0.000424,0.000656,0.000444,0.000214,0.000324,0.000499,0.000425,-0.000054,-0.000862,-0.001746,-0.002270,-0.002249,-0.001541,-0.000372,0.000380,0.000422,0.000096,-0.000136,-0.000247,-0.000410,-0.000349,-0.000094,0.000008,-0.000039,-0.000006,0.000036,-0.000015,-0.000031,-0.000101,-0.000103,-0.000024,-0.000015,-0.000062,-0.000023,0.000107,0.000049,-0.000086,-0.000039,0.000086,0.000003,-0.000114,-0.000021,0.000004,-0.000056,0.000000,0.000004,-0.000011,-0.000052,-0.000135,-0.000104,0.000029,0.000019,-0.000114,-0.000108,0.000012,0.000152,0.000143,0.000070,0.000002,-0.000076,
0.036353,0.031434,0.010757,-0.001487,-0.002887,-0.001826,-0.001155,-0.000183,0.001269,0.003038,0.004378,0.004228,0.002692,0.001233,0.000440,0.000077,0.000375,0.000856,0.000708,0.000544,0.000843,0.001269,0.001066,-0.000021,-0.001102,-0.001440,-0.000983,0.000003,0.000791,0.000764,0.000242,-0.000255,-0.000661,-0.000712,-0.000423,-0.000059,0.000391,0.000484,-0.000007,-0.000606,-0.000824,-0.000649,-0.000246,0.000261,0.000555,0.000362,0.000080,0.000068,-0.000050,-0.000417,-0.000650,-0.000579,-0.000296,-0.000098,0.000072,0.000268,0.000288,0.000199,-0.000013,-0.000519,-0.001034,-0.001215,-0.000959,-0.000049,0.001140,0.001623,0.001189,0.000450,-0.000291,-0.000867,-0.001204,-0.001387,-0.001258,-0.000566,0.000298,0.000426,0.000035,-0.000220,-0.000248,-0.000118,0.000039,0.000158,0.000270,0.000488,0.000963,0.001599,0.001642,0.000685,-0.000380,-0.000811,-0.000709,-0.000500,-0.000253,0.000175,0.000437,0.000483,0.000512,0.000454,0.000131,-0.000105,-0.000059,-0.000143,-0.000171,-0.000108,-0.000074,-0.000044,0.000006,0.000086,0.000010,-0.000200,-0.000249,-0.000061,0.000072,0.000010,0.000018,0.000058,-0.000028,-0.000158,-0.000171,-0.000012,-0.000001,-0.000113,-0.000087,-0.000040,0.000011,0.000093,0.000109,0.000081,0.000049,-0.000009,-0.000090,-0.000168,-0.000214,-0.000128,0.000020,0.000097,0.000113,0.000157,0.021226,0.013073,0.011090,0.010322,0.007742,0.004977,0.004368,0.005348,0.006147,0.006694,0.005870,0.003409,0.001400,0.000383,-0.000305,-0.000162,0.000531,0.000547,0.000008,-0.000246,-0.000374,-0.000552,-0.000673,-0.000571,-0.000320,-0.000060,0.000157,-0.000255,-0.001395,-0.002116,-0.001860,-0.001287,-0.000743,-0.000170,0.000096,-0.000019,0.000059,0.000328,0.000346,0.000037,-0.000300,-0.000517,-0.000485,-0.000208,-0.000071,-0.000075,0.000006,0.000241,0.000494,0.000473,0.000276,0.000019,0.000019,0.000242,0.000153,-0.000197,-0.000275,-0.000119,-0.000306,-0.000710,-0.000576,0.000465,0.001634,0.001547,0.000065,-0.001327,-0.001684,-0.001623,-0.001663,-0.001699,-0.001440,-0.000732,-0.000059,0.000254,-0.000044,-0.000635,-0.000719,-0.000196,0.000273,0.000340,0.000189,0.000166,0.000311,0.000411,0.000400,0.000114,-0.000701,-0.001802,-0.002491,-0.002389,-0.001602,-0.000509,0.000283,0.000398,0.000177,0.000017,-0.000095,-0.000222,-0.000329,-0.000392,-0.000174,0.000108,0.000089,-0.000006,-0.000015,-0.000043,-0.000049,-0.000020,0.000023,0.000006,-0.000117,-0.000220,-0.000099,0.000025,0.000001,-0.000042,-0.000135,-0.000266,-0.000141,0.000103,0.000195,0.000141,0.000046,-0.000036,-0.000135,-0.000112,-0.000087,-0.000071,-0.000080,-0.000116,-0.000059,0.000014,0.000011,0.000036,0.000020,0.000093,0.000059,-0.000147,
0.036617,0.031698,0.010855,-0.002216,-0.004560,-0.003598,-0.002296,-0.000647,0.001020,0.002881,0.004441,0.004299,0.002618,0.001100,0.000399,0.000068,0.000328,0.000742,0.000602,0.000492,0.000949,0.001425,0.001171,-0.000003,-0.001218,-0.001420,-0.000745,0.000326,0.001059,0.000830,0.000221,-0.000222,-0.000692,-0.000815,-0.000398,0.000049,0.000381,0.000472,-0.000005,-0.000708,-0.001061,-0.000834,-0.000292,0.000191,0.000439,0.000425,0.000238,0.000115,0.000023,-0.000296,-0.000608,-0.000629,-0.000415,-0.000144,0.000078,0.000182,0.000251,0.000326,0.000158,-0.000552,-0.001319,-0.001538,-0.001204,-0.000130,0.001018,0.001277,0.000934,0.000352,-0.000478,-0.001181,-0.001384,-0.001246,-0.000915,-0.000232,0.000405,0.000492,0.000173,-0.000037,-0.000062,0.000031,0.000098,0.000187,0.000281,0.000434,0.000901,0.001476,0.001485,0.000453,-0.000615,-0.000838,-0.000662,-0.000335,0.000051,0.000350,0.000316,0.000389,0.000556,0.000484,0.000222,-0.000047,-0.000094,-0.000047,-0.000071,-0.000113,-0.000055,-0.000004,-0.000047,-0.000071,0.000000,-0.000074,-0.000212,-0.000233,-0.000074,0.000030,0.000091,0.000099,0.000020,0.000018,0.000020,-0.000027,-0.000039,-0.000030,-0.000177,-0.000114,0.000012,0.000050,0.000100,0.000090,0.000078,0.000015,-0.000091,-0.000205,-0.000346,-0.000301,-0.000106,0.000014,0.000145,0.000265,0.020794,0.012648,0.010715,0.010092,0.007462,0.004943,0.004757,0.005807,0.006414,0.006730,0.005852,0.003358,0.001296,0.000301,-0.000347,-0.000241,0.000436,0.000492,0.000089,-0.000258,-0.000480,-0.000556,-0.000659,-0.000548,-0.000213,0.000087,0.000337,0.000071,-0.001143,-0.002058,-0.001802,-0.001273,-0.000830,-0.000337,-0.000027,-0.000028,0.000136,0.000523,0.000671,0.000345,-0.000125,-0.000435,-0.000469,-0.000272,-0.000250,-0.000311,-0.000092,0.000238,0.000399,0.000476,0.000367,0.000165,0.000140,0.000221,0.000104,-0.000254,-0.000434,-0.000277,-0.000378,-0.000753,-0.000510,0.000660,0.001850,0.001717,-0.000007,-0.001552,-0.001810,-0.001704,-0.001656,-0.001426,-0.001027,-0.000494,0.000044,0.000418,0.000226,-0.000343,-0.000544,-0.000275,0.000202,0.000512,0.000419,0.000233,0.000226,0.000373,0.000399,-0.000019,-0.000856,-0.001788,-0.002372,-0.002297,-0.001520,-0.000357,0.000267,0.000114,-0.000130,-0.000171,-0.000205,-0.000358,-0.000367,-0.000175,-0.000021,0.000028,-0.000020,-0.000045,-0.000032,-0.000084,-0.000122,-0.000212,-0.000213,-0.000090,-0.000029,-0.000091,-0.000122,-0.000109,-0.000129,-0.000149,-0.000249,-0.000269,-0.000171,-0.000102,-0.000098,-0.000002,0.000020,-0.000069,-0.000168,-0.000266,-0.000216,-0.000188,-0.000201,-0.000134,-0.000077,-0.000115,-0.000078,0.000096,0.000129,0.000013,-0.000128,-0.000137,
0.037140,0.032179,0.010913,-0.002826,-0.005880,-0.004985,-0.002876,-0.000756,0.000932,0.002979,0.004699,0.004279,0.002238,0.000835,0.000412,0.000054,0.000256,0.000745,0.000590,0.000438,0.000948,0.001428,0.001107,0.000075,-0.001029,-0.001496,-0.001078,-0.000038,0.000768,0.000804,0.000369,-0.000096,-0.000540,-0.000768,-0.000414,0.000233,0.000537,0.000424,0.000051,-0.000534,-0.000871,-0.000661,-0.000166,0.000299,0.000541,0.000331,0.000082,0.000102,0.000094,-0.000156,-0.000410,-0.000511,-0.000399,-0.000068,0.000245,0.000331,0.000225,0.000186,0.000083,-0.000519,-0.001292,-0.001613,-0.001345,-0.000126,0.001554,0.002200,0.001556,0.000398,-0.000596,-0.001100,-0.001236,-0.001107,-0.000677,-0.000080,0.000293,0.000207,-0.000070,-0.000232,-0.000293,-0.000163,-0.000014,0.000215,0.000400,0.000558,0.001084,0.001657,0.001510,0.000439,-0.000655,-0.000963,-0.000715,-0.000376,0.000055,0.000445,0.000663,0.000721,0.000680,0.000546,0.000198,-0.000063,-0.000080,-0.000123,-0.000204,-0.000207,-0.000014,0.000082,0.000000,0.000005,-0.000031,-0.000146,-0.000195,-0.000147,-0.000061,-0.000067,0.000014,0.000028,-0.000094,-0.000184,-0.000191,-0.000127,-0.000068,-0.000101,-0.000102,-0.000050,-0.000002,0.000080,0.000151,0.000177,0.000153,0.000055,0.000016,-0.000130,-0.000216,-0.000117,-0.000064,-0.000045,0.000074,0.000208,0.019504,0.011287,0.010280,0.010506,0.008300,0.006024,0.005871,0.006651,0.006883,0.006988,0.005853,0.003081,0.001046,0.000224,-0.000306,-0.000164,0.000428,0.000413,-0.000022,-0.000262,-0.000409,-0.000609,-0.000805,-0.000635,-0.000224,0.000001,0.000119,-0.000143,-0.001200,-0.001962,-0.001738,-0.001326,-0.000914,-0.000372,-0.000042,0.000053,0.000288,0.000638,0.000673,0.000465,0.000203,-0.000340,-0.000572,-0.000355,-0.000264,-0.000244,-0.000002,0.000157,0.000216,0.000356,0.000330,0.000111,0.000010,0.000233,0.000213,-0.000150,-0.000197,-0.000098,-0.000350,-0.000818,-0.000844,0.000018,0.001301,0.001554,-0.000023,-0.001900,-0.002389,-0.002216,-0.002116,-0.001814,-0.001201,-0.000448,0.000262,0.000551,0.000097,-0.000492,-0.000541,-0.000109,0.000363,0.000620,0.000592,0.000487,0.000410,0.000366,0.000395,0.000056,-0.000888,-0.001898,-0.002392,-0.002183,-0.001481,-0.000378,0.000385,0.000320,-0.000041,-0.000186,-0.000209,-0.000334,-0.000305,-0.000135,-0.000117,-0.000061,0.000051,-0.000003,-0.000098,0.000022,0.000026,-0.000073,0.000016,0.000084,0.000104,-0.000042,-0.000190,-0.000164,-0.000143,-0.000225,-0.000254,-0.000177,-0.000068,-0.000019,0.000032,0.000029,-0.000018,0.000031,0.000029,-0.000106,-0.000101,-0.000068,-0.000089,-0.000088,-0.000050,0.000038,0.000036,0.000028,0.000064,0.000002,-0.000124,-0.000213,
0.037561,0.032341,0.010976,-0.002969,-0.006297,-0.005169,-0.002327,0.000076,0.001499,0.003341,0.004949,0.004327,0.002100,0.000573,0.000096,-0.000043,0.000211,0.000482,0.000279,0.000331,0.000980,0.001487,0.001194,0.000006,-0.001214,-0.001464,-0.000894,0.000018,0.000634,0.000605,0.000164,-0.000294,-0.000713,-0.000848,-0.000455,0.000055,0.000333,0.000380,0.000037,-0.000593,-0.000929,-0.000682,-0.000111,0.000324,0.000471,0.000267,0.000027,0.000022,0.000058,-0.000092,-0.000366,-0.000487,-0.000388,-0.000157,0.000138,0.000274,0.000304,0.000345,0.000292,-0.000235,-0.000833,-0.000903,-0.000623,0.000172,0.001101,0.001380,0.001055,0.000480,-0.000262,-0.000925,-0.001158,-0.001011,-0.000501,0.000115,0.000482,0.000330,-0.000124,-0.000380,-0.000308,-0.000173,0.000060,0.000359,0.000460,0.000569,0.000977,0.001596,0.001605,0.000465,-0.000820,-0.001086,-0.000790,-0.000463,-0.000080,0.000227,0.000373,0.000476,0.000539,0.000487,0.000314,0.000091,0.000034,0.000088,-0.000027,-0.000185,-0.000095,0.000111,0.000132,-0.000000,-0.000124,-0.000111,-0.000009,0.000073,0.000112,0.000120,0.000242,0.000256,-0.000023,-0.000161,-0.000038,-0.000025,-0.000038,-0.000009,-0.000003,-0.000002,0.000002,0.000039,0.000011,-0.000030,-0.000012,0.000012,0.000027,0.000024,-0.000048,-0.000151,-0.000175,-0.000067,0.000138,0.000249,0.017436,0.009473,0.009482,0.011105,0.010172,0.008472,0.007823,0.007470,0.007251,0.007368,0.005847,0.002881,0.001055,0.000416,-0.000215,-0.000348,0.000196,0.000312,-0.000108,-0.000298,-0.000385,-0.000621,-0.000857,-0.000747,-0.000363,0.000023,0.000200,-0.000246,-0.001397,-0.002130,-0.001798,-0.001108,-0.000483,-0.000065,-0.000037,-0.000201,-0.000117,0.000296,0.000533,0.000474,0.000190,-0.000242,-0.000470,-0.000384,-0.000280,-0.000124,0.000088,0.000221,0.000352,0.000423,0.000298,0.000145,0.000202,0.000271,0.000178,-0.000095,-0.000182,-0.000036,-0.000225,-0.000639,-0.000524,0.000512,0.001652,0.001611,0.000263,-0.001152,-0.001731,-0.001814,-0.001795,-0.001673,-0.001198,-0.000522,0.000071,0.000187,-0.000245,-0.000645,-0.000538,-0.000003,0.000425,0.000571,0.000424,0.000195,0.000098,0.000227,0.000362,0.000019,-0.000825,-0.001777,-0.002357,-0.002282,-0.001545,-0.000473,0.000257,0.000308,-0.000033,-0.000292,-0.000386,-0.000503,-0.000475,-0.000279,-0.000155,0.000013,0.000077,0.000001,0.000017,-0.000056,-0.000103,-0.000024,0.000105,0.000112,0.000060,-0.000048,-0.000103,-0.000062,-0.000025,-0.000000,-0.000076,-0.000195,-0.000103,0.000042,0.000023,-0.000116,-0.000137,-0.000112,-0.000204,-0.000172,-0.000058,-0.000042,-0.000063,-0.000058,0.000082,0.000058,-0.000051,-0.000120,-0.000046,-0.000012,-0.000148,-0.000143,
0.037413,0.032400,0.010820,-0.003397,-0.006608,-0.004615,-0.001129,0.001008,0.001992,0.003582,0.004945,0.004196,0.001910,0.000474,0.000096,-0.000080,0.000093,0.000364,0.000285,0.000269,0.000951,0.001594,0.001363,0.000187,-0.001166,-0.001602,-0.001141,-0.000224,0.000503,0.000408,-0.000058,-0.000475,-0.000834,-0.000814,-0.000358,0.000101,0.000314,0.000292,0.000044,-0.000491,-0.000796,-0.000522,-0.000052,0.000264,0.000362,0.000196,-0.000008,-0.000023,0.000027,-0.000259,-0.000589,-0.000549,-0.000291,-0.000110,0.000042,0.000173,0.000227,0.000317,0.000162,-0.000441,-0.001089,-0.001425,-0.001216,-0.000097,0.001296,0.001619,0.000909,0.000191,-0.000406,-0.000951,-0.001230,-0.001257,-0.000861,-0.000046,0.000676,0.000594,0.000075,-0.000094,-0.000148,-0.000161,-0.000002,0.000240,0.000459,0.000546,0.000805,0.001331,0.001374,0.000419,-0.000542,-0.000757,-0.000552,-0.000224,0.000130,0.000372,0.000453,0.000515,0.000691,0.000646,0.000327,0.000101,0.000050,-0.000040,-0.000157,-0.000153,-0.000126,0.000019,0.000056,0.000044,0.000030,-0.000101,-0.000159,-0.000118,0.000013,0.000167,0.000093,0.000002,-0.000031,-0.000100,-0.000098,0.000007,0.000036,-0.000074,-0.000175,-0.000139,0.000045,0.000111,-0.000022,-0.000071,-0.000025,-0.000099,-0.000144,-0.000118,-0.000104,-0.000051,0.000043,0.000121,0.000181,0.000165,0.017063,0.009190,0.009671,0.012096,0.012111,0.010792,0.009380,0.008015,0.007474,0.007486,0.005765,0.002834,0.001152,0.000443,-0.000207,-0.000239,0.000253,0.000262,-0.000033,-0.000113,-0.000273,-0.000712,-0.001044,-0.000863,-0.000431,-0.000038,0.000007,-0.000551,-0.001575,-0.002223,-0.001741,-0.000847,-0.000126,0.000293,0.000254,-0.000172,-0.000264,0.000028,0.000264,0.000336,0.000094,-0.000323,-0.000548,-0.000481,-0.000315,-0.000246,-0.000153,0.000012,0.000156,0.000252,0.000212,0.000038,0.000006,0.000213,0.000182,-0.000059,-0.000089,-0.000035,-0.000349,-0.000785,-0.000614,0.000671,0.002011,0.001691,-0.000144,-0.001675,-0.001922,-0.001741,-0.001793,-0.001856,-0.001496,-0.000678,0.000120,0.000403,-0.000034,-0.000707,-0.000754,-0.000163,0.000274,0.000412,0.000347,0.000164,0.000109,0.000243,0.000316,-0.000089,-0.000893,-0.001787,-0.002333,-0.002190,-0.001523,-0.000497,0.000161,0.000135,-0.000150,-0.000351,-0.000340,-0.000290,-0.000307,-0.000223,-0.000086,-0.000055,-0.000007,0.000021,-0.000011,-0.000065,-0.000116,-0.000051,0.000049,-0.000023,-0.000124,-0.000119,-0.000186,-0.000199,-0.000055,-0.000004,-0.000092,-0.000172,-0.000157,-0.000106,-0.000050,0.000026,0.000065,-0.000040,-0.000144,-0.000157,-0.000163,-0.000078,-0.000080,-0.000138,-0.000120,-0.000012,0.000113,0.000074,0.000004,-0.000059,-0.000049,-0.000063,
0.037267,0.032262,0.010844,-0.002975,-0.005561,-0.002948,0.000548,0.001936,0.002319,0.003674,0.004924,0.004146,0.002023,0.000613,0.000175,-0.000052,0.000084,0.000388,0.000267,0.000400,0.001217,0.001730,0.001289,0.000050,-0.001183,-0.001650,-0.001208,-0.000186,0.000554,0.000515,0.000062,-0.000407,-0.000874,-0.000983,-0.000508,0.000016,0.000315,0.000343,0.000003,-0.000585,-0.000937,-0.000693,-0.000116,0.000282,0.000394,0.000245,0.000028,-0.000026,-0.000035,-0.000255,-0.000507,-0.000478,-0.000232,-0.000002,0.000171,0.000280,0.000354,0.000359,0.000199,-0.000390,-0.001041,-0.001430,-0.001277,-0.000082,0.001309,0.001670,0.001071,0.000369,-0.000241,-0.000745,-0.000946,-0.000920,-0.000640,-0.000049,0.000506,0.000385,-0.000050,-0.000258,-0.000281,-0.000114,0.000054,0.000157,0.000265,0.000491,0.000909,0.001383,0.001375,0.000447,-0.000495,-0.000682,-0.000591,-0.000391,0.000002,0.000320,0.000455,0.000518,0.000506,0.000447,0.000273,-0.000048,-0.000139,-0.000133,-0.000268,-0.000302,-0.000189,-0.000058,0.000055,0.000075,-0.000033,-0.000181,-0.000233,-0.000218,-0.000048,0.000110,0.000037,-0.000059,-0.000067,-0.000050,0.000095,0.000229,0.000186,0.000029,-0.000038,-0.000010,0.000024,0.000087,0.000096,0.000023,-0.000020,-0.000032,-0.000044,0.000005,-0.000037,-0.000082,-0.000059,-0.000051,0.000066,0.000160,0.016677,0.008831,0.009757,0.013274,0.014349,0.012802,0.010199,0.008087,0.007606,0.007587,0.005794,0.002946,0.001212,0.000549,-0.000164,-0.000326,0.000216,0.000201,-0.000155,-0.000156,-0.000243,-0.000750,-0.001355,-0.001214,-0.000612,-0.000235,-0.000081,-0.000394,-0.001343,-0.001828,-0.001378,-0.000661,0.000053,0.000341,0.000099,-0.000309,-0.000262,0.000172,0.000371,0.000259,0.000118,-0.000256,-0.000635,-0.000511,-0.000254,-0.000183,-0.000053,0.000100,0.000233,0.000323,0.000260,0.000223,0.000255,0.000294,0.000233,-0.000024,-0.000091,0.000013,-0.000136,-0.000665,-0.000686,0.000483,0.001893,0.001997,0.000431,-0.001124,-0.001551,-0.001571,-0.001769,-0.001863,-0.001431,-0.000657,-0.000011,0.000281,-0.000008,-0.000644,-0.000739,-0.000184,0.000256,0.000425,0.000385,0.000217,0.000142,0.000247,0.000280,-0.000084,-0.000755,-0.001601,-0.002254,-0.002252,-0.001506,-0.000490,0.000171,0.000222,-0.000101,-0.000311,-0.000365,-0.000404,-0.000399,-0.000320,-0.000216,-0.000070,0.000022,-0.000032,-0.000086,-0.000128,-0.000051,0.000105,0.000100,-0.000027,-0.000133,-0.000217,-0.000198,-0.000059,0.000015,-0.000009,-0.000048,-0.000064,-0.000076,-0.000142,-0.000111,-0.000034,0.000029,0.000012,-0.000154,-0.000261,-0.000187,-0.000044,-0.000041,-0.000071,-0.000098,-0.000094,-0.000035,-0.000061,-0.000100,-0.000159,-0.000155,-0.000001,
0.036963,0.032227,0.010976,-0.002275,-0.003889,-0.000632,0.002309,0.002850,0.002947,0.004149,0.005128,0.004052,0.001862,0.000670,0.000209,-0.000237,-0.000114,0.000261,0.000216,0.000412,0.001234,0.001687,0.001133,-0.000212,-0.001503,-0.001726,-0.001086,-0.000172,0.000545,0.000516,-0.000039,-0.000527,-0.001000,-0.001083,-0.000476,0.000199,0.000580,0.000559,0.000164,-0.000409,-0.000742,-0.000697,-0.000319,0.000306,0.000702,0.000537,0.000218,0.000107,0.000021,-0.000202,-0.000394,-0.000291,-0.000070,-0.000028,0.000125,0.000307,0.000256,0.000227,0.000063,-0.000547,-0.001148,-0.001463,-0.001381,-0.000356,0.000979,0.001440,0.000973,0.000361,-0.000211,-0.000832,-0.001239,-0.001504,-0.001335,-0.000437,0.000399,0.000412,-0.000046,-0.000331,-0.000362,-0.000262,-0.000092,0.000155,0.000352,0.000563,0.001091,0.001717,0.001561,0.000442,-0.000566,-0.000719,-0.000529,-0.000320,-0.000001,0.000301,0.000354,0.000405,0.000504,0.000475,0.000294,0.000093,-0.000079,-0.000218,-0.000274,-0.000299,-0.000144,0.000089,0.000142,0.000107,-0.000009,-0.000146,-0.000130,-0.000017,0.000120,0.000074,-0.000042,-0.000061,-0.000128,-0.000186,-0.000107,-0.000042,-0.000108,-0.000075,-0.000088,-0.000038,0.000075,0.000128,0.000139,0.000096,-0.000027,-0.000093,-0.000112,-0.000067,-0.000004,-0.000041,-0.000054,0.000033,0.000116,0.000125,0.016438,0.008596,0.010053,0.014464,0.016024,0.013708,0.009863,0.007379,0.007215,0.007397,0.005779,0.003187,0.001544,0.000848,0.000167,-0.000050,0.000315,0.000237,-0.000108,0.000002,-0.000050,-0.000686,-0.001239,-0.000958,-0.000412,-0.000175,-0.000106,-0.000434,-0.001363,-0.001938,-0.001679,-0.001231,-0.000692,-0.000113,0.000072,-0.000124,-0.000090,0.000179,0.000395,0.000368,0.000003,-0.000428,-0.000642,-0.000468,-0.000186,-0.000131,-0.000138,-0.000063,0.000087,0.000243,0.000320,0.000269,0.000223,0.000373,0.000319,-0.000001,-0.000210,-0.000157,-0.000166,-0.000506,-0.000528,0.000463,0.001706,0.001752,0.000246,-0.001367,-0.001804,-0.001803,-0.001828,-0.001689,-0.001307,-0.000599,0.000116,0.000226,-0.000361,-0.000950,-0.000881,-0.000283,0.000210,0.000445,0.000375,0.000169,0.000257,0.000420,0.000389,0.000004,-0.000831,-0.001713,-0.002394,-0.002463,-0.001739,-0.000570,0.000304,0.000342,-0.000088,-0.000258,-0.000340,-0.000475,-0.000346,-0.000225,-0.000145,-0.000018,0.000072,0.000088,0.000046,-0.000034,-0.000094,-0.000045,0.000022,0.000007,-0.000031,-0.000046,-0.000064,0.000033,0.000001,-0.000097,-0.000088,-0.000061,-0.000061,-0.000022,0.000010,-0.000100,-0.000190,-0.000097,-0.000083,-0.000124,-0.000044,-0.000085,-0.000179,-0.000149,-0.000096,-0.000026,0.000129,0.000232,0.000096,-0.000026,-0.000026,-0.000110,
0.036574,0.031857,0.011364,-0.000914,-0.001749,0.001684,0.003898,0.003434,0.003164,0.004273,0.005066,0.004079,0.002145,0.000996,0.000465,-0.000051,0.000044,0.000304,0.000311,0.000628,0.001468,0.001885,0.001200,-0.000241,-0.001387,-0.001627,-0.001251,-0.000270,0.000549,0.000537,0.000199,-0.000350,-0.000933,-0.000994,-0.000508,0.000182,0.000637,0.000664,0.000224,-0.000529,-0.000920,-0.000675,-0.000137,0.000366,0.000588,0.000432,0.000136,0.000023,-0.000084,-0.000294,-0.000436,-0.000383,-0.000129,0.000194,0.000347,0.000285,0.000229,0.000179,-0.000117,-0.000683,-0.001144,-0.001311,-0.001040,-0.000036,0.001113,0.001477,0.001091,0.000464,-0.000377,-0.001155,-0.001532,-0.001548,-0.001225,-0.000442,0.000313,0.000449,0.000161,-0.000114,-0.000243,-0.000121,0.000029,0.000036,0.000123,0.000436,0.000953,0.001543,0.001540,0.000448,-0.000699,-0.000994,-0.000819,-0.000484,-0.000087,0.000217,0.000363,0.000375,0.000402,0.000426,0.000196,-0.000088,-0.000197,-0.000188,-0.000153,-0.000079,-0.000037,-0.000045,0.000043,0.000063,-0.000049,-0.000231,-0.000321,-0.000243,-0.000026,0.000118,0.000122,0.000099,0.000038,-0.000024,-0.000032,-0.000073,0.000011,0.000095,0.000005,-0.000052,-0.000036,0.000052,0.000086,0.000053,0.000047,0.000011,0.000019,-0.000044,-0.000086,-0.000117,-0.000119,0.000016,0.000070,0.000087,0.015169,0.007480,0.009628,0.015025,0.017031,0.013897,0.008945,0.006322,0.006582,0.007136,0.005614,0.003066,0.001512,0.000765,0.000025,-0.000116,0.000296,0.000295,0.000052,-0.000073,-0.000368,-0.000968,-0.001287,-0.000959,-0.000466,-0.000203,-0.000017,-0.000270,-0.001111,-0.001611,-0.001419,-0.001058,-0.000607,-0.000229,-0.000167,-0.000312,-0.000257,0.000042,0.000358,0.000377,0.000072,-0.000273,-0.000495,-0.000421,-0.000152,-0.000111,-0.000239,-0.000114,0.000035,0.000145,0.000254,0.000261,0.000268,0.000392,0.000321,-0.000089,-0.000206,-0.000036,-0.000273,-0.000682,-0.000393,0.000765,0.001814,0.001563,-0.000022,-0.001409,-0.001711,-0.001553,-0.001527,-0.001530,-0.001251,-0.000648,0.000073,0.000471,0.000223,-0.000401,-0.000597,-0.000173,0.000298,0.000569,0.000532,0.000236,0.000124,0.000291,0.000326,-0.000061,-0.000819,-0.001674,-0.002179,-0.002163,-0.001509,-0.000385,0.000279,0.000236,-0.000064,-0.000263,-0.000326,-0.000322,-0.000403,-0.000368,-0.000132,0.000015,0.000028,0.000106,0.000173,0.000115,0.000009,-0.000060,0.000073,0.000156,0.000017,-0.000067,-0.000008,0.000070,0.000072,-0.000014,-0.000094,-0.000171,-0.000137,0.000015,-0.000001,-0.000027,0.000046,-0.000052,-0.000162,-0.000247,-0.000240,-0.000062,-0.000096,-0.000104,-0.000068,-0.000061,0.000002,0.000057,-0.000026,-0.000137,-0.000071,-0.000124,
0.036973,0.032222,0.011838,0.000298,0.000405,0.003740,0.004674,0.003125,0.002808,0.004414,0.005362,0.004358,0.002406,0.001134,0.000557,-0.000017,0.000093,0.000471,0.000422,0.000715,0.001541,0.001833,0.001091,-0.000242,-0.001545,-0.001898,-0.001295,-0.000221,0.000623,0.000671,0.000151,-0.000420,-0.000996,-0.001157,-0.000646,0.000115,0.000581,0.000553,0.000139,-0.000525,-0.000818,-0.000616,-0.000279,0.000209,0.000571,0.000511,0.000206,-0.000035,-0.000074,-0.000129,-0.000253,-0.000288,-0.000126,0.000193,0.000354,0.000365,0.000392,0.000253,-0.000088,-0.000699,-0.001392,-0.001837,-0.001564,-0.000133,0.001342,0.001537,0.000889,0.000196,-0.000632,-0.001396,-0.001535,-0.001207,-0.000772,-0.000218,0.000197,0.000257,0.000073,-0.000149,-0.000263,-0.000214,0.000080,0.000264,0.000349,0.000552,0.000918,0.001374,0.001380,0.000471,-0.000585,-0.000968,-0.000883,-0.000514,0.000019,0.000417,0.000530,0.000472,0.000448,0.000316,-0.000014,-0.000233,-0.000211,-0.000101,-0.000116,-0.000141,0.000004,0.000057,-0.000023,0.000007,-0.000064,-0.000146,-0.000105,0.000020,0.000122,0.000056,-0.000025,-0.000054,-0.000080,-0.000113,-0.000020,0.000016,-0.000023,-0.000009,-0.000090,-0.000113,0.000019,0.000090,0.000042,-0.000026,0.000044,0.000072,0.000038,0.000026,-0.000087,-0.000164,-0.000161,-0.000109,0.000123,0.000240,0.013886,0.006653,0.009617,0.015553,0.017516,0.013568,0.007849,0.005480,0.006341,0.006902,0.005440,0.003058,0.001516,0.000709,-0.000145,-0.000195,0.000359,0.000427,0.000241,0.000139,-0.000322,-0.001118,-0.001494,-0.000982,-0.000377,-0.000127,0.000048,-0.000122,-0.000984,-0.001671,-0.001544,-0.001162,-0.000640,-0.000122,-0.000059,-0.000224,-0.000138,0.000109,0.000331,0.000309,0.000096,-0.000099,-0.000277,-0.000343,-0.000328,-0.000246,-0.000167,-0.000086,0.000080,0.000250,0.000279,0.000127,0.000043,0.000151,0.000116,-0.000106,-0.000215,-0.000087,-0.000190,-0.000642,-0.000620,0.000517,0.001819,0.001680,-0.000177,-0.001928,-0.002229,-0.001966,-0.001940,-0.001835,-0.001327,-0.000757,-0.000119,0.000249,-0.000028,-0.000577,-0.000675,-0.000310,0.000125,0.000431,0.000486,0.000279,0.000078,0.000256,0.000405,-0.000114,-0.001036,-0.001832,-0.002365,-0.002308,-0.001606,-0.000501,0.000204,0.000172,-0.000102,-0.000257,-0.000214,-0.000212,-0.000194,-0.000105,0.000019,0.000155,0.000177,0.000182,0.000162,0.000049,-0.000049,-0.000054,-0.000033,-0.000039,-0.000018,-0.000152,-0.000156,-0.000015,-0.000050,-0.000194,-0.000196,-0.000154,-0.000130,-0.000101,-0.000100,-0.000013,0.000039,-0.000133,-0.000214,-0.000177,-0.000166,-0.000130,-0.000075,-0.000012,-0.000035,-0.000084,-0.000091,-0.000017,0.000013,-0.000079,-0.000084,-0.000087,
0.036783,0.032063,0.012163,0.001635,0.002463,0.005374,0.005263,0.002990,0.002667,0.004439,0.005428,0.004476,0.002579,0.001374,0.000711,0.000147,0.000370,0.000760,0.000720,0.001036,0.001664,0.001780,0.001080,-0.000300,-0.001571,-0.001904,-0.001445,-0.000415,0.000528,0.000633,0.000276,-0.000261,-0.000822,-0.000978,-0.000663,-0.000155,0.000309,0.000409,0.000090,-0.000485,-0.000800,-0.000637,-0.000089,0.000445,0.000652,0.000510,0.000271,0.000108,-0.000049,-0.000254,-0.000370,-0.000344,-0.000126,0.000111,0.000237,0.000265,0.000263,0.000263,0.000041,-0.000571,-0.001042,-0.001077,-0.000813,0.000158,0.001457,0.001964,0.001393,0.000616,-0.000147,-0.000840,-0.001097,-0.001128,-0.000818,-0.000085,0.000393,0.000255,-0.000072,-0.000234,-0.000279,-0.000179,0.000045,0.000165,0.000237,0.000526,0.001072,0.001616,0.001631,0.000547,-0.000593,-0.000882,-0.000828,-0.000652,-0.000192,0.000244,0.000336,0.000318,0.000303,0.000185,-0.000022,-0.000176,-0.000189,-0.000226,-0.000272,-0.000219,-0.000062,0.000063,0.000017,-0.000031,-0.000081,-0.000127,-0.000108,-0.000131,-0.000079,-0.000009,-0.000040,-0.000083,-0.000155,-0.000209,-0.000052,0.000151,0.000161,0.000109,-0.000027,-0.000175,-0.000185,-0.000130,-0.000031,0.000039,-0.000021,-0.000094,-0.000044,-0.000091,-0.000128,-0.000059,0.000032,0.000041,0.000048,0.000099,0.013310,0.005993,0.009140,0.015524,0.017374,0.012805,0.006829,0.004799,0.006051,0.006840,0.005442,0.003011,0.001423,0.000545,-0.000086,0.000071,0.000525,0.000458,0.000264,0.000106,-0.000331,-0.001010,-0.001421,-0.001007,-0.000400,-0.000138,-0.000020,-0.000256,-0.001015,-0.001547,-0.001419,-0.001024,-0.000589,-0.000131,0.000046,-0.000100,-0.000089,0.000138,0.000400,0.000408,0.000146,-0.000283,-0.000530,-0.000340,-0.000123,-0.000209,-0.000270,-0.000182,0.000099,0.000336,0.000262,0.000121,0.000087,0.000206,0.000200,-0.000081,-0.000252,-0.000127,-0.000239,-0.000642,-0.000591,0.000391,0.001588,0.001669,0.000299,-0.001113,-0.001690,-0.001915,-0.001935,-0.001741,-0.001292,-0.000462,0.000242,0.000286,-0.000113,-0.000550,-0.000598,-0.000152,0.000288,0.000477,0.000431,0.000320,0.000255,0.000327,0.000339,-0.000115,-0.000936,-0.001863,-0.002413,-0.002263,-0.001521,-0.000466,0.000201,0.000228,0.000015,-0.000181,-0.000321,-0.000464,-0.000490,-0.000309,-0.000091,0.000163,0.000245,0.000074,0.000025,0.000043,-0.000053,-0.000046,0.000042,0.000060,-0.000032,-0.000195,-0.000246,-0.000137,-0.000036,-0.000035,-0.000060,-0.000062,-0.000117,-0.000090,0.000083,0.000228,0.000158,-0.000106,-0.000295,-0.000265,-0.000111,-0.000006,0.000079,-0.000021,-0.000152,-0.000125,-0.000015,0.000102,0.000163,0.000116,0.000003,-0.000138,
0.036888,0.032291,0.012395,0.002270,0.003758,0.006656,0.005611,0.002790,0.002622,0.004400,0.005224,0.004235,0.002508,0.001506,0.000925,0.000325,0.000466,0.000838,0.000866,0.001159,0.001794,0.001860,0.000893,-0.000638,-0.001856,-0.002073,-0.001544,-0.000523,0.000377,0.000440,0.000011,-0.000438,-0.000969,-0.001132,-0.000682,-0.000214,0.000050,0.000097,-0.000102,-0.000600,-0.000892,-0.000627,-0.000051,0.000392,0.000492,0.000396,0.000276,0.000190,0.000114,-0.000216,-0.000522,-0.000376,-0.000118,0.000076,0.000254,0.000372,0.000495,0.000565,0.000352,-0.000391,-0.001156,-0.001330,-0.000925,0.000096,0.001131,0.001414,0.001027,0.000518,-0.000009,-0.000644,-0.001056,-0.001125,-0.000709,0.000187,0.000877,0.000704,0.000109,-0.000156,-0.000189,-0.000141,0.000049,0.000251,0.000343,0.000437,0.000849,0.001420,0.001420,0.000509,-0.000513,-0.000699,-0.000507,-0.000370,-0.000130,0.000120,0.000187,0.000286,0.000363,0.000270,0.000028,-0.000171,-0.000214,-0.000213,-0.000212,-0.000216,0.000000,0.000132,0.000043,-0.000022,-0.000061,-0.000105,-0.000111,-0.000062,0.000002,0.000072,0.000078,-0.000020,-0.000032,-0.000040,-0.000002,0.000061,0.000028,-0.000005,-0.000110,-0.000126,-0.000050,-0.000027,-0.000017,-0.000047,-0.000055,-0.000069,-0.000086,-0.000067,-0.000156,-0.000121,-0.000015,0.000028,0.000145,0.000162,0.013656,0.006360,0.009445,0.015645,0.017245,0.012227,0.006109,0.004552,0.006172,0.006865,0.005478,0.003046,0.001094,0.000145,-0.000167,0.000237,0.000685,0.000484,0.000248,0.000072,-0.000436,-0.001013,-0.001273,-0.000847,-0.000299,-0.000183,-0.000135,-0.000460,-0.001342,-0.001907,-0.001530,-0.000832,-0.000262,0.000151,-0.000029,-0.000509,-0.000587,-0.000208,0.000225,0.000299,0.000119,-0.000249,-0.000571,-0.000449,-0.000252,-0.000177,-0.000156,-0.000050,0.000177,0.000399,0.000363,0.000184,0.000105,0.000156,0.000100,-0.000153,-0.000261,-0.000167,-0.000213,-0.000496,-0.000336,0.000952,0.002258,0.001764,-0.000235,-0.001650,-0.001778,-0.001695,-0.001843,-0.001704,-0.001231,-0.000558,0.000079,0.000267,-0.000164,-0.000703,-0.000777,-0.000325,0.000221,0.000343,0.000264,0.000317,0.000321,0.000354,0.000353,-0.000066,-0.000801,-0.001710,-0.002425,-0.002468,-0.001720,-0.000597,0.000263,0.000398,0.000058,-0.000174,-0.000356,-0.000496,-0.000387,-0.000179,0.000032,0.000135,0.000136,0.000083,0.000038,0.000031,-0.000054,-0.000076,0.000019,0.000186,0.000108,-0.000068,-0.000100,-0.000134,-0.000083,-0.000026,-0.000096,-0.000221,-0.000184,-0.000124,-0.000078,0.000039,0.000104,0.000015,-0.000109,-0.000176,-0.000215,-0.000182,-0.000071,-0.000029,-0.000015,0.000019,0.000026,0.000028,0.000051,0.000100,0.000025,-0.000058,
0.036862,0.032145,0.012418,0.002833,0.005037,0.007706,0.005867,0.002687,0.002590,0.004347,0.005063,0.004188,0.002626,0.001568,0.000930,0.000429,0.000733,0.001141,0.001045,0.001184,0.001656,0.001680,0.000829,-0.000509,-0.001688,-0.002113,-0.001694,-0.000679,0.000237,0.000370,-0.000047,-0.000649,-0.001155,-0.001055,-0.000518,-0.000083,0.000056,0.000027,-0.000155,-0.000571,-0.000852,-0.000619,-0.000084,0.000320,0.000437,0.000360,0.000207,0.000121,0.000050,-0.000169,-0.000347,-0.000339,-0.000099,0.000252,0.000424,0.000481,0.000408,0.000279,0.000029,-0.000613,-0.001253,-0.001531,-0.001297,-0.000071,0.001418,0.001762,0.001112,0.000541,-0.000024,-0.000614,-0.000981,-0.001063,-0.000767,-0.000018,0.000772,0.000755,0.000236,-0.000105,-0.000179,-0.000126,-0.000004,0.000210,0.000317,0.000403,0.000887,0.001528,0.001513,0.000519,-0.000554,-0.000737,-0.000544,-0.000372,-0.000048,0.000308,0.000528,0.000518,0.000465,0.000423,0.000092,-0.000223,-0.000267,-0.000291,-0.000175,-0.000040,0.000013,0.000083,0.000036,0.000008,0.000000,-0.000122,-0.000218,-0.000086,0.000022,0.000069,0.000184,0.000142,-0.000025,-0.000117,-0.000103,-0.000045,-0.000027,-0.000111,-0.000130,-0.000020,0.000019,0.000009,0.000035,0.000049,0.000076,0.000109,0.000031,-0.000124,-0.000126,-0.000047,-0.000027,0.000028,0.000094,0.000103,0.015276,0.007981,0.010203,0.015726,0.017111,0.011856,0.005657,0.004360,0.006143,0.006889,0.005580,0.003116,0.001007,0.000105,-0.000174,0.000228,0.000827,0.000645,0.000162,-0.000033,-0.000402,-0.000923,-0.001196,-0.000734,-0.000146,0.000030,0.000067,-0.000282,-0.001145,-0.001660,-0.001268,-0.000392,0.000490,0.000775,0.000148,-0.000657,-0.000860,-0.000477,0.000040,0.000259,0.000188,-0.000159,-0.000578,-0.000597,-0.000441,-0.000364,-0.000231,-0.000053,0.000128,0.000267,0.000245,0.000182,0.000141,0.000149,0.000034,-0.000150,-0.000196,-0.000115,-0.000198,-0.000533,-0.000445,0.000614,0.001922,0.002016,0.000380,-0.001179,-0.001556,-0.001585,-0.001672,-0.001705,-0.001318,-0.000696,-0.000128,0.000161,-0.000162,-0.000803,-0.000871,-0.000289,0.000251,0.000435,0.000379,0.000368,0.000321,0.000306,0.000344,-0.000024,-0.000792,-0.001619,-0.002297,-0.002324,-0.001669,-0.000587,0.000166,0.000170,-0.000124,-0.000348,-0.000283,-0.000283,-0.000264,-0.000159,0.000016,0.000160,0.000127,0.000070,0.000059,0.000054,-0.000024,-0.000055,-0.000007,-0.000003,-0.000171,-0.000219,-0.000135,-0.000150,-0.000184,-0.000210,-0.000187,-0.000134,-0.000113,-0.000094,-0.000026,-0.000021,-0.000057,-0.000117,-0.000199,-0.000173,-0.000042,0.000077,0.000031,-0.000063,-0.000010,0.000009,-0.000090,-0.000033,0.000082,0.000010,-0.000115,-0.000122,
0.036278,0.031966,0.012425,0.003217,0.005688,0.008253,0.006016,0.002441,0.002281,0.003935,0.004588,0.004017,0.002680,0.001661,0.001093,0.000618,0.000816,0.001119,0.001038,0.001192,0.001709,0.001771,0.000808,-0.000709,-0.001852,-0.002083,-0.001528,-0.000444,0.000428,0.000445,0.000046,-0.000390,-0.000881,-0.000965,-0.000436,0.000144,0.000366,0.000267,0.000023,-0.000399,-0.000707,-0.000522,-0.000001,0.000519,0.000713,0.000469,0.000099,-0.000064,-0.000166,-0.000251,-0.000352,-0.000370,-0.000213,0.000086,0.000311,0.000375,0.000306,0.000181,-0.000046,-0.000560,-0.001177,-0.001527,-0.001420,-0.000402,0.000803,0.001212,0.000885,0.000342,-0.000350,-0.000962,-0.001252,-0.001320,-0.000933,-0.000214,0.000462,0.000568,0.000052,-0.000361,-0.000366,-0.000102,0.000089,0.000158,0.000189,0.000343,0.000805,0.001450,0.001566,0.000581,-0.000542,-0.000785,-0.000512,-0.000320,-0.000177,0.000068,0.000197,0.000294,0.000431,0.000402,0.000186,-0.000016,-0.000150,-0.000207,-0.000224,-0.000122,0.000019,0.000075,0.000098,0.000021,-0.000134,-0.000174,-0.000216,-0.000161,-0.000020,-0.000082,-0.000173,-0.000049,-0.000041,-0.000070,0.000041,0.000095,0.000054,0.000002,-0.000051,-0.000061,-0.000007,-0.000002,0.000043,0.000072,0.000102,0.000032,-0.000107,-0.000222,-0.000209,-0.000117,-0.000050,-0.000030,0.000023,0.000109,0.017636,0.010004,0.011167,0.015812,0.016792,0.011491,0.005516,0.004403,0.006126,0.006805,0.005532,0.003236,0.001154,0.000074,-0.000097,0.000466,0.000975,0.000730,0.000285,0.000022,-0.000524,-0.001058,-0.001119,-0.000655,-0.000237,-0.000004,0.000123,-0.000218,-0.001120,-0.001792,-0.001498,-0.000963,-0.000498,-0.000099,-0.000114,-0.000421,-0.000391,-0.000035,0.000195,0.000174,-0.000103,-0.000422,-0.000657,-0.000528,-0.000289,-0.000190,-0.000211,-0.000135,0.000119,0.000318,0.000336,0.000122,0.000069,0.000180,0.000143,-0.000145,-0.000281,-0.000080,-0.000142,-0.000509,-0.000534,0.000461,0.001887,0.002054,0.000600,-0.001036,-0.001528,-0.001518,-0.001582,-0.001525,-0.001142,-0.000373,0.000357,0.000567,-0.000011,-0.000882,-0.001017,-0.000473,0.000051,0.000385,0.000464,0.000332,0.000291,0.000387,0.000445,-0.000051,-0.000936,-0.001787,-0.002361,-0.002335,-0.001797,-0.000755,0.000059,0.000143,-0.000098,-0.000282,-0.000490,-0.000480,-0.000339,-0.000193,0.000020,0.000132,0.000174,0.000142,0.000045,0.000040,0.000173,0.000190,0.000016,-0.000081,-0.000047,-0.000024,-0.000041,-0.000093,-0.000111,-0.000191,-0.000197,-0.000176,-0.000175,-0.000081,0.000021,0.000138,0.000076,-0.000076,-0.000113,-0.000108,-0.000056,0.000046,0.000043,-0.000010,-0.000021,-0.000073,-0.000064,0.000037,0.000074,0.000045,-0.000014,-0.000132,
0.036507,0.031980,0.012901,0.004342,0.007428,0.009770,0.006646,0.002793,0.002601,0.004030,0.004563,0.003988,0.002632,0.001589,0.001030,0.000731,0.001123,0.001447,0.001203,0.001314,0.001795,0.001764,0.000843,-0.000624,-0.001852,-0.002139,-0.001612,-0.000566,0.000369,0.000559,0.000156,-0.000334,-0.000721,-0.000802,-0.000479,0.000032,0.000500,0.000543,0.000100,-0.000559,-0.000949,-0.000773,-0.000205,0.000390,0.000672,0.000498,0.000165,-0.000020,-0.000081,-0.000169,-0.000319,-0.000322,-0.000113,0.000180,0.000432,0.000467,0.000370,0.000287,-0.000028,-0.000703,-0.001177,-0.001235,-0.000942,0.000024,0.001131,0.001495,0.001110,0.000554,-0.000187,-0.001054,-0.001540,-0.001633,-0.001244,-0.000366,0.000396,0.000533,0.000085,-0.000272,-0.000219,-0.000102,0.000011,0.000029,0.000124,0.000403,0.000863,0.001485,0.001484,0.000505,-0.000528,-0.000828,-0.000756,-0.000559,-0.000210,0.000108,0.000304,0.000364,0.000415,0.000256,0.000008,-0.000076,-0.000060,-0.000026,-0.000028,-0.000030,0.000005,0.000052,0.000082,0.000071,-0.000042,-0.000168,-0.000181,-0.000024,0.000149,0.000070,0.000041,0.000053,-0.000048,-0.000103,-0.000083,-0.000102,-0.000249,-0.000229,-0.000105,-0.000119,-0.000108,-0.000105,0.000013,0.000104,0.000039,-0.000022,-0.000101,-0.000148,-0.000077,-0.000058,-0.000039,-0.000005,0.000040,0.000161,0.017536,0.009950,0.011063,0.015419,0.016071,0.010631,0.004908,0.004363,0.006207,0.006638,0.005341,0.003158,0.001171,0.000036,-0.000160,0.000435,0.000896,0.000595,0.000200,0.000054,-0.000332,-0.000889,-0.001005,-0.000429,0.000011,0.000099,0.000187,-0.000137,-0.001086,-0.001801,-0.001754,-0.001234,-0.000536,-0.000135,-0.000175,-0.000415,-0.000387,-0.000173,-0.000055,-0.000064,-0.000115,-0.000399,-0.000625,-0.000375,-0.000166,-0.000275,-0.000362,-0.000205,0.000050,0.000254,0.000267,0.000113,0.000019,0.000016,-0.000092,-0.000292,-0.000286,-0.000111,-0.000167,-0.000511,-0.000404,0.000740,0.001881,0.001519,-0.000025,-0.001265,-0.001551,-0.001513,-0.001620,-0.001633,-0.001318,-0.000726,-0.000094,0.000302,0.000034,-0.000685,-0.000944,-0.000562,0.000023,0.000352,0.000392,0.000337,0.000204,0.000159,0.000146,-0.000206,-0.001006,-0.001898,-0.002494,-0.002503,-0.001754,-0.000601,0.000099,0.000097,-0.000129,-0.000295,-0.000366,-0.000306,-0.000227,-0.000136,0.000038,0.000252,0.000368,0.000188,0.000022,-0.000017,-0.000113,-0.000128,0.000016,0.000057,-0.000046,-0.000177,-0.000224,-0.000211,-0.000214,-0.000360,-0.000388,-0.000287,-0.000205,-0.000073,-0.000064,-0.000115,-0.000091,-0.000067,-0.000111,-0.000164,-0.000072,0.000049,0.000049,-0.000015,-0.000039,-0.000013,0.000106,0.000166,0.000149,0.000100,-0.000023,-0.000129,
0.036627,0.032101,0.013202,0.005051,0.008504,0.010711,0.007112,0.003033,0.002708,0.003826,0.004134,0.003652,0.002597,0.001582,0.001153,0.001094,0.001299,0.001487,0.001281,0.001248,0.001617,0.001668,0.000746,-0.000706,-0.001755,-0.002040,-0.001690,-0.000568,0.000550,0.000767,0.000322,-0.000328,-0.000864,-0.000968,-0.000547,0.000179,0.000621,0.000448,0.000009,-0.000579,-0.000922,-0.000671,-0.000164,0.000455,0.000805,0.000612,0.000305,0.000232,0.000084,-0.000152,-0.000305,-0.000224,0.000005,0.000209,0.000402,0.000496,0.000409,0.000155,-0.000107,-0.000609,-0.001310,-0.001679,-0.001413,-0.000293,0.000951,0.001158,0.000618,0.000101,-0.000582,-0.001225,-0.001505,-0.001309,-0.000757,-0.000020,0.000553,0.000625,0.000279,-0.000059,-0.000254,-0.000288,-0.000003,0.000237,0.000296,0.000457,0.000900,0.001478,0.001445,0.000378,-0.000722,-0.000993,-0.000782,-0.000520,-0.000120,0.000222,0.000377,0.000426,0.000462,0.000388,0.000172,-0.000037,-0.000054,0.000082,-0.000074,-0.000216,-0.000054,0.000132,0.000090,-0.000077,-0.000228,-0.000331,-0.000203,-0.000053,-0.000130,-0.000111,-0.000039,-0.000002,-0.000004,-0.000052,-0.000062,-0.000034,-0.000058,-0.000065,-0.000078,-0.000053,0.000077,0.000120,0.000117,0.000146,0.000118,0.000024,0.000057,0.000009,-0.000180,-0.000238,-0.000144,-0.000020,0.000160,0.000253,0.018554,0.010972,0.011769,0.015547,0.015550,0.009865,0.004372,0.003989,0.005761,0.006039,0.004940,0.002980,0.001039,0.000123,-0.000028,0.000461,0.000769,0.000469,0.000169,-0.000049,-0.000478,-0.000875,-0.000879,-0.000325,0.000172,0.000338,0.000437,0.000105,-0.000777,-0.001537,-0.001534,-0.001135,-0.000635,-0.000110,-0.000020,-0.000233,-0.000276,-0.000059,0.000124,0.000064,0.000004,-0.000259,-0.000523,-0.000398,-0.000345,-0.000351,-0.000210,-0.000110,0.000111,0.000371,0.000323,0.000152,0.000012,-0.000032,-0.000069,-0.000272,-0.000302,-0.000121,-0.000260,-0.000531,-0.000233,0.000897,0.002141,0.001911,-0.000029,-0.001680,-0.001891,-0.001604,-0.001560,-0.001373,-0.000889,-0.000396,-0.000028,0.000158,-0.000055,-0.000584,-0.000855,-0.000489,0.000172,0.000537,0.000579,0.000383,0.000212,0.000243,0.000204,-0.000218,-0.000912,-0.001679,-0.002301,-0.002324,-0.001541,-0.000415,0.000264,0.000177,-0.000194,-0.000318,-0.000232,-0.000227,-0.000240,-0.000029,0.000045,0.000072,0.000064,0.000005,-0.000033,-0.000146,-0.000193,-0.000182,-0.000158,-0.000026,-0.000029,-0.000169,-0.000208,-0.000067,0.000016,-0.000110,-0.000278,-0.000264,-0.000135,-0.000079,-0.000031,0.000038,0.000016,-0.000091,-0.000207,-0.000243,-0.000148,-0.000108,-0.000070,-0.000095,-0.000178,-0.000023,0.000159,0.000140,0.000040,-0.000121,-0.000229,-0.000244,
0.036311,0.031754,0.013208,0.005273,0.008890,0.011171,0.007400,0.003092,0.002515,0.003148,0.003154,0.002986,0.002378,0.001640,0.001411,0.001323,0.001420,0.001438,0.001184,0.001273,0.001651,0.001645,0.000771,-0.000648,-0.001745,-0.002071,-0.001686,-0.000545,0.000465,0.000659,0.000266,-0.000306,-0.000740,-0.000749,-0.000345,0.000090,0.000435,0.000536,0.000170,-0.000501,-0.000955,-0.000801,-0.000218,0.000354,0.000608,0.000344,-0.000026,-0.000123,-0.000099,-0.000215,-0.000349,-0.000272,-0.000117,0.000042,0.000271,0.000273,0.000148,0.000114,-0.000050,-0.000526,-0.001199,-0.001518,-0.001316,-0.000130,0.001496,0.002191,0.001744,0.000765,-0.000217,-0.000948,-0.001216,-0.001133,-0.000651,0.000031,0.000461,0.000513,0.000092,-0.000383,-0.000417,-0.000195,0.000089,0.000322,0.000446,0.000552,0.000963,0.001578,0.001562,0.000483,-0.000622,-0.000960,-0.000810,-0.000596,-0.000204,0.000212,0.000264,0.000278,0.000401,0.000340,0.000144,0.000041,0.000001,-0.000058,-0.000158,-0.000196,-0.000084,0.000066,0.000110,0.000005,-0.000191,-0.000224,-0.000173,-0.000053,0.000008,-0.000065,-0.000001,0.000024,-0.000090,-0.000162,-0.000166,-0.000081,-0.000086,-0.000034,-0.000014,-0.000079,-0.000044,0.000015,-0.000010,0.000045,0.000135,0.000067,-0.000086,-0.000105,-0.000060,-0.000064,0.000018,0.000125,0.000220,0.000180,0.020085,0.012385,0.012378,0.015326,0.015131,0.009463,0.004112,0.003776,0.005293,0.005657,0.004715,0.002784,0.000922,0.000078,-0.000060,0.000214,0.000456,0.000317,0.000030,-0.000266,-0.000531,-0.000771,-0.000776,-0.000284,0.000067,0.000235,0.000354,0.000028,-0.000876,-0.001592,-0.001594,-0.001277,-0.000697,-0.000090,0.000086,-0.000027,-0.000024,0.000106,0.000107,0.000085,0.000056,-0.000304,-0.000658,-0.000543,-0.000269,-0.000253,-0.000279,-0.000108,0.000215,0.000477,0.000463,0.000163,-0.000015,0.000001,-0.000095,-0.000354,-0.000405,-0.000084,0.000006,-0.000340,-0.000436,0.000377,0.001599,0.001625,0.000092,-0.001547,-0.002082,-0.002044,-0.002019,-0.001814,-0.001294,-0.000469,0.000196,0.000281,-0.000257,-0.000961,-0.001049,-0.000572,-0.000065,0.000355,0.000458,0.000218,0.000086,0.000300,0.000367,-0.000116,-0.001015,-0.001822,-0.002332,-0.002251,-0.001428,-0.000422,0.000117,0.000175,-0.000042,-0.000219,-0.000255,-0.000294,-0.000192,0.000038,0.000194,0.000171,0.000165,0.000120,-0.000019,-0.000146,-0.000230,-0.000232,-0.000146,-0.000031,-0.000027,-0.000081,-0.000087,-0.000127,-0.000126,-0.000113,-0.000178,-0.000186,-0.000106,-0.000064,0.000011,0.000034,-0.000020,-0.000050,-0.000146,-0.000245,-0.000214,-0.000141,-0.000104,-0.000058,-0.000150,-0.000210,-0.000025,0.000087,0.000086,0.000072,0.000013,-0.000117,
0.036577,0.031879,0.013188,0.005386,0.009251,0.011370,0.007206,0.002728,0.001892,0.002227,0.002390,0.002600,0.002403,0.001878,0.001496,0.001058,0.000949,0.001047,0.000959,0.001081,0.001552,0.001591,0.000735,-0.000634,-0.001706,-0.002150,-0.001808,-0.000595,0.000536,0.000732,0.000225,-0.000418,-0.000791,-0.000827,-0.000504,-0.000045,0.000269,0.000238,-0.000068,-0.000546,-0.000854,-0.000675,-0.000145,0.000347,0.000547,0.000357,0.000092,0.000099,0.000027,-0.000155,-0.000340,-0.000398,-0.000198,0.000055,0.000233,0.000287,0.000294,0.000280,0.000076,-0.000463,-0.001036,-0.001244,-0.000904,0.000096,0.001001,0.001167,0.000830,0.000446,-0.000156,-0.000854,-0.001194,-0.001133,-0.000660,0.000197,0.000904,0.000754,0.000068,-0.000351,-0.000417,-0.000272,0.000011,0.000245,0.000248,0.000329,0.000847,0.001533,0.001565,0.000526,-0.000617,-0.000902,-0.000638,-0.000494,-0.000212,0.000180,0.000321,0.000301,0.000312,0.000244,0.000059,-0.000153,-0.000123,0.000066,-0.000014,-0.000113,0.000013,0.000130,0.000131,0.000099,0.000072,-0.000105,-0.000193,-0.000057,-0.000032,-0.000115,-0.000120,-0.000081,-0.000075,-0.000039,-0.000072,-0.000089,-0.000069,-0.000056,-0.000028,-0.000011,-0.000011,-0.000058,-0.000029,0.000017,0.000076,0.000088,-0.000046,-0.000155,-0.000174,-0.000110,-0.000100,-0.000086,0.000072,0.000189,0.021459,0.013565,0.012819,0.015288,0.014842,0.009190,0.003834,0.003482,0.005225,0.005792,0.005072,0.003203,0.001185,0.000027,-0.000280,0.000137,0.000630,0.000501,0.000086,-0.000077,-0.000410,-0.000756,-0.000707,-0.000281,0.000044,0.000131,0.000281,-0.000088,-0.001158,-0.001843,-0.001741,-0.001364,-0.000729,-0.000134,-0.000029,-0.000203,-0.000205,-0.000037,0.000099,0.000068,-0.000218,-0.000528,-0.000628,-0.000385,-0.000174,-0.000116,-0.000145,-0.000049,0.000127,0.000215,0.000220,0.000111,0.000065,0.000082,0.000009,-0.000239,-0.000336,-0.000154,-0.000162,-0.000450,-0.000194,0.001008,0.002207,0.002013,0.000325,-0.001204,-0.001688,-0.001703,-0.001683,-0.001593,-0.001149,-0.000421,0.000132,0.000133,-0.000426,-0.000941,-0.000881,-0.000409,0.000042,0.000345,0.000524,0.000522,0.000477,0.000491,0.000378,-0.000096,-0.000782,-0.001643,-0.002332,-0.002491,-0.001912,-0.000728,0.000203,0.000349,0.000064,-0.000185,-0.000269,-0.000238,-0.000204,0.000013,0.000202,0.000191,0.000104,0.000084,0.000056,-0.000019,-0.000117,-0.000146,-0.000055,-0.000055,-0.000064,-0.000082,-0.000163,-0.000063,0.000055,-0.000070,-0.000202,-0.000108,-0.000001,0.000022,0.000012,-0.000042,-0.000059,-0.000084,-0.000162,-0.000184,-0.000176,-0.000074,0.000013,0.000027,-0.000052,-0.000156,-0.000032,0.000070,0.000003,-0.000045,-0.000058,-0.000088,
0.035721,0.031334,0.012684,0.004932,0.009027,0.011549,0.007573,0.002869,0.001870,0.002148,0.002241,0.002634,0.002353,0.001594,0.001166,0.000794,0.000895,0.001266,0.001295,0.001365,0.001714,0.001701,0.000881,-0.000500,-0.001735,-0.002131,-0.001712,-0.000662,0.000367,0.000571,0.000118,-0.000500,-0.000957,-0.000870,-0.000345,0.000115,0.000141,-0.000044,-0.000185,-0.000577,-0.000907,-0.000658,-0.000132,0.000318,0.000570,0.000413,0.000191,0.000116,-0.000061,-0.000244,-0.000396,-0.000277,-0.000009,0.000158,0.000212,0.000213,0.000237,0.000211,-0.000000,-0.000505,-0.001223,-0.001641,-0.001312,0.000004,0.001419,0.001728,0.001142,0.000550,0.000017,-0.000575,-0.001034,-0.001152,-0.000686,0.000176,0.000863,0.000873,0.000422,-0.000070,-0.000295,-0.000289,-0.000109,0.000083,0.000198,0.000440,0.000907,0.001475,0.001560,0.000583,-0.000512,-0.000695,-0.000493,-0.000400,-0.000239,0.000046,0.000345,0.000486,0.000422,0.000270,0.000052,-0.000119,-0.000108,-0.000096,-0.000162,-0.000065,0.000103,0.000113,0.000112,0.000103,-0.000054,-0.000256,-0.000274,-0.000145,0.000056,0.000071,0.000038,0.000117,0.000046,-0.000043,-0.000102,-0.000150,-0.000166,-0.000123,0.000001,0.000043,0.000016,0.000011,0.000053,0.000068,-0.000006,-0.000071,-0.000089,-0.000167,-0.000240,-0.000280,-0.000212,-0.000106,-0.000024,0.000102,0.023804,0.015411,0.013482,0.015342,0.014913,0.009375,0.004160,0.004069,0.005777,0.006433,0.005858,0.003603,0.000943,-0.000443,-0.000633,0.000101,0.000809,0.000668,0.000298,0.000123,-0.000184,-0.000506,-0.000582,-0.000254,-0.000039,-0.000069,0.000045,-0.000235,-0.001324,-0.001998,-0.001518,-0.000683,0.000100,0.000508,0.000152,-0.000452,-0.000622,-0.000515,-0.000277,-0.000106,-0.000168,-0.000455,-0.000662,-0.000539,-0.000353,-0.000303,-0.000306,-0.000119,0.000138,0.000222,0.000063,-0.000079,-0.000133,-0.000068,-0.000076,-0.000261,-0.000300,-0.000180,-0.000248,-0.000460,-0.000287,0.000715,0.001957,0.001815,0.000033,-0.001507,-0.001721,-0.001621,-0.001843,-0.001800,-0.001179,-0.000424,0.000148,0.000269,-0.000188,-0.000988,-0.001220,-0.000632,0.000112,0.000512,0.000448,0.000344,0.000467,0.000550,0.000433,0.000042,-0.000797,-0.001707,-0.002339,-0.002408,-0.001666,-0.000570,0.000203,0.000228,-0.000137,-0.000301,-0.000269,-0.000212,-0.000180,-0.000026,0.000220,0.000254,0.000120,0.000032,-0.000029,-0.000128,-0.000194,-0.000142,-0.000006,-0.000003,-0.000071,-0.000149,-0.000166,-0.000090,-0.000057,-0.000063,-0.000107,-0.000125,0.000022,0.000085,-0.000010,0.000017,0.000034,-0.000071,-0.000157,-0.000133,-0.000035,0.000079,0.000023,-0.000089,0.000028,0.000095,0.000037,0.000052,0.000027,-0.000053,0.000024,0.000020,
0.036104,0.031694,0.013189,0.005426,0.009527,0.011961,0.008011,0.003315,0.002203,0.002582,0.002674,0.002542,0.001984,0.001341,0.000899,0.000633,0.000874,0.001186,0.001104,0.001252,0.001717,0.001687,0.000815,-0.000612,-0.001800,-0.002184,-0.001825,-0.000695,0.000372,0.000521,0.000015,-0.000537,-0.000921,-0.000919,-0.000453,0.000089,0.000360,0.000357,0.000045,-0.000564,-0.000876,-0.000551,-0.000063,0.000308,0.000485,0.000330,0.000032,-0.000088,-0.000074,-0.000245,-0.000431,-0.000357,-0.000180,-0.000067,0.000063,0.000168,0.000253,0.000378,0.000146,-0.000573,-0.001244,-0.001491,-0.001207,-0.000104,0.001117,0.001445,0.001057,0.000501,-0.000252,-0.001016,-0.001272,-0.001094,-0.000596,0.000128,0.000712,0.000672,0.000185,-0.000330,-0.000540,-0.000381,-0.000028,0.000230,0.000269,0.000498,0.001034,0.001574,0.001552,0.000492,-0.000619,-0.000868,-0.000574,-0.000318,-0.000049,0.000202,0.000208,0.000213,0.000285,0.000266,0.000166,0.000065,0.000069,0.000070,-0.000084,-0.000046,0.000094,0.000110,0.000104,0.000031,-0.000127,-0.000306,-0.000380,-0.000190,0.000025,0.000072,-0.000006,-0.000128,-0.000125,-0.000067,-0.000017,0.000081,0.000018,-0.000030,-0.000037,-0.000014,0.000067,0.000102,0.000112,0.000135,0.000122,-0.000029,-0.000122,-0.000160,-0.000285,-0.000244,-0.000098,-0.000047,-0.000011,0.000120,0.024353,0.016116,0.013977,0.015418,0.014770,0.009238,0.003905,0.003580,0.005411,0.006185,0.005575,0.003430,0.001034,-0.000106,-0.000210,0.000455,0.001114,0.000924,0.000327,-0.000009,-0.000343,-0.000695,-0.000633,-0.000231,0.000018,0.000161,0.000299,-0.000067,-0.001017,-0.001748,-0.001669,-0.001076,-0.000335,0.000271,0.000165,-0.000258,-0.000278,0.000009,0.000277,0.000312,0.000107,-0.000306,-0.000555,-0.000410,-0.000180,-0.000224,-0.000222,-0.000031,0.000040,0.000057,0.000088,0.000039,0.000027,0.000077,0.000046,-0.000187,-0.000301,-0.000141,-0.000305,-0.000705,-0.000519,0.000675,0.002091,0.002121,0.000574,-0.000916,-0.001321,-0.001334,-0.001519,-0.001615,-0.001233,-0.000500,0.000151,0.000319,-0.000183,-0.000876,-0.001097,-0.000665,0.000088,0.000528,0.000484,0.000372,0.000376,0.000478,0.000451,0.000081,-0.000687,-0.001720,-0.002429,-0.002348,-0.001568,-0.000458,0.000239,0.000229,-0.000106,-0.000314,-0.000274,-0.000190,-0.000084,0.000038,0.000119,0.000238,0.000276,0.000241,0.000173,-0.000014,-0.000098,-0.000034,-0.000027,0.000006,0.000000,-0.000072,-0.000073,-0.000051,0.000033,-0.000034,-0.000145,-0.000169,-0.000165,-0.000136,-0.000083,0.000020,0.000050,0.000027,-0.000052,-0.000140,-0.000098,-0.000015,-0.000026,-0.000032,-0.000061,-0.000042,-0.000001,0.000089,0.000153,0.000103,0.000041,-0.000067,
0.035984,0.031488,0.012865,0.005139,0.009323,0.011938,0.007998,0.003135,0.001684,0.001618,0.001651,0.001959,0.001910,0.001517,0.001162,0.000910,0.001186,0.001578,0.001437,0.001329,0.001588,0.001587,0.000869,-0.000311,-0.001481,-0.002146,-0.001848,-0.000629,0.000547,0.000807,0.000300,-0.000393,-0.000819,-0.000732,-0.000185,0.000371,0.000688,0.000595,0.000124,-0.000522,-0.000941,-0.000699,-0.000118,0.000428,0.000734,0.000461,0.000029,-0.000028,-0.000112,-0.000312,-0.000439,-0.000329,-0.000140,-0.000013,0.000217,0.000397,0.000442,0.000357,0.000054,-0.000564,-0.001189,-0.001405,-0.001195,-0.000267,0.000798,0.001203,0.000994,0.000539,-0.000120,-0.000914,-0.001471,-0.001576,-0.001083,-0.000195,0.000556,0.000556,0.000108,-0.000238,-0.000292,-0.000130,0.000048,0.000096,0.000049,0.000334,0.000990,0.001576,0.001582,0.000643,-0.000552,-0.000940,-0.000741,-0.000541,-0.000185,0.000268,0.000401,0.000344,0.000304,0.000158,-0.000037,-0.000122,-0.000089,-0.000079,-0.000072,-0.000079,-0.000085,-0.000014,0.000049,0.000048,0.000015,-0.000144,-0.000218,-0.000144,-0.000037,0.000087,0.000091,0.000011,-0.000037,-0.000037,-0.000069,-0.000153,-0.000162,-0.000088,-0.000046,-0.000060,0.000008,0.000107,0.000088,0.000045,0.000111,0.000095,-0.000015,-0.000112,-0.000185,-0.000107,0.000046,0.000177,0.000167,0.000166,0.025683,0.017352,0.014761,0.015732,0.014834,0.009188,0.003806,0.003340,0.005017,0.005893,0.005559,0.003526,0.000927,-0.000451,-0.000398,0.000604,0.001339,0.001088,0.000529,0.000060,-0.000341,-0.000485,-0.000421,-0.000163,0.000034,0.000151,0.000262,-0.000029,-0.000877,-0.001558,-0.001520,-0.001110,-0.000474,0.000109,0.000209,-0.000065,-0.000218,-0.000111,0.000027,-0.000052,-0.000281,-0.000655,-0.000755,-0.000440,-0.000207,-0.000306,-0.000370,-0.000185,0.000127,0.000242,0.000166,-0.000003,-0.000104,-0.000063,-0.000105,-0.000264,-0.000362,-0.000157,-0.000095,-0.000505,-0.000498,0.000659,0.001904,0.001865,0.000341,-0.001139,-0.001525,-0.001507,-0.001484,-0.001451,-0.001161,-0.000604,-0.000002,0.000182,-0.000230,-0.000896,-0.001195,-0.000833,-0.000204,0.000287,0.000468,0.000469,0.000461,0.000528,0.000512,0.000028,-0.000878,-0.001767,-0.002416,-0.002508,-0.001763,-0.000568,0.000192,0.000259,-0.000035,-0.000213,-0.000151,-0.000173,-0.000139,0.000005,0.000252,0.000453,0.000414,0.000365,0.000240,-0.000108,-0.000224,-0.000069,-0.000067,-0.000136,-0.000138,-0.000149,-0.000113,0.000043,0.000063,-0.000042,-0.000111,-0.000092,-0.000027,-0.000006,-0.000062,-0.000072,-0.000081,-0.000162,-0.000175,-0.000130,-0.000088,-0.000095,-0.000064,0.000028,0.000025,0.000017,0.000058,0.000071,0.000020,-0.000054,-0.000169,-0.000205,
0.036890,0.032016,0.013543,0.005933,0.009872,0.012203,0.008059,0.003123,0.001949,0.002179,0.002365,0.002363,0.001748,0.001197,0.000916,0.000765,0.001067,0.001322,0.001104,0.001062,0.001474,0.001496,0.000668,-0.000540,-0.001626,-0.002132,-0.001770,-0.000635,0.000413,0.000691,0.000345,-0.000148,-0.000533,-0.000550,-0.000177,0.000233,0.000480,0.000402,-0.000009,-0.000687,-0.001017,-0.000730,-0.000205,0.000299,0.000617,0.000480,0.000160,-0.000017,-0.000137,-0.000280,-0.000352,-0.000283,-0.000143,0.000044,0.000266,0.000294,0.000307,0.000344,0.000118,-0.000522,-0.001227,-0.001403,-0.000923,0.000177,0.001194,0.001388,0.000970,0.000258,-0.000503,-0.001103,-0.001389,-0.001379,-0.000884,-0.000174,0.000461,0.000672,0.000262,-0.000216,-0.000343,-0.000192,0.000068,0.000220,0.000213,0.000371,0.000878,0.001415,0.001347,0.000394,-0.000620,-0.000934,-0.000817,-0.000555,-0.000174,0.000130,0.000238,0.000327,0.000318,0.000316,0.000261,0.000184,0.000043,-0.000154,-0.000229,-0.000127,0.000082,0.000186,0.000058,-0.000090,-0.000201,-0.000379,-0.000379,-0.000199,-0.000077,0.000040,0.000072,0.000087,0.000135,0.000023,-0.000055,-0.000058,-0.000048,-0.000147,-0.000153,0.000061,0.000156,0.000112,0.000077,0.000033,0.000060,0.000043,-0.000098,-0.000208,-0.000255,-0.000272,-0.000214,-0.000082,0.000047,0.000105,0.025293,0.016973,0.014584,0.015649,0.014607,0.008782,0.003673,0.003657,0.005566,0.006328,0.005846,0.004124,0.001806,0.000321,-0.000091,0.000435,0.000995,0.000807,0.000265,-0.000073,-0.000494,-0.000818,-0.000625,-0.000064,0.000210,0.000236,0.000233,-0.000020,-0.000813,-0.001543,-0.001615,-0.001325,-0.000757,-0.000208,-0.000100,-0.000276,-0.000291,-0.000246,-0.000057,0.000070,-0.000117,-0.000434,-0.000658,-0.000454,-0.000192,-0.000241,-0.000307,-0.000164,0.000033,0.000088,0.000010,-0.000090,-0.000029,0.000078,-0.000058,-0.000422,-0.000596,-0.000342,-0.000241,-0.000448,-0.000212,0.000913,0.002036,0.001669,-0.000102,-0.001422,-0.001607,-0.001553,-0.001468,-0.001304,-0.000934,-0.000468,-0.000077,0.000193,-0.000107,-0.000860,-0.001158,-0.000685,0.000031,0.000484,0.000491,0.000383,0.000477,0.000495,0.000268,-0.000146,-0.000805,-0.001686,-0.002291,-0.002251,-0.001662,-0.000652,0.000108,0.000133,-0.000102,-0.000229,-0.000402,-0.000467,-0.000247,0.000043,0.000234,0.000251,0.000059,-0.000104,-0.000122,-0.000063,0.000068,0.000038,-0.000075,-0.000194,-0.000235,-0.000241,-0.000126,0.000031,-0.000038,-0.000143,-0.000114,-0.000063,-0.000064,-0.000040,-0.000045,-0.000049,-0.000083,-0.000154,-0.000170,-0.000163,-0.000044,0.000123,0.000122,0.000025,-0.000021,-0.000046,0.000017,0.000152,0.000155,0.000186,0.000064,-0.000221,
0.037333,0.032319,0.013551,0.005742,0.009836,0.012323,0.008385,0.003713,0.002447,0.002470,0.002707,0.003131,0.002689,0.001656,0.000938,0.000681,0.001026,0.001371,0.001280,0.001380,0.001758,0.001702,0.000820,-0.000595,-0.001782,-0.002217,-0.001741,-0.000578,0.000504,0.000805,0.000379,-0.000318,-0.000902,-0.000953,-0.000382,0.000281,0.000562,0.000521,0.000134,-0.000528,-0.000919,-0.000748,-0.000192,0.000360,0.000646,0.000558,0.000222,0.000016,-0.000056,-0.000151,-0.000262,-0.000151,-0.000004,0.000182,0.000333,0.000383,0.000393,0.000381,0.000165,-0.000540,-0.001319,-0.001700,-0.001352,0.000010,0.001392,0.001664,0.000953,0.000125,-0.000663,-0.001356,-0.001475,-0.001153,-0.000668,-0.000065,0.000432,0.000426,-0.000010,-0.000348,-0.000415,-0.000184,0.000152,0.000365,0.000406,0.000566,0.000981,0.001547,0.001416,0.000224,-0.000836,-0.001034,-0.000844,-0.000563,-0.000206,0.000135,0.000408,0.000483,0.000400,0.000318,0.000133,-0.000040,-0.000077,0.000023,0.000062,0.000058,0.000119,0.000222,0.000194,0.000085,-0.000058,-0.000294,-0.000408,-0.000228,-0.000010,0.000028,-0.000014,0.000023,0.000099,0.000002,-0.000133,-0.000097,-0.000047,-0.000144,-0.000215,-0.000135,0.000084,0.000215,0.000171,0.000152,0.000023,0.000004,0.000050,-0.000028,-0.000072,-0.000067,-0.000035,-0.000079,0.000048,0.000107,0.025703,0.017301,0.014793,0.015791,0.014959,0.009440,0.004193,0.003665,0.005446,0.006605,0.006186,0.003883,0.001198,-0.000147,-0.000178,0.000575,0.001201,0.001078,0.000654,0.000303,-0.000124,-0.000449,-0.000421,-0.000068,0.000124,0.000164,0.000349,0.000177,-0.000722,-0.001627,-0.001850,-0.001482,-0.000709,0.000081,0.000331,0.000177,0.000072,0.000207,0.000326,0.000177,-0.000065,-0.000401,-0.000586,-0.000341,-0.000220,-0.000253,-0.000159,0.000025,0.000204,0.000302,0.000262,0.000079,-0.000031,-0.000036,-0.000082,-0.000381,-0.000429,-0.000119,-0.000139,-0.000553,-0.000466,0.000615,0.001843,0.001706,-0.000091,-0.001845,-0.002337,-0.002245,-0.001956,-0.001533,-0.001018,-0.000357,0.000112,0.000179,-0.000252,-0.000835,-0.001001,-0.000578,0.000048,0.000530,0.000672,0.000484,0.000378,0.000525,0.000547,-0.000017,-0.000974,-0.001839,-0.002388,-0.002416,-0.001701,-0.000550,0.000351,0.000506,0.000109,-0.000129,-0.000103,-0.000093,-0.000043,0.000071,0.000114,0.000159,0.000115,0.000034,-0.000107,-0.000211,-0.000178,-0.000105,-0.000046,-0.000052,-0.000091,-0.000066,0.000018,0.000095,-0.000023,-0.000191,-0.000141,-0.000060,-0.000022,0.000043,0.000013,-0.000011,0.000029,-0.000049,-0.000147,-0.000099,-0.000021,-0.000090,-0.000118,-0.000102,-0.000091,-0.000044,0.000043,0.000083,0.000074,0.000069,-0.000052,-0.000172,
0.035750,0.030918,0.012320,0.004597,0.008722,0.011659,0.008114,0.003128,0.001364,0.001168,0.001236,0.001927,0.002364,0.002135,0.001508,0.000619,0.000579,0.001164,0.001362,0.001478,0.001669,0.001433,0.000662,-0.000569,-0.001677,-0.002133,-0.001847,-0.000697,0.000518,0.000792,0.000322,-0.000259,-0.000734,-0.000737,-0.000316,0.000119,0.000411,0.000349,-0.000030,-0.000568,-0.000900,-0.000598,-0.000037,0.000445,0.000717,0.000529,0.000228,0.000078,0.000029,-0.000093,-0.000181,-0.000173,-0.000132,0.000098,0.000233,0.000213,0.000177,0.000091,-0.000066,-0.000517,-0.000965,-0.001022,-0.000690,0.000255,0.001317,0.001621,0.001288,0.000685,-0.000064,-0.000681,-0.001087,-0.001188,-0.000782,-0.000008,0.000621,0.000633,0.000134,-0.000242,-0.000293,-0.000326,-0.000225,0.000031,0.000194,0.000350,0.000872,0.001531,0.001572,0.000551,-0.000685,-0.001068,-0.000962,-0.000805,-0.000392,0.000115,0.000328,0.000365,0.000426,0.000384,0.000176,0.000004,-0.000001,0.000064,0.000112,0.000152,0.000139,0.000066,0.000090,0.000112,-0.000073,-0.000215,-0.000147,0.000034,0.000070,-0.000049,-0.000033,0.000102,0.000066,-0.000157,-0.000090,0.000085,-0.000032,-0.000180,-0.000165,-0.000106,-0.000099,-0.000097,-0.000019,0.000100,0.000085,0.000051,0.000096,0.000007,-0.000104,-0.000097,0.000009,0.000044,0.000025,0.000109,0.028754,0.019967,0.016085,0.016489,0.015959,0.010545,0.005004,0.004229,0.005744,0.006429,0.005819,0.003957,0.001768,0.000426,0.000041,0.000454,0.001142,0.001212,0.000603,0.000009,-0.000418,-0.000588,-0.000411,-0.000052,-0.000006,-0.000055,0.000163,-0.000009,-0.001015,-0.001846,-0.001791,-0.001249,-0.000468,0.000169,0.000165,-0.000076,-0.000062,0.000085,0.000235,0.000167,-0.000075,-0.000432,-0.000749,-0.000521,-0.000201,-0.000263,-0.000225,-0.000017,0.000162,0.000263,0.000192,0.000114,0.000092,0.000064,0.000033,-0.000174,-0.000269,-0.000067,-0.000230,-0.000620,-0.000440,0.000481,0.001574,0.001614,0.000311,-0.000961,-0.001450,-0.001611,-0.001691,-0.001631,-0.001213,-0.000496,0.000108,0.000211,-0.000333,-0.001001,-0.001048,-0.000593,-0.000042,0.000378,0.000362,0.000328,0.000487,0.000631,0.000614,0.000127,-0.000886,-0.001896,-0.002423,-0.002347,-0.001551,-0.000357,0.000320,0.000353,0.000026,-0.000207,-0.000212,-0.000265,-0.000245,-0.000070,0.000166,0.000251,0.000224,0.000129,-0.000041,-0.000178,-0.000139,-0.000039,-0.000028,0.000032,0.000067,0.000013,-0.000025,-0.000063,-0.000095,-0.000106,-0.000111,-0.000174,-0.000101,-0.000062,-0.000106,-0.000097,-0.000055,-0.000008,-0.000087,-0.000144,-0.000038,-0.000009,-0.000038,0.000035,-0.000082,-0.000138,-0.000018,0.000020,0.000028,0.000002,-0.000061,-0.000169,
0.035343,0.030597,0.012231,0.004392,0.008257,0.011258,0.008105,0.003300,0.001669,0.001791,0.002315,0.002919,0.002497,0.001488,0.000820,0.000487,0.000830,0.001424,0.001459,0.001426,0.001672,0.001550,0.000650,-0.000679,-0.001793,-0.002303,-0.002009,-0.000820,0.000424,0.000772,0.000283,-0.000419,-0.000970,-0.000836,-0.000226,0.000223,0.000306,0.000217,-0.000051,-0.000592,-0.000949,-0.000693,-0.000138,0.000309,0.000488,0.000326,0.000087,0.000150,0.000195,-0.000106,-0.000367,-0.000317,-0.000106,-0.000019,0.000182,0.000442,0.000451,0.000367,0.000124,-0.000645,-0.001440,-0.001734,-0.001237,0.000114,0.001268,0.001461,0.000990,0.000475,-0.000174,-0.000855,-0.001162,-0.001139,-0.000813,0.000026,0.000851,0.000845,0.000253,-0.000238,-0.000405,-0.000326,-0.000124,0.000070,0.000130,0.000369,0.000916,0.001553,0.001609,0.000665,-0.000368,-0.000654,-0.000575,-0.000547,-0.000361,-0.000063,0.000116,0.000259,0.000319,0.000169,-0.000014,-0.000108,-0.000100,-0.000060,-0.000113,-0.000084,0.000057,0.000242,0.000303,0.000067,-0.000010,-0.000073,-0.000152,-0.000037,0.000055,0.000050,0.000027,-0.000019,0.000027,0.000021,0.000031,0.000027,-0.000058,-0.000058,-0.000050,0.000003,0.000076,0.000051,0.000069,0.000111,0.000140,0.000126,0.000070,-0.000033,-0.000042,0.000064,0.000108,0.000162,0.000184,0.000186,0.029993,0.021032,0.016749,0.016935,0.016664,0.011426,0.005570,0.004525,0.006050,0.006689,0.005844,0.003507,0.001064,0.000058,0.000396,0.001335,0.001880,0.001468,0.000820,0.000410,-0.000038,-0.000351,-0.000354,-0.000049,0.000087,0.000075,0.000170,-0.000110,-0.001007,-0.001686,-0.001603,-0.001139,-0.000408,0.000256,0.000281,-0.000050,-0.000187,-0.000180,-0.000092,0.000019,-0.000033,-0.000391,-0.000675,-0.000424,-0.000164,-0.000152,-0.000181,-0.000053,0.000131,0.000181,0.000120,-0.000046,-0.000102,-0.000045,-0.000040,-0.000200,-0.000280,-0.000061,-0.000038,-0.000384,-0.000296,0.000832,0.002041,0.001702,-0.000187,-0.001644,-0.001802,-0.001599,-0.001613,-0.001701,-0.001321,-0.000556,0.000054,0.000205,-0.000259,-0.001037,-0.001329,-0.000734,-0.000007,0.000360,0.000509,0.000441,0.000328,0.000429,0.000434,-0.000044,-0.000952,-0.001858,-0.002504,-0.002503,-0.001713,-0.000511,0.000332,0.000392,-0.000009,-0.000246,-0.000179,-0.000183,-0.000283,-0.000166,0.000124,0.000251,0.000107,-0.000082,-0.000107,-0.000166,-0.000225,-0.000206,-0.000192,-0.000103,-0.000084,-0.000084,0.000004,0.000051,0.000005,-0.000196,-0.000249,-0.000148,-0.000039,0.000006,-0.000049,-0.000058,-0.000029,-0.000073,-0.000183,-0.000232,-0.000145,-0.000048,-0.000060,-0.000066,-0.000110,-0.000078,-0.000013,0.000121,0.000174,0.000119,0.000034,-0.000116,
0.035040,0.030198,0.011903,0.004198,0.007966,0.010999,0.007949,0.003262,0.001445,0.001111,0.001003,0.001481,0.001863,0.001705,0.001102,0.000472,0.000878,0.001641,0.001677,0.001568,0.001692,0.001568,0.000705,-0.000615,-0.001693,-0.002084,-0.001740,-0.000761,0.000311,0.000727,0.000392,-0.000394,-0.001085,-0.000979,-0.000234,0.000288,0.000399,0.000350,0.000024,-0.000641,-0.000999,-0.000782,-0.000355,0.000193,0.000543,0.000350,-0.000055,-0.000235,-0.000342,-0.000398,-0.000285,-0.000197,-0.000080,0.000152,0.000415,0.000519,0.000405,0.000263,-0.000036,-0.000673,-0.001313,-0.001585,-0.001172,0.000147,0.001441,0.001611,0.001029,0.000464,-0.000053,-0.000628,-0.001013,-0.000909,-0.000483,0.000180,0.000872,0.000889,0.000230,-0.000349,-0.000422,-0.000229,-0.000018,0.000141,0.000186,0.000289,0.000766,0.001444,0.001519,0.000557,-0.000492,-0.000748,-0.000584,-0.000451,-0.000310,0.000006,0.000191,0.000239,0.000305,0.000258,0.000103,-0.000026,-0.000045,-0.000035,-0.000132,-0.000132,-0.000023,0.000089,0.000114,0.000011,-0.000155,-0.000283,-0.000278,-0.000125,-0.000032,-0.000037,-0.000020,-0.000038,0.000023,-0.000009,-0.000073,-0.000066,-0.000087,-0.000110,-0.000125,-0.000079,0.000004,0.000049,0.000058,0.000087,0.000091,0.000045,-0.000040,-0.000150,-0.000159,-0.000070,0.000051,0.000032,0.000017,0.000178,0.031558,0.022829,0.017805,0.017329,0.017104,0.011934,0.005908,0.004537,0.005780,0.006349,0.005707,0.003940,0.001820,0.000460,0.000113,0.000751,0.001573,0.001478,0.000693,0.000141,-0.000073,-0.000216,-0.000192,0.000005,-0.000018,-0.000150,-0.000076,-0.000255,-0.001061,-0.001584,-0.001248,-0.000553,0.000340,0.000758,0.000383,-0.000143,-0.000371,-0.000240,-0.000036,0.000047,0.000046,-0.000297,-0.000596,-0.000493,-0.000301,-0.000212,-0.000257,-0.000160,0.000070,0.000226,0.000259,0.000186,0.000119,0.000062,-0.000113,-0.000317,-0.000221,-0.000103,-0.000370,-0.000825,-0.000613,0.000700,0.002160,0.002089,0.000314,-0.001219,-0.001514,-0.001535,-0.001647,-0.001641,-0.001305,-0.000593,0.000120,0.000342,-0.000115,-0.000920,-0.001080,-0.000449,0.000130,0.000488,0.000466,0.000156,0.000220,0.000441,0.000412,-0.000061,-0.000892,-0.001685,-0.002255,-0.002320,-0.001687,-0.000504,0.000303,0.000330,0.000050,-0.000221,-0.000216,-0.000101,-0.000008,0.000076,0.000106,0.000106,0.000007,0.000023,0.000055,-0.000063,-0.000185,-0.000157,-0.000096,0.000016,0.000036,-0.000079,-0.000013,0.000006,-0.000121,-0.000181,-0.000199,-0.000169,-0.000033,-0.000009,-0.000004,0.000040,0.000011,-0.000051,-0.000071,-0.000203,-0.000262,-0.000160,-0.000075,-0.000037,-0.000009,-0.000017,-0.000026,0.000006,0.000035,-0.000035,-0.000126,-0.000206,
0.035136,0.030236,0.012222,0.004364,0.007906,0.011059,0.008100,0.003333,0.001626,0.001680,0.002093,0.002488,0.002177,0.001369,0.000731,0.000515,0.000888,0.001329,0.001283,0.001295,0.001641,0.001649,0.000848,-0.000430,-0.001545,-0.002013,-0.001738,-0.000683,0.000449,0.000738,0.000243,-0.000494,-0.000997,-0.000860,-0.000173,0.000377,0.000532,0.000483,0.000219,-0.000389,-0.000825,-0.000692,-0.000190,0.000294,0.000593,0.000443,0.000055,-0.000147,-0.000199,-0.000308,-0.000356,-0.000297,-0.000183,0.000095,0.000351,0.000373,0.000315,0.000216,-0.000039,-0.000582,-0.001176,-0.001506,-0.001276,-0.000180,0.001007,0.001318,0.000845,0.000192,-0.000401,-0.000989,-0.001412,-0.001437,-0.001026,-0.000225,0.000509,0.000582,0.000154,-0.000205,-0.000275,-0.000161,0.000064,0.000264,0.000262,0.000330,0.000922,0.001649,0.001646,0.000612,-0.000507,-0.000786,-0.000553,-0.000352,-0.000149,0.000054,0.000163,0.000307,0.000534,0.000452,0.000225,0.000058,-0.000063,-0.000057,-0.000063,-0.000103,-0.000022,0.000105,0.000137,0.000093,-0.000086,-0.000245,-0.000196,-0.000065,-0.000031,-0.000069,-0.000046,-0.000007,-0.000028,-0.000082,-0.000069,-0.000092,-0.000194,-0.000166,-0.000137,-0.000124,-0.000028,-0.000013,-0.000099,-0.000037,0.000053,-0.000013,-0.000087,-0.000098,-0.000075,-0.000090,0.000016,0.000029,0.000064,0.000051,0.033218,0.024116,0.018611,0.017932,0.017778,0.012612,0.006423,0.004858,0.006171,0.006647,0.005376,0.002723,0.000346,-0.000337,0.000067,0.000871,0.001370,0.000963,0.000313,0.000047,-0.000159,-0.000310,-0.000234,-0.000001,0.000019,-0.000125,-0.000064,-0.000174,-0.000943,-0.001679,-0.001684,-0.001192,-0.000418,0.000212,0.000243,-0.000061,-0.000233,-0.000224,-0.000052,0.000099,-0.000052,-0.000434,-0.000570,-0.000306,-0.000127,-0.000224,-0.000198,0.000086,0.000296,0.000359,0.000326,0.000241,0.000137,0.000087,0.000022,-0.000165,-0.000311,-0.000112,-0.000123,-0.000542,-0.000506,0.000574,0.001887,0.001846,0.000268,-0.001231,-0.001649,-0.001561,-0.001514,-0.001515,-0.001174,-0.000503,0.000156,0.000291,-0.000318,-0.001058,-0.001252,-0.000803,-0.000123,0.000316,0.000386,0.000339,0.000368,0.000488,0.000377,-0.000170,-0.001044,-0.001893,-0.002312,-0.002194,-0.001553,-0.000522,0.000228,0.000281,-0.000060,-0.000294,-0.000298,-0.000314,-0.000178,0.000005,0.000067,0.000162,0.000175,0.000066,-0.000024,-0.000001,-0.000037,-0.000136,-0.000144,-0.000021,0.000029,-0.000008,-0.000011,0.000007,0.000006,-0.000023,-0.000000,-0.000017,-0.000057,-0.000024,0.000008,-0.000013,-0.000056,-0.000179,-0.000264,-0.000162,-0.000082,-0.000088,-0.000093,-0.000084,-0.000078,-0.000065,-0.000013,0.000061,0.000121,0.000099,-0.000008,-0.000112,
0.033754,0.029025,0.011349,0.003664,0.007069,0.010242,0.007868,0.003412,0.001366,0.000944,0.001126,0.001931,0.002191,0.001428,0.000623,0.000352,0.000807,0.001306,0.001372,0.001511,0.001761,0.001563,0.000684,-0.000627,-0.001722,-0.002115,-0.001763,-0.000749,0.000312,0.000689,0.000264,-0.000385,-0.000809,-0.000784,-0.000224,0.000456,0.000747,0.000574,-0.000039,-0.000769,-0.001054,-0.000742,-0.000027,0.000604,0.000760,0.000499,0.000128,-0.000077,-0.000149,-0.000256,-0.000245,-0.000080,0.000112,0.000226,0.000371,0.000473,0.000437,0.000315,0.000030,-0.000600,-0.001161,-0.001277,-0.000895,0.000223,0.001291,0.001499,0.001124,0.000585,-0.000092,-0.000851,-0.001346,-0.001396,-0.001030,-0.000309,0.000499,0.000820,0.000417,-0.000088,-0.000258,-0.000123,0.000102,0.000236,0.000126,0.000208,0.000804,0.001508,0.001582,0.000686,-0.000390,-0.000802,-0.000761,-0.000681,-0.000406,0.000006,0.000181,0.000213,0.000465,0.000525,0.000221,0.000003,-0.000018,-0.000063,-0.000089,-0.000085,-0.000077,0.000037,0.000083,0.000001,-0.000051,-0.000145,-0.000212,-0.000153,-0.000102,0.000056,0.000112,0.000037,0.000027,-0.000021,-0.000054,-0.000005,-0.000006,-0.000048,-0.000097,-0.000141,-0.000056,-0.000017,-0.000016,0.000084,0.000043,0.000034,0.000093,-0.000026,-0.000136,-0.000095,-0.000000,0.000072,0.000041,0.000025,0.036101,0.026474,0.019770,0.018521,0.018452,0.013507,0.007164,0.005191,0.006203,0.006787,0.006220,0.004210,0.001651,0.000429,0.000524,0.001143,0.001530,0.001249,0.000693,0.000172,-0.000244,-0.000362,-0.000279,-0.000080,-0.000061,-0.000188,-0.000126,-0.000279,-0.000922,-0.001599,-0.001653,-0.001266,-0.000672,-0.000065,0.000177,-0.000022,-0.000087,-0.000077,-0.000056,-0.000061,-0.000137,-0.000318,-0.000519,-0.000513,-0.000290,-0.000227,-0.000211,0.000014,0.000289,0.000413,0.000282,0.000072,0.000077,0.000263,0.000228,-0.000106,-0.000307,-0.000146,-0.000233,-0.000578,-0.000427,0.000638,0.001816,0.001504,-0.000111,-0.001334,-0.001568,-0.001478,-0.001472,-0.001554,-0.001316,-0.000697,0.000001,0.000349,-0.000034,-0.000754,-0.001012,-0.000577,0.000053,0.000371,0.000359,0.000267,0.000271,0.000400,0.000387,-0.000157,-0.000982,-0.001847,-0.002417,-0.002380,-0.001736,-0.000621,0.000184,0.000264,0.000081,-0.000044,-0.000051,-0.000085,-0.000138,-0.000047,0.000062,0.000117,0.000166,0.000118,0.000015,-0.000063,-0.000140,-0.000111,0.000038,0.000088,-0.000039,-0.000080,0.000029,0.000123,0.000113,-0.000085,-0.000134,-0.000038,-0.000056,-0.000077,-0.000036,-0.000048,0.000013,0.000064,0.000028,-0.000009,-0.000044,-0.000095,-0.000034,-0.000001,-0.000021,0.000008,0.000003,0.000014,0.000015,-0.000101,-0.000111,-0.000095,
0.032868,0.028351,0.011118,0.003378,0.006619,0.010071,0.007821,0.003235,0.001088,0.000621,0.000550,0.001076,0.001604,0.001510,0.000838,0.000141,0.000520,0.001356,0.001531,0.001556,0.001781,0.001605,0.000675,-0.000710,-0.001823,-0.002183,-0.001824,-0.000680,0.000613,0.001045,0.000592,-0.000218,-0.000944,-0.001021,-0.000344,0.000312,0.000700,0.000639,0.000112,-0.000566,-0.000942,-0.000755,-0.000260,0.000283,0.000531,0.000394,0.000091,-0.000058,-0.000107,-0.000273,-0.000305,-0.000107,0.000060,0.000188,0.000401,0.000482,0.000396,0.000300,0.000038,-0.000614,-0.001390,-0.001801,-0.001440,-0.000133,0.001094,0.001279,0.000620,0.000013,-0.000562,-0.001207,-0.001534,-0.001321,-0.000657,-0.000183,0.000307,0.000494,0.000126,-0.000165,-0.000184,-0.000134,0.000019,0.000195,0.000234,0.000373,0.000855,0.001571,0.001666,0.000630,-0.000581,-0.000971,-0.000877,-0.000702,-0.000234,0.000274,0.000334,0.000367,0.000524,0.000544,0.000351,0.000073,-0.000001,0.000045,0.000006,0.000001,0.000135,0.000303,0.000233,-0.000033,-0.000181,-0.000253,-0.000255,-0.000104,0.000041,0.000168,0.000231,0.000113,-0.000097,-0.000108,0.000056,0.000112,0.000044,-0.000064,-0.000099,0.000010,0.000100,0.000036,0.000054,0.000077,0.000036,-0.000040,-0.000121,-0.000170,-0.000154,-0.000026,-0.000026,-0.000031,0.000066,0.000119,0.038553,0.028895,0.021052,0.019047,0.019133,0.014245,0.007810,0.005565,0.006207,0.006412,0.005526,0.003909,0.002096,0.000755,0.000303,0.000825,0.001444,0.001228,0.000565,0.000092,-0.000250,-0.000501,-0.000443,-0.000059,-0.000055,-0.000336,-0.000256,-0.000202,-0.000849,-0.001601,-0.001715,-0.001376,-0.000690,0.000097,0.000413,0.000174,-0.000093,-0.000090,-0.000051,-0.000007,-0.000056,-0.000358,-0.000526,-0.000316,-0.000134,-0.000181,-0.000165,0.000135,0.000398,0.000466,0.000316,0.000147,0.000140,0.000243,0.000251,0.000049,-0.000139,-0.000022,-0.000083,-0.000526,-0.000452,0.000770,0.002167,0.001986,0.000044,-0.001765,-0.002180,-0.001976,-0.001849,-0.001620,-0.001026,-0.000396,0.000083,0.000336,0.000058,-0.000632,-0.000963,-0.000721,-0.000188,0.000346,0.000516,0.000417,0.000407,0.000550,0.000572,0.000074,-0.000774,-0.001631,-0.002199,-0.002159,-0.001517,-0.000481,0.000443,0.000598,0.000254,0.000006,-0.000145,-0.000238,-0.000189,0.000014,0.000178,0.000222,0.000229,0.000165,0.000036,-0.000087,-0.000037,0.000043,0.000016,0.000063,-0.000054,-0.000196,-0.000088,0.000039,0.000057,-0.000046,-0.000124,-0.000103,-0.000086,-0.000008,-0.000011,-0.000020,0.000028,0.000032,0.000008,-0.000013,-0.000082,-0.000122,-0.000146,-0.000143,-0.000149,-0.000053,0.000070,0.000065,-0.000002,-0.000013,-0.000063,-0.000160,
0.031061,0.026598,0.010071,0.002602,0.005725,0.009305,0.007442,0.003032,0.000912,0.000532,0.000759,0.001446,0.001471,0.000798,0.000369,0.000193,0.000446,0.000966,0.001193,0.001355,0.001608,0.001497,0.000665,-0.000598,-0.001545,-0.001917,-0.001628,-0.000606,0.000568,0.000981,0.000591,-0.000086,-0.000707,-0.000832,-0.000311,0.000348,0.000722,0.000677,0.000292,-0.000296,-0.000692,-0.000492,0.000037,0.000490,0.000598,0.000300,0.000064,0.000075,-0.000026,-0.000268,-0.000404,-0.000228,0.000044,0.000230,0.000458,0.000548,0.000418,0.000273,0.000064,-0.000488,-0.001067,-0.001255,-0.000951,0.000229,0.001756,0.002254,0.001715,0.000849,-0.000014,-0.000781,-0.001139,-0.001068,-0.000714,-0.000030,0.000534,0.000500,0.000139,-0.000146,-0.000369,-0.000426,-0.000179,0.000050,0.000150,0.000375,0.000923,0.001638,0.001681,0.000551,-0.000672,-0.001047,-0.000949,-0.000718,-0.000309,0.000159,0.000370,0.000438,0.000419,0.000285,0.000125,-0.000050,-0.000154,-0.000154,-0.000145,-0.000111,-0.000018,0.000017,0.000042,0.000091,0.000037,-0.000061,-0.000166,-0.000115,0.000079,0.000217,0.000221,0.000160,0.000004,-0.000144,-0.000004,-0.000011,-0.000149,-0.000040,0.000111,0.000048,-0.000005,0.000047,0.000058,0.000089,0.000137,0.000087,0.000017,-0.000049,-0.000108,-0.000102,-0.000076,-0.000029,0.000075,0.000099,0.041649,0.031482,0.022426,0.019575,0.019583,0.014865,0.008283,0.005730,0.006292,0.006556,0.005524,0.003396,0.001450,0.000834,0.000965,0.001207,0.001423,0.001144,0.000696,0.000318,-0.000041,-0.000212,-0.000270,-0.000158,-0.000093,-0.000145,-0.000160,-0.000286,-0.000877,-0.001416,-0.001457,-0.001389,-0.000888,-0.000022,0.000371,0.000235,0.000142,0.000234,0.000225,0.000059,-0.000253,-0.000534,-0.000570,-0.000339,-0.000171,-0.000178,-0.000061,0.000128,0.000390,0.000497,0.000299,0.000150,0.000202,0.000267,0.000199,-0.000054,-0.000097,0.000066,-0.000127,-0.000555,-0.000585,0.000286,0.001510,0.001573,0.000165,-0.001357,-0.001964,-0.002038,-0.001989,-0.001866,-0.001423,-0.000533,0.000305,0.000477,-0.000064,-0.000815,-0.001095,-0.000578,0.000115,0.000462,0.000485,0.000416,0.000358,0.000434,0.000412,-0.000117,-0.001067,-0.001902,-0.002480,-0.002535,-0.001652,-0.000424,0.000418,0.000522,0.000073,-0.000137,-0.000059,-0.000097,-0.000071,0.000053,0.000155,0.000282,0.000150,-0.000021,-0.000032,-0.000072,-0.000165,-0.000194,-0.000157,-0.000108,-0.000065,-0.000123,-0.000108,0.000044,0.000048,-0.000028,-0.000029,-0.000047,-0.000076,-0.000011,0.000001,-0.000093,-0.000099,-0.000106,-0.000161,-0.000228,-0.000170,-0.000059,0.000015,-0.000031,-0.000106,-0.000097,-0.000104,-0.000100,-0.000105,-0.000095,-0.000173,-0.000254,
0.028766,0.024592,0.008806,0.001630,0.004924,0.008839,0.007364,0.003050,0.000708,0.000067,-0.000023,0.000633,0.001396,0.001297,0.000541,-0.000158,0.000051,0.000867,0.001377,0.001589,0.001763,0.001497,0.000463,-0.000997,-0.001992,-0.002267,-0.002066,-0.000962,0.000377,0.000855,0.000560,-0.000164,-0.000903,-0.000967,-0.000349,0.000223,0.000437,0.000382,-0.000004,-0.000616,-0.000961,-0.000597,0.000069,0.000362,0.000512,0.000494,0.000242,0.000101,-0.000016,-0.000241,-0.000395,-0.000324,-0.000040,0.000198,0.000364,0.000409,0.000382,0.000354,0.000128,-0.000508,-0.001190,-0.001376,-0.000955,0.000023,0.000846,0.001059,0.000862,0.000463,-0.000126,-0.000746,-0.001051,-0.001027,-0.000617,0.000241,0.000882,0.000775,0.000169,-0.000254,-0.000330,-0.000299,-0.000177,0.000036,0.000108,0.000221,0.000806,0.001586,0.001791,0.000864,-0.000308,-0.000768,-0.000754,-0.000609,-0.000387,-0.000119,0.000145,0.000297,0.000471,0.000573,0.000339,0.000082,-0.000076,-0.000107,-0.000089,-0.000076,0.000051,0.000070,0.000008,0.000134,0.000062,-0.000141,-0.000174,-0.000126,-0.000079,-0.000137,-0.000116,-0.000038,-0.000053,-0.000045,0.000079,0.000073,0.000012,-0.000021,-0.000023,-0.000030,-0.000080,-0.000088,-0.000086,0.000004,0.000123,0.000093,0.000006,-0.000029,-0.000090,-0.000102,-0.000022,0.000007,0.000118,0.000200,0.044753,0.034017,0.023707,0.020077,0.020109,0.015632,0.008903,0.006017,0.006277,0.006125,0.005060,0.003548,0.002045,0.000933,0.000284,0.000550,0.001365,0.001460,0.000854,0.000370,-0.000103,-0.000414,-0.000393,-0.000137,-0.000142,-0.000285,-0.000322,-0.000500,-0.001169,-0.001829,-0.001806,-0.001321,-0.000567,0.000116,0.000249,-0.000066,-0.000284,-0.000264,-0.000228,-0.000264,-0.000302,-0.000396,-0.000519,-0.000363,-0.000090,-0.000068,-0.000041,0.000218,0.000357,0.000307,0.000277,0.000097,-0.000019,0.000152,0.000213,-0.000011,-0.000271,-0.000201,-0.000163,-0.000401,-0.000224,0.000853,0.002026,0.001710,-0.000172,-0.001701,-0.001904,-0.001721,-0.001659,-0.001539,-0.001147,-0.000441,0.000205,0.000382,-0.000087,-0.000812,-0.001055,-0.000613,-0.000071,0.000376,0.000574,0.000438,0.000450,0.000606,0.000601,0.000105,-0.000774,-0.001731,-0.002480,-0.002584,-0.001835,-0.000614,0.000294,0.000380,0.000038,-0.000163,-0.000224,-0.000262,-0.000192,-0.000010,0.000162,0.000129,0.000032,0.000013,0.000057,0.000002,-0.000119,-0.000117,-0.000047,-0.000035,-0.000093,-0.000120,-0.000078,-0.000059,-0.000064,-0.000074,-0.000134,-0.000193,-0.000099,-0.000028,-0.000008,-0.000033,-0.000131,-0.000169,-0.000217,-0.000280,-0.000204,-0.000128,-0.000084,-0.000011,-0.000060,-0.000115,-0.000025,0.000039,0.000086,0.000024,-0.000013,-0.000053,
0.027472,0.023438,0.008449,0.001612,0.004709,0.008633,0.007326,0.003106,0.000767,0.000209,0.000290,0.000955,0.001475,0.001178,0.000537,-0.000001,0.000145,0.000755,0.001159,0.001400,0.001620,0.001321,0.000457,-0.000682,-0.001804,-0.002175,-0.001798,-0.000828,0.000281,0.000635,0.000400,-0.000265,-0.000997,-0.000904,-0.000162,0.000338,0.000457,0.000324,-0.000044,-0.000689,-0.001161,-0.000890,-0.000221,0.000282,0.000445,0.000177,-0.000155,-0.000261,-0.000293,-0.000318,-0.000352,-0.000223,0.000063,0.000272,0.000356,0.000473,0.000466,0.000315,0.000022,-0.000683,-0.001472,-0.001726,-0.001166,0.000204,0.001448,0.001595,0.000990,0.000465,0.000017,-0.000581,-0.001108,-0.001120,-0.000642,0.000101,0.000792,0.000773,0.000229,-0.000224,-0.000263,-0.000184,-0.000078,-0.000024,0.000125,0.000318,0.000829,0.001545,0.001643,0.000693,-0.000471,-0.000871,-0.000610,-0.000426,-0.000314,-0.000112,0.000117,0.000423,0.000637,0.000522,0.000201,-0.000008,-0.000109,-0.000211,-0.000211,-0.000032,0.000129,0.000134,0.000027,-0.000089,-0.000222,-0.000370,-0.000361,-0.000166,-0.000036,0.000030,0.000036,-0.000027,-0.000008,0.000031,0.000074,0.000043,0.000053,0.000090,-0.000015,-0.000175,-0.000056,0.000097,0.000086,0.000126,0.000127,-0.000099,-0.000211,-0.000181,-0.000175,-0.000164,-0.000086,0.000046,0.000137,0.000147,0.046720,0.035929,0.024862,0.020547,0.020428,0.015923,0.009071,0.006068,0.006288,0.006136,0.005051,0.003489,0.001919,0.001093,0.000860,0.001087,0.001588,0.001385,0.000601,0.000103,-0.000128,-0.000248,-0.000226,-0.000086,-0.000143,-0.000313,-0.000237,-0.000381,-0.001110,-0.001677,-0.001327,-0.000517,0.000332,0.000749,0.000440,-0.000120,-0.000435,-0.000417,-0.000257,-0.000195,-0.000293,-0.000530,-0.000701,-0.000554,-0.000336,-0.000254,-0.000143,0.000145,0.000490,0.000615,0.000432,0.000145,0.000073,0.000256,0.000176,-0.000183,-0.000240,-0.000057,-0.000183,-0.000593,-0.000544,0.000562,0.001939,0.001883,0.000137,-0.001509,-0.001792,-0.001651,-0.001707,-0.001650,-0.001277,-0.000532,0.000246,0.000537,0.000079,-0.000774,-0.001094,-0.000550,0.000194,0.000536,0.000427,0.000297,0.000333,0.000449,0.000447,-0.000013,-0.000906,-0.001822,-0.002343,-0.002239,-0.001574,-0.000457,0.000325,0.000401,0.000123,-0.000078,-0.000080,-0.000130,-0.000190,-0.000023,0.000170,0.000163,0.000101,0.000054,0.000097,0.000150,0.000012,-0.000093,-0.000146,-0.000176,-0.000165,-0.000106,-0.000073,-0.000064,-0.000028,-0.000104,-0.000196,-0.000152,-0.000031,-0.000006,-0.000049,-0.000011,0.000087,0.000075,-0.000012,-0.000129,-0.000105,-0.000177,-0.000284,-0.000246,-0.000229,-0.000130,-0.000071,-0.000074,0.000027,0.000012,-0.000107,-0.000052,
0.027198,0.023206,0.008530,0.001689,0.004550,0.008450,0.007312,0.003201,0.000816,-0.000055,-0.000414,0.000159,0.001102,0.001409,0.000808,-0.000077,-0.000066,0.000697,0.001272,0.001529,0.001527,0.001196,0.000416,-0.000753,-0.001764,-0.002113,-0.001778,-0.000746,0.000405,0.000709,0.000356,-0.000314,-0.001091,-0.001157,-0.000396,0.000249,0.000520,0.000520,0.000141,-0.000493,-0.000798,-0.000503,-0.000023,0.000347,0.000566,0.000462,0.000078,-0.000101,-0.000131,-0.000340,-0.000418,-0.000291,-0.000159,0.000107,0.000334,0.000353,0.000351,0.000296,0.000011,-0.000581,-0.001237,-0.001542,-0.001226,-0.000082,0.001061,0.001279,0.000899,0.000320,-0.000313,-0.000924,-0.001195,-0.001090,-0.000641,0.000129,0.000709,0.000608,0.000085,-0.000280,-0.000401,-0.000308,-0.000110,-0.000010,0.000026,0.000270,0.000831,0.001570,0.001727,0.000681,-0.000528,-0.000854,-0.000655,-0.000452,-0.000201,0.000058,0.000156,0.000238,0.000401,0.000442,0.000253,0.000077,-0.000065,-0.000121,-0.000071,-0.000038,0.000023,0.000093,0.000062,0.000026,-0.000055,-0.000213,-0.000312,-0.000174,0.000044,0.000117,0.000058,0.000025,0.000007,-0.000037,-0.000032,-0.000006,-0.000026,-0.000111,-0.000148,-0.000111,0.000053,0.000167,0.000055,-0.000020,0.000065,0.000067,0.000020,-0.000076,-0.000114,-0.000148,-0.000129,-0.000077,0.000012,0.000145,0.047839,0.036738,0.025317,0.020724,0.020476,0.015970,0.009244,0.006275,0.006281,0.005823,0.004462,0.003031,0.001752,0.000665,-0.000055,0.000320,0.001276,0.001365,0.000683,0.000056,-0.000294,-0.000366,-0.000336,-0.000121,-0.000020,-0.000101,-0.000113,-0.000359,-0.001081,-0.001669,-0.001590,-0.001139,-0.000413,0.000217,0.000269,-0.000031,-0.000066,0.000053,0.000083,-0.000033,-0.000222,-0.000511,-0.000695,-0.000491,-0.000211,-0.000237,-0.000200,0.000109,0.000368,0.000437,0.000307,0.000130,0.000120,0.000239,0.000185,-0.000093,-0.000242,-0.000097,-0.000155,-0.000520,-0.000504,0.000630,0.002020,0.002105,0.000593,-0.001001,-0.001542,-0.001603,-0.001610,-0.001547,-0.001192,-0.000331,0.000496,0.000639,0.000079,-0.000757,-0.001076,-0.000613,0.000017,0.000351,0.000440,0.000324,0.000288,0.000454,0.000468,0.000045,-0.000772,-0.001664,-0.002266,-0.002255,-0.001517,-0.000313,0.000472,0.000458,0.000105,-0.000061,-0.000021,-0.000027,0.000014,0.000132,0.000311,0.000362,0.000307,0.000258,0.000126,-0.000037,-0.000072,-0.000056,-0.000137,-0.000195,-0.000204,-0.000235,-0.000131,0.000000,-0.000076,-0.000176,-0.000067,0.000041,-0.000023,-0.000085,-0.000098,-0.000081,-0.000087,-0.000137,-0.000162,-0.000123,-0.000101,-0.000117,-0.000125,-0.000139,-0.000106,-0.000040,0.000051,0.000089,0.000006,-0.000070,-0.000093,-0.000162,
0.026189,0.022443,0.008225,0.001483,0.004170,0.007983,0.006968,0.003022,0.000696,0.000016,-0.000111,0.000554,0.001378,0.001184,0.000101,-0.000859,-0.000411,0.000808,0.001379,0.001359,0.001426,0.001280,0.000559,-0.000589,-0.001704,-0.002139,-0.001875,-0.000882,0.000269,0.000654,0.000337,-0.000304,-0.000867,-0.000868,-0.000138,0.000616,0.000999,0.000944,0.000284,-0.000562,-0.000905,-0.000614,-0.000062,0.000348,0.000496,0.000363,0.000133,0.000057,-0.000028,-0.000296,-0.000486,-0.000358,-0.000086,0.000172,0.000326,0.000394,0.000449,0.000426,0.000123,-0.000527,-0.001220,-0.001385,-0.000953,0.000034,0.001073,0.001432,0.001148,0.000579,-0.000233,-0.000908,-0.001278,-0.001453,-0.001037,-0.000160,0.000648,0.000843,0.000432,-0.000009,-0.000212,-0.000308,-0.000164,-0.000042,0.000037,0.000362,0.001008,0.001739,0.001803,0.000727,-0.000411,-0.000801,-0.000835,-0.000757,-0.000458,-0.000106,0.000114,0.000298,0.000399,0.000344,0.000150,-0.000007,-0.000039,-0.000111,-0.000145,-0.000058,0.000019,0.000174,0.000276,0.000228,0.000060,-0.000058,-0.000096,-0.000071,0.000012,0.000090,0.000123,0.000162,0.000214,0.000101,-0.000054,-0.000040,-0.000059,-0.000141,-0.000176,-0.000111,-0.000060,-0.000042,-0.000044,-0.000039,0.000011,0.000027,0.000060,-0.000049,-0.000242,-0.000271,-0.000175,-0.000084,0.000022,0.000129,0.049008,0.038081,0.026162,0.021175,0.020814,0.016336,0.009569,0.006412,0.006396,0.006023,0.004909,0.003645,0.002217,0.000926,0.000154,0.000555,0.001532,0.001524,0.000707,0.000099,-0.000230,-0.000342,-0.000350,-0.000230,-0.000170,-0.000284,-0.000350,-0.000605,-0.001306,-0.001800,-0.001551,-0.001002,-0.000328,0.000341,0.000544,0.000218,-0.000117,-0.000176,-0.000192,-0.000349,-0.000573,-0.000758,-0.000659,-0.000336,-0.000173,-0.000165,-0.000049,0.000155,0.000390,0.000469,0.000274,0.000031,0.000010,0.000281,0.000304,-0.000006,-0.000185,-0.000002,-0.000102,-0.000526,-0.000512,0.000543,0.001720,0.001437,-0.000157,-0.001453,-0.001716,-0.001596,-0.001599,-0.001706,-0.001346,-0.000582,0.000091,0.000441,0.000097,-0.000680,-0.001004,-0.000602,-0.000037,0.000223,0.000255,0.000237,0.000388,0.000534,0.000472,-0.000030,-0.000864,-0.001801,-0.002366,-0.002298,-0.001569,-0.000368,0.000442,0.000510,0.000174,-0.000057,-0.000133,-0.000216,-0.000185,-0.000100,0.000127,0.000280,0.000185,0.000124,0.000109,0.000025,-0.000124,-0.000156,-0.000133,-0.000189,-0.000144,-0.000164,-0.000179,-0.000100,-0.000105,-0.000087,-0.000019,-0.000122,-0.000233,-0.000130,-0.000058,-0.000061,-0.000033,-0.000139,-0.000231,-0.000170,-0.000057,0.000041,0.000025,-0.000021,0.000003,0.000038,0.000043,0.000028,-0.000004,0.000014,0.000006,-0.000138,
0.025555,0.022266,0.008155,0.000766,0.002971,0.007115,0.006620,0.002802,0.000534,-0.000101,-0.000138,0.000724,0.001598,0.001188,-0.000063,-0.000886,-0.000304,0.000809,0.001266,0.001425,0.001708,0.001572,0.000651,-0.000751,-0.001957,-0.002307,-0.001870,-0.000811,0.000331,0.000764,0.000572,-0.000006,-0.000648,-0.000790,-0.000207,0.000529,0.000775,0.000652,0.000159,-0.000600,-0.000916,-0.000659,-0.000202,0.000136,0.000344,0.000288,0.000088,0.000067,0.000027,-0.000242,-0.000422,-0.000336,-0.000119,0.000154,0.000442,0.000590,0.000508,0.000364,0.000028,-0.000682,-0.001377,-0.001662,-0.001298,-0.000083,0.001065,0.001263,0.000812,0.000197,-0.000517,-0.001205,-0.001456,-0.001240,-0.000754,-0.000155,0.000422,0.000647,0.000368,0.000029,-0.000133,-0.000180,-0.000140,0.000031,0.000111,0.000285,0.000857,0.001612,0.001712,0.000699,-0.000459,-0.000867,-0.000709,-0.000515,-0.000246,0.000141,0.000304,0.000385,0.000536,0.000529,0.000242,-0.000005,-0.000025,0.000052,0.000099,0.000124,0.000153,0.000140,0.000130,0.000131,0.000058,-0.000158,-0.000240,-0.000124,-0.000030,-0.000078,0.000011,0.000076,-0.000014,-0.000136,-0.000117,-0.000053,-0.000131,-0.000155,-0.000034,0.000053,0.000057,0.000028,0.000016,0.000060,0.000072,0.000113,0.000068,-0.000106,-0.000261,-0.000239,-0.000098,0.000007,0.000026,0.000089,0.050406,0.039191,0.026567,0.021300,0.021305,0.016898,0.009758,0.006345,0.006175,0.005763,0.004497,0.002941,0.001418,0.000328,0.000047,0.000815,0.001626,0.001257,0.000423,0.000094,-0.000136,-0.000377,-0.000459,-0.000277,-0.000226,-0.000402,-0.000390,-0.000504,-0.001122,-0.001704,-0.001638,-0.001261,-0.000815,-0.000112,0.000266,0.000073,-0.000167,-0.000149,-0.000127,-0.000375,-0.000537,-0.000498,-0.000447,-0.000394,-0.000237,-0.000126,-0.000058,0.000157,0.000390,0.000483,0.000361,0.000145,0.000036,0.000118,0.000192,0.000015,-0.000158,-0.000089,-0.000233,-0.000670,-0.000454,0.000805,0.002060,0.001707,-0.000217,-0.001611,-0.001717,-0.001608,-0.001571,-0.001380,-0.000994,-0.000423,0.000136,0.000486,0.000202,-0.000565,-0.000944,-0.000644,-0.000050,0.000285,0.000314,0.000204,0.000188,0.000303,0.000410,0.000059,-0.000857,-0.001756,-0.002313,-0.002204,-0.001447,-0.000376,0.000278,0.000262,0.000024,-0.000107,-0.000106,-0.000051,0.000018,0.000108,0.000190,0.000228,0.000199,0.000141,0.000167,0.000104,-0.000034,-0.000085,-0.000092,-0.000048,0.000005,0.000007,0.000016,-0.000043,-0.000138,-0.000183,-0.000077,-0.000015,-0.000003,0.000090,0.000111,0.000092,0.000073,-0.000017,-0.000118,-0.000186,-0.000132,-0.000067,-0.000032,-0.000009,-0.000027,-0.000075,-0.000046,-0.000022,-0.000006,-0.000000,-0.000048,-0.000146,
0.027136,0.023831,0.008871,0.000823,0.002903,0.006953,0.006506,0.002927,0.000733,0.000009,-0.000249,0.000280,0.000775,0.000348,-0.000308,-0.000624,-0.000231,0.000548,0.000974,0.001251,0.001585,0.001395,0.000493,-0.000700,-0.001792,-0.002251,-0.001880,-0.000816,0.000400,0.000813,0.000562,0.000007,-0.000586,-0.000695,-0.000122,0.000564,0.000769,0.000597,0.000103,-0.000551,-0.000894,-0.000568,-0.000008,0.000290,0.000396,0.000222,0.000063,0.000075,0.000013,-0.000254,-0.000535,-0.000365,-0.000035,0.000207,0.000532,0.000640,0.000466,0.000284,0.000015,-0.000552,-0.001185,-0.001517,-0.001304,0.000054,0.001735,0.002209,0.001561,0.000594,-0.000340,-0.001075,-0.001354,-0.001150,-0.000555,0.000006,0.000434,0.000540,0.000261,-0.000116,-0.000409,-0.000453,-0.000257,0.000023,0.000264,0.000486,0.000949,0.001677,0.001706,0.000564,-0.000540,-0.000867,-0.000778,-0.000592,-0.000237,0.000131,0.000231,0.000254,0.000320,0.000332,0.000166,-0.000007,-0.000042,-0.000017,0.000045,0.000107,0.000124,0.000224,0.000176,-0.000068,-0.000254,-0.000285,-0.000186,-0.000009,0.000076,0.000029,0.000041,0.000083,0.000104,-0.000000,-0.000054,0.000093,0.000078,0.000017,0.000066,0.000049,0.000041,0.000060,0.000183,0.000242,0.000154,0.000148,0.000062,-0.000110,-0.000096,-0.000030,0.000000,0.000036,0.000186,0.000227,0.049915,0.038714,0.026319,0.021276,0.021264,0.016933,0.009872,0.006416,0.006258,0.005914,0.004716,0.003053,0.001339,0.000386,0.000223,0.000739,0.001305,0.000974,0.000368,0.000211,0.000004,-0.000260,-0.000355,-0.000282,-0.000321,-0.000482,-0.000478,-0.000551,-0.001062,-0.001533,-0.001473,-0.001246,-0.000754,-0.000061,0.000168,-0.000028,-0.000125,-0.000034,0.000018,-0.000101,-0.000336,-0.000628,-0.000659,-0.000387,-0.000229,-0.000161,-0.000112,0.000079,0.000314,0.000455,0.000318,0.000119,0.000178,0.000255,0.000188,0.000037,0.000005,0.000027,-0.000246,-0.000779,-0.000817,0.000253,0.001624,0.001623,-0.000107,-0.001899,-0.002435,-0.002273,-0.002097,-0.001794,-0.001133,-0.000219,0.000535,0.000609,0.000018,-0.000714,-0.000978,-0.000678,-0.000048,0.000460,0.000587,0.000467,0.000375,0.000581,0.000525,-0.000053,-0.000931,-0.001957,-0.002525,-0.002294,-0.001492,-0.000352,0.000446,0.000481,0.000232,0.000126,0.000079,-0.000041,-0.000123,-0.000059,0.000064,0.000142,0.000104,0.000054,0.000086,-0.000012,-0.000156,-0.000137,-0.000087,-0.000020,0.000011,-0.000022,-0.000021,0.000045,0.000006,-0.000059,-0.000080,-0.000087,-0.000028,0.000041,0.000003,-0.000136,-0.000145,-0.000094,-0.000056,-0.000092,-0.000117,-0.000078,-0.000159,-0.000147,-0.000143,-0.000231,-0.000148,-0.000035,0.000011,0.000003,-0.000056,-0.000184,
0.028960,0.026072,0.010510,0.001565,0.003075,0.006908,0.006552,0.003231,0.001121,0.000440,0.000280,0.000555,0.000608,0.000160,-0.000237,-0.000548,-0.000295,0.000398,0.000817,0.001096,0.001426,0.001433,0.000660,-0.000690,-0.001875,-0.002301,-0.001934,-0.000875,0.000331,0.000912,0.000681,-0.000011,-0.000685,-0.000709,-0.000162,0.000269,0.000490,0.000390,0.000009,-0.000655,-0.001050,-0.000717,-0.000085,0.000436,0.000614,0.000525,0.000380,0.000286,0.000128,-0.000200,-0.000435,-0.000284,-0.000025,0.000252,0.000427,0.000392,0.000455,0.000477,0.000220,-0.000402,-0.000949,-0.000893,-0.000367,0.000403,0.001048,0.001176,0.000808,0.000333,-0.000235,-0.000716,-0.000987,-0.001014,-0.000661,0.000160,0.000862,0.000754,0.000143,-0.000410,-0.000472,-0.000256,-0.000058,0.000085,0.000147,0.000481,0.001140,0.001805,0.001854,0.000822,-0.000478,-0.000961,-0.000814,-0.000553,-0.000263,0.000090,0.000317,0.000297,0.000325,0.000420,0.000223,0.000027,0.000033,-0.000078,-0.000175,-0.000081,0.000069,0.000152,0.000136,0.000017,-0.000205,-0.000270,-0.000220,-0.000103,-0.000072,-0.000118,-0.000073,0.000042,0.000055,-0.000018,-0.000102,-0.000185,-0.000066,0.000051,-0.000101,-0.000127,-0.000007,0.000002,0.000048,0.000139,0.000054,-0.000085,-0.000155,-0.000186,-0.000187,-0.000119,-0.000002,0.000004,0.000058,0.000085,0.049099,0.037699,0.025628,0.021062,0.021239,0.016769,0.009651,0.006305,0.006262,0.006150,0.005096,0.003478,0.001901,0.001043,0.000589,0.000712,0.001300,0.001242,0.000655,0.000231,-0.000153,-0.000413,-0.000437,-0.000215,0.000032,-0.000109,-0.000399,-0.000633,-0.001248,-0.001811,-0.001601,-0.001127,-0.000505,-0.000011,0.000017,-0.000197,-0.000162,-0.000002,-0.000025,-0.000115,-0.000193,-0.000395,-0.000504,-0.000369,-0.000108,-0.000016,-0.000106,0.000004,0.000404,0.000575,0.000330,0.000076,0.000083,0.000273,0.000195,-0.000120,-0.000249,-0.000077,-0.000260,-0.000675,-0.000402,0.000723,0.001790,0.001572,0.000118,-0.001127,-0.001557,-0.001672,-0.001735,-0.001680,-0.001217,-0.000461,0.000287,0.000481,-0.000117,-0.000874,-0.001006,-0.000501,0.000098,0.000439,0.000561,0.000443,0.000330,0.000458,0.000557,0.000118,-0.000802,-0.001766,-0.002446,-0.002397,-0.001656,-0.000487,0.000419,0.000523,0.000231,-0.000045,-0.000177,-0.000221,-0.000220,-0.000020,0.000233,0.000328,0.000226,0.000024,-0.000028,-0.000051,-0.000082,-0.000045,-0.000065,-0.000095,-0.000057,-0.000046,0.000063,0.000166,0.000067,-0.000124,-0.000138,-0.000081,-0.000141,-0.000078,-0.000028,-0.000095,-0.000108,-0.000075,-0.000161,-0.000277,-0.000245,-0.000174,-0.000176,-0.000134,-0.000094,-0.000128,-0.000056,0.000019,0.000101,0.000114,-0.000001,-0.000150,
0.031770,0.028846,0.011728,0.001632,0.003103,0.006955,0.006427,0.003110,0.001216,0.000715,0.000666,0.000871,0.000866,0.000424,-0.000084,-0.000464,-0.000294,0.000393,0.000835,0.001082,0.001490,0.001488,0.000678,-0.000704,-0.001836,-0.002205,-0.002011,-0.001172,-0.000062,0.000583,0.000572,0.000030,-0.000649,-0.000695,-0.000161,0.000206,0.000276,0.000211,-0.000165,-0.000778,-0.001074,-0.000812,-0.000236,0.000278,0.000522,0.000359,0.000109,0.000093,0.000093,-0.000202,-0.000431,-0.000344,-0.000126,0.000134,0.000317,0.000342,0.000346,0.000439,0.000138,-0.000617,-0.001321,-0.001580,-0.001195,-0.000048,0.001128,0.001436,0.000966,0.000377,-0.000175,-0.000710,-0.001161,-0.001211,-0.000754,0.000111,0.000946,0.001022,0.000465,-0.000042,-0.000199,-0.000123,-0.000022,0.000156,0.000232,0.000383,0.000957,0.001595,0.001630,0.000646,-0.000426,-0.000715,-0.000669,-0.000559,-0.000333,0.000082,0.000289,0.000392,0.000497,0.000373,0.000121,-0.000057,-0.000081,-0.000033,0.000065,0.000094,0.000120,0.000187,0.000151,0.000113,0.000071,-0.000122,-0.000197,-0.000016,0.000116,0.000038,0.000059,0.000096,-0.000016,-0.000098,-0.000080,-0.000059,-0.000106,-0.000148,-0.000168,-0.000095,-0.000028,-0.000043,-0.000044,-0.000028,-0.000046,-0.000002,-0.000010,-0.000119,-0.000120,-0.000056,-0.000015,0.000110,0.000225,0.000247,0.046812,0.035585,0.024527,0.020741,0.020954,0.016330,0.009338,0.006193,0.006404,0.006367,0.005200,0.003609,0.002180,0.001261,0.000618,0.000571,0.001099,0.001073,0.000634,0.000313,-0.000010,-0.000228,-0.000326,-0.000154,-0.000067,-0.000134,-0.000211,-0.000674,-0.001495,-0.001846,-0.001504,-0.000963,-0.000346,0.000217,0.000185,-0.000262,-0.000460,-0.000353,-0.000219,-0.000207,-0.000301,-0.000496,-0.000704,-0.000519,-0.000278,-0.000289,-0.000222,-0.000035,0.000149,0.000306,0.000252,0.000037,-0.000012,0.000208,0.000171,-0.000134,-0.000152,0.000100,-0.000040,-0.000598,-0.000535,0.000698,0.002002,0.001696,-0.000168,-0.001662,-0.001829,-0.001648,-0.001768,-0.001752,-0.001280,-0.000445,0.000386,0.000652,0.000184,-0.000605,-0.000962,-0.000562,0.000072,0.000450,0.000544,0.000512,0.000477,0.000452,0.000410,0.000083,-0.000807,-0.001860,-0.002466,-0.002283,-0.001504,-0.000424,0.000402,0.000451,0.000035,-0.000179,-0.000117,-0.000069,0.000042,0.000174,0.000217,0.000188,0.000093,-0.000089,-0.000173,-0.000102,-0.000018,-0.000029,0.000060,0.000120,-0.000018,-0.000076,-0.000037,-0.000024,-0.000065,-0.000161,-0.000105,-0.000008,0.000027,0.000002,-0.000058,-0.000091,-0.000088,-0.000120,-0.000257,-0.000305,-0.000187,-0.000024,0.000001,-0.000129,-0.000128,-0.000077,-0.000047,0.000011,-0.000054,-0.000128,-0.000172,-0.000195,
0.034886,0.032207,0.014124,0.002999,0.004051,0.007474,0.006653,0.003288,0.001576,0.001203,0.001180,0.001331,0.001152,0.000571,-0.000135,-0.000679,-0.000368,0.000428,0.000833,0.001078,0.001396,0.001445,0.000784,-0.000540,-0.001734,-0.002110,-0.001725,-0.000712,0.000424,0.000855,0.000525,-0.000075,-0.000713,-0.000801,-0.000220,0.000255,0.000368,0.000302,-0.000067,-0.000747,-0.001151,-0.000849,-0.000305,0.000184,0.000605,0.000583,0.000334,0.000151,-0.000063,-0.000340,-0.000496,-0.000412,-0.000172,0.000195,0.000482,0.000486,0.000426,0.000438,0.000209,-0.000452,-0.001246,-0.001562,-0.001106,0.000173,0.001427,0.001637,0.001059,0.000440,-0.000182,-0.000788,-0.001073,-0.001027,-0.000626,0.000193,0.000907,0.000886,0.000463,0.000058,-0.000185,-0.000065,0.000218,0.000292,0.000212,0.000258,0.000845,0.001608,0.001506,0.000439,-0.000565,-0.000861,-0.000764,-0.000625,-0.000212,0.000322,0.000484,0.000421,0.000416,0.000449,0.000273,0.000051,-0.000046,-0.000197,-0.000185,-0.000063,0.000025,0.000075,0.000113,0.000066,-0.000104,-0.000240,-0.000279,-0.000264,-0.000121,0.000054,0.000067,-0.000067,-0.000089,-0.000050,-0.000036,-0.000029,-0.000122,-0.000153,-0.000079,-0.000024,-0.000008,0.000066,0.000055,0.000012,-0.000022,-0.000054,-0.000129,-0.000208,-0.000134,-0.000108,-0.000119,0.000038,0.000196,0.000131,0.043994,0.032490,0.022695,0.020179,0.020603,0.015893,0.009082,0.006088,0.006359,0.006463,0.005424,0.003710,0.002091,0.001101,0.000506,0.000508,0.001050,0.001084,0.000614,0.000265,-0.000057,-0.000324,-0.000399,-0.000192,-0.000140,-0.000185,-0.000275,-0.000669,-0.001322,-0.001681,-0.001394,-0.000773,-0.000023,0.000342,0.000062,-0.000339,-0.000434,-0.000251,-0.000094,-0.000063,-0.000165,-0.000438,-0.000589,-0.000443,-0.000234,-0.000180,-0.000175,0.000066,0.000379,0.000368,0.000186,0.000016,0.000061,0.000277,0.000261,0.000015,-0.000119,-0.000101,-0.000243,-0.000528,-0.000427,0.000626,0.001920,0.001950,0.000392,-0.001073,-0.001433,-0.001485,-0.001652,-0.001679,-0.001258,-0.000415,0.000307,0.000492,0.000017,-0.000715,-0.001002,-0.000510,0.000131,0.000510,0.000595,0.000438,0.000383,0.000534,0.000612,0.000142,-0.000812,-0.001726,-0.002280,-0.002252,-0.001575,-0.000533,0.000233,0.000303,0.000060,-0.000144,-0.000203,-0.000131,-0.000077,0.000002,0.000129,0.000140,0.000024,-0.000050,0.000057,0.000105,0.000122,0.000055,-0.000036,-0.000118,-0.000140,-0.000163,-0.000146,0.000005,0.000047,-0.000063,-0.000085,-0.000074,-0.000047,0.000022,0.000087,-0.000023,-0.000071,-0.000086,-0.000166,-0.000178,-0.000162,-0.000052,0.000059,0.000050,0.000055,-0.000015,-0.000025,0.000044,-0.000032,-0.000106,-0.000117,-0.000174,
0.037415,0.034714,0.015682,0.003771,0.004592,0.007745,0.006735,0.003473,0.001845,0.001601,0.001694,0.001996,0.001690,0.000789,-0.000106,-0.000646,-0.000128,0.000744,0.000958,0.001103,0.001497,0.001581,0.000877,-0.000427,-0.001568,-0.001928,-0.001621,-0.000720,0.000344,0.000760,0.000523,-0.000016,-0.000771,-0.001029,-0.000499,0.000217,0.000586,0.000560,0.000104,-0.000711,-0.001112,-0.000781,-0.000247,0.000165,0.000490,0.000506,0.000281,0.000154,0.000012,-0.000379,-0.000642,-0.000468,-0.000132,0.000040,0.000220,0.000414,0.000503,0.000460,0.000105,-0.000569,-0.001153,-0.001368,-0.001221,-0.000325,0.000811,0.001248,0.000932,0.000448,-0.000183,-0.000961,-0.001442,-0.001502,-0.001007,-0.000082,0.000633,0.000677,0.000195,-0.000146,-0.000197,-0.000160,-0.000027,0.000105,0.000158,0.000335,0.000927,0.001593,0.001559,0.000502,-0.000646,-0.000921,-0.000695,-0.000455,-0.000158,0.000133,0.000202,0.000270,0.000374,0.000337,0.000140,-0.000074,-0.000092,0.000062,0.000061,0.000035,0.000030,0.000132,0.000241,0.000212,0.000039,-0.000163,-0.000217,-0.000103,0.000055,0.000043,0.000017,-0.000003,-0.000092,-0.000094,-0.000070,-0.000066,-0.000062,-0.000086,-0.000171,-0.000172,-0.000051,0.000100,0.000105,0.000016,0.000043,-0.000045,-0.000162,-0.000161,-0.000176,-0.000102,0.000020,0.000079,0.000160,0.000247,0.041220,0.029723,0.021064,0.019572,0.020425,0.015656,0.008716,0.005869,0.006361,0.006590,0.005475,0.003581,0.001878,0.000969,0.000483,0.000545,0.001073,0.001065,0.000572,0.000289,-0.000029,-0.000380,-0.000368,-0.000096,0.000014,-0.000009,-0.000019,-0.000375,-0.001250,-0.001854,-0.001689,-0.001269,-0.000718,-0.000053,0.000171,-0.000096,-0.000160,-0.000028,0.000014,-0.000196,-0.000424,-0.000579,-0.000545,-0.000325,-0.000175,-0.000257,-0.000334,-0.000111,0.000214,0.000356,0.000261,0.000065,0.000103,0.000263,0.000226,-0.000032,-0.000172,-0.000097,-0.000162,-0.000522,-0.000513,0.000501,0.001707,0.001647,0.000094,-0.001349,-0.001695,-0.001685,-0.001743,-0.001692,-0.001241,-0.000344,0.000534,0.000623,-0.000102,-0.000931,-0.001200,-0.000743,-0.000134,0.000247,0.000350,0.000307,0.000335,0.000485,0.000528,0.000006,-0.000855,-0.001723,-0.002224,-0.002206,-0.001582,-0.000459,0.000392,0.000396,-0.000064,-0.000384,-0.000332,-0.000216,-0.000097,0.000052,0.000208,0.000296,0.000159,-0.000011,0.000039,0.000089,-0.000011,-0.000087,-0.000118,0.000007,0.000056,-0.000183,-0.000274,-0.000091,0.000040,0.000012,-0.000031,-0.000054,-0.000111,-0.000089,-0.000101,-0.000096,-0.000060,-0.000066,-0.000128,-0.000176,-0.000076,-0.000019,-0.000044,-0.000039,-0.000023,-0.000055,-0.000102,-0.000127,-0.000033,0.000114,0.000048,-0.000128,
0.038453,0.036257,0.016487,0.004026,0.004730,0.007871,0.006818,0.003510,0.001979,0.001894,0.002275,0.002724,0.002230,0.000995,-0.000076,-0.000597,-0.000068,0.000796,0.000973,0.001112,0.001518,0.001605,0.000898,-0.000457,-0.001558,-0.001826,-0.001486,-0.000542,0.000506,0.000877,0.000613,0.000013,-0.000709,-0.000878,-0.000335,0.000288,0.000592,0.000507,0.000078,-0.000684,-0.001168,-0.000787,-0.000110,0.000418,0.000806,0.000690,0.000247,0.000009,-0.000025,-0.000262,-0.000516,-0.000347,-0.000027,0.000173,0.000342,0.000475,0.000489,0.000297,-0.000071,-0.000616,-0.001199,-0.001457,-0.001076,0.000090,0.001278,0.001505,0.001027,0.000399,-0.000377,-0.001106,-0.001467,-0.001501,-0.001164,-0.000320,0.000546,0.000772,0.000449,0.000098,-0.000076,-0.000094,-0.000023,-0.000027,0.000045,0.000346,0.000977,0.001674,0.001681,0.000644,-0.000480,-0.000804,-0.000705,-0.000565,-0.000251,0.000125,0.000185,0.000105,0.000180,0.000286,0.000218,0.000066,-0.000060,-0.000075,-0.000007,0.000005,0.000066,0.000233,0.000330,0.000257,0.000053,-0.000145,-0.000182,-0.000083,-0.000012,0.000161,0.000244,0.000098,0.000004,0.000048,0.000051,0.000035,-0.000005,-0.000084,-0.000169,-0.000143,0.000045,0.000093,-0.000045,-0.000059,0.000026,-0.000055,-0.000088,-0.000154,-0.000256,-0.000201,-0.000111,-0.000043,0.000057,0.000103,0.039590,0.027929,0.019904,0.019194,0.020384,0.015710,0.008784,0.005873,0.006500,0.006948,0.005842,0.003659,0.001583,0.000509,0.000269,0.000696,0.001202,0.001013,0.000570,0.000261,-0.000149,-0.000401,-0.000402,-0.000124,0.000086,0.000015,-0.000024,-0.000301,-0.001084,-0.001640,-0.001440,-0.001117,-0.000710,-0.000180,-0.000082,-0.000279,-0.000322,-0.000224,-0.000143,-0.000223,-0.000334,-0.000455,-0.000381,-0.000231,-0.000249,-0.000307,-0.000216,0.000007,0.000257,0.000389,0.000237,0.000008,0.000101,0.000314,0.000194,-0.000195,-0.000211,0.000012,-0.000100,-0.000555,-0.000461,0.000703,0.001808,0.001430,-0.000088,-0.001303,-0.001550,-0.001505,-0.001555,-0.001506,-0.001108,-0.000420,0.000173,0.000439,0.000118,-0.000690,-0.001081,-0.000668,-0.000102,0.000186,0.000270,0.000272,0.000336,0.000432,0.000463,0.000171,-0.000629,-0.001595,-0.002206,-0.002277,-0.001714,-0.000613,0.000214,0.000245,-0.000152,-0.000371,-0.000406,-0.000277,-0.000117,-0.000123,-0.000028,0.000026,0.000047,0.000167,0.000111,-0.000090,-0.000191,-0.000123,-0.000042,-0.000022,-0.000051,-0.000039,0.000052,0.000148,0.000153,-0.000055,-0.000111,-0.000059,-0.000052,0.000004,0.000086,0.000165,0.000117,-0.000036,-0.000120,-0.000212,-0.000239,-0.000137,-0.000051,-0.000002,0.000025,-0.000041,-0.000036,0.000010,0.000015,0.000060,0.000007,-0.000065,
0.039850,0.037934,0.017647,0.004612,0.005381,0.008498,0.007205,0.003811,0.002229,0.002238,0.002783,0.003365,0.002991,0.001524,0.000032,-0.000711,-0.000070,0.000890,0.001006,0.001047,0.001474,0.001578,0.000930,-0.000323,-0.001544,-0.001893,-0.001555,-0.000523,0.000718,0.001151,0.000692,-0.000104,-0.000956,-0.001225,-0.000659,0.000086,0.000588,0.000639,0.000103,-0.000816,-0.001269,-0.000913,-0.000158,0.000504,0.000776,0.000662,0.000367,0.000195,0.000104,-0.000084,-0.000249,-0.000238,-0.000036,0.000250,0.000382,0.000400,0.000405,0.000412,0.000228,-0.000492,-0.001307,-0.001661,-0.001319,0.000024,0.001400,0.001464,0.000745,0.000111,-0.000592,-0.001356,-0.001621,-0.001212,-0.000561,0.000089,0.000665,0.000675,0.000275,0.000048,0.000022,-0.000040,-0.000075,0.000044,0.000199,0.000487,0.001063,0.001625,0.001634,0.000606,-0.000536,-0.000878,-0.000823,-0.000679,-0.000258,0.000172,0.000313,0.000272,0.000240,0.000178,-0.000015,-0.000160,-0.000087,0.000045,0.000010,-0.000059,0.000014,0.000099,0.000180,0.000166,-0.000096,-0.000301,-0.000242,-0.000108,0.000016,-0.000032,-0.000127,-0.000038,0.000078,-0.000004,-0.000185,-0.000197,-0.000049,-0.000080,-0.000124,0.000063,0.000221,0.000142,0.000097,0.000105,0.000048,-0.000043,-0.000082,-0.000123,-0.000176,-0.000063,0.000040,0.000109,0.000202,0.000203,0.037227,0.025601,0.018509,0.018719,0.020138,0.015243,0.008192,0.005561,0.006411,0.006927,0.005922,0.003770,0.001581,0.000354,0.000246,0.000915,0.001413,0.001051,0.000416,0.000152,-0.000204,-0.000610,-0.000630,-0.000293,-0.000059,0.000088,0.000203,-0.000086,-0.000927,-0.001725,-0.001855,-0.001488,-0.000830,-0.000180,0.000084,-0.000115,-0.000197,0.000033,0.000169,-0.000034,-0.000304,-0.000384,-0.000349,-0.000214,-0.000187,-0.000296,-0.000287,-0.000179,0.000076,0.000271,0.000189,-0.000015,-0.000015,0.000135,0.000154,-0.000091,-0.000185,0.000006,-0.000121,-0.000611,-0.000594,0.000501,0.001977,0.001854,-0.000154,-0.002000,-0.002333,-0.002084,-0.001979,-0.001718,-0.001061,-0.000288,0.000267,0.000481,0.000032,-0.000796,-0.001062,-0.000556,-0.000033,0.000318,0.000398,0.000281,0.000339,0.000473,0.000444,-0.000049,-0.000902,-0.001717,-0.002267,-0.002239,-0.001537,-0.000490,0.000260,0.000282,-0.000031,-0.000119,-0.000023,-0.000007,-0.000060,-0.000035,0.000091,0.000143,0.000128,0.000031,-0.000071,-0.000156,-0.000121,-0.000007,-0.000050,-0.000122,-0.000028,0.000047,0.000031,-0.000011,-0.000059,-0.000111,-0.000131,-0.000099,-0.000060,-0.000119,-0.000224,-0.000156,-0.000095,-0.000099,-0.000062,-0.000206,-0.000258,-0.000182,-0.000201,-0.000180,-0.000100,0.000005,0.000046,-0.000009,-0.000051,-0.000052,-0.000035,-0.000014,
0.040969,0.039228,0.018598,0.005641,0.006774,0.009633,0.007666,0.003894,0.002302,0.002442,0.003061,0.003680,0.003171,0.001499,-0.000035,-0.000641,0.000043,0.000985,0.001124,0.001139,0.001522,0.001602,0.000936,-0.000209,-0.001346,-0.001937,-0.001740,-0.000701,0.000491,0.000938,0.000665,0.000070,-0.000622,-0.000845,-0.000476,0.000032,0.000476,0.000590,0.000049,-0.000816,-0.001118,-0.000795,-0.000138,0.000541,0.000758,0.000447,0.000122,0.000068,0.000033,-0.000177,-0.000302,-0.000254,-0.000122,0.000129,0.000266,0.000237,0.000299,0.000297,0.000059,-0.000392,-0.000799,-0.000921,-0.000700,0.000228,0.001465,0.001914,0.001416,0.000642,-0.000144,-0.000888,-0.001322,-0.001301,-0.000746,0.000014,0.000483,0.000479,0.000193,-0.000072,-0.000197,-0.000219,-0.000080,0.000204,0.000290,0.000452,0.001028,0.001724,0.001738,0.000662,-0.000598,-0.000979,-0.000836,-0.000706,-0.000301,0.000210,0.000323,0.000188,0.000098,0.000091,-0.000011,-0.000197,-0.000154,-0.000047,0.000049,0.000075,0.000036,0.000183,0.000218,0.000064,-0.000142,-0.000327,-0.000292,-0.000119,-0.000035,0.000040,0.000051,0.000074,0.000210,0.000180,0.000013,-0.000077,-0.000130,-0.000140,-0.000027,0.000090,0.000049,0.000048,0.000020,-0.000007,0.000050,0.000064,0.000003,-0.000047,-0.000098,-0.000131,-0.000128,0.000047,0.000201,0.000169,0.034523,0.023001,0.016992,0.018249,0.019744,0.014614,0.007758,0.005375,0.006323,0.007061,0.006202,0.004006,0.001692,0.000419,0.000079,0.000624,0.001278,0.001039,0.000531,0.000224,-0.000335,-0.000805,-0.000881,-0.000496,-0.000090,0.000052,0.000205,-0.000030,-0.000961,-0.001593,-0.001480,-0.001100,-0.000531,-0.000004,0.000151,-0.000014,-0.000049,0.000003,-0.000024,-0.000135,-0.000177,-0.000280,-0.000393,-0.000200,-0.000109,-0.000313,-0.000285,0.000030,0.000287,0.000332,0.000266,0.000107,0.000070,0.000254,0.000151,-0.000250,-0.000359,-0.000200,-0.000282,-0.000593,-0.000553,0.000227,0.001324,0.001445,0.000256,-0.001060,-0.001566,-0.001622,-0.001648,-0.001610,-0.001205,-0.000433,0.000349,0.000506,-0.000064,-0.000738,-0.000846,-0.000418,0.000006,0.000344,0.000487,0.000478,0.000446,0.000465,0.000470,-0.000029,-0.001001,-0.001895,-0.002424,-0.002286,-0.001491,-0.000313,0.000469,0.000360,-0.000062,-0.000234,-0.000243,-0.000213,-0.000167,-0.000139,0.000002,0.000167,0.000138,0.000069,-0.000071,-0.000158,-0.000063,-0.000018,0.000008,0.000094,0.000117,-0.000077,-0.000232,-0.000189,-0.000160,-0.000154,-0.000088,-0.000033,-0.000005,-0.000002,-0.000087,-0.000077,-0.000022,-0.000151,-0.000249,-0.000163,-0.000112,-0.000156,-0.000123,-0.000102,-0.000140,-0.000179,-0.000170,-0.000057,0.000038,-0.000002,-0.000123,-0.000236,
0.043733,0.041430,0.020406,0.007537,0.008915,0.011411,0.008618,0.004406,0.002795,0.002824,0.003226,0.003598,0.002921,0.001520,0.000192,-0.000614,-0.000018,0.000940,0.001117,0.001221,0.001480,0.001439,0.000792,-0.000334,-0.001447,-0.001981,-0.001606,-0.000651,0.000399,0.000810,0.000441,-0.000208,-0.000858,-0.000925,-0.000415,0.000013,0.000203,0.000215,-0.000094,-0.000681,-0.000966,-0.000683,-0.000132,0.000336,0.000652,0.000662,0.000397,0.000261,0.000130,-0.000221,-0.000421,-0.000346,-0.000047,0.000169,0.000288,0.000418,0.000406,0.000442,0.000322,-0.000325,-0.001104,-0.001399,-0.000972,0.000211,0.001103,0.001150,0.000806,0.000342,-0.000298,-0.001003,-0.001298,-0.001206,-0.000691,0.000258,0.000860,0.000731,0.000241,-0.000144,-0.000232,-0.000152,-0.000060,-0.000004,0.000180,0.000469,0.000932,0.001544,0.001402,0.000304,-0.000731,-0.001019,-0.000897,-0.000701,-0.000396,-0.000036,0.000129,0.000163,0.000226,0.000226,0.000093,-0.000033,-0.000095,-0.000125,-0.000123,-0.000102,0.000012,0.000167,0.000128,0.000092,0.000008,-0.000144,-0.000227,-0.000161,-0.000044,-0.000016,-0.000070,-0.000142,-0.000051,0.000073,-0.000026,-0.000063,-0.000029,-0.000017,-0.000087,-0.000146,-0.000113,-0.000093,0.000027,0.000043,0.000038,0.000049,-0.000116,-0.000244,-0.000166,-0.000072,-0.000107,-0.000072,0.000037,0.000200,0.030242,0.019136,0.015077,0.017405,0.018685,0.013187,0.006496,0.004625,0.006038,0.007018,0.006295,0.004242,0.002071,0.000613,0.000031,0.000368,0.000928,0.000826,0.000357,0.000114,-0.000383,-0.000876,-0.000888,-0.000478,-0.000014,0.000092,0.000099,-0.000297,-0.001349,-0.001911,-0.001591,-0.000995,-0.000324,0.000263,0.000223,-0.000276,-0.000508,-0.000398,-0.000192,-0.000045,-0.000085,-0.000333,-0.000530,-0.000380,-0.000180,-0.000206,-0.000207,-0.000109,0.000074,0.000135,0.000104,0.000008,0.000005,0.000164,0.000078,-0.000122,-0.000193,-0.000065,-0.000081,-0.000347,-0.000047,0.001171,0.002135,0.001542,-0.000435,-0.001924,-0.001978,-0.001659,-0.001590,-0.001586,-0.001177,-0.000376,0.000300,0.000396,-0.000268,-0.001106,-0.001267,-0.000660,0.000041,0.000326,0.000355,0.000389,0.000322,0.000356,0.000421,0.000084,-0.000689,-0.001586,-0.002255,-0.002311,-0.001732,-0.000680,0.000170,0.000225,-0.000174,-0.000382,-0.000300,-0.000207,-0.000079,0.000100,0.000245,0.000289,0.000151,-0.000040,-0.000141,-0.000115,-0.000066,-0.000080,-0.000094,-0.000055,-0.000045,-0.000049,-0.000024,-0.000049,-0.000019,0.000005,-0.000066,-0.000162,-0.000169,-0.000089,-0.000051,-0.000071,-0.000062,0.000006,-0.000097,-0.000317,-0.000302,-0.000134,-0.000024,-0.000066,-0.000098,-0.000067,-0.000087,-0.000152,-0.000124,-0.000012,0.000002,-0.000111,
0.044723,0.042265,0.020821,0.008285,0.010232,0.012550,0.009127,0.004605,0.002916,0.002830,0.003042,0.003239,0.002525,0.001252,0.000185,-0.000383,0.000194,0.001023,0.001218,0.001272,0.001483,0.001496,0.000957,-0.000243,-0.001491,-0.002070,-0.001966,-0.000919,0.000367,0.000692,0.000386,-0.000283,-0.000930,-0.000862,-0.000349,0.000033,0.000120,0.000042,-0.000245,-0.000844,-0.001229,-0.000974,-0.000318,0.000284,0.000596,0.000487,0.000261,0.000095,-0.000058,-0.000245,-0.000460,-0.000448,-0.000178,0.000244,0.000526,0.000419,0.000291,0.000253,0.000063,-0.000480,-0.001138,-0.001444,-0.001043,0.000197,0.001359,0.001581,0.001098,0.000529,-0.000053,-0.000719,-0.001122,-0.001089,-0.000648,0.000178,0.000891,0.000868,0.000327,-0.000102,-0.000197,-0.000068,-0.000007,0.000095,0.000262,0.000471,0.000931,0.001532,0.001536,0.000409,-0.000748,-0.000954,-0.000753,-0.000559,-0.000217,0.000084,0.000180,0.000154,0.000062,0.000058,0.000016,-0.000146,-0.000083,0.000057,0.000066,0.000074,0.000108,0.000146,0.000061,-0.000018,-0.000149,-0.000313,-0.000221,-0.000070,-0.000017,-0.000049,0.000031,0.000049,-0.000058,-0.000151,-0.000174,-0.000036,0.000054,-0.000021,-0.000059,0.000077,0.000135,0.000063,-0.000021,0.000002,0.000091,0.000020,-0.000062,-0.000115,-0.000179,-0.000224,-0.000194,-0.000047,0.000090,0.000142,0.028367,0.017439,0.014121,0.016789,0.017879,0.012278,0.005779,0.004130,0.005621,0.006700,0.006063,0.004041,0.001971,0.000629,0.000004,0.000342,0.000863,0.000597,0.000194,-0.000005,-0.000467,-0.000915,-0.000821,-0.000277,0.000004,0.000032,0.000098,-0.000298,-0.001313,-0.001858,-0.001371,-0.000477,0.000391,0.000734,0.000287,-0.000383,-0.000623,-0.000480,-0.000298,-0.000123,-0.000009,-0.000109,-0.000390,-0.000434,-0.000319,-0.000292,-0.000247,-0.000068,0.000111,0.000175,0.000059,-0.000020,0.000037,0.000195,0.000192,-0.000037,-0.000127,-0.000018,-0.000135,-0.000451,-0.000361,0.000676,0.001973,0.001771,0.000099,-0.001365,-0.001668,-0.001515,-0.001591,-0.001583,-0.001252,-0.000596,0.000201,0.000474,-0.000147,-0.000997,-0.001122,-0.000578,-0.000037,0.000336,0.000421,0.000348,0.000331,0.000422,0.000450,0.000057,-0.000798,-0.001712,-0.002277,-0.002313,-0.001638,-0.000483,0.000304,0.000355,-0.000101,-0.000356,-0.000249,-0.000183,-0.000136,0.000003,0.000099,0.000148,0.000015,-0.000121,-0.000164,-0.000187,-0.000250,-0.000184,-0.000022,-0.000045,-0.000088,-0.000090,-0.000111,-0.000172,-0.000176,-0.000085,-0.000054,-0.000049,-0.000117,-0.000149,-0.000073,-0.000142,-0.000060,0.000028,-0.000117,-0.000244,-0.000170,-0.000079,-0.000133,-0.000100,-0.000088,-0.000109,-0.000094,0.000008,0.000112,0.000086,0.000060,-0.000003,
0.044499,0.042359,0.021151,0.008711,0.010965,0.013463,0.009703,0.004653,0.002781,0.002755,0.002858,0.002769,0.002026,0.000971,0.000092,-0.000402,0.000248,0.001144,0.001194,0.001097,0.001378,0.001474,0.000914,-0.000251,-0.001358,-0.001936,-0.001798,-0.000788,0.000390,0.000880,0.000641,-0.000148,-0.000913,-0.001034,-0.000497,0.000156,0.000428,0.000356,-0.000022,-0.000632,-0.000959,-0.000724,-0.000098,0.000554,0.000830,0.000668,0.000373,0.000171,0.000004,-0.000321,-0.000554,-0.000388,-0.000053,0.000254,0.000514,0.000515,0.000341,0.000205,-0.000022,-0.000513,-0.001113,-0.001377,-0.001052,-0.000067,0.000980,0.001285,0.000884,0.000253,-0.000374,-0.000996,-0.001328,-0.001276,-0.000767,0.000128,0.000753,0.000558,0.000040,-0.000201,-0.000275,-0.000139,0.000076,0.000154,0.000171,0.000401,0.001021,0.001597,0.001476,0.000449,-0.000629,-0.000972,-0.000859,-0.000627,-0.000252,0.000093,0.000201,0.000068,0.000041,0.000208,0.000099,-0.000159,-0.000101,-0.000063,-0.000177,-0.000117,0.000039,0.000066,0.000074,0.000077,-0.000025,-0.000140,-0.000173,-0.000072,0.000057,0.000099,0.000126,0.000087,0.000041,-0.000134,-0.000166,0.000014,-0.000028,-0.000142,-0.000155,-0.000108,0.000038,0.000114,0.000049,-0.000006,0.000004,0.000052,0.000037,0.000016,-0.000114,-0.000252,-0.000136,-0.000019,0.000055,0.000219,0.029063,0.018166,0.014300,0.016479,0.017164,0.011338,0.004973,0.003736,0.005523,0.006529,0.005864,0.003981,0.001971,0.000684,0.000097,0.000387,0.000916,0.000645,0.000232,0.000112,-0.000416,-0.000986,-0.000828,-0.000227,0.000006,-0.000060,0.000015,-0.000309,-0.001260,-0.001958,-0.001768,-0.001144,-0.000408,0.000217,0.000298,-0.000052,-0.000210,-0.000039,0.000135,0.000084,-0.000040,-0.000240,-0.000342,-0.000236,-0.000166,-0.000253,-0.000247,-0.000090,0.000103,0.000168,0.000036,-0.000106,-0.000104,0.000032,0.000038,-0.000186,-0.000224,-0.000001,-0.000086,-0.000397,-0.000287,0.000735,0.002037,0.001925,0.000291,-0.001153,-0.001483,-0.001417,-0.001575,-0.001639,-0.001117,-0.000211,0.000544,0.000607,-0.000144,-0.000930,-0.001072,-0.000582,-0.000080,0.000161,0.000359,0.000444,0.000435,0.000523,0.000488,0.000033,-0.000773,-0.001628,-0.002140,-0.002169,-0.001604,-0.000548,0.000126,0.000038,-0.000271,-0.000362,-0.000298,-0.000212,-0.000110,-0.000010,0.000069,0.000120,0.000131,0.000134,0.000095,-0.000030,-0.000015,0.000083,0.000007,-0.000097,-0.000100,-0.000035,0.000020,-0.000049,-0.000097,-0.000139,-0.000095,-0.000093,-0.000098,-0.000068,0.000000,0.000108,0.000150,0.000052,-0.000100,-0.000185,-0.000138,-0.000112,-0.000088,-0.000111,-0.000128,-0.000099,-0.000088,0.000054,0.000155,0.000073,0.000009,-0.000099,
0.044293,0.042606,0.021588,0.009175,0.011660,0.014178,0.010014,0.004572,0.002645,0.002503,0.002479,0.002464,0.001826,0.000965,0.000254,-0.000174,0.000403,0.001086,0.001093,0.001087,0.001310,0.001382,0.000916,-0.000203,-0.001358,-0.001902,-0.001806,-0.000785,0.000597,0.001081,0.000543,-0.000170,-0.000729,-0.000964,-0.000572,0.000076,0.000503,0.000474,-0.000069,-0.000930,-0.001280,-0.000792,-0.000100,0.000472,0.000826,0.000675,0.000218,0.000010,-0.000124,-0.000315,-0.000365,-0.000303,-0.000057,0.000218,0.000262,0.000281,0.000340,0.000356,0.000073,-0.000544,-0.001125,-0.001277,-0.000842,0.000219,0.001251,0.001540,0.001217,0.000583,-0.000227,-0.000884,-0.001292,-0.001453,-0.001153,-0.000322,0.000608,0.000875,0.000412,-0.000057,-0.000240,-0.000216,-0.000094,0.000039,0.000133,0.000304,0.000850,0.001514,0.001605,0.000714,-0.000392,-0.000799,-0.000711,-0.000613,-0.000314,0.000107,0.000250,0.000166,0.000099,0.000128,0.000052,-0.000108,-0.000115,-0.000026,-0.000097,-0.000116,0.000035,0.000100,0.000066,-0.000035,-0.000075,-0.000047,-0.000052,-0.000046,-0.000016,-0.000019,-0.000099,-0.000175,-0.000183,-0.000126,-0.000110,-0.000147,-0.000172,-0.000313,-0.000373,-0.000163,-0.000018,-0.000019,0.000044,0.000165,0.000205,0.000104,-0.000060,-0.000180,-0.000218,-0.000245,-0.000195,-0.000046,0.000166,0.000266,0.029655,0.018729,0.014541,0.016123,0.016282,0.010141,0.003906,0.003087,0.005137,0.006429,0.005843,0.003755,0.001651,0.000440,-0.000108,0.000164,0.000711,0.000548,0.000198,0.000079,-0.000339,-0.000757,-0.000634,-0.000103,0.000050,0.000005,0.000094,-0.000134,-0.000997,-0.001757,-0.001717,-0.001298,-0.000582,0.000022,0.000098,-0.000115,-0.000209,-0.000209,-0.000151,-0.000048,-0.000082,-0.000284,-0.000393,-0.000272,-0.000262,-0.000419,-0.000455,-0.000240,0.000044,0.000064,-0.000122,-0.000152,-0.000128,0.000010,0.000015,-0.000206,-0.000127,0.000123,-0.000041,-0.000543,-0.000513,0.000593,0.001780,0.001488,-0.000116,-0.001374,-0.001494,-0.001390,-0.001549,-0.001545,-0.001203,-0.000526,0.000152,0.000371,-0.000119,-0.000901,-0.001131,-0.000712,-0.000096,0.000361,0.000539,0.000481,0.000453,0.000546,0.000504,0.000057,-0.000754,-0.001649,-0.002154,-0.002151,-0.001590,-0.000586,0.000059,0.000055,-0.000203,-0.000242,-0.000210,-0.000237,-0.000184,-0.000108,0.000056,0.000245,0.000184,0.000040,0.000026,-0.000008,-0.000085,-0.000053,-0.000030,-0.000074,-0.000098,-0.000064,-0.000025,0.000010,-0.000000,0.000006,-0.000061,-0.000177,-0.000173,-0.000087,0.000072,0.000117,0.000014,-0.000103,-0.000104,-0.000122,-0.000094,-0.000007,-0.000008,0.000026,-0.000033,-0.000126,-0.000113,0.000051,0.000075,-0.000016,-0.000021,-0.000039,
0.044674,0.043034,0.022076,0.009787,0.012597,0.015093,0.010318,0.004546,0.002479,0.002267,0.002359,0.002414,0.001726,0.000954,0.000492,0.000187,0.000684,0.001326,0.001312,0.001215,0.001378,0.001395,0.000864,-0.000178,-0.001246,-0.001874,-0.001725,-0.000613,0.000768,0.001196,0.000741,-0.000035,-0.000770,-0.000911,-0.000525,-0.000013,0.000357,0.000333,-0.000119,-0.000851,-0.001204,-0.000876,-0.000129,0.000581,0.000852,0.000652,0.000360,0.000164,-0.000043,-0.000184,-0.000287,-0.000316,-0.000227,0.000021,0.000242,0.000341,0.000494,0.000514,0.000137,-0.000480,-0.001069,-0.001478,-0.001313,-0.000228,0.000879,0.001032,0.000570,-0.000001,-0.000738,-0.001392,-0.001579,-0.001296,-0.000690,0.000088,0.000688,0.000643,0.000275,-0.000017,-0.000178,-0.000166,-0.000030,0.000144,0.000253,0.000458,0.000994,0.001494,0.001254,0.000222,-0.000703,-0.000885,-0.000830,-0.000660,-0.000279,0.000086,0.000245,0.000212,0.000151,0.000094,0.000030,0.000031,0.000078,0.000114,-0.000008,-0.000101,-0.000011,0.000146,0.000140,-0.000009,-0.000185,-0.000310,-0.000263,-0.000103,0.000028,0.000036,-0.000008,-0.000019,0.000017,-0.000024,-0.000042,-0.000027,-0.000103,-0.000199,-0.000248,-0.000226,-0.000070,0.000083,0.000187,0.000183,0.000089,-0.000050,-0.000118,-0.000133,-0.000091,-0.000005,0.000046,0.000026,0.000039,0.000045,0.029738,0.019033,0.014714,0.015738,0.014998,0.008518,0.002682,0.002380,0.004803,0.006239,0.005495,0.003247,0.001262,0.000316,-0.000141,0.000071,0.000507,0.000385,0.000177,0.000160,-0.000275,-0.000821,-0.000745,-0.000184,0.000030,-0.000034,-0.000029,-0.000216,-0.001103,-0.001913,-0.001829,-0.001470,-0.000811,-0.000022,0.000232,0.000038,-0.000089,-0.000012,0.000100,0.000005,-0.000102,-0.000230,-0.000340,-0.000169,-0.000143,-0.000272,-0.000204,-0.000125,-0.000028,0.000122,0.000078,-0.000111,-0.000120,0.000029,0.000058,-0.000176,-0.000201,0.000020,-0.000207,-0.000627,-0.000347,0.000934,0.002068,0.001659,-0.000157,-0.001676,-0.001936,-0.001727,-0.001674,-0.001642,-0.001111,-0.000324,0.000293,0.000511,-0.000047,-0.000948,-0.001264,-0.000727,-0.000051,0.000369,0.000445,0.000294,0.000230,0.000352,0.000410,0.000041,-0.000754,-0.001618,-0.002202,-0.002156,-0.001484,-0.000482,0.000091,-0.000010,-0.000267,-0.000288,-0.000195,-0.000146,-0.000009,0.000084,0.000049,0.000120,0.000206,0.000049,-0.000163,-0.000255,-0.000150,0.000038,0.000057,0.000050,0.000089,-0.000071,-0.000072,0.000061,0.000025,-0.000131,-0.000200,-0.000186,-0.000102,0.000049,0.000068,0.000139,0.000207,0.000095,-0.000035,-0.000086,-0.000089,-0.000109,-0.000036,0.000044,-0.000004,-0.000156,-0.000137,0.000077,0.000096,0.000022,-0.000069,-0.000177,
0.044859,0.043541,0.022591,0.010421,0.013393,0.015675,0.010456,0.004389,0.002196,0.002035,0.002437,0.002605,0.001777,0.000798,0.000449,0.000465,0.001018,0.001457,0.001274,0.001046,0.001221,0.001414,0.000960,-0.000173,-0.001406,-0.002070,-0.001846,-0.000654,0.000750,0.001214,0.000754,-0.000037,-0.000796,-0.000913,-0.000491,0.000093,0.000541,0.000502,-0.000037,-0.000777,-0.001154,-0.000896,-0.000216,0.000474,0.000815,0.000538,0.000134,-0.000056,-0.000094,-0.000173,-0.000320,-0.000272,-0.000091,0.000117,0.000237,0.000291,0.000270,0.000256,0.000111,-0.000537,-0.001107,-0.001223,-0.000991,0.000242,0.001770,0.002254,0.001600,0.000518,-0.000386,-0.001015,-0.001325,-0.001243,-0.000641,0.000190,0.000673,0.000536,-0.000002,-0.000349,-0.000295,-0.000154,-0.000064,0.000074,0.000306,0.000557,0.001008,0.001620,0.001543,0.000424,-0.000659,-0.001013,-0.000897,-0.000591,-0.000242,0.000150,0.000245,0.000145,0.000150,0.000122,0.000031,-0.000069,-0.000061,0.000031,0.000059,0.000064,0.000073,0.000158,0.000139,0.000037,-0.000020,-0.000148,-0.000187,0.000009,0.000092,0.000054,0.000063,-0.000071,-0.000177,-0.000141,-0.000164,-0.000133,-0.000078,-0.000149,-0.000211,-0.000152,-0.000039,0.000023,0.000002,0.000033,0.000149,0.000096,-0.000037,-0.000142,-0.000146,-0.000082,0.000007,0.000161,0.000235,0.000158,0.029056,0.018825,0.014852,0.015276,0.013630,0.006873,0.001504,0.001815,0.004518,0.005999,0.005330,0.003058,0.001031,0.000114,-0.000229,0.000119,0.000576,0.000348,0.000168,0.000170,-0.000171,-0.000686,-0.000659,-0.000078,0.000193,-0.000021,0.000055,-0.000119,-0.001079,-0.001752,-0.001701,-0.001364,-0.000739,-0.000106,0.000137,0.000061,0.000064,0.000174,0.000209,0.000156,0.000023,-0.000208,-0.000276,-0.000215,-0.000271,-0.000358,-0.000278,0.000003,0.000138,0.000102,0.000028,-0.000063,-0.000057,-0.000087,-0.000076,-0.000157,-0.000093,0.000185,0.000004,-0.000490,-0.000574,0.000313,0.001413,0.001352,-0.000119,-0.001714,-0.002137,-0.001990,-0.001898,-0.001744,-0.001196,-0.000369,0.000338,0.000511,-0.000129,-0.001010,-0.001311,-0.000762,0.000012,0.000448,0.000544,0.000425,0.000368,0.000463,0.000492,0.000042,-0.000843,-0.001740,-0.002248,-0.002110,-0.001354,-0.000257,0.000405,0.000338,0.000010,-0.000138,-0.000022,-0.000019,-0.000093,0.000028,0.000150,0.000112,0.000052,-0.000013,-0.000116,-0.000155,-0.000099,-0.000049,-0.000017,0.000068,0.000029,-0.000030,0.000058,0.000029,-0.000084,-0.000149,-0.000096,-0.000088,-0.000133,-0.000153,-0.000150,-0.000114,-0.000022,-0.000026,-0.000138,-0.000230,-0.000146,-0.000061,-0.000059,-0.000125,-0.000205,-0.000150,-0.000071,0.000013,0.000003,-0.000041,-0.000046,-0.000156,
0.045930,0.044226,0.023392,0.011299,0.014140,0.015911,0.010189,0.004180,0.002235,0.002114,0.002743,0.003284,0.002350,0.001021,0.000405,0.000280,0.000885,0.001485,0.001322,0.001083,0.001167,0.001155,0.000712,-0.000172,-0.001230,-0.001834,-0.001619,-0.000611,0.000580,0.001028,0.000652,-0.000120,-0.000732,-0.000885,-0.000585,-0.000076,0.000293,0.000326,-0.000082,-0.000786,-0.001130,-0.000768,-0.000158,0.000466,0.000827,0.000586,0.000201,0.000072,0.000004,-0.000262,-0.000474,-0.000450,-0.000228,0.000027,0.000159,0.000198,0.000300,0.000358,0.000183,-0.000375,-0.000982,-0.001086,-0.000580,0.000256,0.000795,0.000886,0.000671,0.000290,-0.000333,-0.000900,-0.001191,-0.001209,-0.000714,0.000217,0.000840,0.000647,0.000103,-0.000272,-0.000364,-0.000228,-0.000003,0.000230,0.000271,0.000387,0.000896,0.001499,0.001490,0.000516,-0.000606,-0.000976,-0.000831,-0.000704,-0.000452,-0.000074,0.000102,0.000051,0.000020,0.000083,0.000099,-0.000003,-0.000022,-0.000001,-0.000089,-0.000125,0.000003,0.000046,0.000047,0.000004,-0.000122,-0.000225,-0.000266,-0.000136,0.000044,0.000009,-0.000016,0.000027,-0.000033,-0.000045,-0.000017,-0.000046,-0.000024,-0.000071,-0.000210,-0.000110,0.000044,0.000008,-0.000069,0.000005,0.000155,0.000075,-0.000073,-0.000213,-0.000207,-0.000030,0.000026,0.000066,0.000212,0.000261,0.027639,0.017977,0.014329,0.014352,0.011885,0.004821,0.000140,0.001363,0.004395,0.005920,0.005334,0.003036,0.000816,-0.000288,-0.000644,-0.000134,0.000434,0.000174,-0.000173,-0.000090,-0.000291,-0.000682,-0.000555,-0.000060,0.000156,0.000134,0.000139,-0.000283,-0.001146,-0.001864,-0.001856,-0.001336,-0.000640,-0.000055,0.000024,-0.000278,-0.000346,-0.000052,0.000160,0.000112,-0.000010,-0.000170,-0.000284,-0.000192,-0.000222,-0.000383,-0.000337,-0.000131,0.000024,0.000014,-0.000142,-0.000179,-0.000108,-0.000017,-0.000169,-0.000337,-0.000126,0.000004,-0.000187,-0.000377,-0.000108,0.000927,0.001961,0.001629,-0.000039,-0.001446,-0.001732,-0.001640,-0.001666,-0.001659,-0.001156,-0.000377,0.000258,0.000358,-0.000242,-0.001017,-0.001077,-0.000453,0.000113,0.000437,0.000429,0.000286,0.000406,0.000531,0.000428,0.000041,-0.000691,-0.001652,-0.002323,-0.002370,-0.001789,-0.000628,0.000321,0.000286,-0.000226,-0.000365,-0.000180,-0.000062,0.000014,0.000022,0.000044,0.000080,-0.000039,-0.000100,-0.000095,-0.000074,-0.000037,0.000048,0.000122,0.000134,0.000062,-0.000030,0.000073,0.000147,0.000155,0.000153,0.000009,-0.000139,-0.000065,-0.000032,-0.000102,-0.000043,0.000017,-0.000061,-0.000151,-0.000183,-0.000217,-0.000121,0.000036,-0.000018,-0.000064,0.000014,0.000093,0.000122,0.000052,-0.000079,-0.000129,-0.000078,
0.046436,0.044632,0.023532,0.011514,0.014382,0.015945,0.009905,0.003735,0.001772,0.001838,0.002801,0.003606,0.002754,0.001283,0.000463,0.000251,0.000830,0.001497,0.001420,0.001158,0.001232,0.001272,0.000788,-0.000321,-0.001423,-0.001991,-0.001738,-0.000618,0.000500,0.000834,0.000458,-0.000172,-0.000664,-0.000601,-0.000180,0.000158,0.000197,-0.000015,-0.000367,-0.000952,-0.001275,-0.000984,-0.000340,0.000250,0.000540,0.000422,0.000161,0.000065,0.000101,-0.000114,-0.000356,-0.000359,-0.000195,0.000079,0.000208,0.000250,0.000275,0.000260,0.000116,-0.000490,-0.001232,-0.001573,-0.001166,0.000128,0.001397,0.001599,0.000928,0.000289,-0.000164,-0.000746,-0.001190,-0.001244,-0.000690,0.000214,0.000862,0.000841,0.000275,-0.000176,-0.000331,-0.000287,-0.000130,0.000027,0.000163,0.000388,0.000931,0.001556,0.001567,0.000529,-0.000597,-0.000794,-0.000663,-0.000543,-0.000232,0.000051,0.000190,0.000092,0.000011,0.000172,0.000080,-0.000177,-0.000088,0.000091,0.000083,0.000032,0.000031,0.000050,0.000116,0.000160,0.000094,-0.000103,-0.000291,-0.000193,0.000032,0.000060,0.000055,0.000044,-0.000131,-0.000307,-0.000198,-0.000010,0.000013,-0.000075,-0.000078,-0.000014,0.000094,0.000117,0.000011,-0.000015,0.000003,0.000030,-0.000001,-0.000018,-0.000056,-0.000099,-0.000058,-0.000008,0.000096,0.000178,0.027120,0.017795,0.014226,0.013816,0.010931,0.003680,-0.000864,0.000927,0.004311,0.006065,0.005866,0.003746,0.001270,-0.000179,-0.000735,-0.000328,0.000322,0.000340,0.000195,0.000108,-0.000352,-0.000768,-0.000599,-0.000073,0.000204,0.000260,0.000366,-0.000126,-0.001358,-0.001952,-0.001451,-0.000619,0.000112,0.000487,0.000259,-0.000347,-0.000560,-0.000178,0.000196,0.000207,0.000189,0.000042,-0.000216,-0.000250,-0.000243,-0.000416,-0.000480,-0.000265,-0.000046,-0.000035,-0.000138,-0.000237,-0.000174,0.000023,0.000021,-0.000085,-0.000049,0.000054,-0.000085,-0.000390,-0.000200,0.000932,0.002058,0.001612,-0.000232,-0.001635,-0.001734,-0.001439,-0.001455,-0.001539,-0.001239,-0.000480,0.000357,0.000544,-0.000134,-0.001049,-0.001219,-0.000525,0.000118,0.000393,0.000423,0.000392,0.000369,0.000368,0.000327,-0.000024,-0.000688,-0.001462,-0.001981,-0.002054,-0.001564,-0.000516,0.000270,0.000197,-0.000139,-0.000233,-0.000165,-0.000185,-0.000166,-0.000021,0.000090,0.000087,0.000032,-0.000067,-0.000119,-0.000113,-0.000064,-0.000039,-0.000051,-0.000037,-0.000034,-0.000093,-0.000037,0.000046,-0.000034,-0.000090,-0.000037,-0.000020,-0.000111,-0.000193,-0.000208,-0.000105,0.000072,0.000001,-0.000148,-0.000162,-0.000189,-0.000287,-0.000210,-0.000089,-0.000077,-0.000112,-0.000101,-0.000020,0.000041,0.000081,0.000048,-0.000089,
0.047175,0.045384,0.024320,0.011942,0.014395,0.015521,0.009456,0.003371,0.001413,0.001564,0.002654,0.003513,0.002638,0.001283,0.000565,0.000195,0.000559,0.001257,0.001379,0.001175,0.001262,0.001322,0.000857,-0.000189,-0.001385,-0.002016,-0.001801,-0.000507,0.000890,0.001229,0.000572,-0.000254,-0.000697,-0.000688,-0.000323,0.000039,0.000258,0.000290,-0.000084,-0.000770,-0.001151,-0.000858,-0.000134,0.000373,0.000617,0.000582,0.000189,-0.000050,-0.000095,-0.000259,-0.000485,-0.000456,-0.000191,0.000030,0.000248,0.000332,0.000327,0.000397,0.000210,-0.000529,-0.001228,-0.001420,-0.001111,-0.000092,0.001087,0.001456,0.000986,0.000404,-0.000230,-0.000834,-0.001138,-0.001126,-0.000615,0.000229,0.000838,0.000755,0.000163,-0.000330,-0.000388,-0.000175,-0.000070,0.000037,0.000220,0.000429,0.000858,0.001395,0.001384,0.000474,-0.000473,-0.000697,-0.000589,-0.000400,-0.000100,0.000138,0.000079,0.000003,0.000014,0.000049,0.000039,-0.000038,-0.000094,-0.000119,-0.000098,-0.000071,-0.000025,0.000002,-0.000038,-0.000112,-0.000257,-0.000378,-0.000371,-0.000211,-0.000071,-0.000024,0.000059,0.000119,0.000004,-0.000139,-0.000169,-0.000060,0.000012,0.000009,0.000059,0.000035,-0.000014,0.000017,0.000058,0.000051,0.000078,0.000105,-0.000038,-0.000159,-0.000090,0.000018,-0.000010,0.000003,0.000189,0.000179,0.026554,0.017319,0.013817,0.013099,0.009574,0.002334,-0.001509,0.000795,0.004384,0.006226,0.006261,0.004314,0.001675,-0.000158,-0.001064,-0.000642,0.000221,0.000362,0.000306,0.000240,-0.000191,-0.000579,-0.000534,-0.000124,0.000007,0.000047,0.000313,0.000024,-0.001102,-0.001899,-0.001528,-0.000834,-0.000218,0.000215,0.000150,-0.000224,-0.000172,0.000249,0.000478,0.000511,0.000409,0.000110,-0.000137,-0.000144,-0.000121,-0.000126,-0.000219,-0.000164,0.000103,0.000117,-0.000046,-0.000177,-0.000128,-0.000002,-0.000034,-0.000113,-0.000090,-0.000001,-0.000104,-0.000430,-0.000375,0.000721,0.002091,0.001971,0.000319,-0.001031,-0.001236,-0.001224,-0.001481,-0.001533,-0.001068,-0.000305,0.000403,0.000598,-0.000021,-0.000961,-0.001232,-0.000639,-0.000045,0.000270,0.000326,0.000234,0.000304,0.000439,0.000342,-0.000023,-0.000729,-0.001511,-0.002063,-0.002128,-0.001535,-0.000492,0.000238,0.000174,-0.000226,-0.000351,-0.000207,-0.000116,-0.000098,0.000037,0.000156,0.000124,0.000010,-0.000074,-0.000188,-0.000280,-0.000185,-0.000115,-0.000053,0.000046,0.000006,-0.000035,-0.000012,0.000089,0.000090,-0.000008,-0.000077,-0.000082,-0.000039,-0.000070,-0.000068,-0.000037,0.000001,0.000013,-0.000152,-0.000261,-0.000155,-0.000071,-0.000062,-0.000132,-0.000144,-0.000083,-0.000029,0.000064,0.000063,0.000032,-0.000012,-0.000151,
0.047682,0.045936,0.024567,0.011818,0.014159,0.015169,0.008802,0.002712,0.000922,0.001160,0.002096,0.002699,0.001920,0.001079,0.000900,0.000480,0.000453,0.001005,0.001113,0.001082,0.001346,0.001505,0.001069,0.000016,-0.001223,-0.002089,-0.001908,-0.000631,0.000817,0.001204,0.000584,-0.000256,-0.000784,-0.000647,-0.000160,0.000340,0.000711,0.000723,0.000208,-0.000678,-0.001188,-0.000965,-0.000319,0.000275,0.000681,0.000595,0.000194,-0.000014,-0.000111,-0.000227,-0.000323,-0.000272,-0.000033,0.000194,0.000310,0.000381,0.000375,0.000335,0.000028,-0.000601,-0.001112,-0.001196,-0.000971,-0.000147,0.000900,0.001341,0.001050,0.000428,-0.000229,-0.000882,-0.001373,-0.001530,-0.001182,-0.000245,0.000586,0.000641,0.000221,-0.000229,-0.000454,-0.000329,-0.000007,0.000192,0.000193,0.000455,0.001121,0.001731,0.001526,0.000494,-0.000396,-0.000624,-0.000526,-0.000421,-0.000263,0.000041,0.000123,-0.000020,0.000009,0.000050,-0.000092,-0.000171,-0.000103,0.000014,0.000052,-0.000041,-0.000031,0.000092,0.000068,-0.000036,-0.000064,-0.000074,-0.000088,-0.000116,-0.000053,0.000078,0.000072,0.000007,-0.000106,-0.000121,-0.000048,-0.000055,-0.000137,-0.000189,-0.000137,-0.000023,0.000063,-0.000009,-0.000003,0.000190,0.000361,0.000314,0.000067,-0.000199,-0.000242,-0.000110,-0.000056,0.000064,0.000233,0.000219,0.026690,0.017295,0.013601,0.012406,0.008480,0.001242,-0.002272,0.000488,0.004253,0.006120,0.006178,0.004309,0.001770,-0.000123,-0.001271,-0.001041,-0.000000,0.000482,0.000532,0.000421,-0.000086,-0.000620,-0.000593,-0.000144,0.000088,0.000138,0.000330,0.000067,-0.001065,-0.001940,-0.001779,-0.001202,-0.000518,0.000052,0.000143,-0.000003,0.000047,0.000315,0.000405,0.000192,0.000070,-0.000003,-0.000194,-0.000149,-0.000077,-0.000089,-0.000016,0.000030,0.000069,0.000073,-0.000006,-0.000166,-0.000210,-0.000022,0.000039,-0.000066,-0.000128,0.000028,-0.000065,-0.000520,-0.000476,0.000633,0.001761,0.001406,-0.000213,-0.001503,-0.001711,-0.001536,-0.001560,-0.001673,-0.001337,-0.000577,0.000165,0.000441,-0.000230,-0.001161,-0.001359,-0.000808,-0.000133,0.000244,0.000292,0.000266,0.000371,0.000505,0.000473,0.000010,-0.000839,-0.001708,-0.002271,-0.002297,-0.001718,-0.000690,0.000075,0.000095,-0.000187,-0.000288,-0.000166,0.000028,0.000099,0.000012,0.000034,0.000121,0.000138,0.000095,0.000018,-0.000074,-0.000050,0.000040,0.000002,-0.000095,-0.000080,-0.000010,0.000003,-0.000009,0.000002,-0.000055,-0.000133,-0.000191,-0.000042,0.000099,-0.000013,-0.000066,-0.000062,-0.000073,-0.000037,-0.000057,-0.000142,-0.000148,-0.000105,-0.000104,-0.000056,0.000012,-0.000064,0.000028,0.000032,-0.000076,-0.000004,0.000057,
0.048039,0.046114,0.024832,0.012023,0.014019,0.014767,0.008297,0.002403,0.000776,0.000890,0.001824,0.002589,0.001807,0.001037,0.000916,0.000498,0.000511,0.000897,0.000926,0.001045,0.001440,0.001520,0.001019,-0.000040,-0.001490,-0.002337,-0.001886,-0.000486,0.000901,0.001291,0.000644,-0.000270,-0.000855,-0.000811,-0.000346,0.000158,0.000464,0.000487,0.000098,-0.000687,-0.001209,-0.000950,-0.000332,0.000210,0.000548,0.000474,0.000211,0.000054,-0.000102,-0.000285,-0.000410,-0.000381,-0.000134,0.000013,0.000113,0.000246,0.000287,0.000322,0.000153,-0.000609,-0.001308,-0.001434,-0.000934,0.000141,0.001103,0.001318,0.000919,0.000267,-0.000520,-0.001182,-0.001368,-0.001209,-0.000798,-0.000071,0.000576,0.000681,0.000359,0.000011,-0.000199,-0.000216,-0.000134,-0.000076,0.000035,0.000377,0.000917,0.001452,0.001446,0.000428,-0.000607,-0.000864,-0.000714,-0.000445,-0.000101,0.000127,0.000082,0.000018,0.000080,0.000117,0.000026,-0.000042,0.000031,0.000144,0.000063,-0.000008,-0.000001,-0.000011,0.000017,0.000008,-0.000074,-0.000140,-0.000180,-0.000130,-0.000025,-0.000031,0.000031,0.000089,0.000002,-0.000048,0.000039,0.000130,0.000072,-0.000030,-0.000080,-0.000155,-0.000075,0.000140,0.000173,0.000181,0.000154,0.000108,0.000082,0.000023,-0.000052,-0.000187,-0.000216,-0.000073,0.000111,0.000105,0.026772,0.017433,0.013699,0.011979,0.007447,0.000159,-0.002849,0.000225,0.004051,0.006004,0.006020,0.004027,0.001612,-0.000029,-0.001039,-0.001043,-0.000277,0.000238,0.000339,0.000319,-0.000137,-0.000626,-0.000586,-0.000175,0.000031,0.000135,0.000366,0.000090,-0.000935,-0.001695,-0.001518,-0.001090,-0.000677,-0.000231,-0.000002,0.000004,0.000054,0.000215,0.000330,0.000348,0.000318,0.000155,0.000006,-0.000119,-0.000235,-0.000261,-0.000222,-0.000139,-0.000085,-0.000013,-0.000077,-0.000198,-0.000221,-0.000160,-0.000136,-0.000190,-0.000165,-0.000036,-0.000061,-0.000360,-0.000200,0.000932,0.001971,0.001540,-0.000176,-0.001539,-0.001633,-0.001435,-0.001514,-0.001439,-0.001069,-0.000553,0.000032,0.000342,-0.000049,-0.000873,-0.001095,-0.000497,0.000119,0.000361,0.000412,0.000393,0.000368,0.000368,0.000292,-0.000081,-0.000710,-0.001415,-0.001965,-0.002092,-0.001571,-0.000535,0.000213,0.000199,-0.000175,-0.000247,-0.000042,0.000039,-0.000009,-0.000012,0.000076,0.000116,0.000046,-0.000041,-0.000056,-0.000054,-0.000064,-0.000018,0.000098,0.000075,-0.000015,-0.000085,-0.000171,-0.000141,-0.000163,-0.000147,-0.000010,0.000015,-0.000020,-0.000013,-0.000026,-0.000009,-0.000014,-0.000023,-0.000050,-0.000117,-0.000133,-0.000058,0.000039,-0.000029,-0.000117,-0.000047,0.000047,0.000051,0.000015,-0.000029,0.000007,-0.000015,
0.047228,0.045613,0.024675,0.012067,0.013876,0.014277,0.007802,0.001981,0.000394,0.000591,0.001635,0.002388,0.001561,0.000731,0.000757,0.000511,0.000349,0.000571,0.000789,0.001041,0.001301,0.001364,0.000888,-0.000212,-0.001498,-0.002323,-0.002068,-0.000603,0.000985,0.001487,0.000823,-0.000185,-0.000878,-0.000977,-0.000554,0.000026,0.000478,0.000634,0.000219,-0.000624,-0.001097,-0.000895,-0.000314,0.000245,0.000558,0.000449,0.000158,-0.000020,-0.000107,-0.000248,-0.000392,-0.000334,-0.000186,-0.000054,0.000170,0.000336,0.000402,0.000459,0.000203,-0.000470,-0.001138,-0.001522,-0.001317,0.000060,0.001535,0.001758,0.001021,0.000186,-0.000618,-0.001269,-0.001396,-0.001109,-0.000540,0.000119,0.000501,0.000407,0.000046,-0.000278,-0.000449,-0.000360,-0.000105,0.000114,0.000275,0.000555,0.001031,0.001484,0.001299,0.000235,-0.000688,-0.000810,-0.000678,-0.000567,-0.000211,0.000208,0.000282,0.000139,0.000182,0.000173,0.000010,-0.000054,-0.000013,0.000024,0.000043,0.000062,0.000029,0.000035,0.000085,0.000029,-0.000019,-0.000137,-0.000277,-0.000218,-0.000086,0.000009,0.000006,0.000035,-0.000092,-0.000273,-0.000137,0.000088,0.000103,0.000057,-0.000039,-0.000071,0.000028,0.000103,0.000143,0.000076,0.000007,-0.000045,-0.000039,-0.000104,-0.000215,-0.000151,-0.000101,-0.000040,0.000090,0.000105,0.028329,0.019090,0.014691,0.011972,0.006940,-0.000351,-0.003171,0.000248,0.004202,0.005883,0.005674,0.003614,0.001339,0.000044,-0.000860,-0.001027,-0.000427,0.000089,0.000353,0.000414,-0.000057,-0.000483,-0.000318,0.000050,0.000100,0.000130,0.000470,0.000269,-0.000842,-0.001743,-0.001709,-0.001275,-0.000743,-0.000169,0.000189,0.000210,0.000227,0.000347,0.000402,0.000215,-0.000013,-0.000120,-0.000222,-0.000128,-0.000098,-0.000255,-0.000280,-0.000113,0.000078,0.000071,-0.000130,-0.000370,-0.000374,-0.000217,-0.000163,-0.000191,-0.000082,0.000068,-0.000007,-0.000330,-0.000363,0.000502,0.001672,0.001579,-0.000187,-0.001930,-0.002308,-0.002141,-0.002081,-0.001865,-0.001292,-0.000484,0.000251,0.000512,-0.000024,-0.000853,-0.001019,-0.000451,0.000066,0.000333,0.000462,0.000378,0.000226,0.000247,0.000301,-0.000049,-0.000755,-0.001612,-0.002213,-0.002179,-0.001457,-0.000378,0.000332,0.000246,-0.000126,-0.000213,-0.000036,0.000091,0.000090,0.000079,0.000133,0.000107,0.000109,0.000005,-0.000114,-0.000093,-0.000028,0.000074,0.000132,0.000061,0.000015,-0.000017,-0.000068,-0.000040,-0.000038,-0.000112,-0.000167,-0.000152,-0.000112,-0.000087,-0.000065,-0.000047,0.000000,0.000036,-0.000022,-0.000126,-0.000208,-0.000162,-0.000045,-0.000100,-0.000181,-0.000163,-0.000112,-0.000071,-0.000010,-0.000007,0.000006,-0.000044,
0.047895,0.045833,0.025102,0.012603,0.014016,0.013876,0.007159,0.001629,0.000426,0.000842,0.001888,0.002442,0.001286,0.000436,0.000706,0.000463,0.000312,0.000676,0.000906,0.001040,0.001294,0.001392,0.000809,-0.000335,-0.001524,-0.002203,-0.001908,-0.000559,0.000829,0.001130,0.000529,-0.000237,-0.000820,-0.000932,-0.000689,-0.000261,0.000259,0.000398,0.000063,-0.000610,-0.001137,-0.000944,-0.000310,0.000326,0.000632,0.000474,0.000181,0.000078,0.000036,-0.000140,-0.000306,-0.000211,-0.000049,-0.000009,0.000080,0.000134,0.000134,0.000096,-0.000038,-0.000505,-0.000950,-0.000844,-0.000409,0.000388,0.001198,0.001469,0.001198,0.000546,-0.000227,-0.000864,-0.001101,-0.001014,-0.000599,0.000164,0.000671,0.000459,-0.000081,-0.000425,-0.000431,-0.000242,0.000004,0.000119,0.000161,0.000446,0.001149,0.001717,0.001534,0.000436,-0.000789,-0.001135,-0.000909,-0.000655,-0.000267,0.000055,0.000146,0.000131,0.000080,0.000054,-0.000064,-0.000130,0.000002,0.000064,-0.000080,-0.000156,0.000011,0.000069,0.000021,-0.000020,-0.000106,-0.000160,-0.000113,-0.000085,-0.000027,0.000028,0.000111,0.000083,-0.000052,-0.000017,0.000041,-0.000013,-0.000075,-0.000136,-0.000158,-0.000103,0.000030,0.000080,0.000042,0.000078,0.000158,0.000131,0.000022,-0.000092,-0.000156,-0.000141,-0.000025,0.000117,0.000211,0.000200,0.027392,0.018052,0.014096,0.011584,0.006055,-0.001274,-0.003613,-0.000028,0.003810,0.005488,0.005323,0.003235,0.000959,-0.000130,-0.000799,-0.000919,-0.000384,0.000081,0.000307,0.000361,-0.000046,-0.000497,-0.000378,-0.000026,0.000109,0.000275,0.000485,0.000129,-0.001038,-0.001966,-0.001765,-0.001042,-0.000342,0.000117,0.000220,0.000103,0.000217,0.000484,0.000538,0.000332,0.000216,0.000113,-0.000048,-0.000143,-0.000177,-0.000232,-0.000216,-0.000052,0.000024,-0.000110,-0.000109,-0.000188,-0.000227,-0.000077,-0.000121,-0.000308,-0.000282,-0.000058,-0.000156,-0.000470,-0.000297,0.000689,0.001628,0.001348,-0.000066,-0.001368,-0.001762,-0.001661,-0.001523,-0.001467,-0.001129,-0.000270,0.000503,0.000477,-0.000199,-0.000936,-0.001087,-0.000427,0.000254,0.000532,0.000460,0.000401,0.000473,0.000505,0.000437,-0.000030,-0.000842,-0.001537,-0.001962,-0.002027,-0.001438,-0.000415,0.000319,0.000246,-0.000160,-0.000249,-0.000158,-0.000070,0.000025,0.000052,0.000041,0.000049,0.000105,0.000098,0.000009,-0.000026,-0.000137,-0.000170,-0.000103,-0.000056,0.000034,0.000098,0.000114,0.000091,-0.000039,-0.000114,-0.000156,-0.000174,-0.000100,-0.000010,0.000003,-0.000050,-0.000084,-0.000061,-0.000139,-0.000217,-0.000243,-0.000260,-0.000121,-0.000038,-0.000078,-0.000130,-0.000077,0.000023,0.000020,0.000024,0.000032,-0.000081,
0.046449,0.044614,0.024573,0.012404,0.013735,0.013507,0.006722,0.001277,0.000172,0.000821,0.002083,0.002700,0.001329,0.000106,0.000292,0.000377,0.000291,0.000558,0.000787,0.000939,0.001105,0.001120,0.000658,-0.000329,-0.001500,-0.002378,-0.002081,-0.000714,0.000606,0.001078,0.000608,-0.000203,-0.000786,-0.000915,-0.000567,-0.000119,0.000204,0.000339,0.000087,-0.000668,-0.001259,-0.001097,-0.000372,0.000279,0.000557,0.000485,0.000279,0.000055,-0.000135,-0.000316,-0.000490,-0.000361,-0.000201,-0.000081,0.000096,0.000198,0.000250,0.000395,0.000219,-0.000457,-0.001220,-0.001453,-0.000959,0.000174,0.001150,0.001198,0.000741,0.000245,-0.000379,-0.000951,-0.001107,-0.000943,-0.000386,0.000475,0.000923,0.000551,-0.000100,-0.000453,-0.000354,-0.000118,0.000012,0.000008,-0.000027,0.000232,0.000840,0.001485,0.001319,0.000267,-0.000696,-0.000856,-0.000619,-0.000570,-0.000385,-0.000041,0.000100,-0.000033,-0.000180,-0.000184,-0.000204,-0.000108,0.000094,0.000204,0.000184,0.000019,-0.000041,0.000052,0.000043,0.000002,-0.000050,-0.000123,-0.000185,-0.000086,0.000007,0.000012,0.000071,0.000057,-0.000007,-0.000076,-0.000098,0.000011,0.000141,0.000109,0.000025,0.000017,0.000044,0.000044,0.000018,0.000061,0.000096,0.000049,0.000071,-0.000012,-0.000017,-0.000051,-0.000137,-0.000028,0.000166,0.000184,0.029562,0.020034,0.015183,0.011690,0.005816,-0.001442,-0.003664,-0.000005,0.003575,0.005100,0.004918,0.002779,0.000610,-0.000301,-0.000994,-0.001229,-0.000693,-0.000067,0.000378,0.000406,-0.000077,-0.000556,-0.000533,-0.000178,-0.000039,0.000058,0.000355,0.000001,-0.001248,-0.002108,-0.001849,-0.001082,-0.000224,0.000230,0.000096,-0.000153,-0.000108,0.000153,0.000320,0.000354,0.000352,0.000177,-0.000099,-0.000218,-0.000260,-0.000256,-0.000220,-0.000044,0.000009,-0.000077,-0.000247,-0.000364,-0.000244,-0.000004,0.000026,-0.000073,-0.000083,-0.000001,-0.000121,-0.000408,-0.000150,0.001041,0.002032,0.001395,-0.000383,-0.001663,-0.001666,-0.001362,-0.001367,-0.001455,-0.001154,-0.000434,0.000301,0.000411,-0.000108,-0.000797,-0.001077,-0.000651,-0.000007,0.000320,0.000374,0.000342,0.000242,0.000320,0.000336,-0.000015,-0.000761,-0.001472,-0.001945,-0.002096,-0.001569,-0.000438,0.000321,0.000167,-0.000298,-0.000297,-0.000011,0.000199,0.000217,0.000104,0.000070,0.000037,0.000094,0.000094,-0.000100,-0.000245,-0.000309,-0.000329,-0.000089,0.000089,0.000027,-0.000053,-0.000036,-0.000034,-0.000140,-0.000081,0.000010,-0.000054,-0.000045,-0.000080,-0.000043,0.000016,-0.000003,0.000015,-0.000029,-0.000131,-0.000216,-0.000241,-0.000159,-0.000148,-0.000117,-0.000081,-0.000041,-0.000003,-0.000053,-0.000090,-0.000028,-0.000015,
0.044465,0.043651,0.024122,0.012026,0.013325,0.013109,0.006584,0.001042,-0.000190,0.000644,0.002087,0.002585,0.001158,0.000071,0.000244,0.000103,-0.000205,0.000063,0.000627,0.001142,0.001250,0.000980,0.000383,-0.000635,-0.001850,-0.002559,-0.002126,-0.000658,0.000890,0.001324,0.000565,-0.000541,-0.001170,-0.000946,-0.000464,-0.000178,-0.000000,0.000154,-0.000124,-0.000812,-0.001194,-0.000903,-0.000291,0.000174,0.000396,0.000210,-0.000079,-0.000085,-0.000065,-0.000276,-0.000499,-0.000519,-0.000346,-0.000034,0.000225,0.000340,0.000365,0.000220,0.000002,-0.000476,-0.001058,-0.001265,-0.000915,0.000182,0.001292,0.001548,0.000954,0.000297,-0.000171,-0.000634,-0.000974,-0.001003,-0.000542,0.000236,0.000861,0.000758,0.000125,-0.000307,-0.000378,-0.000182,-0.000043,0.000037,0.000189,0.000378,0.000828,0.001348,0.001308,0.000397,-0.000571,-0.000805,-0.000599,-0.000454,-0.000245,-0.000020,0.000021,-0.000066,-0.000059,0.000045,-0.000034,-0.000063,-0.000014,0.000006,0.000122,0.000168,0.000164,0.000054,0.000019,0.000029,-0.000037,-0.000110,-0.000117,-0.000118,0.000006,0.000178,0.000257,0.000260,-0.000006,-0.000204,-0.000129,-0.000022,-0.000106,-0.000096,-0.000015,-0.000065,-0.000044,0.000046,-0.000014,-0.000099,0.000006,0.000053,0.000025,0.000063,0.000068,-0.000040,-0.000159,-0.000063,0.000076,0.000150,0.032075,0.022118,0.016279,0.012180,0.006116,-0.001222,-0.003628,-0.000072,0.003613,0.005053,0.004664,0.002476,0.000260,-0.000690,-0.001116,-0.001084,-0.000499,-0.000053,0.000107,0.000194,-0.000030,-0.000444,-0.000503,-0.000170,-0.000036,-0.000013,0.000234,-0.000078,-0.001178,-0.001860,-0.001519,-0.000705,0.000040,0.000374,0.000179,-0.000237,-0.000236,0.000156,0.000414,0.000353,0.000305,0.000108,-0.000218,-0.000341,-0.000253,-0.000136,-0.000072,0.000022,0.000118,0.000006,-0.000155,-0.000199,-0.000092,-0.000002,-0.000072,-0.000236,-0.000076,0.000278,0.000045,-0.000469,-0.000275,0.000821,0.001935,0.001663,0.000061,-0.001230,-0.001456,-0.001437,-0.001580,-0.001590,-0.001217,-0.000503,0.000212,0.000442,-0.000161,-0.000956,-0.001090,-0.000567,0.000038,0.000268,0.000207,0.000155,0.000282,0.000440,0.000352,-0.000022,-0.000624,-0.001394,-0.002103,-0.002207,-0.001591,-0.000523,0.000187,0.000142,-0.000278,-0.000506,-0.000234,0.000145,0.000266,0.000131,0.000120,0.000084,0.000021,0.000065,0.000003,-0.000095,-0.000096,-0.000015,0.000007,0.000017,0.000010,-0.000087,-0.000082,0.000018,0.000095,0.000078,-0.000075,-0.000114,-0.000055,-0.000017,0.000028,0.000023,-0.000057,-0.000127,-0.000180,-0.000172,-0.000127,-0.000132,-0.000168,-0.000163,-0.000222,-0.000151,0.000081,0.000167,0.000135,0.000112,0.000071,0.000040,
0.044885,0.044175,0.024605,0.012317,0.013323,0.012880,0.006132,0.000889,-0.000039,0.000757,0.002342,0.002940,0.001308,-0.000040,-0.000011,-0.000107,-0.000163,0.000119,0.000620,0.001082,0.001234,0.001085,0.000435,-0.000610,-0.001624,-0.002308,-0.002045,-0.000552,0.000959,0.001261,0.000659,-0.000055,-0.000697,-0.000944,-0.000618,-0.000032,0.000456,0.000607,0.000264,-0.000639,-0.001222,-0.000957,-0.000344,0.000274,0.000641,0.000554,0.000201,-0.000035,-0.000104,-0.000210,-0.000392,-0.000439,-0.000266,0.000019,0.000229,0.000300,0.000264,0.000223,0.000070,-0.000604,-0.001210,-0.001298,-0.001044,-0.000227,0.000766,0.001153,0.000879,0.000319,-0.000453,-0.001116,-0.001330,-0.001231,-0.000763,0.000092,0.000692,0.000504,-0.000014,-0.000231,-0.000247,-0.000123,0.000031,0.000079,0.000172,0.000410,0.000853,0.001449,0.001419,0.000390,-0.000645,-0.000894,-0.000662,-0.000510,-0.000282,0.000039,0.000068,-0.000046,-0.000040,-0.000042,-0.000150,-0.000114,-0.000052,0.000038,0.000198,0.000184,0.000164,0.000156,0.000062,0.000043,0.000028,-0.000112,-0.000242,-0.000135,0.000067,0.000115,0.000052,0.000079,0.000038,-0.000153,-0.000143,-0.000080,-0.000051,-0.000032,0.000005,0.000035,0.000033,0.000098,0.000225,0.000201,0.000105,0.000100,-0.000034,-0.000150,-0.000024,0.000025,-0.000014,0.000084,0.000189,0.000154,0.031117,0.020846,0.015469,0.011868,0.005860,-0.001560,-0.003944,-0.000301,0.003478,0.004874,0.004296,0.002106,0.000215,-0.000598,-0.001046,-0.001047,-0.000753,-0.000343,0.000046,0.000179,-0.000002,-0.000391,-0.000505,-0.000221,-0.000106,-0.000012,0.000233,-0.000077,-0.001148,-0.001881,-0.001706,-0.001128,-0.000507,-0.000078,0.000114,0.000149,0.000270,0.000453,0.000539,0.000409,0.000140,-0.000037,-0.000110,-0.000158,-0.000156,-0.000197,-0.000222,-0.000175,-0.000054,-0.000032,-0.000145,-0.000173,-0.000099,0.000030,-0.000069,-0.000212,-0.000101,0.000093,-0.000003,-0.000378,-0.000194,0.000882,0.001899,0.001598,0.000086,-0.001208,-0.001488,-0.001384,-0.001426,-0.001532,-0.001209,-0.000431,0.000382,0.000553,-0.000142,-0.000925,-0.001188,-0.000790,-0.000129,0.000262,0.000292,0.000135,0.000147,0.000214,0.000172,-0.000109,-0.000748,-0.001458,-0.002013,-0.002118,-0.001528,-0.000503,0.000167,0.000080,-0.000283,-0.000337,-0.000143,0.000133,0.000320,0.000254,0.000116,0.000117,0.000150,0.000072,-0.000006,-0.000058,-0.000124,-0.000179,-0.000170,-0.000025,0.000054,-0.000061,-0.000045,0.000020,-0.000041,-0.000126,-0.000139,-0.000193,-0.000214,-0.000192,-0.000100,0.000054,0.000010,-0.000063,-0.000098,-0.000203,-0.000253,-0.000103,-0.000016,-0.000123,-0.000125,-0.000127,-0.000058,0.000114,0.000136,0.000139,0.000130,0.000015,
0.044672,0.043948,0.024838,0.012758,0.013403,0.012504,0.005730,0.000766,0.000027,0.000940,0.002591,0.003037,0.001273,-0.000096,-0.000096,-0.000137,-0.000186,0.000168,0.000673,0.000916,0.000960,0.000880,0.000395,-0.000601,-0.001803,-0.002407,-0.001961,-0.000471,0.001073,0.001360,0.000556,-0.000290,-0.000681,-0.000804,-0.000580,0.000002,0.000453,0.000569,0.000192,-0.000667,-0.001230,-0.000941,-0.000203,0.000344,0.000630,0.000440,0.000100,0.000044,-0.000014,-0.000275,-0.000432,-0.000320,-0.000212,-0.000135,0.000048,0.000296,0.000499,0.000519,0.000119,-0.000583,-0.001119,-0.001204,-0.000758,0.000288,0.001323,0.001487,0.000946,0.000189,-0.000604,-0.001161,-0.001416,-0.001518,-0.001150,-0.000241,0.000446,0.000441,0.000145,-0.000124,-0.000173,-0.000028,0.000003,0.000021,0.000004,0.000252,0.000812,0.001304,0.001129,0.000167,-0.000722,-0.000920,-0.000727,-0.000547,-0.000208,0.000032,-0.000049,-0.000131,-0.000173,-0.000065,0.000103,0.000132,0.000179,0.000112,0.000044,0.000073,0.000025,-0.000037,0.000028,0.000062,-0.000007,-0.000093,-0.000157,-0.000224,-0.000158,0.000059,0.000083,0.000040,-0.000033,-0.000095,-0.000070,-0.000061,-0.000036,-0.000075,-0.000106,-0.000050,0.000119,0.000234,0.000225,0.000169,0.000145,0.000138,0.000036,-0.000022,-0.000044,-0.000046,-0.000073,-0.000074,0.000025,0.000114,0.030425,0.020259,0.014841,0.011203,0.005191,-0.002038,-0.004053,-0.000208,0.003426,0.004545,0.003813,0.001665,-0.000072,-0.000715,-0.001162,-0.001224,-0.000770,-0.000247,0.000092,0.000196,-0.000136,-0.000560,-0.000517,-0.000093,0.000091,0.000061,0.000295,0.000162,-0.000865,-0.001886,-0.001906,-0.001372,-0.000922,-0.000467,-0.000053,0.000083,0.000292,0.000588,0.000614,0.000343,0.000189,0.000134,-0.000042,-0.000057,-0.000110,-0.000270,-0.000221,-0.000144,-0.000102,-0.000095,-0.000084,-0.000095,-0.000116,-0.000108,-0.000123,-0.000171,-0.000135,0.000014,-0.000081,-0.000400,-0.000268,0.000782,0.001714,0.001166,-0.000381,-0.001420,-0.001552,-0.001476,-0.001477,-0.001492,-0.001225,-0.000579,0.000134,0.000422,-0.000092,-0.000946,-0.001129,-0.000578,0.000035,0.000332,0.000253,0.000186,0.000247,0.000253,0.000160,-0.000274,-0.000883,-0.001462,-0.001952,-0.002061,-0.001494,-0.000446,0.000253,0.000208,-0.000194,-0.000288,-0.000107,-0.000017,0.000042,0.000043,0.000061,0.000088,0.000037,0.000013,0.000022,-0.000060,-0.000155,-0.000154,-0.000013,0.000108,0.000147,0.000096,-0.000009,-0.000053,-0.000074,-0.000106,-0.000080,-0.000045,-0.000061,-0.000095,-0.000050,0.000012,0.000102,0.000051,-0.000120,-0.000224,-0.000201,-0.000077,-0.000029,-0.000095,-0.000095,-0.000009,0.000027,0.000057,0.000092,-0.000009,-0.000003,-0.000032,
0.043848,0.043119,0.024379,0.012679,0.013261,0.012272,0.005530,0.000660,0.000054,0.001066,0.002601,0.002901,0.001063,-0.000244,-0.000176,-0.000238,-0.000412,-0.000006,0.000625,0.001008,0.001111,0.000807,0.000211,-0.000628,-0.001635,-0.002312,-0.002038,-0.000605,0.001060,0.001511,0.000664,-0.000309,-0.000889,-0.001066,-0.000770,-0.000256,0.000205,0.000444,0.000097,-0.000757,-0.001209,-0.000935,-0.000265,0.000374,0.000620,0.000464,0.000149,-0.000016,-0.000040,-0.000188,-0.000378,-0.000310,-0.000057,0.000104,0.000135,0.000256,0.000359,0.000266,-0.000097,-0.000792,-0.001321,-0.001461,-0.001164,-0.000085,0.001046,0.001099,0.000497,-0.000097,-0.000812,-0.001505,-0.001637,-0.001215,-0.000601,0.000084,0.000530,0.000382,-0.000051,-0.000359,-0.000384,-0.000204,-0.000053,0.000083,0.000243,0.000425,0.000808,0.001199,0.001042,0.000084,-0.000825,-0.001010,-0.000752,-0.000400,-0.000055,0.000157,0.000160,0.000076,0.000038,0.000013,0.000005,-0.000012,0.000123,0.000250,0.000155,0.000079,0.000110,0.000028,-0.000007,0.000070,-0.000033,-0.000241,-0.000232,-0.000142,-0.000074,0.000057,0.000042,-0.000033,-0.000041,-0.000081,-0.000011,0.000071,0.000058,0.000031,-0.000030,-0.000026,0.000026,-0.000004,0.000026,0.000055,0.000066,0.000028,0.000010,-0.000069,-0.000105,-0.000024,0.000020,0.000097,0.000097,0.000002,0.030446,0.020636,0.015372,0.011415,0.005076,-0.002076,-0.003891,-0.000104,0.003335,0.004559,0.004006,0.001745,-0.000069,-0.000735,-0.001217,-0.001200,-0.000635,-0.000159,0.000173,0.000253,-0.000058,-0.000359,-0.000439,-0.000292,-0.000260,-0.000263,0.000085,0.000086,-0.000846,-0.001823,-0.001925,-0.001477,-0.000839,-0.000220,0.000115,0.000191,0.000286,0.000444,0.000517,0.000421,0.000338,0.000154,-0.000108,-0.000142,-0.000123,-0.000230,-0.000231,-0.000158,-0.000042,-0.000086,-0.000198,-0.000172,-0.000059,0.000131,0.000149,-0.000056,-0.000095,0.000122,-0.000052,-0.000418,-0.000239,0.000807,0.002017,0.001752,-0.000149,-0.001728,-0.001998,-0.001721,-0.001672,-0.001554,-0.000992,-0.000311,0.000241,0.000521,0.000119,-0.000611,-0.000863,-0.000574,-0.000012,0.000323,0.000225,0.000120,0.000228,0.000343,0.000228,-0.000122,-0.000787,-0.001556,-0.001968,-0.001991,-0.001454,-0.000419,0.000322,0.000244,-0.000138,-0.000183,0.000096,0.000326,0.000340,0.000261,0.000113,0.000008,0.000091,0.000102,-0.000078,-0.000191,-0.000136,-0.000052,0.000060,0.000169,0.000092,-0.000038,-0.000004,0.000032,-0.000011,-0.000038,-0.000109,-0.000157,-0.000162,-0.000132,-0.000131,-0.000095,-0.000140,-0.000136,-0.000078,-0.000159,-0.000180,-0.000189,-0.000181,-0.000080,-0.000001,0.000067,0.000059,0.000011,0.000024,0.000086,0.000036,-0.000060,
0.042177,0.041104,0.023028,0.012341,0.013071,0.012002,0.005277,0.000442,0.000022,0.001155,0.002626,0.002855,0.001153,-0.000058,-0.000118,-0.000455,-0.000659,-0.000186,0.000521,0.000999,0.001086,0.000891,0.000284,-0.000731,-0.001773,-0.002333,-0.001958,-0.000396,0.001172,0.001463,0.000742,-0.000093,-0.000614,-0.000743,-0.000452,-0.000003,0.000365,0.000542,0.000203,-0.000633,-0.001139,-0.000967,-0.000382,0.000249,0.000627,0.000455,0.000058,-0.000036,0.000039,-0.000019,-0.000212,-0.000253,-0.000127,-0.000025,0.000146,0.000309,0.000482,0.000468,0.000127,-0.000503,-0.000979,-0.001047,-0.000828,0.000216,0.001617,0.002106,0.001534,0.000577,-0.000280,-0.000814,-0.000962,-0.000902,-0.000550,0.000158,0.000610,0.000408,-0.000151,-0.000421,-0.000265,-0.000098,0.000060,0.000217,0.000267,0.000525,0.001009,0.001418,0.001339,0.000361,-0.000710,-0.000905,-0.000757,-0.000611,-0.000226,0.000119,0.000146,0.000080,0.000020,0.000022,-0.000014,-0.000034,0.000075,0.000149,0.000098,-0.000007,-0.000089,-0.000121,-0.000041,0.000034,-0.000057,-0.000159,-0.000195,-0.000190,-0.000100,-0.000018,0.000055,0.000137,0.000047,-0.000147,-0.000066,0.000115,0.000043,-0.000095,-0.000119,-0.000016,0.000059,0.000038,0.000040,0.000004,-0.000002,0.000082,0.000043,-0.000060,-0.000109,-0.000173,-0.000159,-0.000077,0.000041,0.000175,0.030922,0.021437,0.016182,0.011811,0.005140,-0.001907,-0.003676,0.000020,0.003279,0.004243,0.003580,0.001502,-0.000139,-0.000724,-0.001186,-0.001217,-0.000758,-0.000313,0.000052,0.000254,-0.000024,-0.000437,-0.000469,-0.000256,-0.000248,-0.000254,0.000146,0.000119,-0.000882,-0.001788,-0.001887,-0.001488,-0.000870,-0.000345,0.000009,0.000258,0.000476,0.000628,0.000730,0.000508,0.000240,0.000084,-0.000113,-0.000191,-0.000196,-0.000250,-0.000217,0.000004,0.000151,0.000061,-0.000103,-0.000191,-0.000049,0.000094,0.000023,-0.000168,-0.000251,-0.000111,-0.000152,-0.000414,-0.000333,0.000513,0.001523,0.001352,-0.000135,-0.001474,-0.001811,-0.001732,-0.001615,-0.001654,-0.001395,-0.000452,0.000401,0.000495,-0.000107,-0.000851,-0.001010,-0.000533,0.000049,0.000265,0.000288,0.000275,0.000215,0.000204,0.000112,-0.000334,-0.001001,-0.001611,-0.002040,-0.002094,-0.001494,-0.000374,0.000328,0.000197,-0.000246,-0.000372,-0.000159,0.000062,0.000180,0.000163,0.000071,0.000011,0.000008,-0.000048,-0.000144,-0.000276,-0.000352,-0.000246,-0.000096,0.000041,0.000021,-0.000085,-0.000095,-0.000096,-0.000084,-0.000114,-0.000256,-0.000302,-0.000293,-0.000214,-0.000068,-0.000055,-0.000031,-0.000017,-0.000021,-0.000080,-0.000201,-0.000144,-0.000026,0.000020,-0.000099,-0.000212,-0.000156,-0.000040,0.000016,-0.000083,-0.000137,-0.000147,
0.039483,0.038426,0.021188,0.011357,0.012543,0.011596,0.005008,0.000370,-0.000030,0.001019,0.002582,0.002852,0.001088,-0.000170,-0.000299,-0.000543,-0.000626,-0.000176,0.000535,0.001073,0.001056,0.000661,0.000096,-0.000784,-0.001837,-0.002523,-0.002238,-0.000701,0.000978,0.001304,0.000519,-0.000290,-0.000649,-0.000733,-0.000593,-0.000256,0.000212,0.000397,0.000105,-0.000661,-0.001247,-0.000889,-0.000139,0.000300,0.000412,0.000276,0.000078,0.000037,0.000017,-0.000135,-0.000316,-0.000297,-0.000218,-0.000130,0.000038,0.000143,0.000227,0.000355,0.000222,-0.000423,-0.001050,-0.001072,-0.000562,0.000215,0.000860,0.001008,0.000767,0.000285,-0.000357,-0.000953,-0.001181,-0.000988,-0.000490,0.000238,0.000800,0.000624,0.000037,-0.000325,-0.000367,-0.000208,-0.000001,0.000132,0.000219,0.000472,0.000981,0.001441,0.001286,0.000317,-0.000574,-0.000795,-0.000680,-0.000527,-0.000250,0.000021,0.000172,0.000133,-0.000037,-0.000126,-0.000186,-0.000103,0.000048,0.000114,0.000147,0.000141,0.000120,0.000138,0.000145,0.000073,-0.000085,-0.000186,-0.000166,-0.000014,0.000001,-0.000014,0.000103,0.000087,-0.000109,-0.000232,-0.000128,-0.000061,-0.000010,-0.000004,-0.000005,0.000011,0.000058,0.000103,0.000157,0.000084,0.000008,0.000025,-0.000096,-0.000188,-0.000082,0.000015,0.000059,0.000169,0.000262,0.000293,0.032132,0.022836,0.017040,0.012124,0.005630,-0.001413,-0.003486,0.000024,0.003144,0.004055,0.003453,0.001460,-0.000110,-0.000662,-0.001126,-0.001140,-0.000642,-0.000255,-0.000060,0.000087,-0.000120,-0.000485,-0.000543,-0.000381,-0.000336,-0.000321,0.000009,-0.000150,-0.001199,-0.002082,-0.001959,-0.001359,-0.000780,-0.000245,-0.000003,0.000054,0.000258,0.000524,0.000557,0.000404,0.000286,0.000121,-0.000122,-0.000157,-0.000030,-0.000026,-0.000096,-0.000084,-0.000106,-0.000244,-0.000309,-0.000132,0.000067,0.000121,0.000042,-0.000126,-0.000074,0.000098,-0.000056,-0.000348,-0.000087,0.001030,0.002025,0.001467,-0.000352,-0.001596,-0.001584,-0.001361,-0.001481,-0.001613,-0.001138,-0.000210,0.000492,0.000594,0.000002,-0.000797,-0.001083,-0.000608,0.000049,0.000355,0.000284,0.000172,0.000199,0.000268,0.000239,-0.000055,-0.000704,-0.001569,-0.002181,-0.002282,-0.001683,-0.000559,0.000255,0.000263,-0.000160,-0.000286,-0.000099,0.000056,-0.000030,-0.000056,0.000075,0.000147,0.000162,0.000159,0.000071,-0.000120,-0.000178,-0.000085,-0.000009,0.000053,0.000026,-0.000087,-0.000055,0.000021,0.000002,-0.000047,-0.000043,-0.000036,-0.000110,-0.000055,-0.000003,-0.000095,-0.000193,-0.000233,-0.000177,-0.000130,-0.000177,-0.000163,-0.000018,0.000045,0.000049,-0.000028,-0.000118,-0.000073,0.000014,-0.000004,-0.000008,0.000015,
0.037345,0.036301,0.019908,0.010926,0.012079,0.011080,0.004622,0.000176,0.000001,0.001139,0.002562,0.002808,0.001140,-0.000121,-0.000204,-0.000519,-0.000769,-0.000270,0.000523,0.000953,0.001010,0.000763,0.000057,-0.000896,-0.001929,-0.002536,-0.002195,-0.000803,0.000759,0.001170,0.000429,-0.000500,-0.000951,-0.000948,-0.000760,-0.000439,-0.000065,0.000180,-0.000033,-0.000779,-0.001263,-0.000908,-0.000234,0.000284,0.000525,0.000290,-0.000074,-0.000140,-0.000199,-0.000345,-0.000417,-0.000417,-0.000304,-0.000092,0.000108,0.000253,0.000351,0.000318,0.000011,-0.000710,-0.001313,-0.001421,-0.001031,0.000136,0.001368,0.001604,0.000968,0.000240,-0.000241,-0.000640,-0.000934,-0.000987,-0.000595,0.000182,0.000753,0.000611,0.000130,-0.000124,-0.000107,0.000015,0.000106,0.000115,0.000132,0.000348,0.000770,0.001257,0.001254,0.000371,-0.000484,-0.000691,-0.000667,-0.000622,-0.000327,0.000105,0.000201,0.000016,-0.000057,-0.000047,-0.000144,-0.000151,-0.000039,-0.000008,-0.000089,-0.000076,-0.000035,-0.000027,-0.000031,-0.000107,-0.000209,-0.000241,-0.000148,0.000006,0.000087,0.000093,0.000040,-0.000034,-0.000190,-0.000220,-0.000030,0.000063,0.000041,0.000004,-0.000055,0.000045,0.000168,0.000201,0.000217,0.000187,0.000162,0.000070,-0.000035,-0.000054,-0.000057,-0.000066,-0.000023,0.000120,0.000207,0.000091,0.031494,0.022391,0.016756,0.011926,0.005444,-0.001413,-0.003453,-0.000030,0.003066,0.003868,0.003154,0.001149,-0.000293,-0.000576,-0.001187,-0.001368,-0.000691,-0.000160,0.000039,0.000050,-0.000133,-0.000363,-0.000552,-0.000513,-0.000442,-0.000358,-0.000065,-0.000276,-0.001303,-0.002076,-0.001848,-0.000953,0.000084,0.000561,0.000194,-0.000293,-0.000201,0.000203,0.000388,0.000322,0.000234,0.000082,-0.000222,-0.000404,-0.000481,-0.000376,-0.000187,-0.000066,-0.000035,-0.000154,-0.000171,-0.000114,0.000008,0.000109,0.000050,-0.000144,-0.000164,-0.000004,-0.000119,-0.000418,-0.000256,0.000870,0.001939,0.001513,-0.000208,-0.001498,-0.001610,-0.001586,-0.001764,-0.001711,-0.001111,-0.000280,0.000340,0.000494,-0.000044,-0.000771,-0.000957,-0.000415,0.000192,0.000374,0.000270,0.000207,0.000168,0.000213,0.000172,-0.000152,-0.000701,-0.001373,-0.001917,-0.002034,-0.001408,-0.000305,0.000335,0.000264,-0.000012,-0.000164,-0.000029,0.000095,0.000091,0.000029,-0.000071,-0.000035,0.000027,0.000003,-0.000066,-0.000155,-0.000165,-0.000023,0.000090,0.000060,-0.000061,-0.000175,-0.000261,-0.000164,0.000035,-0.000043,-0.000108,-0.000076,-0.000030,-0.000027,-0.000133,-0.000061,0.000070,0.000029,-0.000084,-0.000120,-0.000074,-0.000086,-0.000039,-0.000053,-0.000197,-0.000223,-0.000027,0.000112,0.000150,0.000131,0.000017,-0.000058,
0.035312,0.034497,0.018870,0.010504,0.011719,0.010549,0.004197,-0.000015,0.000014,0.001316,0.002811,0.002845,0.000989,-0.000156,-0.000230,-0.000673,-0.000996,-0.000484,0.000305,0.000848,0.001027,0.000792,0.000058,-0.001015,-0.002073,-0.002532,-0.002069,-0.000721,0.000784,0.001250,0.000534,-0.000373,-0.000933,-0.000921,-0.000700,-0.000460,-0.000079,0.000132,-0.000061,-0.000679,-0.001123,-0.000823,-0.000145,0.000368,0.000498,0.000290,0.000050,-0.000001,-0.000022,-0.000157,-0.000362,-0.000363,-0.000251,-0.000150,0.000072,0.000254,0.000305,0.000366,0.000186,-0.000562,-0.001160,-0.001334,-0.001214,-0.000309,0.000780,0.000996,0.000619,0.000144,-0.000486,-0.001052,-0.001248,-0.001121,-0.000652,0.000175,0.000749,0.000583,0.000087,-0.000256,-0.000328,-0.000152,0.000011,0.000085,0.000175,0.000330,0.000747,0.001324,0.001316,0.000340,-0.000627,-0.000788,-0.000743,-0.000644,-0.000301,0.000045,0.000165,0.000027,-0.000108,-0.000144,-0.000142,-0.000057,0.000051,-0.000023,-0.000125,-0.000049,0.000047,0.000037,-0.000042,-0.000024,0.000043,-0.000024,-0.000131,-0.000102,-0.000050,0.000054,0.000189,0.000139,-0.000024,-0.000171,-0.000132,-0.000108,-0.000154,-0.000131,-0.000070,-0.000002,0.000030,0.000080,0.000148,0.000167,0.000123,0.000073,-0.000023,-0.000073,-0.000013,0.000068,0.000034,-0.000043,0.000007,0.000105,0.030393,0.021131,0.015793,0.011504,0.005375,-0.001156,-0.003034,0.000124,0.002921,0.003631,0.002911,0.001101,-0.000051,-0.000417,-0.001100,-0.001277,-0.000633,-0.000087,0.000055,0.000161,-0.000005,-0.000477,-0.000696,-0.000617,-0.000702,-0.000616,-0.000159,-0.000266,-0.001251,-0.002094,-0.002056,-0.001416,-0.000757,-0.000309,-0.000036,0.000093,0.000395,0.000725,0.000775,0.000614,0.000398,0.000171,-0.000071,-0.000228,-0.000195,-0.000185,-0.000279,-0.000170,-0.000064,-0.000180,-0.000206,-0.000108,0.000048,0.000134,0.000065,-0.000125,-0.000144,-0.000066,-0.000216,-0.000484,-0.000336,0.000729,0.001937,0.001830,0.000273,-0.001058,-0.001369,-0.001340,-0.001533,-0.001604,-0.001175,-0.000334,0.000559,0.000736,0.000007,-0.000772,-0.000922,-0.000473,-0.000021,0.000266,0.000299,0.000202,0.000256,0.000215,0.000031,-0.000253,-0.000821,-0.001422,-0.001967,-0.002166,-0.001676,-0.000655,0.000140,0.000183,-0.000219,-0.000286,-0.000011,0.000223,0.000230,0.000052,-0.000087,-0.000111,-0.000024,-0.000008,0.000001,-0.000040,-0.000038,0.000065,0.000040,-0.000017,-0.000052,-0.000152,-0.000103,0.000001,-0.000005,-0.000118,-0.000174,0.000003,0.000141,0.000022,-0.000067,0.000002,0.000048,-0.000029,-0.000131,-0.000155,-0.000102,-0.000119,-0.000031,-0.000026,-0.000129,-0.000151,-0.000168,-0.000068,0.000103,0.000081,-0.000047,-0.000128,
0.033767,0.033054,0.018076,0.010366,0.011516,0.009931,0.003487,-0.000404,0.000035,0.001484,0.002959,0.002901,0.000855,-0.000350,-0.000484,-0.001028,-0.001268,-0.000581,0.000318,0.000838,0.000919,0.000678,-0.000039,-0.001076,-0.002123,-0.002684,-0.002174,-0.000619,0.000917,0.001298,0.000500,-0.000413,-0.000836,-0.000916,-0.000717,-0.000294,0.000223,0.000485,0.000156,-0.000633,-0.001094,-0.000873,-0.000325,0.000198,0.000477,0.000377,0.000083,0.000001,-0.000112,-0.000268,-0.000305,-0.000272,-0.000210,-0.000132,0.000005,0.000185,0.000380,0.000426,0.000129,-0.000525,-0.001059,-0.001139,-0.000845,0.000011,0.000964,0.001319,0.000990,0.000294,-0.000458,-0.001091,-0.001400,-0.001560,-0.001221,-0.000288,0.000423,0.000323,-0.000086,-0.000161,-0.000063,0.000000,-0.000014,-0.000045,-0.000016,0.000255,0.000789,0.001226,0.001085,0.000149,-0.000679,-0.000773,-0.000666,-0.000579,-0.000285,0.000054,0.000168,0.000046,-0.000006,-0.000006,-0.000090,-0.000075,0.000077,0.000180,0.000062,-0.000152,-0.000094,0.000010,-0.000017,-0.000052,-0.000057,-0.000145,-0.000289,-0.000201,-0.000007,0.000086,0.000136,0.000060,-0.000079,-0.000081,0.000015,0.000015,-0.000002,0.000032,0.000040,0.000024,0.000064,0.000059,0.000061,0.000081,0.000050,-0.000025,-0.000062,-0.000092,-0.000117,0.000027,0.000096,0.000060,0.000087,0.000084,0.028349,0.018955,0.014548,0.011068,0.005094,-0.001329,-0.002988,0.000222,0.002850,0.003318,0.002495,0.000764,-0.000286,-0.000571,-0.001224,-0.001351,-0.000573,-0.000052,-0.000028,-0.000026,-0.000134,-0.000413,-0.000598,-0.000534,-0.000607,-0.000634,-0.000258,-0.000262,-0.001153,-0.002182,-0.002284,-0.001620,-0.000803,-0.000131,0.000135,0.000142,0.000409,0.000652,0.000575,0.000446,0.000287,0.000107,0.000005,0.000028,-0.000139,-0.000394,-0.000416,-0.000305,-0.000203,-0.000191,-0.000168,-0.000100,0.000030,0.000178,0.000181,0.000022,-0.000042,0.000037,-0.000057,-0.000477,-0.000344,0.000750,0.001680,0.001273,-0.000241,-0.001330,-0.001360,-0.001287,-0.001457,-0.001624,-0.001402,-0.000653,0.000278,0.000608,0.000068,-0.000637,-0.000876,-0.000438,0.000207,0.000459,0.000206,0.000016,0.000131,0.000218,0.000105,-0.000291,-0.000817,-0.001474,-0.002017,-0.002107,-0.001542,-0.000459,0.000292,0.000221,-0.000115,-0.000126,0.000066,0.000218,0.000179,0.000028,0.000029,0.000153,0.000207,0.000111,0.000013,-0.000063,-0.000073,-0.000032,-0.000154,-0.000200,-0.000179,-0.000167,-0.000131,-0.000075,0.000009,-0.000003,-0.000068,-0.000179,-0.000200,-0.000032,0.000065,-0.000054,-0.000128,-0.000145,-0.000201,-0.000165,-0.000090,-0.000012,0.000078,0.000042,-0.000016,0.000036,0.000017,0.000047,0.000083,0.000031,-0.000003,-0.000024,
0.032392,0.031667,0.017360,0.010298,0.011392,0.009549,0.003082,-0.000481,0.000137,0.001588,0.002924,0.002755,0.000775,-0.000434,-0.000704,-0.001352,-0.001487,-0.000665,0.000275,0.000827,0.000952,0.000633,-0.000127,-0.001070,-0.002027,-0.002528,-0.002043,-0.000587,0.000901,0.001219,0.000529,-0.000193,-0.000700,-0.000956,-0.000808,-0.000464,-0.000012,0.000375,0.000077,-0.000712,-0.001199,-0.000947,-0.000235,0.000386,0.000532,0.000349,0.000171,0.000026,-0.000105,-0.000259,-0.000424,-0.000404,-0.000271,-0.000138,0.000064,0.000246,0.000346,0.000282,-0.000039,-0.000739,-0.001368,-0.001477,-0.001073,0.000037,0.001071,0.001101,0.000609,0.000010,-0.000723,-0.001304,-0.001483,-0.001269,-0.000813,-0.000069,0.000495,0.000493,0.000201,-0.000070,-0.000160,-0.000055,0.000021,0.000013,-0.000007,0.000268,0.000852,0.001262,0.001046,0.000072,-0.000759,-0.000963,-0.000806,-0.000567,-0.000268,0.000052,0.000166,0.000028,-0.000074,-0.000066,-0.000113,-0.000046,-0.000011,-0.000058,-0.000038,-0.000116,-0.000116,-0.000120,-0.000101,-0.000064,-0.000064,-0.000057,0.000017,0.000042,0.000055,0.000193,0.000304,0.000251,0.000081,-0.000110,-0.000185,-0.000112,-0.000030,-0.000018,-0.000065,-0.000080,-0.000078,-0.000061,0.000051,0.000139,0.000041,0.000019,0.000034,-0.000082,-0.000048,-0.000041,-0.000014,0.000143,0.000156,0.000016,0.025817,0.016466,0.013009,0.010224,0.004497,-0.001553,-0.002917,0.000326,0.002743,0.003060,0.002227,0.000550,-0.000310,-0.000397,-0.001090,-0.001244,-0.000533,-0.000065,0.000029,0.000119,-0.000068,-0.000461,-0.000635,-0.000585,-0.000617,-0.000580,-0.000156,-0.000041,-0.000958,-0.001967,-0.002103,-0.001542,-0.000889,-0.000431,-0.000208,-0.000024,0.000305,0.000625,0.000634,0.000429,0.000236,0.000052,-0.000085,-0.000192,-0.000215,-0.000294,-0.000403,-0.000252,-0.000140,-0.000200,-0.000232,-0.000197,-0.000070,0.000152,0.000125,-0.000105,-0.000123,0.000013,-0.000071,-0.000396,-0.000106,0.001168,0.002110,0.001499,-0.000214,-0.001454,-0.001603,-0.001463,-0.001430,-0.001323,-0.000940,-0.000370,0.000221,0.000554,0.000091,-0.000650,-0.000741,-0.000318,0.000170,0.000393,0.000291,0.000066,-0.000040,-0.000030,-0.000012,-0.000300,-0.000921,-0.001476,-0.001786,-0.001816,-0.001350,-0.000397,0.000243,0.000120,-0.000265,-0.000203,0.000140,0.000322,0.000374,0.000333,0.000223,0.000158,0.000137,0.000113,0.000066,-0.000027,-0.000059,0.000027,0.000112,0.000080,0.000012,-0.000079,-0.000116,-0.000084,-0.000013,-0.000051,-0.000089,-0.000091,-0.000095,-0.000042,0.000057,0.000026,-0.000032,-0.000070,-0.000105,-0.000131,-0.000061,-0.000053,-0.000067,-0.000048,-0.000051,-0.000045,-0.000018,0.000009,-0.000010,-0.000034,-0.000066,-0.000110,
0.030649,0.029891,0.016289,0.009718,0.010719,0.008841,0.002519,-0.000820,0.000090,0.001644,0.002862,0.002554,0.000533,-0.000603,-0.000827,-0.001499,-0.001674,-0.000793,0.000358,0.000985,0.000902,0.000478,-0.000166,-0.001027,-0.001869,-0.002476,-0.002252,-0.000764,0.000844,0.001273,0.000639,-0.000182,-0.000720,-0.000869,-0.000783,-0.000615,-0.000180,0.000241,0.000010,-0.000645,-0.001091,-0.000939,-0.000183,0.000436,0.000590,0.000369,0.000129,-0.000030,-0.000173,-0.000324,-0.000355,-0.000304,-0.000268,-0.000155,0.000023,0.000137,0.000279,0.000372,0.000093,-0.000634,-0.001252,-0.001398,-0.001113,0.000006,0.001459,0.001856,0.001135,0.000130,-0.000748,-0.001226,-0.001319,-0.001155,-0.000643,0.000045,0.000420,0.000303,-0.000048,-0.000273,-0.000231,-0.000131,-0.000116,-0.000008,0.000167,0.000440,0.000894,0.001320,0.001136,0.000202,-0.000656,-0.000873,-0.000772,-0.000643,-0.000292,0.000150,0.000253,0.000126,-0.000017,-0.000119,-0.000199,-0.000153,0.000005,0.000082,0.000001,-0.000087,-0.000003,0.000053,-0.000053,-0.000035,0.000067,-0.000009,-0.000064,-0.000030,0.000009,0.000104,0.000189,0.000196,0.000164,-0.000010,-0.000089,0.000044,0.000004,-0.000096,-0.000011,0.000116,0.000067,-0.000000,0.000079,0.000089,0.000101,0.000040,-0.000097,-0.000181,-0.000167,-0.000136,-0.000052,0.000130,0.000127,0.000100,0.023842,0.014277,0.011748,0.009859,0.004495,-0.001360,-0.002726,0.000380,0.002575,0.002729,0.001915,0.000487,-0.000124,-0.000321,-0.001107,-0.001177,-0.000305,0.000249,0.000223,0.000085,-0.000172,-0.000476,-0.000572,-0.000455,-0.000525,-0.000536,-0.000155,-0.000205,-0.001089,-0.001897,-0.001935,-0.001555,-0.000992,-0.000479,-0.000164,0.000106,0.000436,0.000762,0.000728,0.000458,0.000335,0.000157,-0.000023,-0.000178,-0.000260,-0.000297,-0.000419,-0.000342,-0.000289,-0.000282,-0.000226,-0.000178,-0.000029,0.000173,0.000234,0.000060,-0.000062,0.000029,-0.000119,-0.000430,-0.000365,0.000515,0.001478,0.001243,-0.000456,-0.001937,-0.002126,-0.001860,-0.001825,-0.001795,-0.001319,-0.000409,0.000432,0.000696,0.000155,-0.000679,-0.000888,-0.000523,-0.000061,0.000320,0.000307,0.000150,0.000106,0.000143,0.000119,-0.000245,-0.000949,-0.001636,-0.002042,-0.002023,-0.001425,-0.000359,0.000311,0.000177,-0.000121,-0.000005,0.000303,0.000387,0.000322,0.000189,0.000023,0.000010,0.000124,0.000111,-0.000031,-0.000187,-0.000139,-0.000016,0.000064,-0.000020,-0.000175,-0.000200,-0.000097,-0.000019,-0.000137,-0.000214,-0.000121,-0.000096,-0.000101,-0.000082,-0.000077,-0.000058,0.000038,-0.000048,-0.000121,-0.000127,-0.000151,-0.000112,0.000062,0.000090,-0.000025,-0.000033,-0.000034,0.000057,0.000111,0.000025,-0.000036,-0.000056,
0.027205,0.026321,0.013994,0.008753,0.010004,0.008133,0.002151,-0.000984,-0.000088,0.001518,0.002822,0.002489,0.000430,-0.000735,-0.001037,-0.001721,-0.001781,-0.000863,0.000240,0.000889,0.000865,0.000503,-0.000112,-0.001045,-0.002100,-0.002647,-0.002297,-0.000909,0.000733,0.001219,0.000604,-0.000229,-0.000839,-0.000993,-0.000801,-0.000510,-0.000106,0.000262,0.000069,-0.000642,-0.001042,-0.000885,-0.000283,0.000373,0.000527,0.000294,0.000058,-0.000056,-0.000051,-0.000170,-0.000354,-0.000349,-0.000261,-0.000153,0.000040,0.000173,0.000305,0.000476,0.000201,-0.000544,-0.001033,-0.000869,-0.000496,0.000160,0.000824,0.000988,0.000798,0.000255,-0.000421,-0.000937,-0.001116,-0.000982,-0.000538,0.000284,0.000734,0.000433,-0.000060,-0.000251,-0.000205,-0.000130,-0.000026,0.000027,0.000024,0.000230,0.000778,0.001319,0.001284,0.000318,-0.000856,-0.001221,-0.000967,-0.000798,-0.000458,0.000038,0.000152,0.000025,-0.000032,-0.000098,-0.000162,-0.000228,-0.000120,-0.000048,-0.000128,-0.000197,-0.000115,-0.000014,0.000066,0.000073,0.000012,-0.000162,-0.000275,-0.000159,0.000022,0.000189,0.000187,0.000103,0.000015,-0.000185,-0.000318,-0.000179,-0.000025,-0.000015,-0.000059,-0.000051,-0.000072,-0.000135,-0.000071,0.000035,0.000094,0.000042,-0.000044,-0.000129,-0.000084,-0.000058,-0.000135,-0.000024,0.000103,0.000059,0.022393,0.013071,0.011146,0.009616,0.004567,-0.001147,-0.002642,0.000350,0.002585,0.002725,0.001902,0.000495,-0.000152,-0.000238,-0.000958,-0.001030,-0.000218,0.000228,0.000164,0.000135,-0.000052,-0.000309,-0.000502,-0.000584,-0.000691,-0.000767,-0.000369,-0.000401,-0.001315,-0.002065,-0.001956,-0.001369,-0.000718,-0.000264,-0.000083,-0.000044,0.000161,0.000564,0.000763,0.000628,0.000410,0.000075,-0.000170,-0.000180,-0.000089,-0.000016,-0.000063,-0.000169,-0.000144,-0.000118,-0.000082,-0.000067,0.000016,0.000141,0.000106,-0.000015,-0.000046,-0.000026,-0.000295,-0.000604,-0.000305,0.000885,0.001867,0.001451,0.000030,-0.001096,-0.001342,-0.001387,-0.001545,-0.001545,-0.001194,-0.000421,0.000350,0.000515,-0.000038,-0.000668,-0.000774,-0.000384,0.000119,0.000386,0.000376,0.000125,0.000052,0.000207,0.000176,-0.000211,-0.000795,-0.001450,-0.002068,-0.002261,-0.001636,-0.000446,0.000404,0.000353,-0.000118,-0.000203,0.000054,0.000164,0.000070,0.000001,-0.000085,-0.000064,0.000127,0.000200,0.000155,-0.000028,-0.000082,0.000015,0.000167,0.000239,0.000103,0.000015,-0.000014,-0.000101,-0.000116,-0.000092,-0.000048,-0.000038,-0.000052,-0.000095,-0.000078,-0.000037,-0.000046,-0.000066,-0.000017,-0.000090,-0.000228,-0.000152,0.000057,0.000093,0.000031,-0.000065,-0.000067,0.000067,0.000058,0.000020,-0.000014,-0.000055,
0.023646,0.022851,0.012054,0.008050,0.009511,0.007557,0.001624,-0.001342,-0.000179,0.001539,0.002771,0.002291,0.000232,-0.000793,-0.001136,-0.001891,-0.001838,-0.000793,0.000243,0.000714,0.000697,0.000477,-0.000085,-0.001057,-0.001965,-0.002447,-0.002162,-0.000799,0.000658,0.000901,0.000240,-0.000478,-0.000842,-0.000869,-0.000741,-0.000575,-0.000330,-0.000125,-0.000284,-0.000849,-0.001106,-0.000656,-0.000014,0.000330,0.000379,0.000224,0.000083,0.000009,-0.000115,-0.000354,-0.000544,-0.000529,-0.000302,-0.000136,0.000065,0.000293,0.000350,0.000363,0.000238,-0.000402,-0.001196,-0.001536,-0.001206,0.000115,0.001297,0.001375,0.000840,0.000245,-0.000406,-0.001037,-0.001255,-0.001120,-0.000705,0.000032,0.000563,0.000443,0.000084,-0.000124,-0.000160,-0.000157,-0.000116,-0.000076,0.000055,0.000349,0.000817,0.001217,0.001065,0.000094,-0.000706,-0.000781,-0.000669,-0.000478,-0.000283,-0.000073,0.000038,-0.000074,0.000020,0.000095,-0.000146,-0.000171,0.000014,0.000103,-0.000010,-0.000142,-0.000156,-0.000110,-0.000069,0.000000,-0.000006,-0.000063,-0.000145,-0.000157,-0.000111,0.000004,0.000085,-0.000022,-0.000068,-0.000080,-0.000003,0.000061,-0.000135,-0.000302,-0.000202,-0.000030,0.000103,0.000196,0.000205,0.000207,0.000099,0.000035,0.000139,0.000077,-0.000082,-0.000163,-0.000119,-0.000032,0.000020,0.000065,0.020599,0.011486,0.010317,0.009251,0.004458,-0.000841,-0.002212,0.000456,0.002411,0.002448,0.001766,0.000575,-0.000041,-0.000167,-0.000833,-0.000925,-0.000173,0.000320,0.000268,0.000153,-0.000082,-0.000351,-0.000470,-0.000452,-0.000700,-0.000967,-0.000627,-0.000552,-0.001299,-0.001926,-0.001777,-0.001202,-0.000581,-0.000082,0.000067,-0.000060,0.000058,0.000415,0.000560,0.000436,0.000307,0.000041,-0.000255,-0.000317,-0.000358,-0.000386,-0.000326,-0.000281,-0.000217,-0.000248,-0.000261,-0.000127,0.000099,0.000323,0.000261,0.000029,0.000005,0.000028,-0.000227,-0.000507,-0.000206,0.001083,0.002214,0.001533,-0.000407,-0.001571,-0.001516,-0.001371,-0.001566,-0.001721,-0.001337,-0.000452,0.000389,0.000651,0.000121,-0.000637,-0.000844,-0.000444,0.000157,0.000389,0.000264,0.000085,-0.000000,0.000104,0.000089,-0.000301,-0.000873,-0.001483,-0.001923,-0.001913,-0.001394,-0.000497,0.000184,0.000234,-0.000078,-0.000121,0.000180,0.000354,0.000282,0.000122,-0.000007,-0.000059,-0.000028,-0.000031,-0.000077,-0.000082,-0.000055,-0.000033,0.000060,0.000120,0.000038,-0.000112,-0.000162,-0.000111,-0.000053,-0.000018,-0.000069,-0.000180,-0.000128,-0.000028,-0.000020,-0.000025,-0.000068,-0.000173,-0.000180,-0.000127,-0.000091,-0.000044,-0.000110,-0.000199,-0.000157,-0.000045,0.000040,0.000106,0.000051,-0.000001,0.000044,0.000030,
0.020506,0.020123,0.010704,0.007581,0.009034,0.006918,0.001113,-0.001557,-0.000245,0.001444,0.002654,0.002149,0.000032,-0.000954,-0.001307,-0.002074,-0.001930,-0.000859,0.000085,0.000704,0.000841,0.000517,-0.000209,-0.001141,-0.002103,-0.002647,-0.002190,-0.000690,0.000734,0.000995,0.000358,-0.000333,-0.000814,-0.000909,-0.000819,-0.000682,-0.000397,-0.000164,-0.000173,-0.000618,-0.001054,-0.000816,-0.000089,0.000376,0.000513,0.000335,0.000036,-0.000088,-0.000184,-0.000357,-0.000456,-0.000364,-0.000334,-0.000298,0.000017,0.000245,0.000345,0.000394,0.000256,-0.000341,-0.001080,-0.001369,-0.001049,0.000115,0.001188,0.001311,0.000956,0.000433,-0.000311,-0.000912,-0.001062,-0.000876,-0.000346,0.000315,0.000652,0.000435,0.000028,-0.000216,-0.000235,0.000044,0.000177,0.000157,0.000096,0.000168,0.000608,0.001153,0.001154,0.000227,-0.000650,-0.000676,-0.000496,-0.000467,-0.000246,0.000012,0.000135,0.000104,0.000072,0.000103,-0.000061,-0.000251,-0.000161,0.000027,-0.000025,-0.000104,-0.000121,-0.000163,-0.000062,0.000108,0.000133,0.000027,-0.000080,-0.000041,0.000130,0.000213,0.000135,0.000025,-0.000113,-0.000141,-0.000048,-0.000084,-0.000089,-0.000041,-0.000050,-0.000060,-0.000038,-0.000061,-0.000089,-0.000051,0.000019,0.000050,0.000034,0.000020,0.000014,0.000009,0.000067,0.000154,0.000162,0.000073,0.018751,0.009631,0.009264,0.008844,0.004329,-0.000678,-0.001886,0.000659,0.002310,0.002238,0.001546,0.000532,0.000243,0.000118,-0.000667,-0.000675,0.000189,0.000595,0.000319,0.000056,-0.000105,-0.000376,-0.000514,-0.000470,-0.000628,-0.000776,-0.000457,-0.000433,-0.001244,-0.001947,-0.001770,-0.000970,-0.000232,0.000150,0.000099,-0.000017,0.000291,0.000681,0.000840,0.000689,0.000458,0.000212,-0.000006,-0.000004,-0.000059,-0.000192,-0.000157,-0.000152,-0.000298,-0.000343,-0.000258,-0.000147,0.000067,0.000305,0.000239,0.000019,-0.000134,-0.000072,-0.000151,-0.000414,-0.000179,0.000946,0.002046,0.001752,0.000250,-0.000965,-0.001128,-0.001136,-0.001410,-0.001511,-0.001179,-0.000477,0.000327,0.000664,0.000099,-0.000656,-0.000820,-0.000362,0.000130,0.000372,0.000332,0.000194,0.000202,0.000262,0.000174,-0.000214,-0.000776,-0.001452,-0.001983,-0.002106,-0.001607,-0.000524,0.000247,0.000201,-0.000042,0.000010,0.000254,0.000321,0.000211,0.000069,-0.000077,-0.000071,0.000088,0.000127,0.000033,-0.000040,-0.000096,-0.000061,0.000098,0.000133,0.000005,-0.000030,0.000006,-0.000009,0.000064,0.000119,0.000003,-0.000115,-0.000088,-0.000112,-0.000218,-0.000163,-0.000111,-0.000083,0.000021,-0.000031,-0.000062,-0.000053,-0.000092,-0.000132,-0.000030,0.000039,0.000052,0.000057,0.000029,0.000045,-0.000043,-0.000087,
0.018023,0.017833,0.009465,0.007118,0.008816,0.006688,0.000986,-0.001568,-0.000414,0.001239,0.002376,0.001831,-0.000094,-0.001104,-0.001551,-0.002206,-0.002034,-0.000916,0.000191,0.000745,0.000765,0.000526,-0.000086,-0.001087,-0.002145,-0.002684,-0.002248,-0.000928,0.000489,0.000837,0.000226,-0.000398,-0.000841,-0.000993,-0.000886,-0.000673,-0.000221,0.000170,0.000099,-0.000515,-0.000976,-0.000705,-0.000120,0.000422,0.000658,0.000304,-0.000080,-0.000145,-0.000215,-0.000357,-0.000444,-0.000420,-0.000364,-0.000237,0.000027,0.000303,0.000362,0.000361,0.000108,-0.000480,-0.001117,-0.001343,-0.001130,-0.000312,0.000719,0.001076,0.000725,0.000181,-0.000445,-0.001109,-0.001499,-0.001434,-0.001021,-0.000225,0.000482,0.000384,0.000030,-0.000092,-0.000041,0.000035,0.000020,0.000042,0.000168,0.000377,0.000783,0.001212,0.001061,0.000087,-0.000792,-0.000919,-0.000794,-0.000719,-0.000440,-0.000028,0.000126,0.000102,0.000072,0.000016,-0.000167,-0.000232,-0.000075,0.000057,0.000022,-0.000054,-0.000059,-0.000098,-0.000082,-0.000002,-0.000026,-0.000093,-0.000113,0.000029,0.000176,0.000156,0.000095,0.000036,-0.000037,-0.000155,-0.000121,-0.000043,-0.000044,-0.000045,-0.000083,-0.000078,0.000013,0.000094,0.000177,0.000221,0.000152,0.000068,0.000011,-0.000056,-0.000053,-0.000123,-0.000194,-0.000092,0.000026,0.000064,0.016255,0.007105,0.007761,0.008152,0.003995,-0.000728,-0.001799,0.000661,0.002240,0.002053,0.001251,0.000387,0.000349,0.000336,-0.000358,-0.000363,0.000339,0.000513,0.000312,0.000280,0.000065,-0.000267,-0.000453,-0.000485,-0.000678,-0.000738,-0.000380,-0.000473,-0.001247,-0.001812,-0.001782,-0.001438,-0.000982,-0.000475,-0.000044,0.000208,0.000448,0.000694,0.000665,0.000404,0.000224,0.000153,-0.000047,-0.000149,-0.000127,-0.000224,-0.000400,-0.000399,-0.000317,-0.000218,-0.000164,-0.000124,0.000004,0.000200,0.000294,0.000164,-0.000020,-0.000014,-0.000154,-0.000445,-0.000321,0.000678,0.001699,0.001513,0.000089,-0.001195,-0.001454,-0.001386,-0.001523,-0.001643,-0.001311,-0.000412,0.000566,0.000857,0.000093,-0.000770,-0.000858,-0.000486,-0.000020,0.000228,0.000160,0.000147,0.000163,0.000194,0.000177,-0.000170,-0.000829,-0.001554,-0.002090,-0.002124,-0.001479,-0.000356,0.000404,0.000274,-0.000116,-0.000041,0.000252,0.000349,0.000260,0.000168,0.000132,0.000070,0.000045,0.000062,-0.000017,-0.000097,-0.000077,0.000058,0.000085,0.000079,0.000099,-0.000020,-0.000159,-0.000224,-0.000149,-0.000014,0.000072,0.000102,0.000053,-0.000078,-0.000140,-0.000060,0.000005,0.000029,-0.000048,-0.000111,-0.000048,-0.000062,-0.000039,0.000039,-0.000052,-0.000003,0.000092,0.000092,0.000080,0.000052,0.000021,-0.000087,
0.015849,0.015848,0.008636,0.006878,0.008361,0.006057,0.000560,-0.001605,-0.000182,0.001235,0.002129,0.001665,-0.000268,-0.001238,-0.001619,-0.002308,-0.002013,-0.000816,0.000176,0.000746,0.000875,0.000548,-0.000127,-0.001127,-0.002246,-0.002812,-0.002354,-0.000876,0.000656,0.000987,0.000348,-0.000411,-0.000892,-0.001006,-0.000926,-0.000596,-0.000083,0.000279,0.000079,-0.000535,-0.000826,-0.000561,-0.000023,0.000462,0.000604,0.000343,-0.000016,-0.000206,-0.000314,-0.000442,-0.000444,-0.000306,-0.000273,-0.000249,-0.000028,0.000263,0.000378,0.000422,0.000198,-0.000457,-0.001138,-0.001231,-0.000771,0.000005,0.000816,0.001142,0.000818,0.000208,-0.000650,-0.001383,-0.001560,-0.001463,-0.001003,-0.000130,0.000463,0.000382,0.000093,-0.000050,-0.000130,-0.000080,0.000064,0.000084,0.000082,0.000232,0.000610,0.001098,0.001051,0.000082,-0.000812,-0.000968,-0.000849,-0.000734,-0.000457,-0.000031,0.000117,0.000093,0.000124,0.000133,-0.000020,-0.000148,-0.000094,0.000030,0.000045,-0.000059,-0.000062,0.000024,-0.000013,0.000040,0.000034,-0.000063,-0.000067,-0.000055,-0.000024,0.000038,0.000071,0.000041,-0.000076,-0.000154,-0.000144,-0.000172,-0.000137,-0.000059,0.000021,-0.000001,-0.000059,-0.000051,0.000056,0.000107,0.000048,0.000007,0.000013,-0.000022,-0.000016,0.000020,0.000020,-0.000015,0.000030,0.000028,0.014292,0.005037,0.006521,0.007616,0.003888,-0.000622,-0.001631,0.000784,0.002160,0.001912,0.001180,0.000441,0.000472,0.000363,-0.000433,-0.000352,0.000546,0.000778,0.000448,0.000284,0.000032,-0.000349,-0.000476,-0.000346,-0.000518,-0.000731,-0.000465,-0.000427,-0.001127,-0.001749,-0.001750,-0.001353,-0.000898,-0.000561,-0.000268,0.000050,0.000364,0.000648,0.000685,0.000415,0.000100,-0.000103,-0.000220,-0.000215,-0.000234,-0.000361,-0.000438,-0.000442,-0.000397,-0.000364,-0.000263,-0.000040,0.000182,0.000393,0.000406,0.000163,-0.000002,0.000019,-0.000191,-0.000501,-0.000102,0.001015,0.001888,0.001325,-0.000355,-0.001479,-0.001464,-0.001244,-0.001333,-0.001435,-0.001182,-0.000523,0.000266,0.000612,0.000037,-0.000706,-0.000822,-0.000435,0.000117,0.000370,0.000238,0.000034,0.000052,0.000064,0.000002,-0.000302,-0.000790,-0.001384,-0.001966,-0.002010,-0.001487,-0.000520,0.000215,0.000174,-0.000078,0.000015,0.000189,0.000247,0.000243,0.000135,-0.000037,-0.000107,0.000016,0.000181,0.000137,-0.000017,-0.000016,0.000019,0.000003,0.000026,-0.000056,-0.000148,-0.000166,-0.000167,-0.000164,-0.000169,-0.000174,-0.000096,0.000073,-0.000021,-0.000159,-0.000062,0.000098,0.000079,-0.000042,-0.000111,-0.000132,-0.000012,0.000074,0.000022,0.000026,0.000003,-0.000071,-0.000008,0.000054,-0.000008,-0.000041,-0.000117,
0.012858,0.013262,0.006964,0.005958,0.007707,0.005646,0.000422,-0.001818,-0.000496,0.001031,0.002042,0.001611,-0.000283,-0.001360,-0.001840,-0.002422,-0.002082,-0.000842,0.000225,0.000802,0.000863,0.000520,-0.000126,-0.001057,-0.002068,-0.002797,-0.002454,-0.000844,0.000706,0.000991,0.000321,-0.000434,-0.000930,-0.001213,-0.001203,-0.000792,-0.000152,0.000229,-0.000021,-0.000659,-0.001071,-0.000750,-0.000041,0.000402,0.000508,0.000293,0.000056,-0.000097,-0.000241,-0.000351,-0.000473,-0.000394,-0.000220,-0.000135,0.000120,0.000424,0.000537,0.000468,0.000175,-0.000565,-0.001372,-0.001692,-0.001367,-0.000119,0.001121,0.001175,0.000533,-0.000106,-0.000789,-0.001359,-0.001456,-0.001113,-0.000551,0.000123,0.000529,0.000350,-0.000018,-0.000098,-0.000125,-0.000080,0.000015,0.000067,0.000109,0.000206,0.000592,0.001046,0.000869,-0.000017,-0.000916,-0.001114,-0.000909,-0.000667,-0.000337,-0.000055,0.000028,0.000024,0.000108,0.000174,-0.000048,-0.000195,0.000047,0.000176,0.000118,-0.000007,-0.000046,0.000020,0.000037,0.000042,0.000020,-0.000061,-0.000151,-0.000115,0.000002,0.000046,0.000083,0.000009,-0.000182,-0.000195,-0.000063,0.000073,0.000027,-0.000075,-0.000074,-0.000076,-0.000034,0.000098,0.000059,-0.000002,-0.000000,0.000032,0.000006,-0.000087,-0.000139,-0.000129,-0.000027,0.000044,0.000082,0.000077,0.013861,0.004575,0.006137,0.007471,0.004024,-0.000361,-0.001471,0.000714,0.002069,0.001877,0.001180,0.000485,0.000576,0.000458,-0.000384,-0.000201,0.000826,0.000971,0.000487,0.000317,0.000183,-0.000202,-0.000437,-0.000423,-0.000626,-0.000759,-0.000444,-0.000398,-0.001185,-0.001996,-0.001955,-0.001552,-0.001031,-0.000425,0.000007,0.000288,0.000641,0.000858,0.000773,0.000477,0.000137,-0.000041,-0.000076,-0.000163,-0.000267,-0.000362,-0.000325,-0.000274,-0.000318,-0.000275,-0.000138,-0.000132,-0.000025,0.000242,0.000343,0.000181,0.000003,0.000065,-0.000139,-0.000585,-0.000410,0.000762,0.001908,0.001593,-0.000233,-0.001849,-0.001985,-0.001658,-0.001702,-0.001702,-0.001375,-0.000681,0.000255,0.000652,0.000136,-0.000589,-0.000757,-0.000447,-0.000000,0.000280,0.000284,0.000218,0.000114,0.000107,0.000044,-0.000250,-0.000740,-0.001460,-0.002061,-0.002117,-0.001537,-0.000487,0.000242,0.000232,-0.000021,0.000078,0.000489,0.000624,0.000408,0.000121,-0.000003,0.000055,0.000150,0.000222,0.000120,-0.000035,-0.000103,-0.000003,0.000052,0.000113,-0.000018,-0.000293,-0.000340,-0.000309,-0.000243,-0.000091,-0.000043,-0.000073,-0.000026,0.000023,0.000007,-0.000040,-0.000089,-0.000105,-0.000123,-0.000156,-0.000143,-0.000072,0.000037,0.000030,-0.000078,-0.000130,-0.000012,0.000139,0.000136,0.000072,-0.000047,-0.000133,
0.009414,0.010278,0.005214,0.004999,0.006917,0.004985,0.000031,-0.001924,-0.000600,0.000703,0.001474,0.001024,-0.000560,-0.001478,-0.001964,-0.002476,-0.002048,-0.000752,0.000269,0.000766,0.000917,0.000699,-0.000007,-0.001042,-0.002162,-0.002790,-0.002357,-0.000877,0.000632,0.000971,0.000303,-0.000420,-0.000872,-0.001104,-0.001155,-0.000895,-0.000425,-0.000038,-0.000036,-0.000555,-0.000968,-0.000614,0.000100,0.000400,0.000442,0.000327,0.000149,0.000013,-0.000171,-0.000395,-0.000426,-0.000326,-0.000285,-0.000210,-0.000045,0.000156,0.000396,0.000424,0.000073,-0.000555,-0.001004,-0.001068,-0.000803,0.000056,0.001121,0.001496,0.001115,0.000513,-0.000160,-0.000721,-0.000918,-0.000837,-0.000475,0.000186,0.000580,0.000290,-0.000084,-0.000205,-0.000222,-0.000185,-0.000090,0.000053,0.000060,0.000187,0.000682,0.001158,0.001048,0.000044,-0.000935,-0.001109,-0.000953,-0.000802,-0.000447,-0.000034,-0.000018,-0.000159,-0.000040,-0.000010,-0.000240,-0.000299,-0.000113,-0.000018,-0.000097,-0.000172,-0.000078,-0.000014,0.000015,-0.000004,-0.000038,-0.000094,-0.000110,-0.000042,-0.000034,0.000003,0.000112,0.000067,-0.000056,-0.000092,-0.000090,-0.000075,-0.000052,-0.000103,-0.000128,-0.000065,-0.000057,-0.000034,0.000046,0.000078,0.000075,0.000136,0.000101,0.000027,-0.000005,-0.000112,-0.000041,0.000116,0.000116,0.000146,0.013958,0.004796,0.006551,0.007890,0.004509,0.000368,-0.001065,0.000618,0.001889,0.001821,0.001359,0.000749,0.000816,0.000686,-0.000240,-0.000104,0.000842,0.001012,0.000610,0.000414,0.000205,-0.000134,-0.000297,-0.000401,-0.000676,-0.000757,-0.000437,-0.000326,-0.001030,-0.001763,-0.001764,-0.001389,-0.000896,-0.000420,-0.000008,0.000270,0.000568,0.000763,0.000617,0.000418,0.000230,-0.000058,-0.000199,-0.000198,-0.000180,-0.000267,-0.000383,-0.000314,-0.000245,-0.000207,-0.000124,0.000047,0.000129,0.000286,0.000308,0.000053,0.000011,0.000079,-0.000128,-0.000492,-0.000278,0.000728,0.001554,0.001251,0.000089,-0.000897,-0.001243,-0.001358,-0.001477,-0.001516,-0.001244,-0.000466,0.000437,0.000752,0.000193,-0.000550,-0.000752,-0.000419,0.000035,0.000319,0.000344,0.000198,0.000079,0.000109,0.000112,-0.000126,-0.000688,-0.001389,-0.001875,-0.001969,-0.001467,-0.000237,0.000573,0.000371,0.000002,-0.000041,0.000106,0.000187,0.000177,0.000073,-0.000002,0.000009,0.000130,0.000275,0.000211,0.000050,-0.000056,-0.000009,0.000001,0.000072,0.000147,0.000028,-0.000177,-0.000252,-0.000118,-0.000086,-0.000047,0.000020,0.000005,-0.000090,-0.000115,-0.000084,-0.000082,-0.000068,-0.000013,-0.000065,-0.000092,0.000013,0.000062,0.000024,-0.000042,-0.000108,-0.000055,0.000049,0.000033,0.000058,0.000130,0.000126,
0.006119,0.007018,0.003265,0.004160,0.006453,0.004694,-0.000189,-0.002129,-0.000690,0.000518,0.001137,0.000823,-0.000621,-0.001506,-0.002103,-0.002755,-0.002259,-0.000859,0.000191,0.000653,0.000809,0.000583,-0.000144,-0.001200,-0.002307,-0.002858,-0.002465,-0.001047,0.000364,0.000646,0.000156,-0.000444,-0.000905,-0.001107,-0.000999,-0.000759,-0.000479,-0.000267,-0.000286,-0.000577,-0.000844,-0.000655,-0.000054,0.000444,0.000618,0.000354,0.000087,0.000037,-0.000116,-0.000366,-0.000556,-0.000573,-0.000412,-0.000218,-0.000073,0.000074,0.000214,0.000398,0.000301,-0.000426,-0.001218,-0.001360,-0.000910,0.000013,0.000934,0.001112,0.000731,0.000282,-0.000263,-0.000880,-0.001196,-0.001089,-0.000572,0.000234,0.000747,0.000588,0.000095,-0.000221,-0.000244,-0.000135,-0.000004,0.000135,0.000164,0.000205,0.000582,0.001126,0.001039,0.000065,-0.000863,-0.000896,-0.000636,-0.000624,-0.000506,-0.000191,0.000032,-0.000001,-0.000030,0.000011,-0.000121,-0.000231,-0.000114,-0.000053,-0.000121,-0.000100,-0.000042,-0.000019,-0.000035,0.000014,0.000076,0.000011,0.000001,0.000087,0.000077,0.000051,0.000094,0.000060,-0.000059,-0.000176,-0.000183,-0.000128,-0.000095,-0.000086,-0.000066,0.000068,0.000065,-0.000057,-0.000059,0.000066,0.000161,0.000000,-0.000156,-0.000111,-0.000042,-0.000026,0.000025,0.000088,0.000043,0.000077,0.013869,0.005210,0.007092,0.008247,0.005008,0.000767,-0.000903,0.000613,0.001731,0.001690,0.001333,0.000919,0.001097,0.000944,-0.000036,0.000040,0.000959,0.000995,0.000573,0.000316,0.000147,-0.000031,-0.000208,-0.000337,-0.000700,-0.000906,-0.000648,-0.000585,-0.001380,-0.002051,-0.001822,-0.001281,-0.000697,-0.000272,-0.000101,-0.000034,0.000190,0.000541,0.000631,0.000433,0.000262,0.000028,-0.000195,-0.000288,-0.000235,-0.000187,-0.000186,-0.000219,-0.000248,-0.000155,-0.000085,-0.000061,0.000088,0.000322,0.000376,0.000241,0.000110,0.000084,-0.000092,-0.000321,0.000095,0.001295,0.002087,0.001289,-0.000548,-0.001690,-0.001609,-0.001354,-0.001394,-0.001458,-0.001127,-0.000453,0.000318,0.000608,0.000002,-0.000656,-0.000748,-0.000462,0.000017,0.000399,0.000324,0.000082,0.000111,0.000224,0.000147,-0.000070,-0.000639,-0.001466,-0.002041,-0.002160,-0.001576,-0.000415,0.000374,0.000345,0.000129,0.000199,0.000350,0.000371,0.000255,0.000174,0.000089,0.000070,0.000102,0.000086,-0.000035,-0.000098,-0.000001,0.000051,0.000069,0.000109,0.000049,-0.000122,-0.000209,-0.000222,-0.000228,-0.000113,0.000060,0.000076,-0.000002,-0.000115,-0.000208,-0.000268,-0.000224,-0.000143,-0.000107,-0.000199,-0.000202,-0.000025,0.000021,-0.000019,-0.000073,-0.000127,-0.000122,-0.000007,-0.000029,-0.000062,0.000063,0.000057,
0.002747,0.003830,0.001312,0.003084,0.005616,0.004239,-0.000226,-0.002042,-0.000731,0.000435,0.000923,0.000518,-0.000719,-0.001526,-0.002214,-0.002727,-0.002140,-0.000827,0.000234,0.000703,0.000743,0.000486,-0.000070,-0.001000,-0.002064,-0.002653,-0.002327,-0.001076,0.000244,0.000614,0.000002,-0.000825,-0.001255,-0.001180,-0.000972,-0.000867,-0.000639,-0.000277,-0.000236,-0.000571,-0.000823,-0.000601,-0.000035,0.000426,0.000546,0.000340,0.000034,-0.000061,-0.000225,-0.000512,-0.000702,-0.000646,-0.000380,-0.000224,0.000062,0.000331,0.000392,0.000402,0.000228,-0.000563,-0.001432,-0.001613,-0.001244,-0.000106,0.001071,0.001281,0.000945,0.000491,-0.000092,-0.000660,-0.000928,-0.000814,-0.000494,0.000151,0.000667,0.000455,0.000025,-0.000130,-0.000150,-0.000084,0.000073,0.000109,0.000035,0.000157,0.000577,0.001047,0.000949,0.000038,-0.000859,-0.001025,-0.000777,-0.000547,-0.000192,0.000074,0.000028,-0.000009,0.000107,0.000112,-0.000020,-0.000017,-0.000046,-0.000085,-0.000055,0.000005,0.000049,0.000059,0.000018,0.000112,0.000174,0.000036,-0.000100,-0.000092,0.000005,0.000072,0.000070,0.000096,0.000010,-0.000121,-0.000097,-0.000018,0.000015,-0.000036,-0.000093,-0.000058,0.000032,0.000087,0.000086,0.000071,0.000036,-0.000011,-0.000048,-0.000056,-0.000055,-0.000078,-0.000157,-0.000045,0.000112,0.000082,0.014207,0.005997,0.007887,0.008700,0.005263,0.001084,-0.000715,0.000571,0.001647,0.001684,0.001409,0.001032,0.001191,0.001040,0.000133,0.000266,0.001153,0.001127,0.000624,0.000370,0.000148,-0.000130,-0.000302,-0.000464,-0.000754,-0.000821,-0.000520,-0.000548,-0.001299,-0.001770,-0.001436,-0.000668,0.000101,0.000332,0.000141,-0.000095,0.000050,0.000485,0.000612,0.000433,0.000304,0.000049,-0.000199,-0.000209,-0.000182,-0.000223,-0.000303,-0.000329,-0.000262,-0.000135,-0.000064,-0.000016,0.000183,0.000334,0.000213,0.000064,0.000100,0.000111,-0.000179,-0.000444,-0.000199,0.000868,0.001913,0.001548,-0.000046,-0.001230,-0.001316,-0.001206,-0.001393,-0.001512,-0.001212,-0.000496,0.000243,0.000399,-0.000073,-0.000622,-0.000783,-0.000415,0.000086,0.000267,0.000141,0.000076,0.000207,0.000345,0.000221,-0.000225,-0.000845,-0.001508,-0.002010,-0.002104,-0.001594,-0.000549,0.000255,0.000289,0.000047,0.000082,0.000290,0.000482,0.000447,0.000253,0.000089,-0.000041,-0.000041,0.000118,0.000144,0.000017,-0.000061,-0.000109,-0.000051,0.000042,0.000089,-0.000018,-0.000185,-0.000107,-0.000039,-0.000184,-0.000158,-0.000125,-0.000128,-0.000036,0.000008,-0.000030,-0.000064,-0.000068,-0.000119,-0.000159,-0.000066,0.000073,0.000105,0.000007,-0.000084,-0.000043,0.000000,0.000070,0.000173,0.000182,0.000142,0.000025,
0.000626,0.001574,0.000026,0.002626,0.005472,0.004224,-0.000194,-0.002097,-0.000817,0.000285,0.000884,0.000619,-0.000645,-0.001502,-0.002215,-0.002793,-0.002135,-0.000678,0.000336,0.000708,0.000707,0.000535,-0.000003,-0.001041,-0.002157,-0.002741,-0.002447,-0.001161,0.000207,0.000557,-0.000005,-0.000645,-0.000952,-0.001112,-0.001119,-0.000866,-0.000397,0.000023,0.000074,-0.000367,-0.000766,-0.000608,-0.000067,0.000382,0.000541,0.000430,0.000201,0.000051,-0.000210,-0.000497,-0.000556,-0.000430,-0.000298,-0.000148,0.000096,0.000288,0.000436,0.000412,0.000166,-0.000448,-0.001127,-0.001444,-0.001301,-0.000430,0.000563,0.000909,0.000666,0.000303,-0.000326,-0.000967,-0.001179,-0.001142,-0.000538,0.000292,0.000561,0.000349,0.000122,0.000001,-0.000130,-0.000078,0.000138,0.000201,0.000128,0.000188,0.000582,0.001095,0.001022,0.000043,-0.000873,-0.000954,-0.000765,-0.000664,-0.000429,-0.000154,-0.000022,0.000075,0.000057,0.000067,0.000029,-0.000035,-0.000012,-0.000051,-0.000110,-0.000155,-0.000155,-0.000082,0.000057,0.000171,0.000151,-0.000027,-0.000081,0.000011,0.000046,0.000127,0.000120,-0.000013,-0.000161,-0.000108,0.000015,0.000070,0.000097,-0.000025,-0.000128,-0.000078,0.000010,0.000090,0.000057,0.000040,0.000100,0.000059,-0.000003,-0.000047,-0.000029,-0.000013,0.000005,-0.000018,-0.000022,0.000067,0.014435,0.006345,0.008327,0.008990,0.005536,0.001441,-0.000442,0.000699,0.001664,0.001555,0.001386,0.001198,0.001413,0.001169,0.000324,0.000430,0.001185,0.001165,0.000642,0.000333,0.000002,-0.000260,-0.000357,-0.000446,-0.000695,-0.000848,-0.000646,-0.000685,-0.001410,-0.001967,-0.001735,-0.001270,-0.000811,-0.000330,-0.000013,0.000194,0.000576,0.000880,0.000845,0.000575,0.000213,-0.000111,-0.000297,-0.000246,-0.000165,-0.000197,-0.000267,-0.000369,-0.000389,-0.000270,-0.000082,-0.000058,-0.000063,0.000195,0.000371,0.000190,0.000029,0.000117,-0.000092,-0.000473,-0.000149,0.000940,0.001862,0.001671,0.000277,-0.000931,-0.001119,-0.001095,-0.001271,-0.001403,-0.001012,-0.000244,0.000587,0.000846,0.000166,-0.000616,-0.000699,-0.000272,0.000064,0.000286,0.000371,0.000284,0.000251,0.000290,0.000201,-0.000099,-0.000655,-0.001392,-0.001860,-0.001915,-0.001520,-0.000500,0.000196,0.000152,-0.000069,0.000031,0.000369,0.000439,0.000283,0.000129,0.000019,0.000004,0.000105,0.000153,0.000118,-0.000017,-0.000058,-0.000051,-0.000003,0.000064,0.000043,-0.000072,-0.000180,-0.000172,-0.000127,-0.000072,-0.000098,-0.000126,-0.000091,-0.000063,-0.000033,-0.000045,-0.000061,-0.000091,-0.000086,-0.000150,-0.000125,-0.000012,-0.000102,-0.000121,-0.000051,-0.000079,-0.000031,0.000105,0.000202,0.000235,0.000111,-0.000059,
-0.001608,-0.000397,-0.001006,0.002160,0.005131,0.004042,-0.000198,-0.002155,-0.001013,0.000111,0.000588,0.000299,-0.000804,-0.001544,-0.002315,-0.002890,-0.002150,-0.000702,0.000343,0.000799,0.000795,0.000512,0.000023,-0.000934,-0.002019,-0.002594,-0.002358,-0.001058,0.000275,0.000549,0.000072,-0.000391,-0.000758,-0.000993,-0.001001,-0.000733,-0.000277,0.000005,-0.000152,-0.000686,-0.001057,-0.000753,-0.000171,0.000398,0.000603,0.000303,0.000012,-0.000127,-0.000295,-0.000524,-0.000664,-0.000583,-0.000348,-0.000122,0.000113,0.000308,0.000538,0.000612,0.000256,-0.000431,-0.001083,-0.001253,-0.000843,0.000097,0.000925,0.001176,0.000958,0.000431,-0.000326,-0.000957,-0.001326,-0.001455,-0.001145,-0.000300,0.000279,0.000107,-0.000150,-0.000156,-0.000077,-0.000031,0.000077,0.000132,0.000064,0.000236,0.000674,0.001085,0.000948,-0.000042,-0.000973,-0.001085,-0.000901,-0.000823,-0.000511,-0.000088,0.000040,-0.000013,0.000070,0.000186,-0.000026,-0.000229,-0.000176,-0.000109,-0.000141,-0.000242,-0.000176,-0.000043,0.000039,0.000088,0.000100,0.000015,-0.000089,-0.000157,-0.000131,-0.000078,0.000030,0.000175,0.000045,-0.000189,-0.000169,-0.000089,-0.000078,-0.000110,-0.000073,-0.000013,-0.000027,-0.000039,0.000095,0.000206,0.000093,-0.000020,-0.000019,-0.000018,-0.000074,-0.000190,-0.000208,-0.000046,0.000104,0.000066,0.014605,0.006811,0.008843,0.009274,0.005878,0.001713,-0.000414,0.000580,0.001573,0.001564,0.001312,0.001104,0.001279,0.001127,0.000389,0.000548,0.001335,0.001193,0.000540,0.000212,0.000059,-0.000102,-0.000210,-0.000345,-0.000643,-0.000745,-0.000495,-0.000504,-0.001208,-0.001925,-0.001823,-0.001231,-0.000687,-0.000275,0.000040,0.000182,0.000392,0.000685,0.000641,0.000394,0.000086,-0.000100,-0.000128,-0.000111,-0.000149,-0.000204,-0.000356,-0.000469,-0.000389,-0.000293,-0.000171,-0.000010,0.000150,0.000285,0.000291,0.000093,0.000004,0.000089,-0.000138,-0.000510,-0.000151,0.000963,0.001761,0.001195,-0.000378,-0.001322,-0.001230,-0.001195,-0.001426,-0.001538,-0.001250,-0.000470,0.000426,0.000712,0.000101,-0.000632,-0.000843,-0.000562,-0.000078,0.000269,0.000409,0.000324,0.000161,0.000123,0.000041,-0.000284,-0.000873,-0.001516,-0.001969,-0.002086,-0.001610,-0.000602,0.000177,0.000259,0.000053,0.000088,0.000330,0.000413,0.000379,0.000263,0.000082,0.000023,0.000067,0.000192,0.000181,0.000061,0.000091,0.000187,0.000162,0.000003,-0.000137,-0.000224,-0.000234,-0.000226,-0.000262,-0.000138,-0.000030,-0.000033,-0.000063,-0.000103,-0.000056,0.000031,-0.000004,-0.000096,-0.000101,-0.000095,-0.000097,-0.000060,-0.000047,-0.000103,-0.000148,-0.000073,0.000101,0.000194,0.000117,0.000080,0.000054,-0.000045,
-0.003345,-0.002008,-0.002147,0.001519,0.004773,0.003843,-0.000210,-0.002171,-0.001087,0.000045,0.000499,0.000079,-0.000976,-0.001640,-0.002337,-0.002915,-0.002167,-0.000641,0.000419,0.000868,0.000960,0.000699,-0.000029,-0.001076,-0.002051,-0.002560,-0.002348,-0.001117,0.000292,0.000549,-0.000017,-0.000518,-0.000906,-0.001221,-0.001232,-0.000959,-0.000480,-0.000118,-0.000113,-0.000441,-0.000779,-0.000711,-0.000249,0.000256,0.000463,0.000306,0.000043,-0.000115,-0.000221,-0.000387,-0.000512,-0.000406,-0.000312,-0.000241,0.000027,0.000256,0.000352,0.000537,0.000404,-0.000407,-0.001276,-0.001673,-0.001357,-0.000290,0.000675,0.000738,0.000457,0.000180,-0.000514,-0.001182,-0.001373,-0.001234,-0.000654,0.000209,0.000640,0.000364,-0.000011,-0.000149,-0.000130,-0.000144,-0.000129,0.000011,0.000174,0.000275,0.000645,0.001069,0.000840,-0.000184,-0.000981,-0.000931,-0.000658,-0.000613,-0.000486,-0.000024,0.000215,0.000179,0.000160,0.000094,-0.000085,-0.000231,-0.000109,-0.000044,-0.000125,-0.000088,0.000066,0.000089,0.000047,0.000080,0.000049,-0.000007,-0.000007,0.000036,0.000089,-0.000001,-0.000034,0.000043,-0.000056,-0.000280,-0.000308,-0.000152,-0.000081,-0.000044,0.000021,0.000024,-0.000020,0.000023,0.000155,0.000131,0.000088,0.000056,-0.000033,-0.000081,-0.000154,-0.000175,-0.000128,-0.000127,-0.000015,0.000064,0.014633,0.006924,0.009069,0.009630,0.006311,0.002095,-0.000328,0.000362,0.001273,0.001475,0.001488,0.001281,0.001509,0.001392,0.000565,0.000599,0.001324,0.001145,0.000538,0.000332,0.000219,0.000083,-0.000071,-0.000265,-0.000587,-0.000681,-0.000448,-0.000521,-0.001154,-0.001837,-0.001788,-0.001411,-0.000940,-0.000390,0.000094,0.000353,0.000613,0.000832,0.000735,0.000456,0.000133,-0.000133,-0.000144,-0.000024,-0.000046,-0.000159,-0.000237,-0.000267,-0.000297,-0.000309,-0.000235,-0.000065,0.000082,0.000180,0.000197,0.000113,0.000065,0.000110,-0.000055,-0.000479,-0.000222,0.001054,0.002127,0.001564,-0.000253,-0.001494,-0.001596,-0.001433,-0.001423,-0.001273,-0.000910,-0.000464,0.000245,0.000486,-0.000091,-0.000541,-0.000574,-0.000364,0.000057,0.000436,0.000459,0.000140,-0.000011,0.000039,0.000010,-0.000248,-0.000799,-0.001457,-0.001921,-0.002001,-0.001569,-0.000465,0.000307,0.000353,0.000202,0.000201,0.000473,0.000564,0.000442,0.000275,0.000139,0.000083,0.000092,0.000134,0.000023,-0.000124,-0.000101,-0.000012,0.000076,0.000116,-0.000013,-0.000164,-0.000284,-0.000238,-0.000137,-0.000156,-0.000163,-0.000127,-0.000056,-0.000012,-0.000014,-0.000007,-0.000012,0.000045,-0.000050,-0.000207,-0.000147,-0.000030,0.000007,-0.000040,-0.000127,-0.000125,-0.000037,-0.000019,0.000108,0.000126,0.000001,0.000023,
-0.005075,-0.003550,-0.003331,0.000844,0.004313,0.003645,-0.000159,-0.002153,-0.001239,-0.000222,0.000241,-0.000074,-0.001160,-0.001821,-0.002500,-0.003023,-0.002205,-0.000600,0.000530,0.001021,0.001002,0.000616,0.000038,-0.000887,-0.001936,-0.002518,-0.002274,-0.001033,0.000181,0.000444,0.000114,-0.000396,-0.000789,-0.001072,-0.001170,-0.000868,-0.000343,-0.000020,-0.000034,-0.000476,-0.000878,-0.000601,-0.000032,0.000395,0.000569,0.000283,-0.000069,-0.000146,-0.000260,-0.000445,-0.000549,-0.000498,-0.000282,-0.000088,0.000127,0.000414,0.000531,0.000519,0.000247,-0.000496,-0.001199,-0.001461,-0.001219,-0.000116,0.001431,0.002058,0.001506,0.000666,-0.000167,-0.000805,-0.001009,-0.001000,-0.000580,0.000114,0.000460,0.000208,-0.000112,-0.000199,-0.000230,-0.000110,0.000108,0.000160,0.000121,0.000229,0.000638,0.001107,0.000952,-0.000081,-0.000940,-0.000987,-0.000732,-0.000537,-0.000238,0.000040,0.000079,0.000068,0.000196,0.000231,0.000027,-0.000166,-0.000174,-0.000108,-0.000080,-0.000084,0.000004,0.000063,0.000025,0.000036,0.000075,0.000022,-0.000026,0.000049,0.000126,0.000203,0.000117,-0.000083,-0.000205,-0.000156,-0.000089,-0.000038,-0.000009,-0.000064,-0.000063,-0.000049,-0.000113,-0.000053,0.000117,0.000150,0.000163,0.000138,0.000081,0.000040,-0.000029,-0.000117,-0.000086,-0.000008,0.000032,0.000038,0.014277,0.006720,0.009018,0.009833,0.006648,0.002376,-0.000265,0.000258,0.001231,0.001402,0.001375,0.001232,0.001457,0.001364,0.000531,0.000500,0.001245,0.001214,0.000679,0.000419,0.000209,-0.000013,-0.000135,-0.000234,-0.000602,-0.000786,-0.000565,-0.000537,-0.001075,-0.001638,-0.001592,-0.001262,-0.000945,-0.000610,-0.000125,0.000300,0.000594,0.000814,0.000764,0.000458,0.000171,-0.000018,-0.000145,-0.000265,-0.000339,-0.000317,-0.000290,-0.000344,-0.000381,-0.000277,-0.000128,-0.000021,0.000136,0.000331,0.000352,0.000161,0.000094,0.000127,-0.000087,-0.000457,-0.000415,0.000382,0.001342,0.001239,-0.000172,-0.001539,-0.001858,-0.001705,-0.001680,-0.001727,-0.001360,-0.000532,0.000367,0.000665,-0.000036,-0.000697,-0.000650,-0.000316,0.000063,0.000371,0.000480,0.000350,0.000232,0.000250,0.000206,-0.000140,-0.000869,-0.001670,-0.002050,-0.001953,-0.001388,-0.000281,0.000533,0.000492,0.000186,0.000205,0.000409,0.000474,0.000387,0.000248,0.000116,0.000076,0.000088,0.000140,0.000133,0.000074,0.000088,0.000046,-0.000058,0.000024,0.000005,-0.000151,-0.000181,-0.000111,-0.000071,-0.000024,0.000019,0.000003,-0.000021,-0.000089,-0.000199,-0.000116,-0.000078,-0.000160,-0.000081,-0.000002,-0.000048,-0.000022,-0.000004,0.000024,-0.000077,-0.000138,-0.000026,0.000035,0.000034,0.000048,0.000037,-0.000101,
-0.006295,-0.004971,-0.004235,0.000495,0.004114,0.003529,-0.000165,-0.002160,-0.001191,-0.000115,0.000286,0.000002,-0.000899,-0.001651,-0.002445,-0.002984,-0.002241,-0.000668,0.000435,0.000896,0.001036,0.000735,-0.000006,-0.001035,-0.002110,-0.002641,-0.002375,-0.001172,0.000089,0.000297,-0.000151,-0.000517,-0.000871,-0.001209,-0.001316,-0.001036,-0.000524,-0.000114,-0.000050,-0.000425,-0.000679,-0.000463,-0.000066,0.000264,0.000377,0.000265,0.000098,-0.000009,-0.000147,-0.000383,-0.000486,-0.000440,-0.000364,-0.000203,0.000080,0.000380,0.000545,0.000548,0.000281,-0.000407,-0.000988,-0.001009,-0.000701,-0.000047,0.000506,0.000775,0.000743,0.000373,-0.000137,-0.000673,-0.000901,-0.000835,-0.000442,0.000281,0.000690,0.000355,-0.000058,-0.000133,-0.000191,-0.000165,-0.000077,0.000021,0.000111,0.000277,0.000678,0.001214,0.001150,0.000173,-0.000870,-0.001162,-0.000942,-0.000719,-0.000481,-0.000257,-0.000090,0.000079,0.000192,0.000104,-0.000153,-0.000256,-0.000081,-0.000057,-0.000227,-0.000244,-0.000096,-0.000020,-0.000007,0.000090,0.000109,-0.000010,-0.000141,-0.000141,0.000012,0.000127,0.000087,-0.000022,-0.000112,-0.000134,-0.000108,-0.000067,-0.000077,-0.000107,-0.000040,-0.000003,0.000028,0.000120,0.000189,0.000153,0.000044,-0.000022,0.000033,0.000056,0.000013,-0.000044,-0.000120,0.000001,0.000134,0.000085,0.014005,0.006658,0.009227,0.010064,0.006906,0.002755,0.000045,0.000251,0.001090,0.001459,0.001457,0.001323,0.001524,0.001423,0.000687,0.000654,0.001395,0.001254,0.000549,0.000264,0.000162,0.000073,-0.000027,-0.000173,-0.000606,-0.000822,-0.000556,-0.000546,-0.001233,-0.001802,-0.001595,-0.001176,-0.000720,-0.000211,0.000162,0.000383,0.000565,0.000739,0.000737,0.000441,0.000227,-0.000040,-0.000171,-0.000071,-0.000123,-0.000193,-0.000311,-0.000487,-0.000513,-0.000382,-0.000308,-0.000121,0.000170,0.000396,0.000353,0.000137,0.000072,0.000053,-0.000258,-0.000556,-0.000087,0.001183,0.002036,0.001558,0.000026,-0.001177,-0.001275,-0.001205,-0.001348,-0.001277,-0.001020,-0.000475,0.000376,0.000684,0.000107,-0.000507,-0.000567,-0.000194,0.000229,0.000544,0.000510,0.000278,0.000183,0.000261,0.000282,-0.000127,-0.000816,-0.001481,-0.002079,-0.002167,-0.001466,-0.000356,0.000373,0.000270,-0.000046,0.000127,0.000348,0.000338,0.000284,0.000140,0.000090,0.000124,0.000081,0.000109,0.000200,0.000170,0.000035,0.000013,0.000084,0.000075,-0.000005,-0.000154,-0.000217,-0.000140,-0.000015,0.000033,-0.000045,-0.000108,-0.000112,-0.000140,-0.000063,0.000027,0.000011,-0.000104,-0.000231,-0.000268,-0.000310,-0.000303,-0.000217,-0.000121,-0.000085,-0.000105,-0.000092,0.000034,0.000091,0.000105,0.000042,-0.000103,
-0.007691,-0.006433,-0.005284,-0.000282,0.003702,0.003458,-0.000200,-0.002177,-0.001234,-0.000207,0.000281,0.000096,-0.000807,-0.001654,-0.002480,-0.002965,-0.002173,-0.000580,0.000608,0.000941,0.000853,0.000516,-0.000006,-0.000942,-0.002049,-0.002643,-0.002453,-0.001338,-0.000114,0.000146,-0.000236,-0.000595,-0.000820,-0.000930,-0.000950,-0.000893,-0.000628,-0.000319,-0.000237,-0.000530,-0.000829,-0.000543,0.000069,0.000345,0.000395,0.000246,0.000026,-0.000016,-0.000146,-0.000429,-0.000586,-0.000548,-0.000439,-0.000313,-0.000038,0.000346,0.000563,0.000527,0.000257,-0.000404,-0.001264,-0.001615,-0.001233,-0.000040,0.000953,0.001005,0.000792,0.000594,0.000146,-0.000477,-0.000812,-0.000821,-0.000494,0.000160,0.000607,0.000352,-0.000061,-0.000173,-0.000193,-0.000149,-0.000096,0.000025,0.000127,0.000215,0.000525,0.000967,0.000894,-0.000029,-0.000985,-0.001012,-0.000733,-0.000677,-0.000485,-0.000108,0.000017,0.000056,0.000155,0.000114,-0.000006,-0.000064,-0.000140,-0.000135,-0.000060,-0.000098,-0.000083,0.000077,0.000169,0.000125,-0.000047,-0.000247,-0.000213,-0.000015,0.000049,0.000130,0.000188,0.000071,-0.000058,-0.000079,-0.000029,-0.000051,-0.000124,-0.000200,-0.000246,-0.000108,0.000065,0.000068,0.000067,0.000138,0.000114,-0.000038,-0.000209,-0.000205,-0.000031,0.000016,-0.000075,-0.000122,0.000004,0.000105,0.013794,0.006816,0.009420,0.010092,0.006947,0.002832,0.000018,0.000251,0.001155,0.001393,0.001412,0.001322,0.001506,0.001345,0.000673,0.000790,0.001337,0.001028,0.000531,0.000424,0.000279,0.000087,-0.000167,-0.000424,-0.000707,-0.000761,-0.000471,-0.000677,-0.001501,-0.001937,-0.001494,-0.000635,0.000034,0.000276,0.000224,0.000081,0.000134,0.000448,0.000649,0.000499,0.000275,0.000039,-0.000317,-0.000536,-0.000453,-0.000305,-0.000299,-0.000338,-0.000380,-0.000437,-0.000242,-0.000024,0.000104,0.000342,0.000356,0.000137,0.000034,0.000100,-0.000107,-0.000443,-0.000144,0.001077,0.002030,0.001477,-0.000235,-0.001450,-0.001416,-0.001225,-0.001384,-0.001494,-0.001168,-0.000392,0.000432,0.000643,0.000037,-0.000693,-0.000863,-0.000469,0.000094,0.000408,0.000441,0.000343,0.000232,0.000304,0.000192,-0.000277,-0.000935,-0.001639,-0.001993,-0.001937,-0.001422,-0.000450,0.000264,0.000259,0.000063,0.000209,0.000394,0.000364,0.000281,0.000254,0.000103,-0.000021,0.000012,0.000052,0.000030,0.000012,0.000042,0.000104,0.000085,0.000090,0.000087,-0.000016,-0.000135,-0.000140,-0.000121,-0.000198,-0.000180,-0.000055,-0.000034,-0.000141,-0.000104,0.000041,0.000052,0.000036,-0.000052,-0.000106,-0.000080,-0.000037,-0.000118,-0.000194,-0.000108,-0.000187,-0.000225,-0.000026,0.000119,0.000091,-0.000022,-0.000076,
-0.008666,-0.007600,-0.005980,-0.000478,0.003602,0.003264,-0.000333,-0.002273,-0.001247,-0.000231,0.000138,-0.000032,-0.000897,-0.001664,-0.002540,-0.003068,-0.002239,-0.000667,0.000469,0.000900,0.000930,0.000716,0.000090,-0.000954,-0.002013,-0.002544,-0.002222,-0.001083,0.000067,0.000279,-0.000220,-0.000682,-0.000998,-0.001216,-0.001265,-0.001051,-0.000639,-0.000251,-0.000159,-0.000532,-0.000801,-0.000538,-0.000021,0.000343,0.000415,0.000194,-0.000077,-0.000191,-0.000267,-0.000477,-0.000600,-0.000496,-0.000350,-0.000270,-0.000064,0.000239,0.000471,0.000629,0.000497,-0.000293,-0.001164,-0.001508,-0.001239,-0.000215,0.000834,0.001081,0.000855,0.000558,-0.000041,-0.000780,-0.001044,-0.000883,-0.000397,0.000376,0.000659,0.000272,-0.000053,-0.000193,-0.000265,-0.000229,-0.000065,0.000086,0.000205,0.000337,0.000591,0.001007,0.000958,0.000034,-0.000728,-0.000794,-0.000694,-0.000590,-0.000369,-0.000237,-0.000122,-0.000035,0.000094,0.000203,0.000022,-0.000128,-0.000162,-0.000085,-0.000096,-0.000166,-0.000095,-0.000038,-0.000002,0.000036,0.000042,0.000108,0.000140,0.000076,0.000085,0.000097,0.000068,0.000001,-0.000110,-0.000177,-0.000205,-0.000248,-0.000267,-0.000214,-0.000123,-0.000084,0.000016,0.000216,0.000177,0.000017,0.000003,0.000011,0.000042,0.000097,-0.000091,-0.000212,-0.000185,-0.000119,0.000012,0.000003,0.013239,0.006413,0.009352,0.010065,0.006940,0.002986,0.000127,0.000148,0.001068,0.001334,0.001362,0.001376,0.001503,0.001372,0.000799,0.000795,0.001319,0.001134,0.000482,0.000178,0.000073,-0.000008,-0.000147,-0.000253,-0.000619,-0.000775,-0.000444,-0.000585,-0.001393,-0.001856,-0.001504,-0.000963,-0.000426,-0.000084,-0.000002,0.000257,0.000662,0.000900,0.000881,0.000594,0.000295,0.000060,-0.000208,-0.000309,-0.000159,-0.000170,-0.000258,-0.000264,-0.000274,-0.000300,-0.000155,0.000084,0.000349,0.000537,0.000377,0.000123,0.000071,0.000176,-0.000005,-0.000397,-0.000158,0.000938,0.001988,0.001787,0.000313,-0.000857,-0.000951,-0.000913,-0.001303,-0.001570,-0.001095,-0.000247,0.000513,0.000666,-0.000029,-0.000675,-0.000739,-0.000426,0.000051,0.000361,0.000201,-0.000081,-0.000017,0.000219,0.000196,-0.000157,-0.000710,-0.001419,-0.001899,-0.001806,-0.001308,-0.000414,0.000281,0.000241,0.000084,0.000216,0.000357,0.000334,0.000271,0.000185,-0.000009,-0.000056,0.000078,0.000138,0.000136,0.000122,0.000135,0.000133,0.000071,0.000022,-0.000015,-0.000114,-0.000193,-0.000129,0.000018,-0.000021,-0.000137,-0.000124,-0.000060,0.000021,-0.000035,-0.000101,-0.000092,-0.000049,-0.000037,-0.000121,-0.000206,-0.000224,-0.000119,-0.000127,-0.000115,-0.000003,0.000021,0.000045,0.000019,-0.000108,-0.000085,0.000005,
-0.009122,-0.008124,-0.006495,-0.000759,0.003544,0.003380,-0.000288,-0.002444,-0.001453,-0.000272,0.000179,0.000048,-0.000784,-0.001666,-0.002602,-0.003077,-0.002116,-0.000520,0.000542,0.000965,0.000889,0.000514,-0.000011,-0.000849,-0.001961,-0.002607,-0.002425,-0.001369,-0.000083,0.000198,-0.000256,-0.000712,-0.000944,-0.001035,-0.001115,-0.000912,-0.000329,0.000075,-0.000044,-0.000484,-0.000758,-0.000523,0.000007,0.000367,0.000457,0.000143,-0.000211,-0.000307,-0.000424,-0.000655,-0.000763,-0.000644,-0.000425,-0.000192,0.000046,0.000272,0.000538,0.000669,0.000356,-0.000434,-0.001145,-0.001305,-0.001084,-0.000249,0.000683,0.000980,0.000822,0.000522,-0.000091,-0.000784,-0.001179,-0.001281,-0.000976,-0.000230,0.000293,0.000160,-0.000115,-0.000170,-0.000177,-0.000119,0.000010,0.000148,0.000124,0.000167,0.000652,0.001265,0.001157,0.000108,-0.000868,-0.001044,-0.000810,-0.000648,-0.000474,-0.000208,-0.000009,0.000050,0.000174,0.000238,-0.000005,-0.000244,-0.000236,-0.000166,-0.000103,0.000000,0.000000,-0.000041,0.000049,0.000130,0.000023,-0.000046,-0.000056,-0.000095,-0.000092,0.000025,0.000090,-0.000006,-0.000095,-0.000208,-0.000307,-0.000260,-0.000158,-0.000052,-0.000109,-0.000113,-0.000040,0.000093,0.000175,0.000191,0.000177,0.000064,0.000004,-0.000006,-0.000131,-0.000182,-0.000025,-0.000020,-0.000047,0.000000,0.013101,0.006171,0.009135,0.010044,0.007075,0.003052,0.000129,0.000074,0.000919,0.001304,0.001309,0.001288,0.001663,0.001494,0.000729,0.000794,0.001350,0.001037,0.000464,0.000303,0.000209,0.000074,-0.000106,-0.000215,-0.000495,-0.000709,-0.000534,-0.000542,-0.001182,-0.001629,-0.001417,-0.001006,-0.000605,-0.000104,0.000262,0.000332,0.000528,0.000751,0.000700,0.000335,-0.000021,-0.000138,-0.000215,-0.000259,-0.000199,-0.000300,-0.000402,-0.000265,-0.000179,-0.000254,-0.000135,0.000037,0.000159,0.000367,0.000430,0.000256,0.000092,0.000100,-0.000131,-0.000465,-0.000117,0.000932,0.001758,0.001313,-0.000172,-0.001215,-0.001311,-0.001150,-0.001243,-0.001404,-0.001187,-0.000341,0.000691,0.000889,0.000195,-0.000633,-0.000869,-0.000521,-0.000018,0.000386,0.000407,0.000305,0.000278,0.000268,0.000156,-0.000198,-0.000873,-0.001566,-0.001958,-0.002068,-0.001518,-0.000427,0.000293,0.000314,0.000208,0.000305,0.000516,0.000575,0.000392,0.000152,0.000080,0.000088,0.000138,0.000307,0.000279,0.000089,0.000048,0.000070,0.000016,-0.000046,-0.000081,-0.000250,-0.000349,-0.000337,-0.000261,-0.000104,-0.000052,-0.000068,-0.000135,-0.000205,-0.000194,-0.000124,-0.000036,-0.000005,0.000009,-0.000059,-0.000123,-0.000163,-0.000168,-0.000180,-0.000200,-0.000142,-0.000027,0.000033,0.000034,0.000024,0.000036,-0.000012,
-0.009685,-0.008536,-0.007045,-0.001213,0.003371,0.003283,-0.000269,-0.002336,-0.001336,-0.000175,0.000200,0.000048,-0.000840,-0.001666,-0.002656,-0.003267,-0.002215,-0.000487,0.000568,0.000939,0.000842,0.000455,-0.000071,-0.000955,-0.002031,-0.002546,-0.002369,-0.001359,-0.000162,0.000159,-0.000151,-0.000533,-0.000818,-0.001063,-0.001113,-0.000892,-0.000492,-0.000043,-0.000013,-0.000448,-0.000771,-0.000661,-0.000172,0.000329,0.000552,0.000362,0.000003,-0.000201,-0.000446,-0.000727,-0.000848,-0.000675,-0.000336,-0.000173,-0.000038,0.000218,0.000431,0.000494,0.000325,-0.000368,-0.001159,-0.001438,-0.001219,-0.000262,0.000688,0.000909,0.000778,0.000437,-0.000386,-0.001168,-0.001381,-0.001201,-0.000721,0.000031,0.000490,0.000283,0.000013,-0.000099,-0.000167,-0.000123,0.000026,0.000145,0.000111,0.000221,0.000578,0.000991,0.000833,-0.000086,-0.000902,-0.001010,-0.000835,-0.000677,-0.000446,-0.000239,-0.000133,-0.000061,0.000076,0.000217,0.000082,-0.000146,-0.000217,-0.000253,-0.000167,-0.000121,-0.000158,-0.000037,0.000123,0.000162,0.000177,0.000090,-0.000003,0.000033,0.000103,0.000184,0.000181,0.000068,-0.000093,-0.000087,-0.000037,-0.000094,-0.000031,0.000113,0.000125,0.000056,0.000030,0.000116,0.000186,0.000114,-0.000037,-0.000070,-0.000031,0.000008,-0.000039,-0.000150,-0.000089,0.000015,0.000001,0.000048,0.012265,0.005463,0.008808,0.010058,0.007263,0.003192,-0.000006,-0.000016,0.001010,0.001284,0.001125,0.001083,0.001507,0.001375,0.000519,0.000409,0.001086,0.001072,0.000537,0.000352,0.000234,-0.000048,-0.000212,-0.000211,-0.000553,-0.000725,-0.000454,-0.000538,-0.001213,-0.001717,-0.001508,-0.001044,-0.000632,-0.000286,-0.000059,0.000130,0.000404,0.000673,0.000709,0.000412,0.000152,-0.000013,-0.000192,-0.000145,-0.000172,-0.000349,-0.000407,-0.000471,-0.000471,-0.000326,-0.000149,-0.000009,0.000227,0.000562,0.000590,0.000205,-0.000071,0.000048,-0.000078,-0.000302,0.000015,0.001152,0.002072,0.001419,-0.000256,-0.001332,-0.001280,-0.001060,-0.001178,-0.001275,-0.000990,-0.000378,0.000338,0.000735,0.000329,-0.000452,-0.000609,-0.000242,0.000183,0.000328,0.000315,0.000217,0.000180,0.000288,0.000201,-0.000172,-0.000763,-0.001510,-0.001952,-0.001950,-0.001466,-0.000417,0.000324,0.000227,-0.000037,0.000133,0.000407,0.000484,0.000345,0.000189,0.000051,-0.000013,0.000109,0.000214,0.000068,-0.000001,0.000071,0.000092,0.000090,0.000121,0.000059,-0.000204,-0.000308,-0.000142,-0.000092,-0.000223,-0.000220,-0.000160,-0.000085,-0.000084,-0.000069,0.000001,0.000037,-0.000002,-0.000026,-0.000107,-0.000117,-0.000018,0.000012,-0.000081,-0.000104,-0.000089,0.000031,0.000197,0.000202,0.000091,0.000065,0.000087,
-0.009838,-0.008951,-0.007742,-0.001916,0.002786,0.003070,-0.000155,-0.002214,-0.001362,-0.000216,0.000302,0.000157,-0.000763,-0.001635,-0.002579,-0.003100,-0.002126,-0.000381,0.000717,0.000967,0.000907,0.000684,0.000008,-0.000901,-0.001865,-0.002454,-0.002332,-0.001340,-0.000156,0.000233,-0.000089,-0.000500,-0.000937,-0.001282,-0.001237,-0.000884,-0.000315,0.000072,0.000036,-0.000399,-0.000848,-0.000688,-0.000059,0.000475,0.000577,0.000281,-0.000099,-0.000240,-0.000293,-0.000488,-0.000637,-0.000556,-0.000329,-0.000167,0.000042,0.000317,0.000468,0.000510,0.000334,-0.000451,-0.001277,-0.001599,-0.001322,-0.000169,0.001139,0.001428,0.000927,0.000284,-0.000436,-0.000972,-0.001068,-0.000882,-0.000443,0.000177,0.000504,0.000286,-0.000058,-0.000264,-0.000281,-0.000090,0.000122,0.000299,0.000363,0.000470,0.000775,0.001109,0.000954,-0.000078,-0.001004,-0.001055,-0.000753,-0.000575,-0.000324,-0.000066,-0.000049,-0.000035,0.000121,0.000157,-0.000035,-0.000086,-0.000015,-0.000022,-0.000059,-0.000168,-0.000165,0.000051,0.000246,0.000304,0.000155,-0.000067,-0.000165,-0.000044,0.000147,0.000143,0.000118,0.000123,-0.000103,-0.000222,-0.000072,0.000030,-0.000043,-0.000079,-0.000091,-0.000100,-0.000082,0.000076,0.000122,0.000054,0.000043,0.000078,0.000137,0.000023,-0.000138,-0.000067,-0.000006,0.000028,0.000081,0.000111,0.011715,0.004922,0.008326,0.009836,0.007262,0.003235,0.000023,-0.000103,0.000832,0.001181,0.001207,0.001256,0.001572,0.001393,0.000558,0.000392,0.000959,0.000890,0.000446,0.000315,0.000199,0.000138,-0.000045,-0.000421,-0.000734,-0.000801,-0.000583,-0.000635,-0.001163,-0.001602,-0.001552,-0.001212,-0.000671,-0.000206,0.000089,0.000361,0.000607,0.000733,0.000698,0.000410,0.000057,0.000028,0.000086,0.000030,-0.000065,-0.000201,-0.000321,-0.000331,-0.000353,-0.000311,-0.000224,-0.000061,0.000215,0.000356,0.000247,0.000042,0.000049,0.000151,-0.000030,-0.000487,-0.000406,0.000659,0.001734,0.001387,-0.000331,-0.001789,-0.001902,-0.001657,-0.001606,-0.001580,-0.001255,-0.000504,0.000258,0.000523,0.000120,-0.000528,-0.000691,-0.000333,0.000096,0.000463,0.000509,0.000330,0.000261,0.000305,0.000227,-0.000172,-0.000859,-0.001641,-0.002178,-0.002148,-0.001472,-0.000378,0.000329,0.000324,0.000125,0.000215,0.000490,0.000512,0.000369,0.000329,0.000254,0.000059,0.000013,0.000077,0.000041,-0.000028,-0.000085,-0.000116,0.000006,0.000063,-0.000107,-0.000227,-0.000310,-0.000295,-0.000169,-0.000072,-0.000073,-0.000102,-0.000066,-0.000014,-0.000060,-0.000039,0.000006,0.000075,0.000036,-0.000057,-0.000080,-0.000163,-0.000132,-0.000020,-0.000083,-0.000128,-0.000060,-0.000032,0.000073,0.000100,-0.000010,-0.000035,
-0.009563,-0.009381,-0.007984,-0.001606,0.003290,0.003267,-0.000304,-0.002481,-0.001541,-0.000322,0.000209,0.000050,-0.000785,-0.001622,-0.002659,-0.003130,-0.002056,-0.000332,0.000701,0.000946,0.000945,0.000675,0.000128,-0.000756,-0.001856,-0.002479,-0.002303,-0.001299,-0.000197,0.000083,-0.000251,-0.000669,-0.001006,-0.001283,-0.001358,-0.001048,-0.000561,-0.000166,-0.000108,-0.000474,-0.000793,-0.000632,-0.000162,0.000187,0.000284,0.000201,0.000029,-0.000049,-0.000191,-0.000531,-0.000630,-0.000500,-0.000325,-0.000108,0.000182,0.000391,0.000527,0.000473,0.000195,-0.000399,-0.000952,-0.001033,-0.000739,0.000011,0.000869,0.001160,0.000894,0.000469,-0.000066,-0.000566,-0.000712,-0.000753,-0.000473,0.000262,0.000609,0.000299,-0.000035,-0.000011,0.000035,0.000007,0.000104,0.000191,0.000219,0.000407,0.000837,0.001258,0.001061,0.000092,-0.000836,-0.001088,-0.000956,-0.000748,-0.000415,-0.000200,-0.000085,0.000005,0.000161,0.000181,-0.000050,-0.000245,-0.000229,-0.000242,-0.000317,-0.000136,0.000116,0.000132,0.000196,0.000290,0.000200,0.000043,-0.000094,-0.000034,0.000099,0.000133,0.000156,0.000070,-0.000052,-0.000080,-0.000057,-0.000024,-0.000059,-0.000073,-0.000045,-0.000072,-0.000098,0.000075,0.000165,0.000074,0.000035,0.000019,0.000092,0.000112,0.000082,0.000010,-0.000017,0.000111,0.000176,0.000135,0.012139,0.005255,0.008525,0.009884,0.007229,0.003214,0.000014,-0.000143,0.000812,0.001054,0.000999,0.001179,0.001619,0.001443,0.000532,0.000469,0.001033,0.000869,0.000409,0.000288,0.000277,0.000100,-0.000076,-0.000234,-0.000477,-0.000634,-0.000526,-0.000673,-0.001420,-0.001919,-0.001612,-0.001016,-0.000448,0.000007,0.000300,0.000388,0.000549,0.000804,0.000837,0.000639,0.000353,0.000119,-0.000150,-0.000215,-0.000149,-0.000174,-0.000198,-0.000242,-0.000343,-0.000365,-0.000190,0.000002,0.000193,0.000415,0.000450,0.000235,0.000065,0.000075,-0.000136,-0.000396,-0.000105,0.000871,0.001655,0.001296,0.000112,-0.000786,-0.001155,-0.001316,-0.001459,-0.001529,-0.001242,-0.000516,0.000284,0.000540,0.000071,-0.000530,-0.000627,-0.000273,0.000230,0.000626,0.000575,0.000269,0.000112,0.000206,0.000279,-0.000088,-0.000855,-0.001631,-0.002037,-0.001946,-0.001272,-0.000241,0.000456,0.000369,0.000119,0.000250,0.000467,0.000444,0.000318,0.000288,0.000093,-0.000019,0.000091,0.000129,0.000144,0.000105,-0.000001,0.000030,0.000083,0.000100,-0.000020,-0.000285,-0.000314,-0.000258,-0.000261,-0.000127,-0.000065,-0.000134,-0.000120,-0.000121,-0.000066,-0.000058,-0.000039,0.000029,-0.000058,-0.000130,-0.000044,0.000053,0.000007,-0.000161,-0.000249,-0.000197,-0.000054,0.000099,0.000111,0.000025,-0.000005,0.000034,
-0.010192,-0.010355,-0.008926,-0.002229,0.003090,0.003364,-0.000162,-0.002439,-0.001484,-0.000112,0.000414,0.000250,-0.000606,-0.001505,-0.002518,-0.003088,-0.002090,-0.000412,0.000611,0.000927,0.000834,0.000563,0.000021,-0.000944,-0.002011,-0.002587,-0.002339,-0.001424,-0.000394,-0.000027,-0.000245,-0.000639,-0.001123,-0.001274,-0.001177,-0.000979,-0.000649,-0.000252,-0.000125,-0.000416,-0.000727,-0.000559,-0.000053,0.000252,0.000281,0.000072,-0.000135,-0.000073,-0.000169,-0.000464,-0.000621,-0.000579,-0.000429,-0.000287,0.000006,0.000282,0.000530,0.000758,0.000516,-0.000333,-0.001248,-0.001586,-0.001156,-0.000080,0.000869,0.001004,0.000643,0.000314,-0.000042,-0.000512,-0.000805,-0.000920,-0.000645,0.000099,0.000540,0.000322,-0.000069,-0.000252,-0.000324,-0.000197,0.000046,0.000113,0.000125,0.000278,0.000634,0.001095,0.001026,0.000095,-0.000852,-0.001067,-0.000957,-0.000777,-0.000417,-0.000216,-0.000032,0.000168,0.000200,0.000138,-0.000035,-0.000158,-0.000093,-0.000012,-0.000045,-0.000111,-0.000119,0.000043,0.000216,0.000217,0.000064,-0.000024,-0.000042,-0.000062,0.000064,0.000092,0.000008,0.000010,-0.000047,-0.000206,-0.000123,0.000088,0.000049,0.000017,0.000061,0.000090,0.000075,0.000056,0.000137,0.000176,0.000074,-0.000038,-0.000084,-0.000042,0.000023,0.000029,-0.000037,-0.000061,0.000016,0.000043,0.011999,0.005042,0.008436,0.009896,0.007145,0.003092,-0.000164,-0.000356,0.000761,0.001237,0.001279,0.001404,0.001677,0.001399,0.000528,0.000325,0.000759,0.000660,0.000298,0.000230,0.000168,0.000073,-0.000063,-0.000251,-0.000513,-0.000709,-0.000630,-0.000757,-0.001384,-0.001742,-0.001473,-0.000950,-0.000360,0.000090,0.000204,0.000271,0.000466,0.000667,0.000702,0.000502,0.000283,0.000138,-0.000064,-0.000209,-0.000135,-0.000082,-0.000218,-0.000332,-0.000391,-0.000352,-0.000148,0.000011,0.000191,0.000521,0.000578,0.000339,0.000269,0.000312,0.000038,-0.000387,-0.000101,0.001171,0.002200,0.001541,-0.000328,-0.001504,-0.001454,-0.001184,-0.001317,-0.001505,-0.001199,-0.000524,0.000205,0.000570,0.000151,-0.000555,-0.000802,-0.000516,-0.000026,0.000308,0.000380,0.000269,0.000185,0.000266,0.000313,-0.000009,-0.000729,-0.001532,-0.002004,-0.002008,-0.001416,-0.000415,0.000253,0.000243,0.000026,0.000181,0.000524,0.000585,0.000471,0.000332,0.000129,0.000013,0.000100,0.000108,0.000092,0.000146,0.000099,0.000009,-0.000024,0.000076,0.000077,-0.000135,-0.000365,-0.000397,-0.000245,-0.000148,-0.000081,-0.000033,-0.000054,-0.000105,-0.000184,-0.000140,-0.000019,0.000007,-0.000115,-0.000231,-0.000164,-0.000059,-0.000078,-0.000087,-0.000152,-0.000122,-0.000085,-0.000081,-0.000005,0.000041,-0.000015,-0.000092,
-0.011124,-0.011520,-0.009770,-0.002519,0.003061,0.003394,-0.000108,-0.002392,-0.001429,-0.000249,0.000277,0.000388,-0.000265,-0.001187,-0.002338,-0.002968,-0.002040,-0.000431,0.000580,0.000909,0.000909,0.000618,0.000026,-0.000984,-0.002006,-0.002471,-0.002241,-0.001203,-0.000113,0.000050,-0.000450,-0.000958,-0.001162,-0.001173,-0.001124,-0.000896,-0.000648,-0.000328,-0.000146,-0.000513,-0.000902,-0.000639,-0.000065,0.000255,0.000240,0.000012,-0.000243,-0.000318,-0.000333,-0.000582,-0.000750,-0.000582,-0.000405,-0.000256,0.000007,0.000275,0.000495,0.000590,0.000307,-0.000435,-0.001142,-0.001436,-0.001132,-0.000002,0.001048,0.001178,0.000855,0.000521,0.000013,-0.000432,-0.000588,-0.000551,-0.000265,0.000321,0.000551,0.000229,-0.000015,-0.000009,-0.000013,0.000041,0.000178,0.000208,0.000181,0.000213,0.000628,0.001197,0.001066,0.000006,-0.000907,-0.000985,-0.000807,-0.000566,-0.000279,-0.000124,-0.000055,0.000032,0.000170,0.000222,-0.000007,-0.000224,-0.000229,-0.000257,-0.000229,-0.000156,-0.000078,0.000010,0.000049,0.000187,0.000254,0.000075,-0.000062,-0.000077,0.000038,0.000191,0.000135,-0.000123,-0.000284,-0.000165,-0.000066,-0.000060,-0.000070,-0.000138,-0.000059,0.000104,0.000080,0.000121,0.000160,0.000112,0.000091,0.000029,0.000022,-0.000045,-0.000111,-0.000047,0.000039,0.000083,0.000137,0.000142,0.011895,0.004855,0.008155,0.009584,0.006917,0.002729,-0.000695,-0.000769,0.000608,0.001157,0.001151,0.001382,0.001767,0.001360,0.000353,0.000143,0.000605,0.000540,0.000267,0.000257,0.000303,0.000170,-0.000092,-0.000213,-0.000351,-0.000401,-0.000306,-0.000611,-0.001267,-0.001673,-0.001321,-0.000416,0.000283,0.000418,0.000209,0.000059,0.000200,0.000450,0.000616,0.000527,0.000297,0.000099,-0.000064,-0.000186,-0.000235,-0.000160,-0.000104,-0.000259,-0.000357,-0.000254,-0.000166,-0.000065,0.000158,0.000446,0.000426,0.000119,0.000044,0.000280,0.000023,-0.000454,-0.000237,0.000914,0.002067,0.001751,0.000079,-0.001121,-0.001096,-0.000995,-0.001297,-0.001437,-0.001154,-0.000503,0.000175,0.000326,-0.000258,-0.000905,-0.000883,-0.000408,0.000089,0.000453,0.000449,0.000190,0.000141,0.000226,0.000177,-0.000204,-0.000851,-0.001546,-0.001949,-0.001873,-0.001318,-0.000357,0.000372,0.000349,0.000049,0.000231,0.000580,0.000601,0.000391,0.000226,0.000051,-0.000033,0.000104,0.000301,0.000229,-0.000070,-0.000085,0.000013,0.000015,0.000014,-0.000050,-0.000157,-0.000161,-0.000094,-0.000026,-0.000081,-0.000128,-0.000058,-0.000036,-0.000055,-0.000060,-0.000047,0.000005,-0.000021,-0.000141,-0.000188,-0.000147,-0.000095,-0.000068,-0.000116,-0.000235,-0.000264,-0.000183,-0.000052,0.000013,-0.000038,-0.000004,0.000025,
-0.012103,-0.012640,-0.010647,-0.002913,0.002878,0.003367,0.000069,-0.002349,-0.001577,-0.000206,0.000315,0.000221,-0.000451,-0.001311,-0.002410,-0.002870,-0.001851,-0.000182,0.000800,0.000933,0.000717,0.000439,0.000023,-0.000895,-0.001885,-0.002380,-0.002074,-0.001060,-0.000101,0.000089,-0.000292,-0.000682,-0.001030,-0.001179,-0.001009,-0.000608,-0.000176,0.000168,0.000144,-0.000390,-0.000774,-0.000709,-0.000273,0.000173,0.000214,0.000068,-0.000041,-0.000080,-0.000308,-0.000598,-0.000638,-0.000561,-0.000367,-0.000149,0.000060,0.000305,0.000495,0.000604,0.000388,-0.000378,-0.001146,-0.001431,-0.001331,-0.000518,0.000529,0.000851,0.000600,0.000257,-0.000185,-0.000710,-0.000967,-0.001065,-0.000783,0.000026,0.000395,0.000140,-0.000048,-0.000068,-0.000106,-0.000060,0.000051,0.000120,0.000161,0.000262,0.000626,0.001205,0.001123,-0.000062,-0.001075,-0.001019,-0.000650,-0.000592,-0.000409,-0.000168,-0.000031,-0.000055,0.000131,0.000308,-0.000025,-0.000283,-0.000286,-0.000217,-0.000184,-0.000233,-0.000219,-0.000035,0.000062,0.000162,0.000119,-0.000058,-0.000061,0.000001,0.000027,0.000033,0.000039,0.000086,0.000045,-0.000071,-0.000061,-0.000066,-0.000161,-0.000160,-0.000022,0.000068,0.000036,0.000034,0.000104,0.000148,0.000050,0.000011,-0.000037,-0.000216,-0.000273,-0.000241,-0.000231,-0.000152,0.000036,0.000134,0.012320,0.005014,0.008052,0.009583,0.007134,0.002888,-0.000852,-0.001089,0.000518,0.001384,0.001402,0.001571,0.001903,0.001370,0.000220,-0.000021,0.000480,0.000437,0.000097,0.000100,0.000193,0.000169,0.000063,-0.000033,-0.000378,-0.000688,-0.000612,-0.000781,-0.001493,-0.001897,-0.001473,-0.000848,-0.000469,-0.000138,0.000154,0.000344,0.000547,0.000745,0.000719,0.000448,0.000073,-0.000190,-0.000290,-0.000319,-0.000303,-0.000325,-0.000447,-0.000581,-0.000440,-0.000185,-0.000057,0.000100,0.000275,0.000332,0.000248,0.000177,0.000207,0.000162,-0.000160,-0.000560,-0.000325,0.000826,0.001839,0.001579,0.000119,-0.001106,-0.001166,-0.001073,-0.001292,-0.001472,-0.001234,-0.000408,0.000474,0.000644,-0.000025,-0.000673,-0.000741,-0.000431,0.000025,0.000333,0.000312,0.000113,0.000097,0.000163,0.000154,-0.000136,-0.000776,-0.001471,-0.001969,-0.002047,-0.001555,-0.000601,0.000099,0.000183,0.000094,0.000182,0.000439,0.000485,0.000339,0.000261,0.000218,0.000164,0.000113,0.000182,0.000105,-0.000060,-0.000038,-0.000074,-0.000021,0.000076,0.000011,-0.000182,-0.000234,-0.000069,-0.000007,-0.000017,-0.000064,-0.000124,-0.000069,0.000043,-0.000023,-0.000180,-0.000190,-0.000081,0.000021,-0.000055,-0.000171,-0.000165,-0.000093,-0.000042,-0.000062,-0.000097,-0.000011,0.000030,0.000014,-0.000018,0.000034,0.000046,
-0.013575,-0.014258,-0.011828,-0.003514,0.002928,0.003652,0.000173,-0.002371,-0.001648,-0.000264,0.000262,0.000248,-0.000300,-0.001239,-0.002548,-0.003072,-0.001834,-0.000032,0.000888,0.000888,0.000617,0.000481,0.000027,-0.000986,-0.002007,-0.002389,-0.002101,-0.001143,-0.000078,-0.000022,-0.000498,-0.000806,-0.001098,-0.001136,-0.000888,-0.000607,-0.000258,0.000032,-0.000114,-0.000613,-0.000885,-0.000661,-0.000115,0.000325,0.000431,0.000271,0.000085,-0.000071,-0.000273,-0.000544,-0.000719,-0.000616,-0.000378,-0.000202,0.000029,0.000221,0.000417,0.000580,0.000447,-0.000260,-0.001104,-0.001345,-0.000979,-0.000030,0.000932,0.001238,0.001049,0.000620,-0.000044,-0.000656,-0.001089,-0.001296,-0.000992,-0.000193,0.000406,0.000317,-0.000002,-0.000103,-0.000131,-0.000132,-0.000002,0.000167,0.000209,0.000281,0.000623,0.001165,0.001102,0.000025,-0.001054,-0.001179,-0.000850,-0.000698,-0.000517,-0.000256,-0.000169,-0.000110,0.000092,0.000104,-0.000079,-0.000252,-0.000203,-0.000057,-0.000122,-0.000216,-0.000158,-0.000074,0.000021,0.000155,0.000162,0.000051,0.000005,-0.000015,0.000041,0.000120,0.000081,-0.000043,-0.000111,-0.000157,-0.000129,-0.000030,-0.000057,-0.000040,-0.000119,-0.000157,-0.000060,-0.000082,0.000004,0.000167,0.000116,0.000067,0.000027,0.000015,-0.000035,-0.000244,-0.000259,-0.000070,0.000076,0.000115,0.012991,0.005471,0.008187,0.009467,0.006953,0.002641,-0.001081,-0.001159,0.000511,0.001324,0.001436,0.001769,0.002083,0.001442,0.000096,-0.000167,0.000438,0.000398,0.000163,0.000190,0.000129,0.000036,-0.000108,-0.000249,-0.000291,-0.000345,-0.000449,-0.000724,-0.001271,-0.001708,-0.001462,-0.001059,-0.000785,-0.000404,0.000020,0.000284,0.000469,0.000642,0.000645,0.000365,0.000033,-0.000143,-0.000191,-0.000129,-0.000168,-0.000339,-0.000514,-0.000534,-0.000370,-0.000195,-0.000136,-0.000105,0.000201,0.000499,0.000463,0.000266,0.000223,0.000275,-0.000114,-0.000532,-0.000149,0.001053,0.001891,0.001327,-0.000211,-0.001238,-0.001156,-0.001038,-0.001201,-0.001329,-0.001185,-0.000537,0.000259,0.000488,-0.000072,-0.000700,-0.000781,-0.000397,0.000214,0.000495,0.000339,0.000186,0.000276,0.000418,0.000353,-0.000060,-0.000758,-0.001422,-0.001914,-0.002017,-0.001464,-0.000422,0.000350,0.000342,0.000121,0.000241,0.000480,0.000443,0.000313,0.000197,0.000008,-0.000053,0.000009,0.000166,0.000280,0.000158,-0.000046,-0.000052,0.000077,0.000080,-0.000059,-0.000242,-0.000364,-0.000362,-0.000197,-0.000065,-0.000038,-0.000073,-0.000097,-0.000077,-0.000099,-0.000092,-0.000046,-0.000052,-0.000027,-0.000093,-0.000134,-0.000085,0.000024,0.000073,-0.000058,-0.000154,-0.000063,0.000052,0.000027,0.000039,0.000038,-0.000101,
-0.015737,-0.016514,-0.013187,-0.004017,0.002754,0.003618,0.000357,-0.002136,-0.001435,-0.000115,0.000368,0.000366,-0.000235,-0.001116,-0.002225,-0.002823,-0.001872,-0.000223,0.000797,0.001022,0.000850,0.000529,0.000019,-0.000909,-0.001886,-0.002379,-0.002048,-0.000987,0.000030,0.000288,-0.000242,-0.000711,-0.001044,-0.001245,-0.001178,-0.000894,-0.000408,0.000023,-0.000093,-0.000709,-0.001027,-0.000730,-0.000192,0.000130,0.000270,0.000205,-0.000009,-0.000095,-0.000251,-0.000519,-0.000630,-0.000491,-0.000330,-0.000210,0.000088,0.000414,0.000612,0.000640,0.000397,-0.000367,-0.001318,-0.001786,-0.001453,-0.000245,0.000822,0.000840,0.000320,-0.000018,-0.000373,-0.000831,-0.000994,-0.000835,-0.000457,0.000101,0.000377,0.000279,0.000092,-0.000023,-0.000085,-0.000083,0.000064,0.000149,0.000182,0.000356,0.000742,0.001021,0.000795,-0.000131,-0.001093,-0.001252,-0.001017,-0.000797,-0.000370,-0.000011,-0.000041,-0.000079,0.000075,0.000230,0.000053,-0.000161,-0.000196,-0.000181,-0.000236,-0.000152,-0.000005,-0.000016,0.000043,0.000107,-0.000003,-0.000170,-0.000124,-0.000005,0.000058,0.000169,0.000066,-0.000060,-0.000066,-0.000087,-0.000114,-0.000178,-0.000103,-0.000083,-0.000108,-0.000057,-0.000051,-0.000072,-0.000003,0.000024,0.000057,-0.000007,-0.000074,-0.000012,-0.000069,-0.000146,-0.000173,-0.000109,0.000041,0.000059,0.013280,0.005644,0.008197,0.009335,0.006891,0.002628,-0.001294,-0.001474,0.000379,0.001416,0.001567,0.001896,0.002275,0.001580,0.000198,-0.000092,0.000458,0.000313,-0.000005,0.000044,0.000015,-0.000036,-0.000154,-0.000292,-0.000371,-0.000412,-0.000275,-0.000394,-0.001070,-0.001572,-0.001491,-0.001202,-0.000716,-0.000237,0.000116,0.000280,0.000502,0.000763,0.000734,0.000461,0.000247,0.000031,-0.000160,-0.000247,-0.000269,-0.000249,-0.000354,-0.000421,-0.000326,-0.000257,-0.000114,0.000070,0.000202,0.000380,0.000377,0.000228,0.000218,0.000351,0.000061,-0.000445,-0.000304,0.000780,0.001882,0.001545,-0.000191,-0.001584,-0.001665,-0.001383,-0.001330,-0.001304,-0.001040,-0.000609,0.000024,0.000393,-0.000003,-0.000624,-0.000661,-0.000262,0.000133,0.000315,0.000304,0.000207,0.000132,0.000240,0.000243,-0.000124,-0.000751,-0.001483,-0.002063,-0.002106,-0.001429,-0.000361,0.000282,0.000232,0.000066,0.000312,0.000608,0.000605,0.000419,0.000235,0.000121,0.000030,0.000077,0.000115,0.000074,0.000015,-0.000047,-0.000055,-0.000011,-0.000059,-0.000175,-0.000241,-0.000231,-0.000185,-0.000121,-0.000101,-0.000114,-0.000057,-0.000066,-0.000144,-0.000065,-0.000051,-0.000131,-0.000065,-0.000003,0.000005,-0.000050,-0.000066,-0.000106,-0.000070,0.000005,-0.000133,-0.000163,0.000043,0.000123,0.000001,-0.000089,-0.000018,
-0.017959,-0.018997,-0.014925,-0.004818,0.002570,0.003780,0.000603,-0.002061,-0.001529,-0.000221,0.000202,0.000084,-0.000355,-0.001052,-0.002126,-0.002558,-0.001432,0.000172,0.001042,0.001095,0.000799,0.000415,-0.000109,-0.001012,-0.002001,-0.002481,-0.002198,-0.001127,-0.000088,0.000144,-0.000237,-0.000696,-0.001008,-0.001095,-0.000919,-0.000620,-0.000261,-0.000007,0.000003,-0.000472,-0.000883,-0.000712,-0.000177,0.000322,0.000369,0.000035,-0.000260,-0.000288,-0.000264,-0.000436,-0.000644,-0.000576,-0.000400,-0.000236,0.000151,0.000446,0.000565,0.000639,0.000525,-0.000237,-0.001139,-0.001309,-0.001028,-0.000068,0.001340,0.001911,0.001392,0.000642,0.000040,-0.000406,-0.000597,-0.000687,-0.000447,0.000094,0.000373,0.000134,-0.000201,-0.000275,-0.000215,-0.000100,0.000030,0.000070,0.000132,0.000288,0.000645,0.001148,0.001106,0.000031,-0.001001,-0.001131,-0.000890,-0.000701,-0.000302,-0.000005,0.000002,0.000043,0.000263,0.000323,0.000056,-0.000125,-0.000144,-0.000204,-0.000347,-0.000284,-0.000093,0.000061,0.000136,0.000224,0.000296,0.000187,0.000020,0.000041,0.000085,0.000098,0.000154,0.000074,-0.000076,-0.000161,-0.000142,-0.000017,-0.000061,-0.000141,-0.000012,0.000055,0.000023,0.000061,0.000109,0.000135,0.000197,0.000213,0.000187,0.000045,-0.000104,-0.000119,-0.000097,-0.000049,0.000049,0.000100,0.012660,0.004755,0.007443,0.008914,0.006641,0.002340,-0.001639,-0.001716,0.000403,0.001543,0.001746,0.002111,0.002485,0.001808,0.000394,-0.000026,0.000368,0.000259,-0.000110,-0.000168,-0.000101,-0.000062,-0.000139,-0.000183,-0.000322,-0.000489,-0.000442,-0.000574,-0.001169,-0.001649,-0.001532,-0.001113,-0.000728,-0.000361,0.000127,0.000447,0.000584,0.000776,0.000817,0.000612,0.000372,0.000122,-0.000094,-0.000224,-0.000263,-0.000211,-0.000210,-0.000244,-0.000233,-0.000211,-0.000190,-0.000076,0.000252,0.000553,0.000575,0.000355,0.000246,0.000310,0.000058,-0.000500,-0.000433,0.000547,0.001383,0.001148,-0.000097,-0.001234,-0.001546,-0.001492,-0.001405,-0.001388,-0.001180,-0.000545,0.000227,0.000381,-0.000142,-0.000685,-0.000795,-0.000405,0.000177,0.000521,0.000463,0.000244,0.000191,0.000300,0.000202,-0.000333,-0.000983,-0.001547,-0.001992,-0.002014,-0.001351,-0.000229,0.000431,0.000326,0.000086,0.000179,0.000522,0.000590,0.000363,0.000245,0.000198,0.000125,0.000060,0.000195,0.000273,0.000117,-0.000008,-0.000018,-0.000007,0.000046,0.000107,-0.000008,-0.000142,-0.000208,-0.000273,-0.000207,-0.000074,-0.000067,-0.000098,-0.000105,-0.000079,-0.000074,-0.000028,0.000088,0.000040,-0.000102,-0.000150,-0.000092,0.000004,0.000014,-0.000042,-0.000062,-0.000087,-0.000077,0.000034,0.000126,0.000030,0.000011,
-0.019485,-0.020920,-0.016116,-0.005076,0.002821,0.004266,0.001020,-0.001811,-0.001370,-0.000118,0.000145,-0.000014,-0.000226,-0.000899,-0.002107,-0.002673,-0.001521,0.000224,0.001038,0.000978,0.000608,0.000261,-0.000139,-0.000996,-0.002022,-0.002563,-0.002266,-0.001282,-0.000410,-0.000171,-0.000377,-0.000801,-0.001132,-0.001100,-0.000999,-0.000724,-0.000241,0.000073,-0.000024,-0.000473,-0.000757,-0.000627,-0.000201,0.000162,0.000168,-0.000050,-0.000246,-0.000183,-0.000145,-0.000452,-0.000724,-0.000689,-0.000505,-0.000249,0.000068,0.000273,0.000444,0.000555,0.000352,-0.000344,-0.001173,-0.001466,-0.000985,-0.000026,0.000740,0.000879,0.000608,0.000349,-0.000030,-0.000516,-0.000571,-0.000528,-0.000372,0.000166,0.000548,0.000367,0.000005,-0.000220,-0.000270,-0.000123,0.000063,0.000167,0.000187,0.000317,0.000699,0.001170,0.001034,-0.000012,-0.000998,-0.001157,-0.000986,-0.000809,-0.000453,-0.000210,-0.000184,-0.000087,0.000137,0.000210,-0.000075,-0.000353,-0.000268,-0.000233,-0.000315,-0.000241,-0.000139,-0.000075,0.000116,0.000284,0.000229,0.000016,-0.000158,-0.000109,0.000012,0.000039,0.000079,-0.000014,-0.000058,-0.000032,-0.000010,0.000044,0.000014,-0.000071,-0.000164,-0.000168,-0.000106,0.000049,0.000164,0.000095,0.000023,0.000068,0.000022,-0.000127,-0.000152,-0.000080,0.000012,0.000070,0.000073,0.000075,0.012755,0.004656,0.007227,0.008762,0.006525,0.002228,-0.001626,-0.001596,0.000549,0.001715,0.001785,0.002068,0.002571,0.001842,0.000284,-0.000013,0.000496,0.000282,-0.000146,-0.000184,-0.000060,-0.000090,-0.000227,-0.000189,-0.000174,-0.000285,-0.000398,-0.000842,-0.001581,-0.001917,-0.001592,-0.001155,-0.000655,-0.000199,0.000066,0.000144,0.000266,0.000527,0.000675,0.000559,0.000413,0.000206,-0.000043,-0.000167,-0.000161,-0.000137,-0.000186,-0.000201,-0.000208,-0.000208,-0.000176,-0.000047,0.000181,0.000422,0.000453,0.000294,0.000236,0.000282,0.000000,-0.000330,0.000075,0.001319,0.002104,0.001211,-0.000567,-0.001628,-0.001566,-0.001233,-0.001296,-0.001449,-0.001129,-0.000587,0.000134,0.000471,-0.000106,-0.000735,-0.000748,-0.000254,0.000244,0.000498,0.000427,0.000206,0.000243,0.000437,0.000429,-0.000008,-0.000784,-0.001535,-0.002020,-0.002001,-0.001459,-0.000490,0.000258,0.000254,-0.000003,0.000092,0.000418,0.000515,0.000347,0.000152,-0.000019,-0.000114,0.000006,0.000197,0.000229,0.000132,0.000027,-0.000024,0.000027,0.000007,-0.000094,-0.000248,-0.000272,-0.000260,-0.000210,-0.000090,-0.000013,0.000009,-0.000021,-0.000069,-0.000034,0.000012,-0.000063,-0.000123,-0.000054,-0.000129,-0.000293,-0.000245,-0.000070,-0.000043,-0.000061,-0.000040,-0.000040,0.000005,0.000038,0.000058,0.000102,0.000070,
-0.020921,-0.022127,-0.016920,-0.005615,0.002581,0.004308,0.001210,-0.001674,-0.001348,-0.000184,0.000124,-0.000124,-0.000511,-0.000957,-0.001960,-0.002481,-0.001454,0.000240,0.001243,0.001280,0.000874,0.000369,-0.000113,-0.000957,-0.002081,-0.002576,-0.002194,-0.001243,-0.000289,-0.000101,-0.000503,-0.000964,-0.001275,-0.001123,-0.000859,-0.000617,-0.000322,-0.000165,-0.000303,-0.000772,-0.000986,-0.000544,0.000016,0.000204,0.000216,0.000074,-0.000064,-0.000041,-0.000171,-0.000494,-0.000715,-0.000722,-0.000442,-0.000162,0.000071,0.000345,0.000503,0.000620,0.000489,-0.000337,-0.001384,-0.001716,-0.001365,-0.000204,0.001038,0.001209,0.000806,0.000488,0.000077,-0.000267,-0.000444,-0.000665,-0.000455,0.000178,0.000557,0.000425,0.000143,-0.000089,-0.000283,-0.000195,0.000096,0.000173,0.000132,0.000253,0.000611,0.001135,0.001019,-0.000048,-0.000995,-0.001111,-0.000917,-0.000736,-0.000405,-0.000096,-0.000014,-0.000046,0.000164,0.000339,0.000020,-0.000278,-0.000355,-0.000309,-0.000201,-0.000247,-0.000171,-0.000026,0.000070,0.000242,0.000285,0.000134,0.000090,0.000124,0.000186,0.000201,0.000147,0.000093,0.000018,-0.000041,-0.000100,-0.000108,-0.000116,-0.000225,-0.000284,-0.000085,0.000026,0.000072,0.000171,0.000162,0.000112,0.000089,0.000046,0.000021,-0.000035,-0.000152,-0.000148,-0.000065,-0.000011,0.000047,0.012017,0.003673,0.006529,0.008483,0.006427,0.002198,-0.001701,-0.001779,0.000494,0.001877,0.001905,0.002077,0.002549,0.001788,0.000292,-0.000018,0.000571,0.000378,-0.000193,-0.000328,-0.000280,-0.000171,-0.000174,-0.000274,-0.000295,-0.000372,-0.000452,-0.000855,-0.001597,-0.001857,-0.001362,-0.000563,0.000170,0.000505,0.000344,0.000103,0.000078,0.000333,0.000557,0.000460,0.000294,0.000116,-0.000170,-0.000372,-0.000354,-0.000303,-0.000221,-0.000095,-0.000075,-0.000119,-0.000103,-0.000047,0.000163,0.000484,0.000457,0.000155,0.000170,0.000295,0.000002,-0.000481,-0.000328,0.000795,0.001835,0.001381,-0.000213,-0.001340,-0.001397,-0.001209,-0.001233,-0.001406,-0.001195,-0.000530,0.000090,0.000264,-0.000159,-0.000697,-0.000806,-0.000331,0.000242,0.000416,0.000260,0.000168,0.000261,0.000301,0.000174,-0.000236,-0.000871,-0.001462,-0.001850,-0.001905,-0.001339,-0.000304,0.000337,0.000273,0.000005,0.000194,0.000604,0.000591,0.000453,0.000293,0.000023,-0.000103,-0.000026,0.000128,0.000191,0.000139,0.000151,-0.000059,-0.000206,-0.000050,-0.000015,-0.000196,-0.000279,-0.000137,-0.000020,-0.000045,-0.000011,0.000024,0.000042,0.000103,0.000116,-0.000004,-0.000160,-0.000181,-0.000147,-0.000066,-0.000013,-0.000103,-0.000168,-0.000125,-0.000044,-0.000025,0.000036,0.000056,-0.000013,-0.000031,-0.000012,0.000097,
-0.022302,-0.023410,-0.017589,-0.005820,0.002656,0.004654,0.001618,-0.001374,-0.001284,-0.000168,0.000160,-0.000067,-0.000383,-0.000903,-0.001924,-0.002442,-0.001393,0.000268,0.001214,0.001201,0.000782,0.000457,0.000082,-0.000868,-0.002007,-0.002501,-0.002177,-0.001182,-0.000285,-0.000055,-0.000363,-0.000811,-0.001084,-0.001144,-0.000960,-0.000641,-0.000259,-0.000020,-0.000203,-0.000589,-0.000833,-0.000644,-0.000017,0.000357,0.000367,0.000203,-0.000028,-0.000060,-0.000161,-0.000490,-0.000748,-0.000669,-0.000429,-0.000198,0.000097,0.000313,0.000460,0.000632,0.000471,-0.000277,-0.001089,-0.001536,-0.001449,-0.000519,0.000564,0.000836,0.000602,0.000322,0.000064,-0.000402,-0.000687,-0.000693,-0.000377,0.000303,0.000573,0.000323,0.000040,-0.000174,-0.000214,-0.000073,0.000165,0.000302,0.000318,0.000397,0.000621,0.001006,0.000952,0.000063,-0.000825,-0.000981,-0.000795,-0.000666,-0.000365,-0.000037,0.000032,-0.000006,0.000181,0.000297,0.000027,-0.000233,-0.000267,-0.000296,-0.000481,-0.000525,-0.000216,-0.000006,0.000074,0.000239,0.000250,0.000142,0.000063,0.000015,0.000103,0.000133,0.000078,0.000011,-0.000141,-0.000280,-0.000199,-0.000138,-0.000115,-0.000117,-0.000171,-0.000161,-0.000141,-0.000050,0.000047,0.000063,0.000068,-0.000076,-0.000168,-0.000096,-0.000156,-0.000150,-0.000112,0.000065,0.000189,0.000108,0.012140,0.003694,0.006598,0.008623,0.006600,0.002332,-0.001724,-0.001787,0.000511,0.001727,0.001753,0.001980,0.002385,0.001766,0.000464,0.000133,0.000571,0.000418,-0.000123,-0.000358,-0.000341,-0.000246,-0.000167,-0.000158,-0.000165,-0.000135,-0.000219,-0.000719,-0.001457,-0.001796,-0.001519,-0.000984,-0.000535,-0.000147,0.000182,0.000332,0.000544,0.000919,0.001074,0.000853,0.000467,0.000050,-0.000239,-0.000328,-0.000314,-0.000315,-0.000310,-0.000140,-0.000106,-0.000192,-0.000125,0.000052,0.000319,0.000556,0.000503,0.000262,0.000128,0.000162,-0.000062,-0.000524,-0.000294,0.000744,0.001622,0.001509,0.000166,-0.000985,-0.001113,-0.000997,-0.001068,-0.001194,-0.000931,-0.000196,0.000551,0.000664,-0.000070,-0.000831,-0.000886,-0.000386,0.000159,0.000406,0.000367,0.000211,0.000156,0.000241,0.000223,-0.000158,-0.000769,-0.001423,-0.001900,-0.001920,-0.001391,-0.000453,0.000286,0.000289,-0.000007,0.000161,0.000523,0.000577,0.000316,0.000136,-0.000001,-0.000118,0.000017,0.000142,0.000121,0.000098,0.000132,0.000217,0.000233,0.000114,-0.000079,-0.000261,-0.000275,-0.000139,-0.000075,-0.000066,-0.000058,-0.000099,-0.000127,-0.000119,-0.000103,-0.000164,-0.000170,-0.000103,-0.000146,-0.000211,-0.000280,-0.000295,-0.000143,-0.000035,-0.000136,-0.000133,-0.000008,0.000048,0.000047,-0.000020,-0.000032,0.000015,
-0.022847,-0.023948,-0.017997,-0.005983,0.002759,0.004848,0.001688,-0.001388,-0.001250,-0.000151,0.000150,-0.000133,-0.000512,-0.000905,-0.001836,-0.002341,-0.001246,0.000336,0.001129,0.001151,0.000894,0.000681,0.000265,-0.000843,-0.002048,-0.002443,-0.002078,-0.001159,-0.000265,0.000010,-0.000376,-0.000881,-0.001057,-0.001134,-0.000992,-0.000514,0.000019,0.000294,0.000036,-0.000651,-0.001093,-0.000822,-0.000162,0.000376,0.000362,-0.000030,-0.000218,-0.000208,-0.000263,-0.000473,-0.000698,-0.000750,-0.000516,-0.000147,0.000121,0.000266,0.000431,0.000584,0.000449,-0.000330,-0.001122,-0.001254,-0.000995,-0.000258,0.000721,0.001100,0.000863,0.000480,-0.000072,-0.000574,-0.000888,-0.001067,-0.000872,-0.000152,0.000361,0.000141,-0.000200,-0.000237,-0.000114,0.000025,0.000043,0.000043,0.000157,0.000458,0.000803,0.001180,0.001127,0.000047,-0.001082,-0.001178,-0.000946,-0.000848,-0.000505,-0.000154,-0.000068,-0.000069,0.000123,0.000230,-0.000051,-0.000343,-0.000304,-0.000248,-0.000378,-0.000366,-0.000164,0.000009,-0.000036,-0.000011,0.000051,0.000032,0.000015,0.000043,0.000091,0.000108,0.000063,-0.000120,-0.000094,-0.000059,-0.000124,-0.000062,-0.000171,-0.000251,-0.000119,-0.000070,-0.000037,0.000065,0.000136,0.000145,0.000143,0.000101,0.000023,-0.000065,-0.000192,-0.000274,-0.000264,-0.000050,0.000142,0.000094,0.012648,0.004244,0.006804,0.008649,0.006632,0.002256,-0.001851,-0.001783,0.000680,0.001958,0.001965,0.002114,0.002492,0.001876,0.000442,0.000092,0.000622,0.000351,-0.000319,-0.000610,-0.000597,-0.000433,-0.000269,-0.000140,-0.000118,-0.000057,-0.000062,-0.000498,-0.001451,-0.001998,-0.001552,-0.000909,-0.000469,-0.000064,0.000279,0.000463,0.000555,0.000704,0.000743,0.000492,0.000239,0.000001,-0.000288,-0.000336,-0.000354,-0.000455,-0.000494,-0.000371,-0.000079,0.000049,-0.000107,-0.000149,0.000205,0.000500,0.000396,0.000231,0.000186,0.000254,0.000014,-0.000432,-0.000192,0.000912,0.001696,0.001129,-0.000444,-0.001480,-0.001353,-0.001095,-0.001230,-0.001400,-0.001202,-0.000561,0.000264,0.000579,0.000012,-0.000790,-0.000948,-0.000468,0.000057,0.000390,0.000338,0.000104,0.000063,0.000202,0.000229,-0.000185,-0.000911,-0.001631,-0.002123,-0.002110,-0.001476,-0.000520,0.000158,0.000144,0.000010,0.000224,0.000498,0.000503,0.000329,0.000151,-0.000004,-0.000045,0.000071,0.000254,0.000327,0.000256,0.000126,-0.000108,-0.000149,-0.000051,-0.000100,-0.000152,-0.000146,-0.000083,-0.000059,-0.000080,-0.000015,-0.000019,-0.000064,0.000041,0.000077,-0.000023,-0.000179,-0.000136,-0.000034,-0.000103,-0.000134,-0.000137,-0.000030,0.000005,-0.000039,0.000061,0.000131,0.000111,0.000089,0.000018,0.000113,0.000148,
-0.023801,-0.024512,-0.018252,-0.006229,0.002551,0.004967,0.001905,-0.001358,-0.001363,-0.000284,0.000054,-0.000171,-0.000486,-0.000881,-0.001757,-0.002179,-0.001150,0.000375,0.001175,0.001285,0.000924,0.000473,0.000009,-0.000919,-0.001994,-0.002532,-0.002155,-0.001089,-0.000241,-0.000037,-0.000247,-0.000669,-0.000986,-0.001047,-0.000920,-0.000613,-0.000192,0.000056,-0.000098,-0.000640,-0.000953,-0.000673,-0.000137,0.000230,0.000237,0.000034,-0.000079,-0.000083,-0.000173,-0.000455,-0.000643,-0.000549,-0.000330,-0.000098,0.000201,0.000381,0.000427,0.000539,0.000365,-0.000414,-0.001258,-0.001497,-0.001225,-0.000354,0.000644,0.000818,0.000570,0.000349,-0.000188,-0.000819,-0.001026,-0.000946,-0.000666,-0.000093,0.000284,0.000196,0.000047,0.000074,-0.000002,-0.000040,0.000099,0.000140,0.000184,0.000413,0.000757,0.001091,0.000935,-0.000068,-0.001018,-0.001216,-0.000968,-0.000711,-0.000393,-0.000089,-0.000122,-0.000149,0.000146,0.000308,0.000095,-0.000153,-0.000247,-0.000304,-0.000372,-0.000262,-0.000055,0.000069,0.000201,0.000296,0.000185,0.000079,0.000065,0.000011,0.000046,0.000163,0.000126,0.000071,-0.000022,-0.000087,-0.000045,-0.000053,-0.000132,-0.000079,-0.000015,0.000031,0.000135,0.000054,0.000036,0.000227,0.000294,0.000123,-0.000015,-0.000038,-0.000058,-0.000054,-0.000065,-0.000025,0.000014,-0.000040,0.011920,0.003243,0.005908,0.008107,0.006461,0.002188,-0.002024,-0.001977,0.000659,0.001946,0.001720,0.001865,0.002422,0.001751,0.000354,0.000111,0.000597,0.000380,-0.000212,-0.000441,-0.000412,-0.000329,-0.000247,-0.000190,-0.000204,-0.000180,-0.000168,-0.000454,-0.001179,-0.001762,-0.001581,-0.001091,-0.000662,-0.000168,0.000228,0.000372,0.000543,0.000729,0.000712,0.000477,0.000239,0.000073,-0.000111,-0.000292,-0.000299,-0.000355,-0.000377,-0.000290,-0.000225,-0.000162,-0.000050,-0.000019,0.000183,0.000509,0.000447,0.000200,0.000156,0.000244,-0.000102,-0.000546,-0.000120,0.001140,0.001947,0.001213,-0.000466,-0.001551,-0.001466,-0.001109,-0.001057,-0.001119,-0.000889,-0.000291,0.000255,0.000431,-0.000011,-0.000622,-0.000706,-0.000391,0.000057,0.000379,0.000420,0.000228,0.000081,0.000194,0.000218,-0.000175,-0.000885,-0.001546,-0.001898,-0.001856,-0.001311,-0.000343,0.000309,0.000237,0.000005,0.000185,0.000509,0.000571,0.000392,0.000264,0.000120,0.000009,0.000137,0.000176,0.000072,0.000017,-0.000032,0.000006,0.000096,0.000073,-0.000105,-0.000244,-0.000262,-0.000180,-0.000123,-0.000119,-0.000027,0.000112,0.000070,-0.000030,-0.000026,0.000033,0.000093,0.000029,-0.000065,-0.000176,-0.000219,-0.000125,0.000015,0.000042,-0.000022,0.000008,0.000032,0.000111,0.000170,-0.000006,-0.000070,-0.000039,
-0.023623,-0.024270,-0.017979,-0.006065,0.002767,0.005130,0.002056,-0.001201,-0.001290,-0.000252,0.000076,-0.000148,-0.000447,-0.000776,-0.001665,-0.002221,-0.001172,0.000427,0.001145,0.001198,0.000887,0.000458,0.000049,-0.000875,-0.001981,-0.002322,-0.001962,-0.001084,-0.000203,0.000027,-0.000311,-0.000613,-0.000868,-0.001083,-0.000939,-0.000606,-0.000173,0.000187,0.000060,-0.000539,-0.000928,-0.000664,-0.000125,0.000181,0.000179,-0.000015,-0.000233,-0.000311,-0.000363,-0.000527,-0.000704,-0.000720,-0.000565,-0.000258,0.000107,0.000334,0.000474,0.000602,0.000515,-0.000242,-0.001262,-0.001784,-0.001468,-0.000145,0.001326,0.001686,0.001111,0.000440,-0.000167,-0.000707,-0.000911,-0.000730,-0.000364,0.000128,0.000451,0.000159,-0.000164,-0.000151,-0.000082,-0.000005,0.000131,0.000263,0.000298,0.000352,0.000686,0.001140,0.000912,-0.000287,-0.001239,-0.001264,-0.000954,-0.000750,-0.000451,-0.000085,-0.000037,-0.000075,0.000068,0.000238,0.000125,-0.000234,-0.000415,-0.000345,-0.000361,-0.000301,-0.000096,-0.000022,0.000043,0.000128,0.000104,-0.000002,-0.000084,-0.000014,0.000040,0.000029,0.000121,0.000076,-0.000073,-0.000257,-0.000276,-0.000109,-0.000073,-0.000090,-0.000041,-0.000029,0.000011,0.000061,0.000159,0.000225,0.000067,-0.000008,-0.000004,-0.000055,-0.000146,-0.000193,-0.000125,0.000010,0.000146,0.000067,0.011919,0.003226,0.005932,0.008164,0.006560,0.002244,-0.001955,-0.001855,0.000726,0.002008,0.001803,0.001810,0.002219,0.001539,0.000155,0.000011,0.000614,0.000403,-0.000265,-0.000532,-0.000491,-0.000358,-0.000332,-0.000238,-0.000111,-0.000098,-0.000182,-0.000515,-0.001195,-0.001710,-0.001559,-0.001084,-0.000682,-0.000340,0.000101,0.000465,0.000662,0.000822,0.000828,0.000551,0.000290,0.000054,-0.000210,-0.000239,-0.000294,-0.000383,-0.000307,-0.000253,-0.000269,-0.000288,-0.000124,0.000036,0.000148,0.000351,0.000307,0.000203,0.000276,0.000343,0.000048,-0.000487,-0.000423,0.000427,0.001360,0.001134,-0.000569,-0.002031,-0.002181,-0.001837,-0.001643,-0.001527,-0.001222,-0.000576,0.000202,0.000417,-0.000169,-0.000713,-0.000733,-0.000397,0.000132,0.000487,0.000433,0.000201,0.000146,0.000285,0.000225,-0.000190,-0.000922,-0.001638,-0.001988,-0.001948,-0.001375,-0.000312,0.000436,0.000373,0.000109,0.000236,0.000539,0.000564,0.000474,0.000346,0.000209,0.000133,0.000128,0.000128,0.000166,0.000127,-0.000025,-0.000045,0.000066,0.000082,0.000001,-0.000146,-0.000296,-0.000277,-0.000212,-0.000194,-0.000113,-0.000041,-0.000107,-0.000191,-0.000127,0.000023,-0.000005,0.000063,0.000067,-0.000055,-0.000047,-0.000028,-0.000014,-0.000065,-0.000072,0.000019,0.000059,0.000027,0.000010,0.000068,0.000038,-0.000116,
-0.023326,-0.023872,-0.017571,-0.005951,0.002897,0.005453,0.002279,-0.001082,-0.001188,-0.000169,0.000074,-0.000157,-0.000364,-0.000661,-0.001514,-0.002161,-0.001214,0.000407,0.001243,0.001236,0.000857,0.000468,0.000012,-0.000885,-0.001902,-0.002274,-0.001982,-0.001078,-0.000227,-0.000038,-0.000149,-0.000493,-0.000886,-0.001039,-0.000962,-0.000687,-0.000224,0.000084,-0.000036,-0.000501,-0.000814,-0.000579,-0.000026,0.000360,0.000410,0.000225,0.000001,-0.000071,-0.000189,-0.000509,-0.000711,-0.000563,-0.000287,-0.000066,0.000114,0.000338,0.000461,0.000445,0.000361,-0.000097,-0.000779,-0.000933,-0.000598,-0.000018,0.000690,0.000988,0.000832,0.000507,-0.000020,-0.000458,-0.000566,-0.000475,-0.000219,0.000390,0.000764,0.000271,-0.000217,-0.000188,-0.000191,-0.000064,0.000118,0.000071,0.000104,0.000437,0.000913,0.001401,0.001120,-0.000077,-0.001024,-0.001240,-0.001025,-0.000759,-0.000457,-0.000093,-0.000022,-0.000013,0.000198,0.000240,-0.000072,-0.000339,-0.000349,-0.000285,-0.000323,-0.000249,-0.000085,-0.000060,0.000062,0.000243,0.000191,-0.000022,-0.000010,0.000042,0.000036,0.000118,0.000077,0.000094,0.000069,-0.000068,-0.000065,-0.000026,-0.000101,-0.000179,-0.000237,-0.000194,-0.000048,0.000071,0.000157,0.000158,0.000024,0.000061,-0.000017,-0.000113,-0.000033,0.000008,-0.000040,-0.000113,-0.000022,0.000020,0.012394,0.003673,0.005927,0.007818,0.006164,0.001951,-0.002113,-0.001932,0.000719,0.001967,0.001715,0.001623,0.002086,0.001652,0.000381,0.000103,0.000604,0.000428,-0.000224,-0.000563,-0.000586,-0.000506,-0.000422,-0.000240,-0.000023,0.000060,-0.000115,-0.000655,-0.001425,-0.001813,-0.001426,-0.000854,-0.000469,-0.000074,0.000252,0.000426,0.000576,0.000723,0.000703,0.000526,0.000345,0.000125,-0.000131,-0.000280,-0.000302,-0.000214,-0.000176,-0.000217,-0.000145,-0.000041,-0.000015,0.000030,0.000198,0.000421,0.000413,0.000193,0.000194,0.000325,-0.000001,-0.000416,-0.000043,0.000977,0.001667,0.001195,-0.000186,-0.001212,-0.001297,-0.001187,-0.001279,-0.001324,-0.001082,-0.000516,0.000163,0.000352,-0.000173,-0.000731,-0.000701,-0.000279,0.000242,0.000590,0.000467,0.000235,0.000234,0.000313,0.000130,-0.000304,-0.000893,-0.001500,-0.001944,-0.002030,-0.001483,-0.000386,0.000398,0.000379,0.000070,0.000104,0.000423,0.000485,0.000293,0.000159,-0.000012,-0.000066,0.000060,0.000103,0.000126,0.000226,0.000257,0.000094,0.000002,0.000145,0.000049,-0.000231,-0.000261,-0.000144,-0.000076,-0.000061,-0.000136,-0.000160,-0.000164,-0.000237,-0.000158,-0.000010,0.000053,-0.000061,-0.000162,-0.000095,-0.000130,-0.000138,-0.000037,-0.000021,-0.000054,-0.000129,-0.000211,-0.000191,-0.000080,-0.000064,-0.000074,-0.000050,
-0.024033,-0.023981,-0.017520,-0.006023,0.002725,0.005469,0.002517,-0.001066,-0.001383,-0.000378,-0.000068,-0.000231,-0.000431,-0.000729,-0.001552,-0.001958,-0.001032,0.000447,0.001259,0.001277,0.000917,0.000528,0.000019,-0.000931,-0.001987,-0.002408,-0.002038,-0.001152,-0.000301,-0.000199,-0.000623,-0.000896,-0.001047,-0.001002,-0.000882,-0.000718,-0.000431,-0.000219,-0.000260,-0.000724,-0.000980,-0.000629,-0.000046,0.000276,0.000179,0.000034,-0.000005,-0.000101,-0.000325,-0.000684,-0.000848,-0.000634,-0.000389,-0.000173,0.000096,0.000393,0.000590,0.000665,0.000456,-0.000372,-0.001340,-0.001720,-0.001258,-0.000091,0.000920,0.001108,0.000727,0.000315,-0.000015,-0.000370,-0.000704,-0.000797,-0.000493,0.000237,0.000624,0.000347,0.000009,-0.000197,-0.000261,-0.000182,-0.000106,0.000031,0.000164,0.000330,0.000704,0.001172,0.000987,-0.000127,-0.001041,-0.001100,-0.000872,-0.000679,-0.000450,-0.000162,-0.000012,0.000112,0.000292,0.000303,0.000035,-0.000172,-0.000219,-0.000219,-0.000286,-0.000321,-0.000244,-0.000041,0.000167,0.000309,0.000312,0.000114,0.000060,0.000176,0.000157,0.000110,0.000119,0.000134,0.000079,-0.000040,-0.000035,0.000029,-0.000068,-0.000224,-0.000267,-0.000127,0.000040,0.000162,0.000244,0.000234,0.000165,0.000066,-0.000026,-0.000148,-0.000210,-0.000184,-0.000143,-0.000028,0.000070,0.000119,0.010852,0.002136,0.004906,0.007272,0.006015,0.002191,-0.001827,-0.001958,0.000652,0.002134,0.001800,0.001558,0.001968,0.001527,0.000230,-0.000057,0.000484,0.000272,-0.000369,-0.000631,-0.000481,-0.000262,-0.000190,-0.000095,-0.000105,-0.000115,-0.000216,-0.000804,-0.001570,-0.001815,-0.001396,-0.000733,-0.000090,0.000329,0.000463,0.000368,0.000352,0.000609,0.000828,0.000737,0.000446,0.000123,-0.000220,-0.000451,-0.000516,-0.000468,-0.000318,-0.000197,-0.000102,-0.000165,-0.000251,-0.000122,0.000219,0.000503,0.000421,0.000245,0.000319,0.000434,0.000101,-0.000374,-0.000141,0.001021,0.001987,0.001341,-0.000508,-0.001664,-0.001502,-0.001168,-0.001251,-0.001398,-0.001145,-0.000462,0.000276,0.000454,-0.000069,-0.000603,-0.000712,-0.000372,0.000122,0.000491,0.000539,0.000314,0.000248,0.000323,0.000147,-0.000317,-0.000964,-0.001637,-0.002045,-0.001972,-0.001352,-0.000296,0.000357,0.000246,0.000024,0.000186,0.000420,0.000462,0.000356,0.000312,0.000221,0.000063,0.000042,0.000104,0.000095,0.000013,0.000037,0.000076,0.000127,0.000152,-0.000076,-0.000311,-0.000358,-0.000312,-0.000187,-0.000027,-0.000006,-0.000108,-0.000061,0.000077,0.000120,0.000016,-0.000115,-0.000147,-0.000111,-0.000088,-0.000044,0.000017,-0.000025,-0.000128,-0.000200,-0.000161,0.000001,0.000086,0.000101,0.000081,0.000054,-0.000004,
-0.024415,-0.023968,-0.017461,-0.006047,0.002654,0.005559,0.002719,-0.000892,-0.001324,-0.000364,-0.000057,-0.000302,-0.000572,-0.000817,-0.001616,-0.002163,-0.001232,0.000363,0.001321,0.001375,0.000939,0.000565,0.000114,-0.000856,-0.001905,-0.002433,-0.002147,-0.001122,-0.000100,0.000140,-0.000273,-0.000773,-0.001177,-0.001127,-0.000795,-0.000564,-0.000348,-0.000188,-0.000337,-0.000768,-0.000961,-0.000607,0.000022,0.000421,0.000395,0.000116,-0.000127,-0.000198,-0.000327,-0.000491,-0.000640,-0.000623,-0.000424,-0.000224,0.000020,0.000264,0.000473,0.000484,0.000344,-0.000260,-0.001142,-0.001500,-0.001172,-0.000141,0.000898,0.001108,0.000789,0.000425,-0.000003,-0.000391,-0.000527,-0.000584,-0.000445,0.000076,0.000493,0.000327,-0.000040,-0.000164,-0.000106,0.000114,0.000360,0.000384,0.000281,0.000384,0.000740,0.001125,0.001035,0.000034,-0.000901,-0.000898,-0.000590,-0.000421,-0.000256,-0.000074,0.000064,0.000030,0.000176,0.000367,0.000141,-0.000249,-0.000429,-0.000456,-0.000504,-0.000335,-0.000098,0.000092,0.000146,0.000176,0.000189,0.000070,-0.000031,0.000054,0.000119,0.000093,0.000124,0.000108,-0.000127,-0.000236,-0.000088,-0.000008,-0.000068,-0.000112,-0.000097,-0.000101,0.000005,0.000118,0.000118,0.000147,0.000129,-0.000007,-0.000040,0.000003,0.000001,-0.000054,-0.000148,-0.000158,-0.000012,0.000064,0.009973,0.001501,0.004293,0.006818,0.005928,0.002180,-0.001858,-0.001763,0.000767,0.002049,0.001728,0.001418,0.001810,0.001412,0.000115,-0.000251,0.000370,0.000422,-0.000190,-0.000560,-0.000559,-0.000483,-0.000367,-0.000171,-0.000018,-0.000035,-0.000218,-0.000735,-0.001465,-0.001605,-0.001035,-0.000308,0.000184,0.000330,0.000338,0.000304,0.000364,0.000661,0.000802,0.000598,0.000356,0.000038,-0.000283,-0.000376,-0.000318,-0.000327,-0.000239,-0.000057,-0.000052,-0.000120,-0.000064,-0.000004,0.000197,0.000464,0.000435,0.000293,0.000350,0.000406,0.000083,-0.000446,-0.000298,0.000838,0.001808,0.001564,0.000085,-0.001095,-0.001136,-0.000943,-0.001119,-0.001379,-0.001159,-0.000449,0.000265,0.000442,-0.000132,-0.000749,-0.000788,-0.000339,0.000206,0.000415,0.000276,0.000157,0.000190,0.000324,0.000375,0.000047,-0.000651,-0.001378,-0.001946,-0.002044,-0.001508,-0.000437,0.000318,0.000224,-0.000008,0.000157,0.000432,0.000440,0.000309,0.000272,0.000126,0.000037,-0.000037,-0.000010,0.000158,0.000232,0.000222,0.000076,-0.000033,-0.000070,-0.000185,-0.000326,-0.000323,-0.000199,-0.000116,-0.000098,-0.000101,-0.000035,0.000046,0.000055,-0.000026,-0.000068,-0.000043,-0.000006,0.000020,-0.000072,-0.000101,0.000063,0.000120,0.000036,-0.000133,-0.000231,-0.000156,0.000054,0.000161,0.000053,-0.000010,-0.000068,
-0.024587,-0.023793,-0.016838,-0.005493,0.002908,0.005711,0.002857,-0.000738,-0.001276,-0.000401,0.000046,-0.000103,-0.000310,-0.000534,-0.001462,-0.002048,-0.001137,0.000473,0.001361,0.001382,0.001005,0.000535,0.000154,-0.000715,-0.001861,-0.002365,-0.001953,-0.000986,-0.000280,-0.000199,-0.000408,-0.000682,-0.000919,-0.001085,-0.001029,-0.000638,-0.000111,0.000158,-0.000015,-0.000622,-0.000957,-0.000616,-0.000086,0.000246,0.000308,0.000105,-0.000199,-0.000246,-0.000236,-0.000488,-0.000699,-0.000573,-0.000308,-0.000063,0.000190,0.000344,0.000453,0.000556,0.000369,-0.000453,-0.001333,-0.001525,-0.001212,-0.000440,0.000421,0.000806,0.000710,0.000484,0.000069,-0.000418,-0.000829,-0.001082,-0.000776,0.000021,0.000350,0.000107,-0.000118,-0.000172,-0.000122,-0.000037,0.000118,0.000302,0.000263,0.000326,0.000704,0.001108,0.000969,-0.000162,-0.001099,-0.001171,-0.001064,-0.000864,-0.000451,0.000011,0.000092,0.000064,0.000283,0.000367,0.000134,-0.000225,-0.000299,-0.000222,-0.000305,-0.000325,-0.000251,-0.000108,0.000042,0.000142,0.000074,0.000002,-0.000053,-0.000062,0.000090,0.000195,0.000148,0.000031,-0.000176,-0.000264,-0.000179,-0.000097,-0.000154,-0.000209,-0.000162,-0.000089,-0.000036,0.000054,0.000166,0.000135,0.000054,0.000027,-0.000135,-0.000223,-0.000127,-0.000140,-0.000198,-0.000037,0.000088,0.000020,0.009657,0.001187,0.003956,0.006459,0.005588,0.002065,-0.001907,-0.001884,0.000845,0.002288,0.001897,0.001469,0.001676,0.001154,-0.000093,-0.000226,0.000485,0.000352,-0.000312,-0.000741,-0.000730,-0.000481,-0.000245,-0.000018,0.000045,0.000048,-0.000100,-0.000643,-0.001371,-0.001689,-0.001372,-0.000890,-0.000469,-0.000082,0.000254,0.000438,0.000554,0.000746,0.000908,0.000687,0.000211,-0.000148,-0.000386,-0.000469,-0.000458,-0.000421,-0.000337,-0.000165,0.000016,0.000037,0.000048,0.000182,0.000412,0.000432,0.000301,0.000237,0.000181,0.000265,-0.000008,-0.000514,-0.000370,0.000677,0.001564,0.001181,-0.000172,-0.001240,-0.001362,-0.001194,-0.001184,-0.001286,-0.001104,-0.000324,0.000543,0.000638,-0.000101,-0.000822,-0.000886,-0.000430,0.000074,0.000406,0.000456,0.000282,0.000207,0.000270,0.000054,-0.000379,-0.000918,-0.001582,-0.001963,-0.001890,-0.001386,-0.000424,0.000252,0.000165,0.000043,0.000283,0.000467,0.000432,0.000341,0.000195,-0.000003,-0.000052,0.000009,0.000078,0.000083,0.000080,0.000154,0.000204,0.000154,0.000023,-0.000158,-0.000308,-0.000332,-0.000180,-0.000130,-0.000152,-0.000075,0.000037,0.000038,-0.000065,-0.000123,-0.000057,0.000009,-0.000023,-0.000067,-0.000081,-0.000075,-0.000098,-0.000095,-0.000046,-0.000000,-0.000038,-0.000093,-0.000062,0.000038,0.000089,0.000016,0.000003,
-0.024711,-0.023537,-0.016347,-0.005127,0.003037,0.005769,0.003068,-0.000556,-0.001283,-0.000524,-0.000027,-0.000112,-0.000379,-0.000604,-0.001334,-0.001853,-0.000973,0.000480,0.001327,0.001363,0.000982,0.000641,0.000222,-0.000672,-0.001692,-0.002217,-0.001914,-0.000919,0.000005,0.000211,-0.000164,-0.000536,-0.000888,-0.001085,-0.000871,-0.000377,0.000049,0.000200,-0.000049,-0.000747,-0.001056,-0.000724,-0.000170,0.000266,0.000329,0.000136,-0.000033,-0.000163,-0.000363,-0.000596,-0.000686,-0.000617,-0.000361,-0.000041,0.000219,0.000410,0.000470,0.000463,0.000283,-0.000319,-0.001003,-0.001207,-0.000935,-0.000064,0.000856,0.001100,0.000832,0.000405,-0.000166,-0.000799,-0.001131,-0.001195,-0.000792,0.000029,0.000465,0.000168,-0.000114,-0.000111,-0.000073,0.000137,0.000318,0.000298,0.000188,0.000276,0.000669,0.001117,0.000994,-0.000057,-0.000990,-0.001211,-0.001046,-0.000858,-0.000589,-0.000282,-0.000113,0.000047,0.000289,0.000438,0.000215,-0.000121,-0.000320,-0.000327,-0.000265,-0.000166,-0.000135,-0.000093,0.000062,0.000256,0.000285,0.000076,-0.000092,-0.000072,-0.000038,0.000024,0.000034,-0.000117,-0.000339,-0.000376,-0.000227,-0.000143,-0.000179,-0.000225,-0.000170,-0.000001,0.000125,0.000176,0.000151,0.000099,0.000098,0.000114,0.000034,-0.000098,-0.000154,-0.000157,-0.000215,-0.000164,0.000035,0.000107,0.008992,0.000722,0.003678,0.006217,0.005543,0.002168,-0.001682,-0.001732,0.000893,0.002392,0.001897,0.001358,0.001724,0.001422,0.000135,-0.000235,0.000358,0.000341,-0.000235,-0.000576,-0.000590,-0.000442,-0.000340,-0.000193,-0.000032,0.000019,-0.000030,-0.000501,-0.001302,-0.001707,-0.001455,-0.001092,-0.000662,-0.000169,0.000177,0.000388,0.000466,0.000513,0.000656,0.000614,0.000369,0.000080,-0.000156,-0.000249,-0.000407,-0.000499,-0.000456,-0.000363,-0.000270,-0.000236,-0.000216,-0.000221,0.000051,0.000471,0.000444,0.000181,0.000199,0.000383,0.000139,-0.000330,-0.000136,0.000916,0.001645,0.001003,-0.000438,-0.001363,-0.001410,-0.001247,-0.001234,-0.001237,-0.001047,-0.000414,0.000372,0.000601,0.000035,-0.000659,-0.000826,-0.000436,0.000069,0.000342,0.000292,0.000083,0.000045,0.000124,0.000031,-0.000409,-0.001012,-0.001539,-0.001991,-0.002075,-0.001525,-0.000467,0.000211,0.000110,-0.000078,0.000237,0.000681,0.000669,0.000410,0.000205,0.000054,-0.000070,-0.000099,0.000065,0.000212,0.000105,-0.000006,0.000066,0.000036,-0.000004,-0.000028,-0.000212,-0.000418,-0.000312,-0.000146,-0.000111,-0.000150,-0.000180,-0.000207,-0.000146,-0.000011,0.000034,-0.000023,-0.000066,-0.000087,-0.000070,0.000038,0.000028,0.000017,0.000063,0.000014,-0.000019,0.000064,0.000065,0.000098,0.000018,-0.000105,-0.000132,
-0.024121,-0.022951,-0.015722,-0.004675,0.003340,0.005949,0.003054,-0.000531,-0.001151,-0.000362,0.000124,0.000083,-0.000207,-0.000453,-0.001237,-0.001974,-0.001230,0.000351,0.001202,0.001268,0.001067,0.000739,0.000205,-0.000774,-0.001916,-0.002427,-0.001976,-0.000911,0.000007,0.000208,-0.000186,-0.000677,-0.001134,-0.001272,-0.001082,-0.000664,-0.000092,0.000290,0.000055,-0.000699,-0.001109,-0.000727,-0.000074,0.000342,0.000420,0.000183,-0.000074,-0.000185,-0.000278,-0.000487,-0.000662,-0.000551,-0.000297,-0.000183,0.000065,0.000445,0.000548,0.000584,0.000504,-0.000256,-0.001292,-0.001752,-0.001406,-0.000223,0.000935,0.001001,0.000445,0.000032,-0.000458,-0.000891,-0.000996,-0.000825,-0.000392,0.000220,0.000447,0.000134,-0.000057,-0.000055,-0.000146,-0.000046,0.000164,0.000194,0.000185,0.000344,0.000758,0.001165,0.000842,-0.000243,-0.001170,-0.001292,-0.001015,-0.000820,-0.000519,-0.000133,-0.000010,0.000067,0.000305,0.000361,0.000075,-0.000207,-0.000180,-0.000186,-0.000325,-0.000323,-0.000199,0.000004,0.000117,0.000109,0.000105,0.000032,-0.000091,-0.000107,0.000025,0.000133,0.000167,0.000122,-0.000039,-0.000044,0.000020,0.000014,0.000045,0.000032,-0.000021,-0.000036,0.000055,0.000152,0.000152,0.000120,0.000086,0.000095,0.000040,-0.000127,-0.000241,-0.000216,-0.000127,0.000046,0.000121,0.000116,0.009447,0.001416,0.004161,0.006152,0.005025,0.001773,-0.001691,-0.001527,0.001050,0.002443,0.001897,0.001291,0.001545,0.001241,0.000146,-0.000075,0.000462,0.000263,-0.000395,-0.000688,-0.000646,-0.000412,-0.000327,-0.000271,-0.000031,0.000058,-0.000100,-0.000386,-0.001130,-0.001742,-0.001552,-0.001077,-0.000585,-0.000036,0.000356,0.000505,0.000650,0.000871,0.000923,0.000632,0.000242,-0.000022,-0.000221,-0.000335,-0.000318,-0.000242,-0.000214,-0.000222,-0.000182,-0.000061,-0.000102,-0.000112,0.000205,0.000435,0.000367,0.000110,0.000166,0.000374,0.000123,-0.000387,-0.000298,0.000689,0.001666,0.001295,-0.000421,-0.001835,-0.001915,-0.001590,-0.001512,-0.001394,-0.001072,-0.000518,0.000158,0.000361,-0.000161,-0.000653,-0.000618,-0.000268,0.000178,0.000467,0.000422,0.000246,0.000223,0.000304,0.000245,-0.000113,-0.000736,-0.001425,-0.001794,-0.001774,-0.001283,-0.000329,0.000360,0.000394,0.000272,0.000415,0.000693,0.000669,0.000450,0.000235,0.000115,0.000113,0.000081,0.000116,0.000146,0.000051,-0.000005,0.000113,0.000127,0.000067,-0.000052,-0.000241,-0.000229,-0.000041,0.000018,-0.000086,-0.000079,-0.000015,0.000006,-0.000017,-0.000051,-0.000022,-0.000016,-0.000068,-0.000044,-0.000042,-0.000185,-0.000186,-0.000053,-0.000178,-0.000290,-0.000231,-0.000170,-0.000036,0.000019,-0.000074,-0.000042,-0.000026,
-0.023778,-0.022453,-0.015204,-0.004339,0.003368,0.005942,0.003103,-0.000609,-0.001325,-0.000511,0.000039,-0.000014,-0.000300,-0.000597,-0.001322,-0.001799,-0.001047,0.000386,0.001256,0.001359,0.001065,0.000682,0.000192,-0.000674,-0.001736,-0.002199,-0.001814,-0.000889,-0.000063,0.000106,-0.000200,-0.000608,-0.000945,-0.001079,-0.000938,-0.000565,-0.000135,0.000117,0.000045,-0.000451,-0.000793,-0.000490,-0.000009,0.000259,0.000366,0.000184,-0.000059,-0.000097,-0.000237,-0.000568,-0.000629,-0.000440,-0.000325,-0.000122,0.000203,0.000331,0.000333,0.000443,0.000382,-0.000217,-0.000876,-0.000976,-0.000650,0.000107,0.001146,0.001621,0.001306,0.000658,0.000033,-0.000427,-0.000622,-0.000641,-0.000358,0.000259,0.000487,0.000075,-0.000321,-0.000345,-0.000271,-0.000090,0.000123,0.000204,0.000225,0.000332,0.000761,0.001219,0.001030,-0.000072,-0.001141,-0.001287,-0.001044,-0.000758,-0.000322,0.000042,0.000094,0.000026,0.000217,0.000383,0.000160,-0.000169,-0.000262,-0.000292,-0.000329,-0.000295,-0.000190,-0.000069,0.000106,0.000248,0.000134,-0.000074,-0.000175,-0.000019,0.000100,0.000159,0.000170,0.000097,-0.000021,-0.000138,-0.000154,-0.000048,0.000001,-0.000122,-0.000178,-0.000119,-0.000005,0.000069,0.000102,0.000047,0.000013,-0.000057,-0.000141,-0.000135,-0.000100,-0.000133,-0.000041,0.000131,0.000142,0.000027,0.009258,0.001393,0.004136,0.006021,0.005008,0.001903,-0.001580,-0.001520,0.000980,0.002385,0.001919,0.001412,0.001684,0.001261,0.000080,-0.000184,0.000377,0.000307,-0.000296,-0.000697,-0.000807,-0.000687,-0.000411,-0.000213,-0.000028,0.000144,0.000102,-0.000382,-0.001174,-0.001549,-0.001252,-0.000775,-0.000333,0.000052,0.000429,0.000595,0.000604,0.000704,0.000728,0.000497,0.000232,-0.000016,-0.000190,-0.000214,-0.000258,-0.000350,-0.000382,-0.000197,0.000034,0.000054,-0.000109,-0.000103,0.000085,0.000324,0.000460,0.000259,0.000111,0.000225,-0.000021,-0.000502,-0.000358,0.000505,0.001259,0.001069,-0.000169,-0.001283,-0.001382,-0.001276,-0.001317,-0.001394,-0.001283,-0.000688,0.000232,0.000621,0.000034,-0.000643,-0.000710,-0.000333,0.000104,0.000458,0.000543,0.000293,0.000234,0.000340,0.000155,-0.000369,-0.001031,-0.001619,-0.002036,-0.001974,-0.001375,-0.000321,0.000392,0.000327,0.000110,0.000234,0.000502,0.000399,0.000181,0.000063,-0.000017,-0.000033,0.000033,0.000095,0.000055,-0.000082,-0.000144,0.000005,0.000080,0.000077,0.000082,-0.000048,-0.000218,-0.000258,-0.000178,-0.000184,-0.000240,-0.000179,-0.000093,-0.000024,0.000048,0.000041,-0.000041,-0.000050,-0.000022,-0.000103,-0.000110,0.000041,0.000059,-0.000114,-0.000209,-0.000185,-0.000074,-0.000026,-0.000013,0.000041,-0.000014,-0.000123,
-0.024157,-0.022327,-0.014952,-0.004205,0.003368,0.005934,0.003287,-0.000456,-0.001349,-0.000662,-0.000085,-0.000005,-0.000286,-0.000563,-0.001324,-0.001855,-0.000957,0.000473,0.001263,0.001456,0.001201,0.000769,0.000178,-0.000719,-0.001732,-0.002214,-0.001894,-0.000970,-0.000119,0.000020,-0.000382,-0.000900,-0.001210,-0.001190,-0.000975,-0.000616,-0.000259,-0.000005,-0.000087,-0.000596,-0.000884,-0.000567,-0.000094,0.000163,0.000200,0.000059,-0.000073,-0.000135,-0.000250,-0.000466,-0.000578,-0.000591,-0.000506,-0.000271,0.000099,0.000363,0.000431,0.000582,0.000520,-0.000286,-0.001235,-0.001428,-0.000922,-0.000048,0.000675,0.000873,0.000655,0.000356,-0.000002,-0.000403,-0.000624,-0.000631,-0.000275,0.000374,0.000680,0.000459,0.000036,-0.000210,-0.000225,-0.000150,-0.000024,0.000193,0.000300,0.000402,0.000769,0.001157,0.000918,-0.000080,-0.001015,-0.001150,-0.000867,-0.000643,-0.000357,-0.000211,-0.000236,-0.000154,0.000170,0.000306,-0.000016,-0.000261,-0.000223,-0.000202,-0.000266,-0.000365,-0.000373,-0.000186,0.000045,0.000142,0.000155,0.000073,-0.000072,-0.000088,-0.000038,0.000036,0.000156,0.000172,0.000052,-0.000095,-0.000111,-0.000098,-0.000095,-0.000201,-0.000280,-0.000215,-0.000096,0.000000,0.000081,0.000122,0.000170,0.000089,-0.000136,-0.000166,-0.000076,-0.000141,-0.000160,-0.000034,0.000087,0.000120,0.009313,0.001394,0.003964,0.005889,0.005059,0.001950,-0.001606,-0.001462,0.001102,0.002527,0.001981,0.001385,0.001605,0.001269,0.000099,-0.000197,0.000454,0.000327,-0.000442,-0.000853,-0.000864,-0.000680,-0.000350,-0.000128,-0.000034,-0.000037,-0.000211,-0.000798,-0.001526,-0.001724,-0.001381,-0.000836,-0.000337,0.000121,0.000331,0.000302,0.000479,0.000677,0.000730,0.000679,0.000464,0.000111,-0.000258,-0.000388,-0.000232,-0.000226,-0.000275,-0.000143,-0.000092,-0.000187,-0.000178,-0.000083,0.000138,0.000440,0.000456,0.000178,0.000168,0.000398,0.000181,-0.000280,-0.000030,0.001183,0.002053,0.001219,-0.000746,-0.001931,-0.001755,-0.001345,-0.001376,-0.001480,-0.001225,-0.000645,0.000004,0.000347,-0.000080,-0.000711,-0.000838,-0.000450,0.000084,0.000397,0.000336,0.000134,0.000099,0.000229,0.000244,-0.000081,-0.000775,-0.001457,-0.001836,-0.001945,-0.001537,-0.000499,0.000306,0.000364,0.000150,0.000270,0.000514,0.000486,0.000321,0.000206,0.000089,-0.000046,-0.000029,0.000083,0.000071,0.000018,0.000034,0.000028,-0.000023,-0.000082,-0.000153,-0.000219,-0.000213,-0.000176,-0.000135,-0.000096,-0.000043,0.000041,0.000105,0.000094,0.000074,0.000106,0.000109,0.000043,0.000003,-0.000070,-0.000115,-0.000042,-0.000016,-0.000039,-0.000063,-0.000160,-0.000204,-0.000106,-0.000097,-0.000035,0.000019,-0.000036,
-0.024002,-0.021979,-0.014567,-0.004009,0.003482,0.006030,0.003214,-0.000379,-0.001204,-0.000579,-0.000068,-0.000014,-0.000087,-0.000344,-0.001291,-0.001867,-0.001158,0.000278,0.001242,0.001393,0.001191,0.000797,0.000252,-0.000798,-0.001977,-0.002398,-0.001871,-0.000864,-0.000124,-0.000052,-0.000546,-0.001139,-0.001427,-0.001266,-0.000915,-0.000700,-0.000463,-0.000168,-0.000219,-0.000696,-0.000996,-0.000671,-0.000019,0.000374,0.000435,0.000147,-0.000203,-0.000271,-0.000354,-0.000545,-0.000556,-0.000506,-0.000485,-0.000214,0.000141,0.000367,0.000491,0.000572,0.000436,-0.000315,-0.001319,-0.001654,-0.001181,0.000037,0.001183,0.001348,0.000880,0.000434,0.000113,-0.000122,-0.000339,-0.000387,-0.000098,0.000338,0.000444,0.000165,-0.000114,-0.000189,-0.000110,0.000046,0.000185,0.000178,0.000107,0.000280,0.000706,0.001099,0.000908,-0.000150,-0.001124,-0.001229,-0.000826,-0.000648,-0.000479,-0.000133,-0.000071,0.000018,0.000277,0.000375,0.000155,-0.000123,-0.000102,-0.000120,-0.000253,-0.000253,-0.000204,-0.000081,0.000101,0.000213,0.000195,0.000035,-0.000025,0.000081,0.000138,0.000131,0.000117,0.000071,-0.000069,-0.000121,-0.000109,-0.000172,-0.000169,-0.000150,-0.000161,0.000017,0.000107,0.000107,0.000118,0.000136,0.000186,0.000049,-0.000109,-0.000199,-0.000203,-0.000084,0.000053,0.000092,0.000078,0.000038,0.010423,0.002329,0.004249,0.005817,0.004987,0.002080,-0.001380,-0.001324,0.001234,0.002620,0.002032,0.001350,0.001562,0.001205,0.000071,-0.000155,0.000464,0.000394,-0.000301,-0.000766,-0.000808,-0.000578,-0.000237,-0.000079,-0.000063,-0.000028,-0.000191,-0.000755,-0.001504,-0.001695,-0.001113,-0.000259,0.000418,0.000721,0.000559,0.000314,0.000286,0.000501,0.000648,0.000523,0.000404,0.000110,-0.000339,-0.000389,-0.000263,-0.000254,-0.000238,-0.000190,-0.000236,-0.000306,-0.000305,-0.000113,0.000221,0.000396,0.000267,0.000192,0.000277,0.000472,0.000295,-0.000311,-0.000256,0.000829,0.001790,0.001399,-0.000177,-0.001289,-0.001370,-0.001267,-0.001357,-0.001334,-0.001081,-0.000539,0.000238,0.000401,-0.000239,-0.000829,-0.000744,-0.000239,0.000234,0.000458,0.000384,0.000190,0.000130,0.000196,0.000158,-0.000272,-0.000857,-0.001476,-0.001933,-0.001978,-0.001469,-0.000393,0.000391,0.000387,0.000086,0.000209,0.000515,0.000558,0.000404,0.000156,-0.000068,-0.000137,-0.000146,-0.000011,0.000029,-0.000098,-0.000074,0.000014,0.000022,-0.000048,-0.000131,-0.000229,-0.000304,-0.000194,-0.000099,-0.000157,-0.000230,-0.000131,0.000008,-0.000007,-0.000115,-0.000064,0.000021,0.000034,0.000056,0.000016,0.000016,0.000020,-0.000101,-0.000136,-0.000049,-0.000053,-0.000034,-0.000046,-0.000063,-0.000028,0.000059,0.000051,
-0.023384,-0.021266,-0.013991,-0.003649,0.003551,0.005892,0.003151,-0.000558,-0.001392,-0.000683,-0.000190,-0.000120,-0.000232,-0.000440,-0.001168,-0.001686,-0.000992,0.000417,0.001339,0.001384,0.000974,0.000581,0.000099,-0.000658,-0.001581,-0.002099,-0.001794,-0.000877,-0.000143,-0.000050,-0.000320,-0.000739,-0.001151,-0.001130,-0.000806,-0.000471,-0.000078,0.000199,0.000137,-0.000386,-0.000745,-0.000539,-0.000014,0.000371,0.000470,0.000326,0.000061,-0.000114,-0.000250,-0.000453,-0.000590,-0.000611,-0.000397,-0.000091,0.000241,0.000503,0.000389,0.000344,0.000342,-0.000348,-0.001226,-0.001549,-0.001355,-0.000510,0.000565,0.000904,0.000668,0.000370,-0.000115,-0.000597,-0.000812,-0.000800,-0.000427,0.000259,0.000583,0.000318,0.000075,-0.000089,-0.000134,0.000099,0.000319,0.000349,0.000228,0.000283,0.000746,0.001312,0.001136,-0.000095,-0.001200,-0.001196,-0.000802,-0.000515,-0.000240,0.000000,0.000099,0.000154,0.000317,0.000480,0.000243,-0.000157,-0.000325,-0.000367,-0.000375,-0.000300,-0.000204,-0.000186,0.000024,0.000229,0.000241,0.000162,0.000130,0.000094,0.000032,0.000124,0.000183,0.000091,-0.000053,-0.000170,-0.000195,-0.000176,-0.000084,-0.000058,-0.000059,-0.000086,-0.000027,0.000012,0.000060,0.000157,0.000196,0.000065,-0.000111,-0.000122,-0.000029,-0.000083,-0.000218,-0.000068,0.000110,0.000133,0.011146,0.003014,0.004754,0.005960,0.005045,0.002129,-0.001339,-0.001226,0.001256,0.002631,0.002116,0.001460,0.001582,0.001137,0.000023,-0.000027,0.000517,0.000363,-0.000314,-0.000817,-0.000833,-0.000588,-0.000358,-0.000152,0.000083,0.000186,-0.000022,-0.000648,-0.001467,-0.001777,-0.001330,-0.000747,-0.000283,0.000136,0.000339,0.000390,0.000525,0.000766,0.000961,0.000755,0.000256,-0.000092,-0.000314,-0.000423,-0.000416,-0.000378,-0.000263,-0.000132,-0.000087,-0.000105,-0.000090,0.000026,0.000277,0.000398,0.000332,0.000234,0.000265,0.000453,0.000219,-0.000306,-0.000232,0.000736,0.001679,0.001416,-0.000010,-0.001128,-0.001274,-0.001136,-0.001093,-0.001211,-0.001044,-0.000221,0.000700,0.000764,-0.000128,-0.000929,-0.000966,-0.000490,0.000047,0.000423,0.000475,0.000324,0.000188,0.000192,0.000157,-0.000184,-0.000707,-0.001373,-0.001969,-0.002168,-0.001714,-0.000666,0.000184,0.000296,0.000012,0.000122,0.000516,0.000551,0.000234,0.000078,0.000022,-0.000070,-0.000013,0.000086,0.000142,0.000078,0.000028,-0.000006,0.000056,0.000147,-0.000019,-0.000159,-0.000144,-0.000127,-0.000087,-0.000052,-0.000067,-0.000021,-0.000021,-0.000119,-0.000161,-0.000130,-0.000133,-0.000139,-0.000040,-0.000056,-0.000136,-0.000226,-0.000271,-0.000143,-0.000080,-0.000085,-0.000024,0.000057,0.000132,0.000127,0.000155,0.000161,
-0.022765,-0.020540,-0.013227,-0.003171,0.003691,0.005911,0.003135,-0.000526,-0.001380,-0.000665,-0.000036,0.000084,-0.000095,-0.000396,-0.001171,-0.001685,-0.000979,0.000322,0.001228,0.001436,0.001192,0.000766,0.000212,-0.000716,-0.001694,-0.002169,-0.001861,-0.000883,-0.000006,0.000108,-0.000314,-0.000800,-0.001102,-0.001130,-0.001022,-0.000654,-0.000044,0.000246,0.000013,-0.000598,-0.000906,-0.000618,-0.000075,0.000368,0.000355,0.000065,-0.000132,-0.000169,-0.000295,-0.000596,-0.000748,-0.000602,-0.000301,-0.000036,0.000280,0.000531,0.000526,0.000566,0.000466,-0.000347,-0.001153,-0.001292,-0.000827,0.000133,0.000979,0.001246,0.000960,0.000506,-0.000004,-0.000430,-0.000825,-0.001134,-0.000762,0.000107,0.000413,0.000101,-0.000122,-0.000206,-0.000098,0.000051,0.000117,0.000169,0.000229,0.000419,0.000789,0.001234,0.001064,-0.000047,-0.001035,-0.001189,-0.000994,-0.000785,-0.000474,-0.000182,-0.000034,0.000076,0.000360,0.000433,0.000134,-0.000102,-0.000262,-0.000377,-0.000353,-0.000327,-0.000191,-0.000109,-0.000024,0.000250,0.000365,0.000209,0.000064,0.000028,0.000081,0.000078,0.000055,0.000022,-0.000106,-0.000168,-0.000109,-0.000048,-0.000111,-0.000167,-0.000128,-0.000071,0.000004,0.000125,0.000296,0.000295,0.000206,0.000117,0.000044,-0.000003,-0.000110,-0.000232,-0.000203,-0.000033,0.000097,0.000057,0.012636,0.004566,0.005604,0.006220,0.005121,0.002303,-0.001045,-0.000920,0.001541,0.002834,0.002281,0.001557,0.001603,0.001164,0.000071,0.000035,0.000628,0.000353,-0.000347,-0.000791,-0.000865,-0.000663,-0.000350,-0.000086,0.000094,0.000215,0.000084,-0.000494,-0.001209,-0.001526,-0.001307,-0.000868,-0.000434,-0.000002,0.000335,0.000410,0.000415,0.000602,0.000771,0.000562,0.000279,0.000017,-0.000352,-0.000433,-0.000331,-0.000379,-0.000418,-0.000251,-0.000136,-0.000220,-0.000246,-0.000077,0.000210,0.000448,0.000357,0.000101,0.000178,0.000425,0.000246,-0.000245,-0.000155,0.000838,0.001660,0.001034,-0.000501,-0.001461,-0.001451,-0.001217,-0.001234,-0.001358,-0.001148,-0.000455,0.000432,0.000668,0.000124,-0.000578,-0.000718,-0.000287,0.000281,0.000567,0.000399,0.000218,0.000236,0.000376,0.000332,-0.000132,-0.000804,-0.001477,-0.002006,-0.002017,-0.001446,-0.000519,0.000149,0.000195,0.000127,0.000215,0.000418,0.000521,0.000391,0.000185,-0.000038,-0.000107,0.000044,0.000172,0.000130,0.000143,0.000086,-0.000011,-0.000008,0.000011,0.000008,-0.000082,-0.000216,-0.000249,-0.000179,-0.000174,-0.000197,-0.000074,0.000022,-0.000026,-0.000040,-0.000130,-0.000234,-0.000134,-0.000034,-0.000065,-0.000071,-0.000011,-0.000010,-0.000061,-0.000015,0.000011,-0.000075,-0.000104,-0.000018,0.000043,0.000039,-0.000012,
-0.021797,-0.019562,-0.012333,-0.002768,0.003627,0.005641,0.002757,-0.000728,-0.001312,-0.000539,-0.000025,-0.000030,-0.000154,-0.000323,-0.001151,-0.001781,-0.000972,0.000386,0.001186,0.001374,0.001102,0.000683,0.000255,-0.000651,-0.001654,-0.002201,-0.002008,-0.000921,0.000077,0.000102,-0.000418,-0.000871,-0.001102,-0.001104,-0.000898,-0.000492,-0.000052,0.000208,-0.000019,-0.000692,-0.001037,-0.000722,-0.000147,0.000187,0.000294,0.000175,-0.000054,-0.000186,-0.000249,-0.000330,-0.000452,-0.000446,-0.000308,-0.000070,0.000204,0.000373,0.000480,0.000540,0.000372,-0.000321,-0.001231,-0.001576,-0.001274,-0.000417,0.000559,0.000790,0.000464,0.000168,-0.000244,-0.000738,-0.000884,-0.000719,-0.000372,0.000158,0.000400,0.000259,0.000058,-0.000011,-0.000071,-0.000050,0.000083,0.000168,0.000192,0.000422,0.000909,0.001264,0.000918,-0.000246,-0.001169,-0.001230,-0.000932,-0.000698,-0.000407,-0.000037,0.000139,0.000158,0.000295,0.000380,0.000211,-0.000068,-0.000114,-0.000133,-0.000249,-0.000189,-0.000085,0.000029,0.000124,0.000077,0.000027,0.000021,-0.000071,0.000031,0.000136,0.000050,0.000034,-0.000004,-0.000158,-0.000171,-0.000061,-0.000023,-0.000050,-0.000061,-0.000072,-0.000022,0.000041,0.000131,0.000195,0.000112,0.000009,-0.000056,-0.000073,-0.000099,-0.000155,-0.000195,-0.000120,0.000028,0.000071,0.000017,0.014255,0.006124,0.006434,0.006405,0.005069,0.002285,-0.000882,-0.000829,0.001496,0.002938,0.002545,0.001664,0.001596,0.001175,0.000192,0.000151,0.000624,0.000377,-0.000312,-0.000727,-0.000779,-0.000561,-0.000328,-0.000141,0.000096,0.000269,0.000132,-0.000401,-0.001208,-0.001610,-0.001343,-0.000943,-0.000532,-0.000031,0.000391,0.000618,0.000776,0.000812,0.000758,0.000534,0.000273,0.000085,-0.000101,-0.000192,-0.000259,-0.000254,-0.000167,-0.000093,-0.000054,-0.000117,-0.000117,0.000057,0.000257,0.000424,0.000365,0.000170,0.000156,0.000352,0.000150,-0.000294,-0.000128,0.000941,0.001826,0.001252,-0.000522,-0.001751,-0.001762,-0.001452,-0.001297,-0.001194,-0.000897,-0.000405,0.000146,0.000412,-0.000065,-0.000708,-0.000690,-0.000236,0.000189,0.000401,0.000348,0.000094,0.000011,0.000188,0.000192,-0.000157,-0.000705,-0.001370,-0.001948,-0.001974,-0.001384,-0.000341,0.000452,0.000310,0.000035,0.000278,0.000626,0.000660,0.000533,0.000323,0.000066,-0.000094,-0.000114,0.000003,0.000029,-0.000005,0.000023,-0.000097,-0.000146,-0.000011,-0.000057,-0.000219,-0.000286,-0.000189,-0.000036,-0.000044,-0.000137,-0.000204,-0.000216,-0.000129,-0.000045,0.000030,0.000069,-0.000046,-0.000137,-0.000152,-0.000131,-0.000081,-0.000028,-0.000042,-0.000109,-0.000052,0.000060,0.000137,0.000057,-0.000060,-0.000050,-0.000029,
-0.021664,-0.018832,-0.011809,-0.002579,0.003696,0.005680,0.002790,-0.000784,-0.001572,-0.000849,-0.000219,0.000049,0.000070,-0.000178,-0.000973,-0.001558,-0.000924,0.000298,0.001077,0.001353,0.001227,0.000795,0.000233,-0.000667,-0.001594,-0.001999,-0.001816,-0.001025,-0.000119,0.000066,-0.000384,-0.000756,-0.001096,-0.001203,-0.000984,-0.000553,-0.000058,0.000242,0.000053,-0.000530,-0.000748,-0.000436,0.000114,0.000469,0.000376,0.000079,-0.000187,-0.000289,-0.000349,-0.000452,-0.000538,-0.000528,-0.000302,-0.000056,0.000198,0.000451,0.000564,0.000563,0.000419,-0.000212,-0.001044,-0.001442,-0.001287,-0.000188,0.001375,0.002043,0.001558,0.000686,-0.000015,-0.000380,-0.000562,-0.000757,-0.000440,0.000263,0.000480,0.000103,-0.000225,-0.000255,-0.000204,-0.000056,0.000210,0.000363,0.000400,0.000493,0.000846,0.001287,0.001057,-0.000063,-0.001065,-0.001203,-0.001000,-0.000807,-0.000417,-0.000033,0.000039,0.000068,0.000313,0.000490,0.000152,-0.000319,-0.000383,-0.000272,-0.000286,-0.000345,-0.000335,-0.000196,0.000016,0.000180,0.000118,-0.000053,-0.000062,-0.000006,0.000057,0.000104,0.000035,-0.000032,-0.000048,-0.000151,-0.000181,-0.000046,-0.000006,-0.000052,-0.000124,-0.000210,-0.000210,-0.000047,0.000075,0.000080,0.000033,-0.000051,-0.000011,-0.000027,-0.000046,-0.000074,-0.000102,0.000035,0.000170,0.000150,0.014985,0.006887,0.006912,0.006613,0.005085,0.002360,-0.000718,-0.000559,0.001798,0.003092,0.002660,0.001901,0.001734,0.001069,0.000037,-0.000001,0.000501,0.000215,-0.000365,-0.000591,-0.000659,-0.000686,-0.000576,-0.000289,-0.000013,0.000131,-0.000045,-0.000462,-0.001151,-0.001569,-0.001383,-0.000957,-0.000459,0.000019,0.000311,0.000412,0.000616,0.000845,0.000855,0.000568,0.000199,-0.000057,-0.000217,-0.000306,-0.000337,-0.000301,-0.000310,-0.000273,-0.000080,-0.000020,-0.000113,-0.000029,0.000208,0.000439,0.000391,0.000116,0.000123,0.000366,0.000201,-0.000410,-0.000482,0.000336,0.001269,0.001115,-0.000361,-0.001783,-0.002068,-0.001809,-0.001693,-0.001652,-0.001248,-0.000552,0.000235,0.000570,-0.000036,-0.000774,-0.000886,-0.000446,0.000013,0.000299,0.000394,0.000221,0.000128,0.000281,0.000319,-0.000126,-0.000877,-0.001659,-0.002030,-0.002005,-0.001429,-0.000214,0.000500,0.000332,0.000114,0.000244,0.000558,0.000657,0.000411,0.000175,-0.000020,-0.000198,-0.000194,-0.000078,-0.000008,-0.000010,-0.000000,-0.000006,-0.000033,0.000019,-0.000016,-0.000087,-0.000066,-0.000033,-0.000072,-0.000106,-0.000092,-0.000069,-0.000093,-0.000072,-0.000023,-0.000029,-0.000078,-0.000069,-0.000029,-0.000040,-0.000100,-0.000057,0.000011,-0.000077,-0.000203,-0.000215,-0.000131,0.000003,0.000054,-0.000007,-0.000028,-0.000078,
-0.020546,-0.017697,-0.010985,-0.002153,0.003789,0.005469,0.002542,-0.000859,-0.001529,-0.000881,-0.000224,0.000075,0.000113,-0.000107,-0.000951,-0.001609,-0.000962,0.000350,0.001259,0.001480,0.001153,0.000620,0.000179,-0.000517,-0.001484,-0.001995,-0.001787,-0.000932,-0.000099,0.000034,-0.000408,-0.000800,-0.001003,-0.001157,-0.001015,-0.000578,-0.000129,0.000058,-0.000083,-0.000467,-0.000769,-0.000499,0.000037,0.000333,0.000274,0.000113,-0.000037,-0.000186,-0.000308,-0.000541,-0.000740,-0.000737,-0.000429,-0.000131,0.000211,0.000498,0.000471,0.000551,0.000519,-0.000175,-0.000992,-0.001057,-0.000605,0.000017,0.000571,0.000774,0.000753,0.000513,-0.000001,-0.000403,-0.000577,-0.000577,-0.000228,0.000380,0.000594,0.000295,-0.000039,-0.000135,-0.000160,-0.000047,0.000220,0.000405,0.000306,0.000381,0.000917,0.001363,0.001019,-0.000153,-0.001130,-0.001270,-0.001021,-0.000828,-0.000460,-0.000051,0.000068,0.000211,0.000481,0.000426,0.000127,-0.000037,-0.000141,-0.000233,-0.000240,-0.000238,-0.000189,-0.000039,0.000142,0.000320,0.000329,0.000086,-0.000041,-0.000020,0.000058,0.000174,0.000168,0.000154,0.000016,-0.000153,-0.000184,-0.000191,-0.000159,-0.000056,0.000003,-0.000019,-0.000028,0.000053,0.000099,0.000014,0.000008,0.000066,0.000014,-0.000022,0.000006,-0.000041,-0.000095,-0.000002,0.000065,0.000118,0.016715,0.008581,0.007922,0.007005,0.005416,0.002659,-0.000501,-0.000445,0.001787,0.003228,0.002965,0.002085,0.001749,0.001163,0.000238,0.000167,0.000629,0.000436,-0.000258,-0.000686,-0.000729,-0.000557,-0.000369,-0.000116,0.000123,0.000228,0.000097,-0.000471,-0.001355,-0.001783,-0.001390,-0.000801,-0.000413,-0.000012,0.000291,0.000414,0.000532,0.000766,0.000848,0.000633,0.000287,-0.000031,-0.000308,-0.000370,-0.000274,-0.000336,-0.000328,-0.000281,-0.000217,-0.000115,-0.000068,-0.000049,0.000107,0.000332,0.000354,0.000205,0.000257,0.000436,0.000217,-0.000245,-0.000041,0.001051,0.001872,0.001280,-0.000299,-0.001437,-0.001542,-0.001427,-0.001453,-0.001417,-0.001309,-0.000749,0.000173,0.000393,-0.000181,-0.000743,-0.000761,-0.000289,0.000223,0.000559,0.000487,0.000161,0.000030,0.000162,0.000220,-0.000128,-0.000839,-0.001629,-0.002128,-0.002179,-0.001548,-0.000345,0.000390,0.000301,0.000071,0.000202,0.000398,0.000402,0.000206,0.000021,-0.000041,-0.000119,-0.000046,0.000147,0.000114,0.000107,0.000091,0.000019,0.000007,0.000074,0.000039,-0.000256,-0.000306,-0.000142,-0.000070,-0.000045,-0.000084,-0.000113,-0.000039,-0.000011,-0.000005,0.000003,0.000003,0.000008,-0.000099,-0.000176,-0.000095,0.000098,0.000218,0.000070,-0.000092,-0.000218,-0.000149,0.000009,0.000017,0.000130,0.000134,0.000005,
-0.019142,-0.016620,-0.010427,-0.001848,0.003973,0.005597,0.002513,-0.000977,-0.001593,-0.000883,-0.000125,0.000290,0.000362,0.000062,-0.000856,-0.001514,-0.000897,0.000410,0.001241,0.001422,0.001206,0.000835,0.000362,-0.000495,-0.001556,-0.002181,-0.002010,-0.001019,-0.000193,-0.000148,-0.000440,-0.000886,-0.001227,-0.001117,-0.000838,-0.000655,-0.000338,-0.000050,-0.000215,-0.000713,-0.000861,-0.000417,0.000117,0.000329,0.000276,0.000084,-0.000090,-0.000123,-0.000131,-0.000386,-0.000623,-0.000610,-0.000435,-0.000057,0.000233,0.000284,0.000316,0.000437,0.000335,-0.000368,-0.001221,-0.001591,-0.001192,-0.000001,0.001052,0.001252,0.000874,0.000465,0.000071,-0.000440,-0.000725,-0.000652,-0.000318,0.000306,0.000635,0.000363,0.000031,-0.000119,-0.000121,0.000017,0.000169,0.000238,0.000247,0.000483,0.000813,0.001127,0.000936,-0.000124,-0.001015,-0.001119,-0.000935,-0.000713,-0.000358,-0.000054,0.000036,0.000150,0.000364,0.000405,0.000281,0.000068,-0.000260,-0.000383,-0.000382,-0.000365,-0.000215,-0.000052,0.000121,0.000262,0.000266,0.000080,-0.000062,-0.000026,0.000118,0.000173,0.000027,-0.000044,-0.000052,-0.000127,-0.000185,-0.000183,-0.000144,-0.000077,-0.000069,-0.000048,0.000101,0.000084,-0.000005,0.000048,0.000091,0.000025,-0.000075,-0.000092,-0.000076,-0.000072,-0.000042,-0.000012,0.000081,0.000098,0.018226,0.009779,0.008724,0.007577,0.005711,0.002882,-0.000152,-0.000132,0.002039,0.003498,0.003086,0.002121,0.001834,0.001298,0.000309,0.000171,0.000620,0.000406,-0.000315,-0.000785,-0.000791,-0.000569,-0.000396,-0.000076,0.000097,0.000070,-0.000080,-0.000622,-0.001413,-0.001622,-0.000976,-0.000190,0.000352,0.000578,0.000481,0.000231,0.000212,0.000517,0.000705,0.000559,0.000354,0.000091,-0.000295,-0.000513,-0.000460,-0.000362,-0.000276,-0.000185,-0.000185,-0.000305,-0.000366,-0.000189,0.000197,0.000449,0.000423,0.000311,0.000378,0.000566,0.000300,-0.000242,-0.000179,0.000893,0.001778,0.001212,-0.000501,-0.001610,-0.001506,-0.001237,-0.001346,-0.001501,-0.001142,-0.000443,0.000158,0.000265,-0.000221,-0.000796,-0.000885,-0.000450,0.000078,0.000468,0.000465,0.000256,0.000238,0.000267,0.000159,-0.000271,-0.000877,-0.001446,-0.001876,-0.001966,-0.001480,-0.000493,0.000335,0.000455,0.000251,0.000270,0.000419,0.000432,0.000271,0.000121,-0.000018,-0.000149,-0.000051,0.000054,0.000005,-0.000023,0.000011,-0.000013,-0.000090,-0.000130,-0.000137,-0.000204,-0.000243,-0.000233,-0.000211,-0.000185,-0.000142,-0.000024,0.000042,0.000020,0.000010,0.000010,0.000026,0.000015,0.000011,-0.000065,-0.000083,0.000024,0.000039,-0.000022,-0.000138,-0.000189,-0.000065,0.000044,0.000014,0.000013,0.000009,-0.000057,
-0.019135,-0.016388,-0.010349,-0.002057,0.003727,0.005339,0.002338,-0.001061,-0.001688,-0.000937,-0.000240,0.000141,0.000268,0.000075,-0.000834,-0.001631,-0.001042,0.000398,0.001320,0.001511,0.001330,0.000908,0.000332,-0.000560,-0.001477,-0.001893,-0.001693,-0.000877,0.000002,0.000112,-0.000346,-0.000794,-0.001161,-0.001239,-0.000982,-0.000742,-0.000433,-0.000155,-0.000212,-0.000660,-0.000902,-0.000555,-0.000020,0.000333,0.000391,0.000151,-0.000090,-0.000156,-0.000249,-0.000446,-0.000661,-0.000575,-0.000351,-0.000093,0.000239,0.000333,0.000446,0.000644,0.000534,-0.000173,-0.001110,-0.001532,-0.001270,-0.000158,0.000946,0.001117,0.000806,0.000499,-0.000019,-0.000419,-0.000545,-0.000586,-0.000354,0.000235,0.000453,0.000236,-0.000017,-0.000055,0.000013,0.000092,0.000288,0.000460,0.000435,0.000495,0.000842,0.001249,0.001007,-0.000060,-0.001070,-0.001217,-0.000915,-0.000690,-0.000350,0.000006,0.000161,0.000288,0.000476,0.000495,0.000219,-0.000004,-0.000090,-0.000271,-0.000380,-0.000337,-0.000186,0.000010,0.000171,0.000219,0.000039,-0.000143,-0.000105,0.000107,0.000255,0.000184,0.000157,0.000087,-0.000182,-0.000292,-0.000169,-0.000045,-0.000045,-0.000123,-0.000138,-0.000046,0.000061,0.000110,0.000106,0.000047,0.000030,-0.000008,-0.000115,-0.000205,-0.000212,-0.000201,-0.000191,-0.000086,0.000055,0.000041,0.018602,0.010466,0.009449,0.008107,0.006137,0.003467,0.000508,0.000349,0.002269,0.003604,0.003243,0.002251,0.001904,0.001405,0.000558,0.000401,0.000647,0.000272,-0.000328,-0.000617,-0.000697,-0.000609,-0.000364,-0.000087,0.000037,0.000037,-0.000163,-0.000705,-0.001433,-0.001652,-0.001129,-0.000566,-0.000081,0.000254,0.000380,0.000418,0.000506,0.000750,0.000916,0.000727,0.000352,-0.000033,-0.000276,-0.000275,-0.000292,-0.000232,-0.000188,-0.000147,-0.000079,-0.000114,-0.000212,-0.000120,0.000230,0.000392,0.000345,0.000198,0.000201,0.000481,0.000297,-0.000286,-0.000242,0.000824,0.001875,0.001637,0.000045,-0.001162,-0.001155,-0.001020,-0.001192,-0.001356,-0.001149,-0.000420,0.000403,0.000546,-0.000050,-0.000647,-0.000825,-0.000562,-0.000011,0.000429,0.000331,0.000153,0.000132,0.000249,0.000290,-0.000101,-0.000858,-0.001513,-0.001886,-0.001936,-0.001436,-0.000429,0.000343,0.000388,0.000224,0.000400,0.000609,0.000578,0.000386,0.000168,0.000049,-0.000023,0.000008,0.000185,0.000194,0.000075,0.000047,0.000020,0.000003,0.000005,0.000019,-0.000071,-0.000143,-0.000094,-0.000043,0.000016,0.000034,-0.000074,-0.000135,-0.000208,-0.000211,-0.000041,-0.000017,-0.000127,-0.000137,-0.000131,-0.000100,-0.000116,-0.000133,-0.000136,-0.000161,-0.000054,-0.000027,-0.000031,-0.000016,0.000034,0.000107,-0.000042,
-0.017922,-0.015503,-0.009841,-0.001751,0.003767,0.005148,0.002132,-0.001156,-0.001679,-0.000868,-0.000109,0.000384,0.000456,0.000092,-0.000775,-0.001290,-0.000722,0.000467,0.001322,0.001411,0.001183,0.000878,0.000431,-0.000403,-0.001450,-0.002022,-0.001840,-0.000887,0.000023,0.000193,-0.000255,-0.000796,-0.001034,-0.000998,-0.000877,-0.000586,-0.000030,0.000343,0.000009,-0.000750,-0.001015,-0.000606,-0.000051,0.000362,0.000518,0.000302,-0.000096,-0.000310,-0.000379,-0.000557,-0.000680,-0.000587,-0.000376,-0.000137,0.000220,0.000429,0.000356,0.000466,0.000446,-0.000307,-0.001140,-0.001331,-0.001069,-0.000292,0.000705,0.001152,0.000953,0.000423,-0.000148,-0.000547,-0.000868,-0.001134,-0.000850,-0.000053,0.000374,0.000171,-0.000096,-0.000216,-0.000233,-0.000061,0.000231,0.000341,0.000318,0.000461,0.000873,0.001233,0.000979,-0.000078,-0.001049,-0.001214,-0.001078,-0.000876,-0.000556,-0.000104,0.000152,0.000277,0.000502,0.000591,0.000400,0.000164,-0.000048,-0.000199,-0.000294,-0.000282,-0.000194,-0.000165,-0.000022,0.000146,0.000197,0.000119,0.000075,0.000012,-0.000074,-0.000025,0.000111,0.000119,-0.000103,-0.000315,-0.000226,-0.000089,-0.000114,-0.000100,-0.000000,0.000018,-0.000018,0.000098,0.000163,0.000173,0.000077,-0.000067,-0.000140,-0.000170,-0.000200,-0.000170,-0.000062,-0.000053,-0.000025,0.000038,0.019947,0.011656,0.010384,0.008822,0.006727,0.003820,0.000813,0.000825,0.002636,0.003786,0.003383,0.002403,0.001974,0.001361,0.000471,0.000486,0.000920,0.000659,-0.000115,-0.000641,-0.000736,-0.000604,-0.000361,-0.000114,0.000014,0.000036,-0.000036,-0.000483,-0.001269,-0.001651,-0.001259,-0.000688,-0.000174,0.000245,0.000434,0.000497,0.000653,0.000774,0.000692,0.000426,0.000178,-0.000058,-0.000368,-0.000420,-0.000346,-0.000306,-0.000224,-0.000098,0.000014,0.000020,-0.000037,0.000017,0.000282,0.000431,0.000290,0.000137,0.000265,0.000505,0.000243,-0.000267,-0.000127,0.000812,0.001608,0.001151,-0.000304,-0.001399,-0.001459,-0.001227,-0.001265,-0.001408,-0.001190,-0.000452,0.000504,0.000745,0.000046,-0.000717,-0.000963,-0.000664,-0.000097,0.000262,0.000239,0.000124,0.000194,0.000314,0.000243,-0.000186,-0.000918,-0.001567,-0.001998,-0.002079,-0.001485,-0.000456,0.000326,0.000409,0.000238,0.000344,0.000546,0.000494,0.000284,0.000139,0.000001,-0.000046,-0.000006,0.000121,0.000200,0.000119,0.000070,0.000045,-0.000011,0.000010,-0.000104,-0.000215,-0.000166,-0.000129,-0.000071,-0.000058,-0.000084,-0.000025,0.000091,0.000204,0.000210,0.000065,-0.000033,-0.000058,-0.000030,-0.000105,-0.000192,-0.000168,-0.000052,-0.000022,-0.000027,0.000060,0.000052,0.000024,0.000023,-0.000066,-0.000117,-0.000086,
-0.016445,-0.014563,-0.009504,-0.001724,0.003727,0.004952,0.001862,-0.001276,-0.001569,-0.000699,0.000007,0.000434,0.000566,0.000326,-0.000489,-0.001225,-0.000778,0.000373,0.001132,0.001408,0.001263,0.000858,0.000364,-0.000545,-0.001570,-0.002016,-0.001785,-0.000954,-0.000116,-0.000028,-0.000394,-0.000795,-0.000981,-0.000909,-0.000709,-0.000432,-0.000089,0.000217,0.000050,-0.000487,-0.000722,-0.000363,0.000106,0.000346,0.000416,0.000189,-0.000197,-0.000354,-0.000498,-0.000623,-0.000614,-0.000531,-0.000339,-0.000080,0.000234,0.000502,0.000607,0.000654,0.000482,-0.000415,-0.001444,-0.001612,-0.000956,0.000069,0.000988,0.001172,0.000891,0.000548,-0.000065,-0.000673,-0.000928,-0.000973,-0.000710,-0.000050,0.000304,0.000105,-0.000095,-0.000117,-0.000032,0.000087,0.000202,0.000243,0.000178,0.000430,0.000882,0.001290,0.000977,-0.000268,-0.001180,-0.001330,-0.001076,-0.000760,-0.000368,0.000076,0.000239,0.000273,0.000452,0.000482,0.000344,0.000146,-0.000107,-0.000342,-0.000432,-0.000292,-0.000079,-0.000037,-0.000087,0.000001,0.000134,0.000072,-0.000019,0.000009,0.000033,0.000040,0.000061,-0.000008,-0.000124,-0.000164,-0.000167,-0.000143,-0.000058,-0.000034,-0.000058,-0.000072,0.000048,0.000248,0.000242,0.000168,0.000183,0.000141,0.000033,-0.000128,-0.000266,-0.000288,-0.000155,-0.000016,0.000023,0.000036,0.021488,0.012818,0.010948,0.008991,0.006738,0.003942,0.001113,0.001165,0.002832,0.003865,0.003443,0.002503,0.002119,0.001414,0.000503,0.000510,0.000922,0.000563,-0.000170,-0.000654,-0.000947,-0.000871,-0.000477,-0.000126,0.000080,0.000139,0.000028,-0.000406,-0.001101,-0.001485,-0.001178,-0.000690,-0.000415,0.000005,0.000359,0.000381,0.000509,0.000787,0.000801,0.000585,0.000330,-0.000062,-0.000415,-0.000490,-0.000446,-0.000404,-0.000347,-0.000236,-0.000176,-0.000151,-0.000097,-0.000037,0.000195,0.000498,0.000431,0.000161,0.000195,0.000520,0.000369,-0.000096,0.000001,0.000919,0.001707,0.001149,-0.000465,-0.001487,-0.001480,-0.001346,-0.001396,-0.001329,-0.000963,-0.000280,0.000392,0.000483,-0.000022,-0.000656,-0.000908,-0.000550,0.000020,0.000378,0.000323,0.000065,-0.000044,0.000071,0.000133,-0.000205,-0.000769,-0.001434,-0.001920,-0.002052,-0.001597,-0.000498,0.000285,0.000297,0.000130,0.000179,0.000409,0.000463,0.000356,0.000277,0.000052,-0.000082,0.000022,0.000122,0.000092,0.000062,0.000099,0.000044,-0.000194,-0.000162,0.000057,-0.000092,-0.000240,-0.000221,-0.000163,-0.000026,-0.000033,-0.000173,-0.000223,-0.000110,0.000003,0.000087,0.000089,0.000012,-0.000110,-0.000092,-0.000020,0.000012,0.000054,0.000003,-0.000061,-0.000065,-0.000003,-0.000020,-0.000059,-0.000064,0.000058,-0.000010,
-0.016084,-0.014223,-0.009626,-0.002119,0.003315,0.004643,0.001671,-0.001424,-0.001873,-0.000988,0.000084,0.000714,0.000740,0.000423,-0.000378,-0.001083,-0.000675,0.000580,0.001516,0.001658,0.001284,0.000834,0.000375,-0.000430,-0.001362,-0.001833,-0.001646,-0.000717,0.000171,0.000192,-0.000349,-0.000734,-0.001004,-0.001160,-0.000978,-0.000521,0.000030,0.000275,-0.000063,-0.000652,-0.000830,-0.000436,0.000069,0.000412,0.000425,0.000078,-0.000175,-0.000209,-0.000348,-0.000490,-0.000498,-0.000393,-0.000177,0.000069,0.000244,0.000385,0.000480,0.000545,0.000413,-0.000357,-0.001368,-0.001830,-0.001429,-0.000114,0.001202,0.001489,0.000916,0.000330,-0.000255,-0.000788,-0.000925,-0.000776,-0.000383,0.000262,0.000518,0.000184,0.000036,0.000024,-0.000111,-0.000071,0.000155,0.000304,0.000306,0.000386,0.000870,0.001376,0.001008,-0.000270,-0.001165,-0.001112,-0.000970,-0.000854,-0.000437,0.000006,0.000039,0.000095,0.000409,0.000566,0.000358,0.000015,-0.000110,-0.000175,-0.000275,-0.000265,-0.000147,0.000014,0.000065,0.000141,0.000167,0.000063,-0.000017,-0.000034,0.000023,0.000111,0.000171,0.000110,-0.000114,-0.000216,-0.000236,-0.000255,-0.000139,0.000052,0.000064,0.000042,0.000047,0.000086,0.000154,0.000132,-0.000034,-0.000132,-0.000102,-0.000059,-0.000134,-0.000176,-0.000187,-0.000154,0.000085,0.000201,0.022299,0.013579,0.011461,0.009478,0.007114,0.004281,0.001449,0.001240,0.002816,0.003986,0.003612,0.002569,0.002121,0.001504,0.000614,0.000436,0.000677,0.000455,-0.000064,-0.000446,-0.000554,-0.000536,-0.000452,-0.000246,0.000018,0.000119,0.000004,-0.000440,-0.001153,-0.001598,-0.001345,-0.000829,-0.000302,0.000221,0.000525,0.000597,0.000640,0.000727,0.000669,0.000464,0.000213,-0.000022,-0.000254,-0.000387,-0.000443,-0.000503,-0.000562,-0.000323,-0.000054,-0.000052,-0.000071,0.000032,0.000245,0.000494,0.000424,0.000201,0.000268,0.000427,0.000245,-0.000249,-0.000319,0.000534,0.001506,0.001188,-0.000594,-0.002036,-0.002127,-0.001754,-0.001611,-0.001623,-0.001268,-0.000556,0.000086,0.000298,-0.000151,-0.000766,-0.000818,-0.000420,0.000047,0.000324,0.000286,0.000120,0.000129,0.000313,0.000269,-0.000323,-0.001076,-0.001667,-0.002034,-0.001998,-0.001382,-0.000308,0.000422,0.000460,0.000318,0.000439,0.000544,0.000509,0.000457,0.000284,0.000022,-0.000128,-0.000051,0.000085,0.000070,0.000028,-0.000032,-0.000114,-0.000089,-0.000015,-0.000033,-0.000072,-0.000132,-0.000158,-0.000126,-0.000108,-0.000107,-0.000104,-0.000126,-0.000121,-0.000036,-0.000045,-0.000075,0.000007,0.000023,-0.000124,-0.000183,-0.000091,-0.000018,-0.000021,-0.000057,-0.000088,-0.000001,0.000141,0.000235,0.000092,-0.000080,-0.000069,
-0.014973,-0.013201,-0.009132,-0.002153,0.003198,0.004530,0.001515,-0.001502,-0.001767,-0.000900,0.000050,0.000698,0.000849,0.000548,-0.000301,-0.001062,-0.000737,0.000330,0.001102,0.001418,0.001391,0.001013,0.000367,-0.000600,-0.001585,-0.002089,-0.001824,-0.000866,0.000059,0.000210,-0.000318,-0.000923,-0.001259,-0.001151,-0.000931,-0.000569,-0.000103,0.000123,-0.000079,-0.000699,-0.000927,-0.000508,0.000039,0.000400,0.000421,0.000127,-0.000154,-0.000126,-0.000190,-0.000459,-0.000513,-0.000334,-0.000204,-0.000086,0.000200,0.000439,0.000513,0.000490,0.000267,-0.000406,-0.001003,-0.000974,-0.000711,0.000052,0.001153,0.001541,0.001309,0.000838,0.000171,-0.000405,-0.000701,-0.000695,-0.000307,0.000297,0.000548,0.000294,-0.000037,-0.000296,-0.000363,-0.000127,0.000158,0.000369,0.000457,0.000551,0.000925,0.001422,0.001172,-0.000031,-0.001105,-0.001201,-0.000925,-0.000790,-0.000510,-0.000024,0.000239,0.000370,0.000486,0.000562,0.000429,0.000061,-0.000173,-0.000272,-0.000355,-0.000357,-0.000231,-0.000045,0.000145,0.000146,0.000042,0.000026,-0.000009,-0.000047,0.000042,0.000147,0.000144,0.000069,0.000035,-0.000022,-0.000102,-0.000151,-0.000151,-0.000066,-0.000084,-0.000133,-0.000063,0.000093,0.000239,0.000277,0.000275,0.000135,-0.000062,-0.000225,-0.000255,-0.000054,0.000040,0.000021,0.000002,-0.000030,0.023342,0.014603,0.012019,0.009665,0.007272,0.004329,0.001434,0.001210,0.002830,0.004025,0.003726,0.002729,0.002026,0.001181,0.000363,0.000400,0.000806,0.000565,-0.000083,-0.000559,-0.000715,-0.000639,-0.000498,-0.000294,-0.000068,0.000066,-0.000076,-0.000659,-0.001357,-0.001575,-0.001184,-0.000681,-0.000146,0.000330,0.000529,0.000552,0.000669,0.000764,0.000685,0.000507,0.000302,0.000055,-0.000199,-0.000349,-0.000355,-0.000381,-0.000376,-0.000219,-0.000038,-0.000068,-0.000156,-0.000100,0.000218,0.000538,0.000465,0.000206,0.000304,0.000577,0.000366,-0.000263,-0.000285,0.000641,0.001301,0.000893,-0.000259,-0.001169,-0.001234,-0.001130,-0.001197,-0.001294,-0.001328,-0.000824,0.000017,0.000247,-0.000161,-0.000628,-0.000707,-0.000309,0.000180,0.000393,0.000360,0.000183,0.000126,0.000325,0.000404,-0.000128,-0.001002,-0.001655,-0.002002,-0.002045,-0.001482,-0.000347,0.000439,0.000443,0.000089,0.000050,0.000384,0.000394,0.000271,0.000177,-0.000088,-0.000197,-0.000027,0.000101,0.000131,0.000085,0.000026,-0.000000,-0.000036,-0.000038,0.000055,0.000035,-0.000103,-0.000104,-0.000086,-0.000131,-0.000148,-0.000121,-0.000130,-0.000083,0.000035,0.000054,0.000009,-0.000008,-0.000026,-0.000061,-0.000080,-0.000107,0.000015,0.000057,-0.000101,-0.000183,-0.000077,0.000028,0.000015,-0.000058,-0.000045,0.000056,
-0.013295,-0.011944,-0.008542,-0.001913,0.003321,0.004659,0.001613,-0.001386,-0.001566,-0.000633,0.000384,0.001034,0.001001,0.000643,-0.000187,-0.000966,-0.000700,0.000326,0.001133,0.001466,0.001348,0.000920,0.000377,-0.000456,-0.001351,-0.001850,-0.001793,-0.000957,-0.000120,0.000042,-0.000407,-0.000926,-0.001156,-0.001060,-0.000783,-0.000558,-0.000188,0.000088,-0.000127,-0.000668,-0.000873,-0.000463,0.000082,0.000340,0.000401,0.000270,-0.000038,-0.000173,-0.000241,-0.000384,-0.000571,-0.000529,-0.000246,-0.000012,0.000264,0.000446,0.000543,0.000676,0.000457,-0.000432,-0.001327,-0.001495,-0.000998,0.000002,0.000918,0.001144,0.000882,0.000483,0.000135,-0.000259,-0.000602,-0.000697,-0.000374,0.000294,0.000623,0.000412,-0.000013,-0.000341,-0.000462,-0.000295,0.000029,0.000249,0.000279,0.000438,0.000998,0.001397,0.000961,-0.000155,-0.001071,-0.001182,-0.000943,-0.000772,-0.000431,-0.000048,0.000142,0.000350,0.000664,0.000696,0.000419,0.000222,0.000096,-0.000145,-0.000397,-0.000420,-0.000285,-0.000112,0.000169,0.000289,0.000149,0.000001,0.000007,0.000086,0.000126,0.000045,-0.000034,0.000039,-0.000015,-0.000217,-0.000258,-0.000200,-0.000132,-0.000133,-0.000165,-0.000155,-0.000019,0.000150,0.000209,0.000187,0.000128,0.000123,0.000039,-0.000021,0.000009,-0.000059,-0.000115,-0.000069,0.000055,0.000134,0.024660,0.015832,0.012681,0.010059,0.007544,0.004597,0.001736,0.001509,0.002997,0.004149,0.003860,0.002809,0.002128,0.001270,0.000407,0.000441,0.000715,0.000377,-0.000245,-0.000583,-0.000703,-0.000662,-0.000413,-0.000155,0.000037,0.000143,-0.000063,-0.000638,-0.001385,-0.001668,-0.001215,-0.000613,-0.000020,0.000457,0.000552,0.000428,0.000451,0.000660,0.000755,0.000638,0.000389,0.000039,-0.000288,-0.000379,-0.000330,-0.000239,-0.000219,-0.000223,-0.000163,-0.000171,-0.000145,-0.000007,0.000328,0.000480,0.000319,0.000234,0.000334,0.000661,0.000636,0.000050,0.000021,0.001051,0.001881,0.001166,-0.000708,-0.001885,-0.001735,-0.001403,-0.001349,-0.001339,-0.001106,-0.000497,0.000198,0.000390,-0.000074,-0.000643,-0.000796,-0.000477,0.000015,0.000429,0.000381,0.000020,-0.000038,0.000279,0.000299,-0.000175,-0.000846,-0.001547,-0.002032,-0.002110,-0.001531,-0.000418,0.000407,0.000469,0.000280,0.000344,0.000552,0.000461,0.000262,0.000197,0.000136,0.000087,0.000079,0.000082,0.000073,0.000070,0.000003,-0.000141,-0.000108,-0.000066,-0.000167,-0.000251,-0.000205,-0.000056,-0.000018,-0.000075,-0.000062,-0.000052,-0.000025,0.000094,0.000103,0.000030,-0.000066,-0.000075,-0.000116,-0.000218,-0.000266,-0.000115,0.000015,-0.000050,-0.000086,-0.000021,0.000066,0.000010,-0.000029,0.000103,0.000212,0.000085,
-0.012710,-0.011253,-0.008125,-0.001968,0.003034,0.004398,0.001450,-0.001465,-0.001507,-0.000540,0.000446,0.001106,0.001052,0.000621,-0.000144,-0.000931,-0.000756,0.000219,0.001048,0.001448,0.001415,0.000953,0.000279,-0.000495,-0.001452,-0.002036,-0.001703,-0.000711,0.000011,-0.000078,-0.000492,-0.000996,-0.001291,-0.001093,-0.000834,-0.000610,-0.000284,-0.000064,-0.000283,-0.000789,-0.000917,-0.000440,0.000118,0.000390,0.000398,0.000212,-0.000040,-0.000161,-0.000281,-0.000511,-0.000575,-0.000442,-0.000210,0.000093,0.000362,0.000472,0.000432,0.000456,0.000274,-0.000468,-0.001212,-0.001394,-0.000964,0.000150,0.001200,0.001396,0.001064,0.000718,0.000307,-0.000219,-0.000516,-0.000517,-0.000208,0.000385,0.000530,0.000234,-0.000037,-0.000244,-0.000298,-0.000078,0.000249,0.000437,0.000391,0.000492,0.000895,0.001267,0.000954,-0.000143,-0.001122,-0.001218,-0.000808,-0.000587,-0.000349,0.000030,0.000220,0.000336,0.000570,0.000563,0.000339,0.000162,-0.000081,-0.000367,-0.000459,-0.000411,-0.000337,-0.000096,0.000128,0.000263,0.000263,0.000087,-0.000041,-0.000048,-0.000018,0.000003,0.000062,0.000037,-0.000079,-0.000165,-0.000208,-0.000140,-0.000077,-0.000018,-0.000036,-0.000114,-0.000015,0.000132,0.000208,0.000127,0.000079,0.000038,-0.000060,-0.000114,-0.000113,-0.000094,-0.000048,0.000015,0.000100,0.000171,0.025572,0.016806,0.013301,0.010215,0.007680,0.004822,0.001908,0.001681,0.003173,0.004285,0.004005,0.003020,0.002292,0.001346,0.000410,0.000418,0.000874,0.000526,-0.000130,-0.000485,-0.000662,-0.000622,-0.000572,-0.000412,-0.000134,-0.000006,-0.000049,-0.000537,-0.001289,-0.001570,-0.000940,0.000116,0.000902,0.001132,0.000754,0.000367,0.000367,0.000535,0.000682,0.000607,0.000389,0.000008,-0.000383,-0.000542,-0.000519,-0.000410,-0.000258,-0.000145,-0.000086,-0.000072,-0.000093,-0.000040,0.000276,0.000555,0.000462,0.000313,0.000455,0.000649,0.000417,-0.000107,-0.000077,0.000832,0.001770,0.001416,-0.000124,-0.001184,-0.001243,-0.001168,-0.001302,-0.001418,-0.001244,-0.000638,0.000138,0.000363,-0.000225,-0.000849,-0.001037,-0.000676,-0.000017,0.000345,0.000257,0.000118,0.000132,0.000170,0.000211,-0.000186,-0.000961,-0.001623,-0.001981,-0.001989,-0.001426,-0.000370,0.000470,0.000540,0.000209,0.000178,0.000370,0.000328,0.000201,0.000079,-0.000011,-0.000089,-0.000043,0.000095,0.000122,0.000046,0.000050,0.000014,0.000019,0.000103,0.000045,-0.000136,-0.000244,-0.000199,-0.000097,-0.000151,-0.000249,-0.000129,-0.000061,-0.000112,0.000028,0.000112,0.000047,-0.000029,-0.000037,-0.000089,-0.000119,-0.000014,0.000041,-0.000024,-0.000030,-0.000076,-0.000043,-0.000004,-0.000031,-0.000012,0.000076,-0.000005,
-0.011999,-0.010621,-0.007828,-0.001996,0.002809,0.004148,0.001325,-0.001429,-0.001442,-0.000417,0.000544,0.001309,0.001427,0.000882,-0.000146,-0.000914,-0.000681,0.000210,0.000997,0.001430,0.001418,0.000982,0.000401,-0.000412,-0.001380,-0.001915,-0.001680,-0.000778,-0.000019,-0.000023,-0.000460,-0.000857,-0.001128,-0.001048,-0.000706,-0.000276,0.000147,0.000373,0.000110,-0.000539,-0.000855,-0.000541,0.000071,0.000441,0.000541,0.000287,-0.000106,-0.000230,-0.000389,-0.000621,-0.000578,-0.000424,-0.000223,0.000086,0.000402,0.000602,0.000609,0.000574,0.000363,-0.000474,-0.001275,-0.001449,-0.001263,-0.000470,0.000616,0.001014,0.000765,0.000448,-0.000028,-0.000579,-0.000862,-0.000862,-0.000445,0.000284,0.000555,0.000346,0.000090,-0.000133,-0.000256,-0.000092,0.000179,0.000336,0.000444,0.000613,0.001009,0.001401,0.001042,-0.000147,-0.001092,-0.001181,-0.001011,-0.000872,-0.000401,0.000073,0.000204,0.000339,0.000542,0.000650,0.000415,0.000065,-0.000035,-0.000136,-0.000338,-0.000308,-0.000093,0.000022,0.000094,0.000218,0.000173,0.000035,-0.000016,0.000005,0.000045,0.000127,0.000195,0.000036,-0.000236,-0.000313,-0.000145,-0.000059,-0.000075,-0.000091,-0.000086,-0.000033,0.000041,0.000062,0.000078,0.000108,0.000101,0.000030,0.000035,-0.000035,-0.000157,-0.000148,-0.000077,-0.000031,0.000049,0.000194,0.026720,0.018077,0.014229,0.010743,0.007886,0.004885,0.001998,0.001830,0.003280,0.004199,0.003946,0.002990,0.002196,0.001258,0.000370,0.000379,0.000799,0.000557,-0.000039,-0.000439,-0.000669,-0.000600,-0.000353,-0.000071,0.000125,0.000206,0.000067,-0.000513,-0.001270,-0.001460,-0.001008,-0.000453,0.000115,0.000572,0.000664,0.000574,0.000653,0.000846,0.000879,0.000590,0.000249,-0.000106,-0.000442,-0.000547,-0.000489,-0.000403,-0.000335,-0.000217,-0.000082,-0.000131,-0.000151,-0.000062,0.000194,0.000387,0.000330,0.000177,0.000216,0.000518,0.000396,-0.000167,-0.000252,0.000653,0.001542,0.001192,-0.000207,-0.001354,-0.001403,-0.001209,-0.001199,-0.001297,-0.001105,-0.000361,0.000441,0.000403,-0.000302,-0.000893,-0.000999,-0.000639,-0.000102,0.000267,0.000253,0.000072,0.000099,0.000271,0.000198,-0.000277,-0.000886,-0.001538,-0.001954,-0.001909,-0.001312,-0.000281,0.000378,0.000306,0.000052,0.000163,0.000436,0.000419,0.000220,0.000055,-0.000110,-0.000075,0.000183,0.000327,0.000184,0.000092,0.000130,0.000078,0.000052,0.000088,-0.000008,-0.000202,-0.000332,-0.000219,-0.000017,0.000072,0.000121,0.000067,0.000049,0.000116,0.000048,-0.000033,-0.000003,-0.000075,-0.000104,-0.000064,-0.000027,0.000044,-0.000000,-0.000132,-0.000120,-0.000089,-0.000036,0.000055,0.000058,0.000003,-0.000014,-0.000037,
-0.011369,-0.010313,-0.007745,-0.002049,0.002766,0.004221,0.001335,-0.001504,-0.001496,-0.000454,0.000616,0.001368,0.001243,0.000718,-0.000111,-0.000809,-0.000503,0.000401,0.001085,0.001381,0.001429,0.001111,0.000490,-0.000511,-0.001559,-0.001899,-0.001571,-0.000691,0.000123,0.000074,-0.000414,-0.000685,-0.000911,-0.001025,-0.000917,-0.000451,0.000133,0.000418,0.000083,-0.000585,-0.000848,-0.000502,0.000106,0.000482,0.000565,0.000359,0.000001,-0.000222,-0.000421,-0.000629,-0.000666,-0.000411,-0.000178,0.000001,0.000245,0.000458,0.000552,0.000592,0.000435,-0.000391,-0.001196,-0.001314,-0.000797,0.000274,0.001201,0.001436,0.001270,0.000804,0.000130,-0.000609,-0.001158,-0.001225,-0.000764,-0.000074,0.000223,0.000107,-0.000066,-0.000143,-0.000160,-0.000004,0.000163,0.000190,0.000223,0.000368,0.000907,0.001452,0.001092,-0.000238,-0.001223,-0.001283,-0.001089,-0.000818,-0.000477,-0.000184,0.000058,0.000335,0.000658,0.000731,0.000523,0.000206,-0.000012,-0.000224,-0.000333,-0.000202,-0.000027,0.000109,0.000059,0.000089,0.000164,0.000141,-0.000024,-0.000193,-0.000177,-0.000070,0.000076,0.000110,-0.000092,-0.000290,-0.000223,-0.000068,-0.000042,-0.000105,-0.000067,0.000013,0.000051,0.000044,0.000043,0.000004,0.000008,0.000038,0.000068,0.000044,0.000027,-0.000025,-0.000181,-0.000108,0.000119,0.000204,0.027659,0.018967,0.014814,0.011155,0.008159,0.004984,0.002117,0.001908,0.003265,0.004431,0.004257,0.003197,0.002427,0.001363,0.000269,0.000292,0.000662,0.000386,-0.000035,-0.000293,-0.000513,-0.000561,-0.000429,-0.000192,0.000054,0.000167,0.000068,-0.000461,-0.001309,-0.001657,-0.001281,-0.000655,-0.000028,0.000365,0.000464,0.000408,0.000439,0.000599,0.000586,0.000374,0.000169,-0.000104,-0.000429,-0.000521,-0.000474,-0.000445,-0.000414,-0.000331,-0.000164,0.000038,0.000094,0.000051,0.000251,0.000454,0.000362,0.000105,0.000131,0.000486,0.000347,-0.000159,-0.000039,0.000817,0.001498,0.000920,-0.000570,-0.001480,-0.001319,-0.001128,-0.001221,-0.001317,-0.001161,-0.000558,0.000233,0.000481,-0.000036,-0.000714,-0.000904,-0.000471,0.000030,0.000217,0.000178,0.000030,0.000039,0.000209,0.000206,-0.000184,-0.000920,-0.001642,-0.002044,-0.001987,-0.001490,-0.000531,0.000310,0.000438,0.000300,0.000327,0.000441,0.000376,0.000279,0.000171,-0.000011,-0.000036,0.000084,0.000202,0.000202,0.000146,-0.000027,-0.000150,-0.000070,-0.000007,-0.000030,-0.000041,-0.000064,-0.000125,-0.000137,-0.000155,-0.000104,-0.000065,-0.000094,-0.000097,-0.000047,0.000021,0.000070,0.000039,-0.000035,-0.000194,-0.000288,-0.000146,-0.000094,-0.000090,-0.000014,0.000018,0.000013,0.000050,0.000029,-0.000019,-0.000003,0.000005,
-0.010891,-0.009561,-0.007456,-0.002028,0.002733,0.003991,0.001147,-0.001516,-0.001428,-0.000373,0.000688,0.001375,0.001418,0.000918,0.000050,-0.000692,-0.000549,0.000228,0.000888,0.001329,0.001506,0.001211,0.000457,-0.000476,-0.001485,-0.001932,-0.001560,-0.000648,0.000200,0.000246,-0.000310,-0.000907,-0.001239,-0.001159,-0.000907,-0.000541,-0.000081,0.000136,-0.000124,-0.000754,-0.001014,-0.000581,0.000031,0.000379,0.000473,0.000333,0.000022,-0.000194,-0.000347,-0.000542,-0.000593,-0.000344,-0.000150,0.000023,0.000344,0.000507,0.000563,0.000560,0.000382,-0.000385,-0.001387,-0.001764,-0.001327,-0.000168,0.000922,0.001000,0.000570,0.000271,-0.000167,-0.000728,-0.000920,-0.000745,-0.000258,0.000361,0.000549,0.000257,-0.000092,-0.000286,-0.000282,-0.000082,0.000180,0.000268,0.000257,0.000436,0.000976,0.001371,0.000986,-0.000194,-0.001177,-0.001296,-0.001115,-0.000882,-0.000375,0.000153,0.000399,0.000371,0.000417,0.000533,0.000368,0.000124,-0.000032,-0.000124,-0.000154,-0.000184,-0.000063,0.000048,0.000102,0.000256,0.000276,0.000074,-0.000007,-0.000032,-0.000031,0.000029,0.000094,0.000054,-0.000093,-0.000161,-0.000131,-0.000077,-0.000039,-0.000019,-0.000001,0.000008,0.000104,0.000171,0.000111,0.000091,0.000112,0.000044,-0.000060,-0.000140,-0.000133,-0.000137,-0.000134,0.000044,0.000214,0.000222,0.028286,0.019706,0.015204,0.011289,0.008315,0.005232,0.002313,0.002058,0.003397,0.004423,0.004093,0.002876,0.002042,0.001208,0.000317,0.000267,0.000629,0.000392,-0.000172,-0.000453,-0.000592,-0.000590,-0.000370,-0.000091,0.000035,0.000058,0.000010,-0.000413,-0.001153,-0.001557,-0.001303,-0.000688,-0.000072,0.000407,0.000666,0.000671,0.000618,0.000756,0.000719,0.000454,0.000267,-0.000000,-0.000419,-0.000540,-0.000474,-0.000382,-0.000386,-0.000329,-0.000131,-0.000074,-0.000052,0.000042,0.000193,0.000346,0.000248,0.000093,0.000284,0.000680,0.000418,-0.000258,-0.000278,0.000798,0.001780,0.001259,-0.000434,-0.001740,-0.001794,-0.001426,-0.001416,-0.001466,-0.001112,-0.000400,0.000246,0.000356,-0.000085,-0.000627,-0.000760,-0.000509,-0.000069,0.000312,0.000303,0.000096,0.000035,0.000131,0.000190,-0.000155,-0.000880,-0.001557,-0.001996,-0.002042,-0.001500,-0.000471,0.000302,0.000370,0.000186,0.000297,0.000558,0.000576,0.000370,0.000237,0.000001,-0.000119,0.000017,0.000204,0.000269,0.000218,0.000079,-0.000057,-0.000039,0.000055,-0.000012,-0.000174,-0.000307,-0.000242,-0.000060,0.000036,-0.000054,-0.000114,-0.000056,-0.000014,0.000033,0.000074,0.000087,0.000064,-0.000059,-0.000135,-0.000109,-0.000087,-0.000055,-0.000028,-0.000082,-0.000131,-0.000039,0.000064,0.000039,0.000067,0.000102,-0.000003,
-0.010301,-0.009280,-0.007340,-0.002190,0.002436,0.003932,0.001225,-0.001519,-0.001509,-0.000347,0.000730,0.001441,0.001548,0.001044,0.000074,-0.000735,-0.000563,0.000234,0.000846,0.001244,0.001425,0.001186,0.000560,-0.000436,-0.001429,-0.001837,-0.001597,-0.000685,0.000127,0.000093,-0.000331,-0.000657,-0.000992,-0.001161,-0.000973,-0.000618,-0.000141,0.000176,-0.000052,-0.000519,-0.000719,-0.000458,0.000124,0.000494,0.000489,0.000297,0.000104,-0.000056,-0.000214,-0.000402,-0.000467,-0.000303,-0.000112,0.000139,0.000391,0.000405,0.000341,0.000324,0.000148,-0.000495,-0.001181,-0.001337,-0.000957,0.000053,0.001338,0.001936,0.001519,0.000854,0.000218,-0.000302,-0.000589,-0.000637,-0.000256,0.000318,0.000417,0.000070,-0.000181,-0.000232,-0.000247,-0.000127,0.000186,0.000378,0.000385,0.000497,0.001027,0.001479,0.001038,-0.000217,-0.001163,-0.001270,-0.001017,-0.000752,-0.000311,0.000172,0.000309,0.000293,0.000389,0.000530,0.000299,0.000051,0.000083,-0.000042,-0.000195,-0.000228,-0.000155,-0.000071,0.000076,0.000221,0.000169,0.000077,0.000062,0.000049,-0.000022,-0.000069,-0.000067,-0.000112,-0.000158,-0.000231,-0.000172,-0.000134,-0.000149,-0.000097,-0.000083,0.000027,0.000118,0.000077,0.000075,0.000105,0.000064,-0.000015,-0.000106,-0.000214,-0.000188,-0.000169,-0.000003,0.000193,0.000217,0.000142,0.028933,0.020268,0.015634,0.011533,0.008355,0.005236,0.002371,0.002133,0.003424,0.004392,0.004182,0.003037,0.002111,0.001185,0.000294,0.000314,0.000796,0.000655,0.000050,-0.000347,-0.000529,-0.000510,-0.000359,-0.000138,0.000011,0.000114,0.000083,-0.000294,-0.001126,-0.001683,-0.001338,-0.000751,-0.000211,0.000204,0.000462,0.000511,0.000573,0.000739,0.000675,0.000481,0.000331,0.000048,-0.000384,-0.000589,-0.000552,-0.000486,-0.000350,-0.000154,-0.000049,-0.000057,-0.000028,0.000021,0.000162,0.000412,0.000429,0.000243,0.000341,0.000655,0.000533,-0.000018,-0.000252,0.000349,0.001108,0.000920,-0.000380,-0.001648,-0.001866,-0.001625,-0.001510,-0.001510,-0.001329,-0.000716,0.000080,0.000335,-0.000216,-0.000783,-0.000786,-0.000390,0.000079,0.000360,0.000214,-0.000038,0.000065,0.000350,0.000317,-0.000215,-0.001016,-0.001761,-0.002152,-0.002051,-0.001414,-0.000272,0.000512,0.000472,0.000253,0.000370,0.000503,0.000421,0.000312,0.000139,-0.000090,-0.000137,-0.000012,0.000070,0.000177,0.000235,0.000182,0.000145,0.000115,0.000022,-0.000057,-0.000069,-0.000057,0.000012,0.000043,-0.000068,-0.000155,-0.000170,-0.000117,-0.000065,0.000002,0.000031,-0.000005,0.000037,0.000138,0.000029,-0.000120,-0.000087,0.000004,-0.000089,-0.000187,-0.000214,-0.000165,-0.000071,0.000013,0.000083,0.000083,0.000048,
-0.009860,-0.008867,-0.007087,-0.002120,0.002407,0.003751,0.001121,-0.001441,-0.001423,-0.000319,0.000736,0.001349,0.001306,0.000943,0.000228,-0.000545,-0.000483,0.000170,0.000869,0.001386,0.001447,0.001064,0.000348,-0.000599,-0.001505,-0.001926,-0.001584,-0.000717,0.000034,0.000091,-0.000330,-0.000663,-0.000871,-0.000894,-0.000709,-0.000503,-0.000143,0.000146,-0.000193,-0.000749,-0.000837,-0.000401,0.000045,0.000248,0.000345,0.000179,-0.000123,-0.000171,-0.000131,-0.000330,-0.000561,-0.000510,-0.000206,0.000174,0.000428,0.000488,0.000429,0.000384,0.000285,-0.000347,-0.001109,-0.001252,-0.000789,0.000084,0.000831,0.001009,0.000873,0.000615,0.000063,-0.000421,-0.000533,-0.000468,-0.000133,0.000430,0.000627,0.000333,-0.000066,-0.000322,-0.000422,-0.000286,0.000123,0.000323,0.000267,0.000478,0.000973,0.001426,0.001142,-0.000170,-0.001309,-0.001369,-0.001031,-0.000867,-0.000557,-0.000044,0.000193,0.000257,0.000478,0.000639,0.000451,0.000152,-0.000115,-0.000205,-0.000249,-0.000263,-0.000162,-0.000087,0.000010,0.000205,0.000204,0.000119,0.000025,-0.000024,0.000112,0.000188,0.000122,0.000088,-0.000072,-0.000194,-0.000140,-0.000157,-0.000110,-0.000040,-0.000111,-0.000117,-0.000058,0.000031,0.000069,0.000010,0.000040,0.000058,-0.000061,-0.000101,-0.000037,0.000026,0.000054,0.000029,0.000136,0.000177,0.029080,0.020426,0.015913,0.011798,0.008457,0.005198,0.002399,0.002208,0.003438,0.004441,0.004272,0.003046,0.002051,0.001080,0.000212,0.000217,0.000663,0.000578,0.000089,-0.000300,-0.000600,-0.000702,-0.000446,-0.000072,0.000056,0.000056,-0.000057,-0.000608,-0.001403,-0.001705,-0.001338,-0.000711,-0.000018,0.000507,0.000641,0.000453,0.000377,0.000596,0.000664,0.000481,0.000333,0.000192,-0.000156,-0.000383,-0.000437,-0.000441,-0.000303,-0.000162,-0.000075,-0.000081,-0.000159,-0.000123,0.000093,0.000323,0.000255,0.000112,0.000337,0.000637,0.000462,-0.000014,0.000114,0.001233,0.001997,0.001247,-0.000487,-0.001560,-0.001598,-0.001403,-0.001405,-0.001498,-0.001280,-0.000591,0.000185,0.000361,-0.000300,-0.000920,-0.000961,-0.000587,0.000070,0.000480,0.000420,0.000146,0.000035,0.000169,0.000269,-0.000119,-0.000932,-0.001628,-0.002074,-0.002147,-0.001628,-0.000597,0.000232,0.000393,0.000213,0.000178,0.000348,0.000395,0.000344,0.000325,0.000107,-0.000052,0.000009,0.000156,0.000256,0.000233,0.000105,0.000021,0.000006,-0.000008,-0.000011,-0.000024,-0.000071,-0.000058,-0.000006,-0.000081,-0.000090,-0.000061,-0.000028,0.000105,0.000161,0.000082,-0.000004,-0.000022,-0.000081,-0.000148,-0.000188,-0.000126,-0.000066,-0.000031,-0.000060,-0.000169,-0.000093,0.000055,0.000055,0.000001,-0.000081,-0.000055,
-0.009489,-0.008504,-0.007078,-0.002262,0.002262,0.003644,0.000970,-0.001627,-0.001562,-0.000466,0.000665,0.001432,0.001336,0.000835,0.000137,-0.000595,-0.000529,0.000277,0.000849,0.001171,0.001284,0.000963,0.000423,-0.000447,-0.001427,-0.001905,-0.001721,-0.000952,-0.000197,-0.000154,-0.000535,-0.000974,-0.001208,-0.000960,-0.000661,-0.000501,-0.000352,-0.000190,-0.000319,-0.000813,-0.000974,-0.000561,0.000044,0.000369,0.000392,0.000225,-0.000053,-0.000222,-0.000273,-0.000415,-0.000517,-0.000365,-0.000160,0.000033,0.000321,0.000533,0.000550,0.000551,0.000294,-0.000476,-0.001361,-0.001673,-0.001231,-0.000002,0.001228,0.001492,0.001127,0.000836,0.000425,-0.000115,-0.000481,-0.000606,-0.000354,0.000178,0.000404,0.000255,0.000066,-0.000074,-0.000165,-0.000062,0.000075,0.000217,0.000281,0.000491,0.001039,0.001348,0.000945,-0.000222,-0.001238,-0.001276,-0.000941,-0.000708,-0.000314,0.000091,0.000235,0.000347,0.000600,0.000731,0.000529,0.000192,-0.000063,-0.000135,-0.000186,-0.000219,-0.000138,-0.000027,0.000086,0.000229,0.000239,0.000093,0.000020,0.000122,0.000148,0.000130,0.000159,0.000061,-0.000023,-0.000097,-0.000121,-0.000122,-0.000065,-0.000027,-0.000058,-0.000076,0.000036,0.000182,0.000127,0.000008,0.000096,0.000191,0.000155,0.000119,0.000067,-0.000009,0.000014,0.000113,0.000102,0.000122,0.029396,0.021018,0.016331,0.011955,0.008541,0.005247,0.002452,0.002288,0.003582,0.004557,0.004235,0.002988,0.002135,0.001176,0.000207,0.000114,0.000494,0.000488,0.000125,-0.000126,-0.000333,-0.000519,-0.000482,-0.000228,-0.000062,-0.000051,-0.000169,-0.000696,-0.001508,-0.001761,-0.000991,0.000115,0.000901,0.001104,0.000701,0.000252,0.000214,0.000386,0.000445,0.000300,0.000135,-0.000062,-0.000414,-0.000587,-0.000440,-0.000304,-0.000267,-0.000116,0.000028,0.000062,0.000031,0.000024,0.000182,0.000358,0.000333,0.000249,0.000445,0.000738,0.000448,-0.000146,-0.000189,0.000764,0.001699,0.001294,-0.000337,-0.001562,-0.001594,-0.001410,-0.001464,-0.001587,-0.001334,-0.000565,0.000266,0.000357,-0.000257,-0.000778,-0.000922,-0.000589,-0.000022,0.000335,0.000260,0.000119,0.000164,0.000347,0.000361,-0.000120,-0.000922,-0.001492,-0.001758,-0.001791,-0.001366,-0.000385,0.000431,0.000459,0.000203,0.000221,0.000404,0.000440,0.000248,0.000094,0.000038,0.000002,0.000055,0.000185,0.000242,0.000175,0.000081,0.000030,0.000056,-0.000008,-0.000127,-0.000177,-0.000164,-0.000068,0.000081,0.000066,-0.000109,-0.000064,0.000026,0.000022,0.000065,0.000036,0.000034,0.000045,-0.000027,-0.000092,-0.000104,-0.000083,-0.000042,-0.000055,-0.000135,-0.000113,0.000003,0.000050,0.000037,-0.000031,-0.000084,-0.000077,
-0.008520,-0.007754,-0.006402,-0.001841,0.002393,0.003633,0.000995,-0.001500,-0.001494,-0.000408,0.000784,0.001447,0.001412,0.001008,0.000228,-0.000602,-0.000632,0.000131,0.000854,0.001188,0.001323,0.001113,0.000422,-0.000596,-0.001563,-0.002017,-0.001749,-0.000829,0.000006,0.000033,-0.000433,-0.000836,-0.001038,-0.001009,-0.000794,-0.000519,-0.000160,0.000083,-0.000071,-0.000554,-0.000858,-0.000483,0.000135,0.000480,0.000533,0.000277,-0.000140,-0.000266,-0.000253,-0.000381,-0.000466,-0.000394,-0.000188,0.000135,0.000444,0.000480,0.000399,0.000430,0.000294,-0.000419,-0.001285,-0.001554,-0.001076,-0.000100,0.000897,0.001217,0.000932,0.000585,0.000079,-0.000471,-0.000749,-0.000614,-0.000057,0.000586,0.000621,0.000242,-0.000025,-0.000244,-0.000237,-0.000008,0.000171,0.000260,0.000330,0.000516,0.000992,0.001374,0.000975,-0.000213,-0.001178,-0.001264,-0.000923,-0.000704,-0.000298,0.000116,0.000330,0.000432,0.000590,0.000692,0.000493,0.000191,0.000011,-0.000138,-0.000284,-0.000366,-0.000263,-0.000036,0.000129,0.000169,0.000079,0.000034,0.000052,-0.000052,-0.000003,0.000138,0.000168,0.000128,-0.000023,-0.000286,-0.000293,-0.000106,-0.000097,-0.000123,-0.000054,-0.000016,0.000031,0.000096,0.000212,0.000257,0.000119,-0.000026,-0.000054,-0.000132,-0.000143,-0.000134,-0.000136,-0.000005,0.000097,0.000147,0.029887,0.021482,0.016627,0.011995,0.008333,0.005059,0.002521,0.002502,0.003761,0.004699,0.004256,0.002896,0.001979,0.001095,0.000199,0.000144,0.000607,0.000619,0.000175,-0.000247,-0.000494,-0.000564,-0.000442,-0.000103,0.000140,0.000164,-0.000070,-0.000626,-0.001412,-0.001691,-0.001084,-0.000317,0.000274,0.000635,0.000719,0.000561,0.000405,0.000617,0.000794,0.000606,0.000306,-0.000070,-0.000422,-0.000451,-0.000445,-0.000468,-0.000367,-0.000247,-0.000127,-0.000108,-0.000050,0.000049,0.000204,0.000396,0.000409,0.000127,0.000139,0.000623,0.000493,-0.000133,-0.000106,0.000857,0.001865,0.001639,0.000193,-0.000961,-0.001044,-0.001122,-0.001393,-0.001492,-0.001070,-0.000217,0.000533,0.000480,-0.000205,-0.000792,-0.000918,-0.000550,-0.000073,0.000203,0.000234,0.000082,-0.000007,0.000128,0.000233,-0.000195,-0.000870,-0.001508,-0.001921,-0.001962,-0.001427,-0.000389,0.000416,0.000560,0.000344,0.000239,0.000323,0.000324,0.000197,0.000096,0.000027,-0.000055,-0.000003,0.000197,0.000295,0.000276,0.000211,0.000039,-0.000035,0.000029,-0.000073,-0.000227,-0.000185,-0.000080,0.000034,0.000047,-0.000010,0.000034,0.000045,-0.000023,-0.000009,-0.000004,-0.000069,-0.000197,-0.000248,-0.000281,-0.000229,-0.000149,-0.000144,-0.000182,-0.000248,-0.000153,0.000003,0.000056,0.000092,0.000087,0.000069,-0.000018,
-0.009307,-0.008475,-0.007006,-0.002422,0.001927,0.003358,0.000779,-0.001705,-0.001690,-0.000576,0.000645,0.001418,0.001433,0.001081,0.000267,-0.000695,-0.000636,0.000227,0.000902,0.001122,0.001171,0.000973,0.000368,-0.000578,-0.001481,-0.001931,-0.001709,-0.000709,0.000176,0.000163,-0.000394,-0.000862,-0.001041,-0.000946,-0.000678,-0.000311,0.000127,0.000297,-0.000076,-0.000816,-0.001083,-0.000572,0.000104,0.000537,0.000557,0.000322,0.000093,-0.000108,-0.000253,-0.000431,-0.000592,-0.000437,-0.000067,0.000246,0.000460,0.000508,0.000453,0.000430,0.000245,-0.000462,-0.001132,-0.001227,-0.000891,0.000066,0.001007,0.001349,0.001171,0.000731,0.000144,-0.000475,-0.000859,-0.000985,-0.000636,0.000082,0.000451,0.000199,-0.000157,-0.000286,-0.000261,-0.000121,0.000172,0.000335,0.000281,0.000463,0.001037,0.001415,0.000998,-0.000196,-0.001128,-0.001222,-0.001021,-0.000884,-0.000576,-0.000073,0.000200,0.000332,0.000444,0.000529,0.000391,0.000120,-0.000022,-0.000182,-0.000296,-0.000248,-0.000116,0.000036,0.000164,0.000200,0.000209,0.000084,-0.000098,0.000006,-0.000049,-0.000109,-0.000016,-0.000045,-0.000166,-0.000335,-0.000279,-0.000109,0.000009,0.000062,-0.000053,-0.000144,-0.000043,0.000108,0.000120,0.000114,0.000072,-0.000024,-0.000056,-0.000053,-0.000098,-0.000105,-0.000142,-0.000059,0.000127,0.000127,0.030035,0.021745,0.016888,0.012163,0.008482,0.005136,0.002422,0.002373,0.003737,0.004688,0.004316,0.003038,0.002028,0.001098,0.000267,0.000168,0.000561,0.000561,0.000219,-0.000057,-0.000367,-0.000512,-0.000310,-0.000086,0.000082,0.000169,0.000002,-0.000478,-0.001142,-0.001530,-0.001215,-0.000519,0.000206,0.000707,0.000692,0.000638,0.000765,0.000813,0.000628,0.000336,0.000156,-0.000034,-0.000297,-0.000381,-0.000366,-0.000460,-0.000459,-0.000391,-0.000222,-0.000058,-0.000044,0.000012,0.000163,0.000396,0.000361,0.000100,0.000226,0.000630,0.000473,-0.000081,-0.000057,0.000781,0.001518,0.001044,-0.000468,-0.001521,-0.001438,-0.001293,-0.001399,-0.001457,-0.001201,-0.000543,0.000257,0.000553,-0.000044,-0.000739,-0.000907,-0.000574,-0.000005,0.000400,0.000370,0.000159,0.000198,0.000421,0.000316,-0.000235,-0.000898,-0.001513,-0.001981,-0.002050,-0.001587,-0.000544,0.000318,0.000422,0.000216,0.000252,0.000366,0.000343,0.000317,0.000198,-0.000117,-0.000229,-0.000008,0.000139,0.000122,0.000121,0.000068,0.000050,0.000061,0.000027,-0.000018,-0.000059,-0.000129,-0.000135,-0.000057,-0.000043,-0.000049,-0.000073,-0.000061,-0.000028,-0.000015,0.000030,-0.000011,-0.000112,-0.000093,-0.000077,-0.000119,-0.000093,-0.000041,-0.000161,-0.000252,-0.000132,-0.000047,0.000052,0.000132,0.000124,0.000111,0.000093,
-0.010086,-0.008922,-0.007384,-0.002564,0.001789,0.003181,0.000788,-0.001623,-0.001713,-0.000886,0.000273,0.001181,0.001259,0.000895,0.000206,-0.000555,-0.000590,0.000107,0.000767,0.001084,0.001193,0.000971,0.000460,-0.000351,-0.001363,-0.001808,-0.001458,-0.000630,0.000024,0.000028,-0.000422,-0.000861,-0.001019,-0.000986,-0.000700,-0.000326,0.000002,0.000160,-0.000133,-0.000768,-0.001028,-0.000509,0.000172,0.000417,0.000454,0.000235,-0.000062,-0.000147,-0.000232,-0.000443,-0.000599,-0.000514,-0.000232,0.000111,0.000500,0.000637,0.000467,0.000265,0.000044,-0.000662,-0.001469,-0.001596,-0.001114,-0.000166,0.000897,0.001255,0.000991,0.000578,-0.000139,-0.000829,-0.001060,-0.000900,-0.000439,0.000218,0.000447,0.000136,-0.000050,-0.000157,-0.000240,-0.000074,0.000148,0.000185,0.000259,0.000583,0.000970,0.001283,0.000922,-0.000263,-0.001143,-0.001094,-0.000793,-0.000695,-0.000431,-0.000042,0.000202,0.000351,0.000556,0.000675,0.000468,0.000215,0.000078,-0.000099,-0.000344,-0.000395,-0.000274,-0.000062,0.000207,0.000364,0.000348,0.000172,0.000013,-0.000004,0.000094,0.000065,-0.000003,-0.000022,-0.000040,-0.000095,-0.000133,-0.000127,-0.000117,-0.000097,-0.000020,-0.000002,0.000005,0.000051,0.000137,0.000152,0.000118,-0.000042,-0.000146,-0.000112,-0.000083,-0.000112,-0.000122,0.000060,0.000111,0.000061,0.029960,0.021699,0.016796,0.012102,0.008681,0.005369,0.002415,0.002263,0.003532,0.004432,0.004109,0.002911,0.001972,0.001046,0.000135,0.000185,0.000715,0.000517,0.000079,-0.000145,-0.000346,-0.000503,-0.000454,-0.000175,-0.000030,0.000054,0.000085,-0.000262,-0.001041,-0.001563,-0.001260,-0.000605,0.000027,0.000472,0.000517,0.000456,0.000522,0.000632,0.000618,0.000478,0.000361,0.000022,-0.000413,-0.000578,-0.000488,-0.000348,-0.000274,-0.000185,-0.000051,0.000021,0.000015,0.000014,0.000145,0.000362,0.000374,0.000121,0.000190,0.000549,0.000415,-0.000087,-0.000025,0.000950,0.001693,0.001021,-0.000587,-0.001543,-0.001376,-0.001196,-0.001310,-0.001320,-0.001083,-0.000540,0.000188,0.000475,0.000071,-0.000517,-0.000759,-0.000535,-0.000110,0.000286,0.000306,-0.000001,-0.000083,0.000133,0.000121,-0.000277,-0.000945,-0.001679,-0.002026,-0.001973,-0.001471,-0.000458,0.000372,0.000401,0.000123,0.000228,0.000453,0.000418,0.000362,0.000307,0.000114,-0.000044,-0.000000,0.000160,0.000186,0.000076,-0.000013,-0.000076,-0.000116,-0.000051,-0.000017,-0.000161,-0.000275,-0.000290,-0.000234,-0.000096,-0.000016,0.000007,0.000036,0.000050,0.000129,0.000103,0.000002,-0.000013,-0.000030,-0.000098,-0.000134,-0.000122,-0.000068,-0.000049,-0.000042,-0.000040,-0.000031,0.000022,-0.000003,-0.000026,0.000072,0.000085,
-0.010724,-0.009703,-0.007927,-0.002870,0.001464,0.002908,0.000630,-0.001705,-0.001671,-0.000738,0.000418,0.001170,0.001169,0.000905,0.000232,-0.000477,-0.000515,0.000140,0.000755,0.001162,0.001354,0.001154,0.000454,-0.000603,-0.001565,-0.001983,-0.001646,-0.000656,0.000134,0.000194,-0.000244,-0.000810,-0.001206,-0.001211,-0.000962,-0.000611,-0.000123,0.000112,-0.000167,-0.000806,-0.001040,-0.000473,0.000300,0.000682,0.000550,0.000228,-0.000038,-0.000281,-0.000507,-0.000569,-0.000496,-0.000393,-0.000277,-0.000036,0.000330,0.000432,0.000378,0.000441,0.000205,-0.000594,-0.001434,-0.001742,-0.001361,-0.000074,0.001460,0.001873,0.001308,0.000611,-0.000098,-0.000671,-0.000896,-0.000829,-0.000379,0.000253,0.000493,0.000185,-0.000160,-0.000246,-0.000244,-0.000139,0.000155,0.000285,0.000296,0.000482,0.000962,0.001372,0.000989,-0.000211,-0.001133,-0.001154,-0.000971,-0.000785,-0.000300,0.000141,0.000264,0.000408,0.000556,0.000434,0.000184,0.000114,0.000052,-0.000168,-0.000290,-0.000311,-0.000208,0.000002,0.000198,0.000275,0.000229,0.000040,-0.000140,-0.000092,0.000040,0.000087,0.000080,-0.000019,-0.000107,-0.000147,-0.000156,-0.000146,-0.000144,-0.000072,-0.000046,0.000009,0.000144,0.000230,0.000228,0.000153,0.000060,0.000102,0.000126,0.000007,-0.000034,-0.000004,0.000042,0.000095,0.000097,0.000081,0.029843,0.021837,0.017019,0.012221,0.008487,0.005169,0.002378,0.002274,0.003540,0.004395,0.004084,0.002975,0.001962,0.001028,0.000176,0.000183,0.000711,0.000619,0.000159,-0.000081,-0.000326,-0.000473,-0.000291,-0.000078,-0.000007,-0.000083,-0.000169,-0.000439,-0.001123,-0.001572,-0.001288,-0.000730,-0.000092,0.000413,0.000548,0.000555,0.000629,0.000686,0.000774,0.000567,0.000217,-0.000046,-0.000296,-0.000409,-0.000459,-0.000391,-0.000318,-0.000282,-0.000171,-0.000126,-0.000216,-0.000179,0.000139,0.000413,0.000264,-0.000020,0.000140,0.000580,0.000514,-0.000113,-0.000355,0.000407,0.001331,0.001033,-0.000686,-0.002192,-0.002246,-0.001875,-0.001745,-0.001588,-0.001261,-0.000574,0.000245,0.000366,-0.000212,-0.000762,-0.000803,-0.000481,-0.000042,0.000257,0.000308,0.000159,0.000155,0.000338,0.000261,-0.000241,-0.000964,-0.001635,-0.002082,-0.002100,-0.001465,-0.000259,0.000538,0.000518,0.000319,0.000364,0.000565,0.000500,0.000386,0.000291,-0.000013,-0.000216,-0.000098,0.000066,0.000106,0.000143,0.000178,0.000125,-0.000029,-0.000100,-0.000113,-0.000201,-0.000158,-0.000038,0.000008,-0.000018,-0.000107,-0.000049,0.000079,0.000070,-0.000024,-0.000145,-0.000169,-0.000072,-0.000040,-0.000102,-0.000078,-0.000072,-0.000127,-0.000217,-0.000231,-0.000222,-0.000139,0.000008,0.000072,0.000043,0.000059,0.000037,
-0.011163,-0.009993,-0.008161,-0.003123,0.001232,0.002685,0.000529,-0.001768,-0.001889,-0.000876,0.000444,0.001204,0.001128,0.000876,0.000243,-0.000592,-0.000594,0.000048,0.000712,0.001167,0.001302,0.001004,0.000308,-0.000582,-0.001458,-0.001921,-0.001652,-0.000731,0.000099,0.000160,-0.000230,-0.000644,-0.000904,-0.000983,-0.000909,-0.000629,-0.000245,0.000020,-0.000196,-0.000708,-0.000908,-0.000465,0.000181,0.000549,0.000625,0.000347,-0.000051,-0.000119,-0.000198,-0.000452,-0.000601,-0.000497,-0.000222,0.000043,0.000274,0.000393,0.000340,0.000340,0.000250,-0.000298,-0.000940,-0.000938,-0.000483,0.000104,0.000820,0.001177,0.001090,0.000747,0.000168,-0.000332,-0.000633,-0.000688,-0.000319,0.000271,0.000506,0.000271,-0.000028,-0.000194,-0.000286,-0.000164,0.000112,0.000282,0.000327,0.000522,0.001054,0.001543,0.001206,-0.000052,-0.001114,-0.001334,-0.001180,-0.000912,-0.000524,-0.000040,0.000261,0.000359,0.000544,0.000618,0.000348,0.000074,-0.000018,-0.000198,-0.000421,-0.000309,-0.000076,0.000053,0.000194,0.000314,0.000306,0.000167,0.000187,0.000154,-0.000032,-0.000089,-0.000033,-0.000028,-0.000138,-0.000256,-0.000256,-0.000124,-0.000020,0.000052,-0.000014,0.000011,0.000110,0.000093,0.000036,0.000009,0.000121,0.000131,0.000025,0.000037,-0.000071,-0.000213,-0.000145,-0.000050,0.000036,0.000089,0.029861,0.021924,0.017105,0.012326,0.008551,0.005116,0.002326,0.002293,0.003677,0.004463,0.004055,0.002939,0.001955,0.001016,0.000217,0.000175,0.000642,0.000655,0.000305,0.000046,-0.000243,-0.000538,-0.000518,-0.000170,0.000071,0.000089,-0.000017,-0.000427,-0.001247,-0.001576,-0.001080,-0.000482,-0.000006,0.000420,0.000519,0.000409,0.000458,0.000565,0.000484,0.000274,0.000122,-0.000019,-0.000253,-0.000376,-0.000333,-0.000246,-0.000277,-0.000331,-0.000274,-0.000247,-0.000157,0.000006,0.000213,0.000385,0.000308,0.000200,0.000419,0.000672,0.000380,-0.000254,-0.000113,0.000854,0.001461,0.000973,-0.000224,-0.001101,-0.001287,-0.001221,-0.001304,-0.001374,-0.001258,-0.000725,0.000049,0.000256,-0.000129,-0.000676,-0.000857,-0.000538,-0.000120,0.000194,0.000331,0.000260,0.000188,0.000369,0.000433,-0.000033,-0.000833,-0.001594,-0.002042,-0.002177,-0.001734,-0.000598,0.000327,0.000357,0.000121,0.000275,0.000457,0.000280,0.000025,-0.000119,-0.000212,-0.000156,-0.000025,0.000151,0.000236,0.000105,-0.000029,-0.000028,0.000011,0.000001,-0.000086,-0.000226,-0.000279,-0.000226,-0.000103,-0.000017,-0.000071,-0.000062,-0.000033,-0.000051,-0.000063,-0.000049,-0.000073,-0.000044,-0.000106,-0.000270,-0.000260,-0.000186,-0.000094,-0.000102,-0.000217,-0.000222,-0.000084,0.000035,0.000025,0.000061,0.000030,-0.000068,
-0.010361,-0.009359,-0.007242,-0.002400,0.001523,0.002687,0.000412,-0.001791,-0.001671,-0.000650,0.000514,0.001213,0.001205,0.000943,0.000286,-0.000400,-0.000391,0.000160,0.000779,0.001193,0.001279,0.000989,0.000402,-0.000467,-0.001324,-0.001845,-0.001730,-0.000981,-0.000229,-0.000103,-0.000456,-0.000843,-0.001074,-0.000997,-0.000805,-0.000548,-0.000216,-0.000007,-0.000113,-0.000646,-0.000899,-0.000495,0.000009,0.000219,0.000284,0.000146,-0.000044,-0.000071,-0.000237,-0.000456,-0.000552,-0.000531,-0.000346,-0.000010,0.000361,0.000480,0.000380,0.000417,0.000337,-0.000390,-0.001299,-0.001545,-0.001114,0.000008,0.001161,0.001342,0.000920,0.000546,0.000061,-0.000475,-0.000741,-0.000768,-0.000429,0.000224,0.000533,0.000236,-0.000078,-0.000231,-0.000380,-0.000352,-0.000102,0.000137,0.000286,0.000435,0.000802,0.001250,0.001059,-0.000072,-0.001109,-0.001295,-0.001149,-0.000942,-0.000470,-0.000020,0.000095,0.000231,0.000482,0.000496,0.000248,0.000091,0.000083,-0.000068,-0.000178,-0.000172,-0.000085,0.000125,0.000247,0.000229,0.000081,-0.000031,-0.000136,-0.000094,0.000121,0.000175,0.000077,-0.000049,-0.000222,-0.000245,-0.000129,-0.000068,-0.000132,-0.000172,-0.000144,-0.000140,0.000007,0.000192,0.000238,0.000128,0.000037,0.000013,-0.000111,-0.000183,-0.000146,-0.000135,-0.000151,-0.000100,0.000039,0.000117,0.030326,0.022544,0.017540,0.012364,0.008411,0.004960,0.002344,0.002442,0.003808,0.004508,0.003992,0.002792,0.001922,0.001149,0.000337,0.000257,0.000593,0.000518,0.000174,-0.000149,-0.000527,-0.000728,-0.000568,-0.000178,0.000061,0.000127,-0.000053,-0.000746,-0.001694,-0.002037,-0.001424,-0.000487,0.000260,0.000693,0.000668,0.000449,0.000460,0.000528,0.000589,0.000508,0.000375,0.000173,-0.000238,-0.000499,-0.000409,-0.000167,-0.000108,-0.000160,-0.000055,0.000006,-0.000101,-0.000036,0.000282,0.000549,0.000467,0.000214,0.000359,0.000697,0.000568,0.000010,0.000050,0.001094,0.001913,0.001209,-0.000589,-0.001729,-0.001590,-0.001225,-0.001303,-0.001492,-0.001245,-0.000550,0.000164,0.000399,-0.000054,-0.000670,-0.000973,-0.000749,-0.000093,0.000393,0.000387,0.000201,0.000166,0.000197,0.000168,-0.000232,-0.000950,-0.001706,-0.002119,-0.002067,-0.001473,-0.000418,0.000391,0.000427,0.000117,0.000113,0.000327,0.000359,0.000294,0.000166,-0.000010,-0.000061,-0.000030,0.000104,0.000162,0.000133,0.000066,0.000086,0.000071,-0.000015,-0.000097,-0.000252,-0.000289,-0.000162,0.000042,0.000074,-0.000013,-0.000043,0.000005,0.000126,0.000229,0.000211,0.000120,0.000056,-0.000011,-0.000080,-0.000075,-0.000021,0.000016,-0.000060,-0.000070,-0.000008,0.000093,0.000124,0.000110,0.000095,0.000033,-0.000086,
-0.010569,-0.009537,-0.007755,-0.002848,0.001369,0.002622,0.000481,-0.001540,-0.001665,-0.000722,0.000610,0.001302,0.001199,0.000853,0.000249,-0.000418,-0.000449,0.000129,0.000712,0.001112,0.001277,0.000968,0.000215,-0.000608,-0.001459,-0.001946,-0.001710,-0.000929,-0.000081,-0.000002,-0.000429,-0.000902,-0.001188,-0.001066,-0.000721,-0.000461,-0.000241,-0.000004,-0.000203,-0.000780,-0.001011,-0.000536,0.000086,0.000375,0.000382,0.000143,-0.000136,-0.000294,-0.000379,-0.000489,-0.000568,-0.000492,-0.000340,-0.000076,0.000311,0.000417,0.000294,0.000364,0.000221,-0.000566,-0.001395,-0.001579,-0.001050,0.000151,0.001334,0.001556,0.001082,0.000631,0.000139,-0.000304,-0.000533,-0.000629,-0.000339,0.000265,0.000549,0.000323,0.000006,-0.000249,-0.000304,-0.000164,0.000110,0.000334,0.000320,0.000465,0.000960,0.001394,0.001064,-0.000147,-0.001176,-0.001326,-0.001098,-0.000861,-0.000436,-0.000012,0.000142,0.000248,0.000481,0.000603,0.000302,0.000015,-0.000083,-0.000234,-0.000314,-0.000229,-0.000071,0.000117,0.000244,0.000274,0.000302,0.000163,-0.000034,-0.000015,0.000014,0.000055,0.000043,-0.000096,-0.000234,-0.000265,-0.000194,-0.000077,-0.000032,-0.000048,-0.000053,-0.000020,0.000013,0.000044,0.000103,0.000161,0.000158,0.000021,-0.000126,-0.000169,-0.000140,-0.000099,-0.000066,0.000002,0.000066,0.000084,0.030001,0.022456,0.017627,0.012445,0.008413,0.004944,0.002304,0.002437,0.003596,0.004325,0.003965,0.002644,0.001666,0.000907,0.000197,0.000199,0.000563,0.000474,0.000087,-0.000201,-0.000430,-0.000536,-0.000470,-0.000225,-0.000016,0.000002,-0.000149,-0.000684,-0.001417,-0.001598,-0.000997,-0.000067,0.000758,0.000988,0.000582,0.000223,0.000255,0.000462,0.000630,0.000605,0.000393,0.000069,-0.000410,-0.000535,-0.000362,-0.000316,-0.000255,-0.000181,-0.000138,-0.000115,-0.000129,-0.000078,0.000212,0.000517,0.000484,0.000301,0.000405,0.000750,0.000509,-0.000112,-0.000160,0.000673,0.001691,0.001479,-0.000054,-0.001253,-0.001352,-0.001253,-0.001328,-0.001386,-0.001187,-0.000600,0.000057,0.000232,-0.000182,-0.000712,-0.000893,-0.000481,0.000046,0.000344,0.000307,0.000071,-0.000030,0.000127,0.000161,-0.000222,-0.000818,-0.001471,-0.001916,-0.001946,-0.001482,-0.000373,0.000502,0.000476,0.000310,0.000411,0.000415,0.000280,0.000175,0.000159,0.000000,-0.000125,-0.000060,0.000057,0.000153,0.000181,0.000132,0.000053,0.000003,0.000023,0.000002,-0.000113,-0.000172,-0.000047,-0.000036,-0.000175,-0.000158,-0.000023,0.000018,-0.000119,-0.000190,-0.000063,0.000024,0.000025,-0.000036,-0.000095,-0.000088,0.000013,-0.000031,-0.000053,-0.000111,-0.000125,-0.000019,0.000074,0.000123,0.000078,0.000054,-0.000017,
-0.011667,-0.010476,-0.008412,-0.003334,0.001018,0.002571,0.000478,-0.001626,-0.001637,-0.000769,0.000481,0.001224,0.001115,0.000811,0.000288,-0.000346,-0.000349,0.000210,0.000714,0.000998,0.001130,0.000937,0.000307,-0.000623,-0.001508,-0.001915,-0.001707,-0.000824,0.000081,0.000115,-0.000348,-0.000858,-0.001308,-0.001317,-0.000929,-0.000448,-0.000079,0.000079,-0.000266,-0.000895,-0.001062,-0.000575,0.000058,0.000444,0.000458,0.000191,-0.000146,-0.000312,-0.000406,-0.000445,-0.000487,-0.000440,-0.000188,0.000099,0.000384,0.000518,0.000489,0.000480,0.000225,-0.000411,-0.001142,-0.001442,-0.001175,-0.000434,0.000577,0.001175,0.001096,0.000687,0.000093,-0.000514,-0.000872,-0.000939,-0.000487,0.000211,0.000458,0.000193,-0.000057,-0.000207,-0.000276,-0.000152,0.000098,0.000185,0.000160,0.000470,0.000987,0.001320,0.001031,-0.000100,-0.001065,-0.001181,-0.000982,-0.000770,-0.000476,-0.000093,0.000161,0.000354,0.000706,0.000829,0.000490,0.000154,0.000022,-0.000066,-0.000203,-0.000228,-0.000104,0.000052,0.000193,0.000305,0.000224,0.000090,0.000065,0.000112,0.000123,0.000120,0.000161,0.000105,-0.000090,-0.000181,-0.000174,-0.000274,-0.000223,-0.000042,-0.000050,-0.000091,-0.000054,0.000134,0.000263,0.000248,0.000224,0.000088,-0.000079,-0.000138,-0.000152,-0.000124,-0.000040,0.000069,0.000111,0.000124,0.030093,0.022600,0.017695,0.012439,0.008406,0.005030,0.002408,0.002344,0.003524,0.004338,0.004010,0.002809,0.001784,0.000867,-0.000027,-0.000060,0.000488,0.000605,0.000230,-0.000186,-0.000528,-0.000661,-0.000460,-0.000044,0.000131,0.000018,-0.000198,-0.000655,-0.001392,-0.001745,-0.001351,-0.000634,-0.000037,0.000381,0.000578,0.000540,0.000625,0.000778,0.000690,0.000421,0.000193,-0.000168,-0.000499,-0.000449,-0.000244,-0.000249,-0.000397,-0.000356,-0.000177,-0.000035,0.000035,0.000072,0.000237,0.000441,0.000400,0.000312,0.000452,0.000686,0.000457,-0.000102,-0.000183,0.000552,0.001393,0.001038,-0.000367,-0.001402,-0.001414,-0.001267,-0.001348,-0.001400,-0.001227,-0.000546,0.000317,0.000525,-0.000135,-0.000766,-0.000863,-0.000553,-0.000011,0.000372,0.000337,0.000066,-0.000027,0.000162,0.000239,-0.000167,-0.000921,-0.001685,-0.002193,-0.002183,-0.001548,-0.000353,0.000481,0.000494,0.000168,0.000130,0.000355,0.000443,0.000291,0.000116,-0.000016,-0.000081,0.000032,0.000179,0.000157,0.000121,0.000153,0.000118,0.000028,-0.000066,-0.000123,-0.000168,-0.000124,-0.000042,-0.000044,0.000007,-0.000075,-0.000109,0.000027,0.000080,0.000105,0.000108,0.000022,-0.000027,-0.000124,-0.000233,-0.000165,-0.000070,-0.000082,-0.000094,-0.000158,-0.000178,-0.000021,0.000150,0.000217,0.000218,0.000162,0.000076,
-0.011839,-0.010747,-0.008597,-0.003371,0.000927,0.002308,0.000257,-0.001783,-0.001811,-0.000927,0.000318,0.001122,0.001170,0.000994,0.000414,-0.000350,-0.000463,0.000067,0.000660,0.001009,0.001139,0.000867,0.000303,-0.000524,-0.001506,-0.001964,-0.001727,-0.000819,0.000083,0.000115,-0.000380,-0.000790,-0.000947,-0.000845,-0.000536,-0.000311,0.000027,0.000200,-0.000075,-0.000655,-0.000958,-0.000558,0.000094,0.000560,0.000630,0.000328,-0.000013,-0.000241,-0.000425,-0.000536,-0.000588,-0.000466,-0.000309,-0.000087,0.000265,0.000494,0.000505,0.000493,0.000298,-0.000367,-0.001126,-0.001385,-0.000964,0.000066,0.001070,0.001468,0.001225,0.000687,-0.000081,-0.000776,-0.001044,-0.001080,-0.000722,-0.000045,0.000327,0.000233,0.000003,-0.000114,-0.000201,-0.000057,0.000167,0.000170,0.000222,0.000475,0.000904,0.001301,0.000928,-0.000091,-0.000927,-0.001129,-0.000870,-0.000740,-0.000533,-0.000106,0.000130,0.000364,0.000633,0.000704,0.000536,0.000348,0.000237,-0.000025,-0.000224,-0.000173,-0.000077,-0.000013,-0.000001,0.000030,0.000229,0.000326,0.000125,-0.000077,-0.000085,0.000003,-0.000018,-0.000068,-0.000242,-0.000238,-0.000025,-0.000046,-0.000193,-0.000199,-0.000082,0.000037,0.000099,0.000175,0.000192,0.000074,-0.000014,0.000020,0.000067,0.000000,-0.000061,-0.000138,-0.000172,-0.000061,0.000015,0.000113,0.030370,0.022867,0.017947,0.012521,0.008336,0.004878,0.002228,0.002283,0.003603,0.004391,0.004018,0.002735,0.001717,0.000919,0.000145,0.000062,0.000487,0.000543,0.000328,0.000109,-0.000228,-0.000399,-0.000398,-0.000164,0.000070,0.000052,-0.000041,-0.000464,-0.001212,-0.001533,-0.001262,-0.000746,-0.000183,0.000207,0.000430,0.000413,0.000364,0.000564,0.000684,0.000448,0.000189,-0.000002,-0.000275,-0.000428,-0.000402,-0.000428,-0.000457,-0.000264,-0.000128,-0.000158,-0.000198,-0.000064,0.000268,0.000581,0.000457,0.000144,0.000257,0.000679,0.000553,-0.000090,-0.000081,0.000855,0.001584,0.001032,-0.000461,-0.001436,-0.001413,-0.001239,-0.001271,-0.001387,-0.001190,-0.000426,0.000390,0.000541,-0.000022,-0.000618,-0.000797,-0.000553,-0.000025,0.000362,0.000297,0.000066,0.000021,0.000143,0.000152,-0.000285,-0.000974,-0.001693,-0.002110,-0.002072,-0.001466,-0.000485,0.000253,0.000299,0.000130,0.000253,0.000424,0.000404,0.000284,0.000190,0.000025,-0.000096,-0.000028,0.000119,0.000256,0.000152,-0.000070,-0.000110,-0.000056,-0.000074,-0.000095,-0.000194,-0.000225,-0.000109,-0.000024,-0.000013,-0.000080,-0.000065,0.000021,0.000111,0.000186,0.000099,-0.000063,-0.000094,-0.000062,-0.000111,-0.000154,-0.000009,0.000083,-0.000048,-0.000149,-0.000169,-0.000038,0.000224,0.000249,0.000120,0.000043,-0.000030,
-0.011312,-0.010271,-0.008286,-0.003226,0.000894,0.002124,0.000127,-0.001816,-0.001838,-0.000918,0.000399,0.001330,0.001310,0.000902,0.000274,-0.000454,-0.000457,0.000189,0.000780,0.001167,0.001352,0.001017,0.000241,-0.000675,-0.001522,-0.001941,-0.001646,-0.000704,0.000163,0.000190,-0.000367,-0.000834,-0.001155,-0.001194,-0.001004,-0.000573,-0.000047,0.000172,-0.000177,-0.000834,-0.001086,-0.000622,0.000070,0.000450,0.000521,0.000235,-0.000048,-0.000136,-0.000292,-0.000421,-0.000489,-0.000485,-0.000342,-0.000009,0.000386,0.000497,0.000464,0.000409,0.000234,-0.000397,-0.001317,-0.001784,-0.001471,-0.000258,0.001074,0.001322,0.000779,0.000281,-0.000349,-0.000962,-0.001181,-0.001033,-0.000499,0.000209,0.000419,0.000111,-0.000077,-0.000077,-0.000129,-0.000150,0.000068,0.000283,0.000332,0.000507,0.000967,0.001369,0.001012,-0.000167,-0.001127,-0.001297,-0.001010,-0.000740,-0.000427,0.000055,0.000307,0.000354,0.000546,0.000690,0.000502,0.000254,0.000088,-0.000119,-0.000225,-0.000167,-0.000030,0.000086,0.000136,0.000146,0.000075,0.000020,0.000043,-0.000059,-0.000058,0.000026,-0.000005,-0.000010,-0.000071,-0.000190,-0.000154,-0.000057,0.000035,0.000004,-0.000025,0.000007,0.000071,0.000251,0.000316,0.000202,0.000100,0.000034,0.000000,-0.000064,-0.000142,-0.000169,-0.000100,0.000021,0.000074,0.000099,0.031108,0.023748,0.018533,0.012676,0.008283,0.004812,0.002208,0.002338,0.003632,0.004389,0.004048,0.002831,0.001853,0.000938,0.000093,0.000086,0.000601,0.000591,0.000141,-0.000150,-0.000442,-0.000640,-0.000482,-0.000011,0.000158,0.000020,-0.000025,-0.000369,-0.001168,-0.001680,-0.001403,-0.000792,-0.000216,0.000262,0.000459,0.000413,0.000523,0.000729,0.000700,0.000448,0.000226,-0.000010,-0.000273,-0.000404,-0.000379,-0.000354,-0.000352,-0.000240,-0.000112,-0.000084,-0.000100,-0.000063,0.000145,0.000380,0.000367,0.000190,0.000234,0.000543,0.000383,-0.000099,-0.000114,0.000788,0.001765,0.001263,-0.000594,-0.001936,-0.001868,-0.001508,-0.001510,-0.001537,-0.001199,-0.000550,0.000110,0.000338,-0.000085,-0.000672,-0.000779,-0.000385,0.000022,0.000182,0.000152,0.000037,0.000114,0.000200,0.000202,-0.000103,-0.000863,-0.001631,-0.002075,-0.002079,-0.001488,-0.000377,0.000413,0.000393,0.000164,0.000282,0.000536,0.000502,0.000312,0.000183,0.000022,-0.000151,-0.000151,-0.000017,0.000050,-0.000049,-0.000153,-0.000042,0.000048,-0.000017,-0.000087,-0.000197,-0.000237,-0.000073,-0.000067,-0.000203,-0.000231,-0.000181,-0.000116,-0.000051,0.000001,0.000075,0.000125,0.000059,-0.000110,-0.000148,-0.000077,-0.000095,0.000010,0.000116,0.000088,-0.000036,-0.000024,0.000092,0.000146,0.000124,0.000109,0.000132,
-0.010742,-0.010042,-0.008032,-0.003038,0.000894,0.002183,0.000294,-0.001745,-0.001815,-0.000902,0.000401,0.001270,0.001280,0.000999,0.000467,-0.000323,-0.000409,0.000100,0.000594,0.001045,0.001254,0.000958,0.000177,-0.000740,-0.001536,-0.001937,-0.001737,-0.000790,0.000089,0.000120,-0.000412,-0.000814,-0.000973,-0.001067,-0.000967,-0.000623,-0.000081,0.000174,-0.000141,-0.000736,-0.000895,-0.000383,0.000215,0.000504,0.000497,0.000261,-0.000049,-0.000187,-0.000280,-0.000468,-0.000517,-0.000440,-0.000269,0.000132,0.000495,0.000448,0.000290,0.000352,0.000228,-0.000477,-0.001198,-0.001188,-0.000762,0.000194,0.001441,0.002012,0.001671,0.000797,-0.000006,-0.000430,-0.000659,-0.000694,-0.000213,0.000380,0.000493,0.000126,-0.000240,-0.000381,-0.000303,-0.000015,0.000257,0.000326,0.000373,0.000561,0.000934,0.001224,0.000910,-0.000203,-0.001166,-0.001301,-0.001059,-0.000788,-0.000306,0.000144,0.000279,0.000439,0.000649,0.000611,0.000273,-0.000004,-0.000119,-0.000187,-0.000225,-0.000207,-0.000114,-0.000010,0.000149,0.000250,0.000301,0.000176,-0.000056,-0.000118,-0.000043,0.000065,0.000139,0.000166,-0.000057,-0.000237,-0.000124,-0.000023,-0.000031,-0.000065,0.000015,0.000010,-0.000075,-0.000038,-0.000010,-0.000015,0.000090,0.000092,0.000010,-0.000042,-0.000085,-0.000029,-0.000019,-0.000023,0.000044,0.000068,0.031591,0.024396,0.019024,0.012922,0.008339,0.004798,0.002204,0.002357,0.003643,0.004348,0.003923,0.002682,0.001775,0.000907,0.000125,0.000124,0.000504,0.000537,0.000210,-0.000092,-0.000350,-0.000493,-0.000461,-0.000237,0.000012,0.000015,-0.000111,-0.000512,-0.001275,-0.001657,-0.001342,-0.000704,-0.000078,0.000346,0.000580,0.000558,0.000608,0.000775,0.000765,0.000542,0.000299,-0.000019,-0.000263,-0.000327,-0.000402,-0.000487,-0.000436,-0.000282,-0.000135,0.000034,0.000095,0.000055,0.000190,0.000410,0.000320,0.000120,0.000254,0.000548,0.000368,-0.000155,-0.000323,0.000312,0.001103,0.000862,-0.000342,-0.001336,-0.001573,-0.001496,-0.001496,-0.001529,-0.001362,-0.000708,0.000149,0.000411,-0.000006,-0.000593,-0.000843,-0.000591,-0.000065,0.000306,0.000376,0.000223,0.000073,0.000186,0.000193,-0.000273,-0.001067,-0.001866,-0.002268,-0.002086,-0.001341,-0.000188,0.000552,0.000546,0.000245,0.000209,0.000436,0.000448,0.000312,0.000251,0.000010,-0.000189,-0.000124,0.000065,0.000142,-0.000007,-0.000078,0.000034,0.000072,0.000073,0.000112,0.000022,-0.000159,-0.000191,-0.000118,-0.000150,-0.000091,-0.000012,0.000040,0.000064,0.000102,0.000108,0.000007,-0.000069,-0.000036,-0.000014,-0.000022,-0.000066,-0.000007,0.000045,0.000014,0.000025,0.000052,0.000037,0.000004,-0.000044,-0.000028,-0.000001,
-0.009604,-0.008915,-0.007266,-0.002804,0.000861,0.002141,0.000324,-0.001568,-0.001569,-0.000710,0.000481,0.001300,0.001318,0.001057,0.000451,-0.000265,-0.000420,0.000025,0.000515,0.000914,0.001139,0.001048,0.000483,-0.000553,-0.001511,-0.001974,-0.001830,-0.000885,-0.000057,-0.000111,-0.000680,-0.001094,-0.001164,-0.000939,-0.000591,-0.000271,-0.000133,-0.000153,-0.000304,-0.000671,-0.000774,-0.000413,0.000139,0.000407,0.000315,0.000209,0.000167,0.000062,-0.000196,-0.000514,-0.000689,-0.000611,-0.000277,0.000213,0.000406,0.000416,0.000442,0.000469,0.000303,-0.000400,-0.001170,-0.001226,-0.000712,0.000138,0.000855,0.001032,0.000849,0.000511,-0.000036,-0.000545,-0.000690,-0.000619,-0.000332,0.000308,0.000678,0.000360,0.000010,-0.000214,-0.000386,-0.000223,0.000106,0.000283,0.000267,0.000503,0.000977,0.001262,0.000947,-0.000237,-0.001268,-0.001256,-0.000938,-0.000794,-0.000526,-0.000173,0.000021,0.000220,0.000506,0.000601,0.000414,0.000138,-0.000059,-0.000156,-0.000230,-0.000286,-0.000288,-0.000206,-0.000014,0.000122,0.000082,0.000059,-0.000007,-0.000026,-0.000009,0.000022,0.000095,0.000132,0.000042,-0.000109,-0.000234,-0.000260,-0.000186,-0.000160,-0.000118,-0.000092,-0.000056,0.000059,0.000147,0.000114,0.000008,0.000047,0.000103,-0.000090,-0.000170,-0.000148,-0.000119,0.000041,0.000222,0.000103,0.032199,0.025134,0.019627,0.013174,0.008257,0.004483,0.001970,0.002274,0.003662,0.004392,0.003803,0.002488,0.001590,0.000751,0.000076,0.000091,0.000460,0.000549,0.000253,-0.000099,-0.000477,-0.000693,-0.000541,-0.000084,0.000163,0.000082,-0.000200,-0.000808,-0.001611,-0.001833,-0.001258,-0.000515,0.000090,0.000534,0.000562,0.000444,0.000440,0.000515,0.000554,0.000373,0.000204,0.000073,-0.000217,-0.000444,-0.000404,-0.000329,-0.000308,-0.000147,-0.000044,-0.000102,-0.000151,-0.000096,0.000157,0.000452,0.000400,0.000194,0.000293,0.000683,0.000637,0.000123,0.000201,0.001172,0.001843,0.001001,-0.000796,-0.001823,-0.001634,-0.001421,-0.001500,-0.001581,-0.001369,-0.000668,0.000086,0.000253,-0.000191,-0.000795,-0.000918,-0.000462,-0.000007,0.000254,0.000393,0.000220,0.000063,0.000201,0.000300,-0.000099,-0.000851,-0.001638,-0.002176,-0.002267,-0.001644,-0.000420,0.000512,0.000575,0.000182,0.000163,0.000407,0.000443,0.000313,0.000161,0.000090,0.000006,0.000045,0.000111,0.000143,0.000097,0.000059,-0.000029,-0.000125,-0.000010,0.000090,-0.000016,-0.000199,-0.000273,-0.000115,-0.000023,-0.000029,0.000014,0.000061,0.000026,0.000080,0.000219,0.000160,0.000042,0.000001,0.000011,-0.000035,-0.000123,-0.000112,-0.000119,-0.000067,0.000099,0.000105,0.000064,0.000080,0.000041,0.000080,0.000146,
-0.009223,-0.008512,-0.007269,-0.002902,0.000716,0.001863,0.000116,-0.001619,-0.001543,-0.000629,0.000604,0.001455,0.001409,0.001012,0.000280,-0.000477,-0.000512,0.000085,0.000582,0.000941,0.001252,0.001118,0.000404,-0.000610,-0.001561,-0.002010,-0.001730,-0.000885,-0.000079,-0.000104,-0.000633,-0.001156,-0.001384,-0.001171,-0.000777,-0.000521,-0.000357,-0.000263,-0.000494,-0.000949,-0.001076,-0.000511,0.000189,0.000450,0.000514,0.000336,-0.000091,-0.000284,-0.000389,-0.000539,-0.000544,-0.000418,-0.000227,0.000157,0.000521,0.000570,0.000409,0.000348,0.000181,-0.000548,-0.001402,-0.001677,-0.001098,0.000232,0.001357,0.001602,0.001160,0.000714,0.000375,-0.000128,-0.000485,-0.000460,-0.000157,0.000385,0.000678,0.000390,0.000072,-0.000069,-0.000274,-0.000250,0.000042,0.000251,0.000390,0.000563,0.000938,0.001343,0.001103,-0.000115,-0.001169,-0.001215,-0.000941,-0.000724,-0.000329,0.000047,0.000147,0.000337,0.000623,0.000713,0.000507,0.000193,0.000002,-0.000094,-0.000190,-0.000228,-0.000076,0.000075,0.000143,0.000241,0.000237,0.000011,-0.000117,-0.000081,0.000059,0.000194,0.000159,0.000118,0.000018,-0.000161,-0.000313,-0.000238,-0.000140,-0.000120,-0.000018,0.000130,0.000183,0.000144,0.000097,0.000124,0.000121,0.000073,0.000048,-0.000018,-0.000040,-0.000007,0.000085,0.000189,0.000153,0.000088,0.032081,0.025142,0.019682,0.013072,0.008074,0.004347,0.001881,0.002257,0.003538,0.004325,0.003892,0.002530,0.001568,0.000677,-0.000131,-0.000081,0.000393,0.000511,0.000201,-0.000059,-0.000464,-0.000672,-0.000503,-0.000154,0.000119,0.000094,-0.000139,-0.000614,-0.001368,-0.001645,-0.000961,0.000068,0.000890,0.001115,0.000683,0.000141,0.000100,0.000411,0.000624,0.000548,0.000397,0.000049,-0.000337,-0.000431,-0.000433,-0.000407,-0.000338,-0.000218,-0.000070,-0.000045,-0.000134,-0.000057,0.000195,0.000457,0.000491,0.000376,0.000356,0.000525,0.000385,-0.000002,-0.000014,0.000772,0.001677,0.001304,-0.000374,-0.001566,-0.001493,-0.001286,-0.001413,-0.001466,-0.001208,-0.000534,0.000203,0.000348,-0.000132,-0.000833,-0.001096,-0.000600,0.000109,0.000407,0.000252,0.000038,0.000048,0.000230,0.000211,-0.000309,-0.000986,-0.001624,-0.002028,-0.001874,-0.001331,-0.000432,0.000372,0.000503,0.000257,0.000278,0.000376,0.000156,0.000033,0.000107,0.000099,0.000059,0.000060,0.000077,0.000131,0.000037,-0.000142,-0.000058,0.000099,0.000029,-0.000137,-0.000247,-0.000270,-0.000198,-0.000064,-0.000108,-0.000131,-0.000027,0.000039,0.000031,-0.000006,-0.000065,-0.000002,0.000026,0.000049,-0.000059,-0.000171,-0.000183,-0.000094,-0.000048,-0.000069,-0.000111,0.000015,0.000098,0.000028,0.000000,0.000045,0.000111,
-0.009869,-0.008809,-0.007548,-0.003238,0.000496,0.001825,0.000014,-0.001887,-0.001822,-0.000905,0.000432,0.001249,0.001195,0.000974,0.000473,-0.000247,-0.000430,0.000013,0.000481,0.000774,0.001039,0.001012,0.000443,-0.000536,-0.001499,-0.001869,-0.001589,-0.000700,0.000060,-0.000069,-0.000494,-0.000854,-0.001217,-0.001272,-0.001046,-0.000699,-0.000313,-0.000077,-0.000182,-0.000621,-0.000798,-0.000423,0.000150,0.000502,0.000501,0.000324,0.000117,-0.000096,-0.000315,-0.000542,-0.000568,-0.000405,-0.000233,0.000028,0.000361,0.000520,0.000476,0.000473,0.000280,-0.000559,-0.001279,-0.001412,-0.001222,-0.000349,0.000809,0.001140,0.000892,0.000630,0.000232,-0.000331,-0.000703,-0.000666,-0.000192,0.000391,0.000557,0.000317,0.000013,-0.000244,-0.000292,-0.000088,0.000236,0.000386,0.000301,0.000385,0.000924,0.001403,0.001107,-0.000062,-0.001026,-0.001131,-0.000869,-0.000721,-0.000385,0.000037,0.000171,0.000353,0.000673,0.000749,0.000454,0.000130,-0.000099,-0.000242,-0.000288,-0.000217,-0.000082,0.000032,0.000166,0.000271,0.000153,-0.000031,-0.000067,-0.000012,0.000048,0.000035,0.000001,0.000041,-0.000035,-0.000211,-0.000234,-0.000158,-0.000167,-0.000178,-0.000129,-0.000135,-0.000028,0.000099,0.000168,0.000174,0.000203,0.000184,0.000060,-0.000076,-0.000113,-0.000089,-0.000115,-0.000042,0.000051,0.000116,0.031837,0.024988,0.019367,0.013001,0.008216,0.004451,0.001996,0.002381,0.003713,0.004360,0.003949,0.002707,0.001627,0.000694,-0.000115,-0.000096,0.000401,0.000500,0.000233,0.000017,-0.000227,-0.000414,-0.000322,-0.000056,0.000079,0.000064,-0.000116,-0.000686,-0.001463,-0.001747,-0.001337,-0.000629,0.000059,0.000482,0.000541,0.000477,0.000522,0.000709,0.000788,0.000566,0.000279,-0.000006,-0.000340,-0.000525,-0.000481,-0.000394,-0.000376,-0.000363,-0.000232,-0.000055,-0.000101,-0.000045,0.000314,0.000531,0.000399,0.000164,0.000274,0.000609,0.000463,-0.000138,-0.000221,0.000588,0.001515,0.001402,0.000033,-0.001196,-0.001399,-0.001314,-0.001392,-0.001448,-0.001122,-0.000342,0.000468,0.000558,-0.000106,-0.000777,-0.001035,-0.000757,-0.000269,0.000145,0.000278,0.000100,0.000055,0.000202,0.000198,-0.000209,-0.000899,-0.001635,-0.002018,-0.002027,-0.001570,-0.000450,0.000358,0.000359,0.000157,0.000093,0.000249,0.000287,0.000195,0.000093,-0.000036,-0.000015,0.000068,0.000134,0.000221,0.000152,0.000029,0.000037,0.000008,-0.000026,0.000002,-0.000085,-0.000118,-0.000003,-0.000026,-0.000097,-0.000094,-0.000078,-0.000000,0.000019,-0.000131,-0.000196,-0.000086,-0.000054,-0.000076,-0.000134,-0.000114,-0.000031,-0.000062,-0.000120,-0.000045,-0.000038,-0.000007,0.000230,0.000217,0.000036,-0.000020,-0.000087,
-0.008540,-0.007664,-0.006812,-0.002935,0.000494,0.001757,-0.000012,-0.001841,-0.001792,-0.000753,0.000660,0.001486,0.001458,0.001190,0.000604,-0.000209,-0.000473,-0.000068,0.000366,0.000737,0.001054,0.000977,0.000304,-0.000721,-0.001607,-0.002011,-0.001745,-0.000772,0.000098,0.000133,-0.000372,-0.000795,-0.001040,-0.001153,-0.000964,-0.000532,-0.000078,0.000113,-0.000211,-0.000896,-0.001058,-0.000515,0.000230,0.000631,0.000590,0.000298,-0.000053,-0.000227,-0.000329,-0.000568,-0.000644,-0.000428,-0.000182,0.000099,0.000479,0.000598,0.000468,0.000400,0.000241,-0.000408,-0.001108,-0.001177,-0.000769,0.000157,0.001178,0.001533,0.001302,0.000804,0.000103,-0.000561,-0.001027,-0.001106,-0.000644,-0.000003,0.000282,0.000216,0.000047,-0.000114,-0.000180,-0.000074,0.000090,0.000145,0.000114,0.000255,0.000797,0.001370,0.001234,0.000094,-0.001063,-0.001287,-0.001032,-0.000848,-0.000533,-0.000057,0.000233,0.000437,0.000612,0.000635,0.000488,0.000212,-0.000031,-0.000185,-0.000221,-0.000213,-0.000118,0.000144,0.000282,0.000253,0.000167,0.000078,0.000102,0.000088,-0.000021,-0.000126,-0.000059,0.000050,0.000065,-0.000011,-0.000099,-0.000129,-0.000099,-0.000003,0.000001,0.000010,0.000131,0.000240,0.000264,0.000214,0.000099,0.000036,0.000050,-0.000026,-0.000089,-0.000052,-0.000082,-0.000039,0.000071,0.000212,0.032042,0.024953,0.019351,0.012934,0.008059,0.004326,0.001870,0.002285,0.003641,0.004418,0.004118,0.002795,0.001646,0.000777,-0.000021,-0.000129,0.000395,0.000563,0.000286,0.000032,-0.000319,-0.000594,-0.000538,-0.000235,-0.000027,0.000044,-0.000079,-0.000545,-0.001329,-0.001762,-0.001352,-0.000681,-0.000092,0.000322,0.000470,0.000404,0.000530,0.000790,0.000703,0.000358,0.000088,-0.000009,-0.000182,-0.000370,-0.000400,-0.000407,-0.000391,-0.000283,-0.000140,-0.000139,-0.000203,-0.000150,0.000031,0.000330,0.000281,0.000030,0.000180,0.000562,0.000442,-0.000120,-0.000137,0.000737,0.001502,0.001004,-0.000538,-0.001580,-0.001476,-0.001256,-0.001346,-0.001475,-0.001319,-0.000680,0.000133,0.000380,-0.000168,-0.000779,-0.000911,-0.000641,-0.000176,0.000192,0.000291,0.000204,0.000150,0.000262,0.000217,-0.000247,-0.000992,-0.001670,-0.002001,-0.002094,-0.001559,-0.000436,0.000436,0.000513,0.000225,0.000257,0.000392,0.000301,0.000203,0.000077,0.000004,-0.000050,-0.000029,0.000121,0.000102,0.000124,0.000114,-0.000032,-0.000054,-0.000031,-0.000060,-0.000164,-0.000244,-0.000133,0.000016,-0.000017,-0.000043,-0.000006,-0.000056,-0.000061,-0.000006,0.000003,0.000075,0.000083,0.000000,-0.000114,-0.000179,-0.000108,0.000000,-0.000045,-0.000146,-0.000075,0.000009,-0.000009,0.000070,0.000086,0.000041,0.000051,
-0.007538,-0.006808,-0.006259,-0.002696,0.000507,0.001594,-0.000131,-0.001964,-0.001794,-0.000596,0.000775,0.001664,0.001616,0.001219,0.000605,-0.000237,-0.000505,-0.000113,0.000312,0.000731,0.001131,0.001099,0.000416,-0.000601,-0.001463,-0.001880,-0.001504,-0.000479,0.000229,0.000062,-0.000487,-0.000871,-0.001109,-0.001093,-0.000857,-0.000480,0.000002,0.000174,-0.000141,-0.000695,-0.000978,-0.000578,0.000109,0.000571,0.000632,0.000401,0.000191,0.000058,-0.000117,-0.000443,-0.000573,-0.000383,-0.000162,0.000093,0.000334,0.000491,0.000466,0.000323,0.000167,-0.000560,-0.001419,-0.001571,-0.001124,-0.000003,0.000993,0.001135,0.000858,0.000519,-0.000030,-0.000680,-0.001008,-0.000863,-0.000272,0.000425,0.000597,0.000289,0.000034,-0.000080,-0.000188,-0.000132,0.000129,0.000360,0.000421,0.000503,0.000890,0.001253,0.000883,-0.000226,-0.001097,-0.001203,-0.001049,-0.000852,-0.000492,0.000010,0.000268,0.000392,0.000631,0.000670,0.000561,0.000384,0.000162,0.000001,-0.000190,-0.000215,-0.000066,0.000093,0.000258,0.000331,0.000202,0.000112,0.000104,0.000044,-0.000014,0.000021,0.000048,0.000035,-0.000154,-0.000200,-0.000053,-0.000032,0.000033,0.000036,-0.000066,-0.000112,-0.000029,0.000044,0.000067,0.000210,0.000214,0.000088,0.000064,0.000012,-0.000115,-0.000103,-0.000021,0.000007,0.000007,0.000099,0.032010,0.024945,0.019403,0.013009,0.008116,0.004305,0.001889,0.002447,0.003815,0.004488,0.004087,0.002851,0.001737,0.000715,-0.000159,-0.000206,0.000275,0.000389,0.000200,-0.000033,-0.000266,-0.000381,-0.000363,-0.000175,-0.000006,-0.000049,-0.000044,-0.000304,-0.001064,-0.001471,-0.001181,-0.000649,-0.000007,0.000537,0.000651,0.000551,0.000545,0.000641,0.000590,0.000360,0.000164,-0.000121,-0.000333,-0.000317,-0.000365,-0.000462,-0.000485,-0.000359,-0.000221,-0.000134,-0.000064,-0.000057,0.000055,0.000266,0.000355,0.000318,0.000369,0.000611,0.000502,0.000019,-0.000046,0.000897,0.001736,0.001112,-0.000580,-0.001770,-0.001708,-0.001290,-0.001247,-0.001308,-0.000891,-0.000244,0.000226,0.000376,-0.000011,-0.000546,-0.000796,-0.000582,-0.000131,0.000218,0.000314,0.000084,-0.000053,0.000121,0.000153,-0.000229,-0.000916,-0.001755,-0.002193,-0.001990,-0.001312,-0.000319,0.000390,0.000326,0.000042,0.000099,0.000380,0.000502,0.000493,0.000351,0.000056,-0.000046,0.000025,0.000084,0.000030,-0.000116,-0.000114,0.000023,0.000138,0.000098,-0.000043,-0.000232,-0.000292,-0.000199,-0.000185,-0.000137,-0.000065,-0.000096,-0.000077,-0.000009,0.000024,0.000026,0.000021,0.000003,-0.000021,-0.000058,-0.000133,-0.000146,-0.000075,-0.000044,-0.000174,-0.000165,-0.000030,0.000106,0.000067,-0.000026,-0.000087,-0.000152,
-0.006344,-0.005715,-0.005629,-0.002518,0.000539,0.001634,-0.000084,-0.001835,-0.001756,-0.000663,0.000799,0.001715,0.001722,0.001299,0.000701,-0.000022,-0.000297,-0.000075,0.000286,0.000694,0.000998,0.000943,0.000329,-0.000603,-0.001539,-0.002043,-0.001710,-0.000721,0.000085,0.000185,-0.000205,-0.000794,-0.001100,-0.000977,-0.000815,-0.000555,-0.000054,0.000210,-0.000023,-0.000664,-0.000940,-0.000532,0.000130,0.000535,0.000511,0.000259,0.000100,0.000008,-0.000130,-0.000307,-0.000478,-0.000537,-0.000352,-0.000010,0.000317,0.000460,0.000415,0.000369,0.000164,-0.000563,-0.001303,-0.001527,-0.001192,0.000009,0.001591,0.002100,0.001507,0.000750,0.000020,-0.000540,-0.000783,-0.000720,-0.000271,0.000358,0.000431,0.000024,-0.000273,-0.000397,-0.000334,-0.000090,0.000224,0.000415,0.000414,0.000560,0.000910,0.001216,0.000925,-0.000180,-0.001245,-0.001377,-0.001011,-0.000682,-0.000258,0.000154,0.000287,0.000298,0.000481,0.000621,0.000434,0.000177,0.000024,-0.000073,-0.000151,-0.000193,-0.000094,0.000097,0.000200,0.000191,0.000127,0.000061,-0.000008,-0.000053,-0.000029,-0.000036,0.000023,0.000068,-0.000088,-0.000269,-0.000233,-0.000140,-0.000086,-0.000135,-0.000234,-0.000139,0.000024,0.000127,0.000164,0.000167,0.000036,-0.000041,-0.000019,-0.000092,-0.000126,-0.000119,-0.000112,-0.000009,0.000137,0.000132,0.031856,0.024692,0.019188,0.012947,0.008000,0.004122,0.001823,0.002336,0.003730,0.004553,0.004138,0.002790,0.001603,0.000533,-0.000295,-0.000281,0.000217,0.000375,0.000227,0.000094,-0.000150,-0.000403,-0.000342,-0.000145,-0.000024,0.000031,0.000065,-0.000252,-0.001098,-0.001679,-0.001459,-0.000857,-0.000205,0.000360,0.000467,0.000326,0.000455,0.000714,0.000838,0.000695,0.000360,-0.000001,-0.000288,-0.000453,-0.000501,-0.000479,-0.000409,-0.000265,-0.000107,-0.000036,-0.000058,-0.000031,0.000174,0.000345,0.000295,0.000109,0.000257,0.000678,0.000472,-0.000181,-0.000324,0.000326,0.001184,0.000994,-0.000550,-0.002016,-0.002290,-0.002027,-0.001825,-0.001733,-0.001451,-0.000621,0.000207,0.000294,-0.000252,-0.000766,-0.000896,-0.000567,0.000036,0.000429,0.000294,0.000033,0.000104,0.000262,0.000154,-0.000371,-0.001121,-0.001751,-0.002164,-0.002127,-0.001441,-0.000201,0.000668,0.000628,0.000331,0.000293,0.000373,0.000364,0.000250,0.000107,-0.000007,-0.000133,-0.000099,0.000034,0.000109,0.000103,0.000008,-0.000091,-0.000101,-0.000035,-0.000059,-0.000250,-0.000244,-0.000108,-0.000120,-0.000143,-0.000033,0.000071,0.000032,-0.000038,-0.000082,-0.000104,-0.000054,0.000006,0.000026,-0.000052,-0.000116,-0.000167,-0.000193,-0.000147,-0.000123,-0.000158,-0.000189,-0.000047,0.000010,0.000020,0.000017,-0.000075,
-0.005546,-0.004949,-0.005183,-0.002455,0.000505,0.001664,-0.000120,-0.001879,-0.001648,-0.000474,0.001083,0.002045,0.001826,0.001308,0.000631,-0.000081,-0.000254,-0.000037,0.000250,0.000537,0.000905,0.000934,0.000313,-0.000630,-0.001463,-0.001859,-0.001620,-0.000837,-0.000130,-0.000070,-0.000525,-0.000931,-0.001174,-0.001075,-0.000806,-0.000530,-0.000216,0.000047,-0.000021,-0.000581,-0.000809,-0.000468,0.000008,0.000391,0.000497,0.000270,0.000000,-0.000074,-0.000227,-0.000443,-0.000539,-0.000418,-0.000184,0.000181,0.000511,0.000515,0.000391,0.000466,0.000297,-0.000424,-0.001027,-0.001044,-0.000535,0.000225,0.000779,0.001002,0.000972,0.000634,0.000051,-0.000522,-0.000737,-0.000687,-0.000277,0.000449,0.000651,0.000301,-0.000020,-0.000307,-0.000402,-0.000165,0.000193,0.000374,0.000358,0.000536,0.000994,0.001470,0.001212,-0.000091,-0.001265,-0.001543,-0.001204,-0.000751,-0.000353,0.000063,0.000216,0.000312,0.000553,0.000575,0.000327,0.000084,-0.000035,-0.000121,-0.000182,-0.000172,-0.000113,0.000017,0.000200,0.000262,0.000123,0.000013,-0.000012,0.000068,0.000092,0.000137,0.000198,0.000100,-0.000069,-0.000165,-0.000150,-0.000103,-0.000064,-0.000038,-0.000033,-0.000118,-0.000138,-0.000018,0.000057,0.000020,-0.000015,0.000052,0.000001,-0.000171,-0.000225,-0.000167,-0.000010,0.000130,0.000185,0.000157,0.031607,0.024429,0.019043,0.012893,0.007928,0.004018,0.001766,0.002367,0.003780,0.004617,0.004240,0.002814,0.001500,0.000381,-0.000350,-0.000311,0.000154,0.000373,0.000257,0.000016,-0.000288,-0.000431,-0.000359,-0.000111,0.000055,0.000021,-0.000034,-0.000464,-0.001276,-0.001664,-0.001261,-0.000608,-0.000062,0.000398,0.000465,0.000371,0.000531,0.000731,0.000720,0.000474,0.000299,0.000167,-0.000163,-0.000384,-0.000434,-0.000405,-0.000327,-0.000194,-0.000104,-0.000045,-0.000011,-0.000017,0.000184,0.000428,0.000338,0.000111,0.000231,0.000508,0.000304,-0.000106,0.000202,0.001176,0.001695,0.001084,-0.000267,-0.001282,-0.001521,-0.001520,-0.001521,-0.001533,-0.001292,-0.000659,0.000145,0.000333,-0.000269,-0.000824,-0.000919,-0.000520,0.000040,0.000348,0.000320,0.000158,0.000033,0.000123,0.000236,-0.000106,-0.000831,-0.001631,-0.002115,-0.002098,-0.001519,-0.000380,0.000508,0.000510,0.000251,0.000243,0.000278,0.000184,0.000089,0.000051,-0.000013,-0.000033,0.000050,0.000121,0.000193,0.000138,0.000004,-0.000072,-0.000102,-0.000034,-0.000044,-0.000224,-0.000233,-0.000065,0.000003,0.000008,-0.000022,-0.000066,-0.000091,-0.000069,0.000022,0.000076,0.000018,-0.000006,-0.000055,-0.000164,-0.000200,-0.000132,-0.000073,-0.000127,-0.000176,-0.000155,-0.000137,-0.000014,0.000073,0.000096,0.000083,0.000021,
-0.006264,-0.005438,-0.005625,-0.002749,0.000279,0.001427,-0.000347,-0.002069,-0.001815,-0.000643,0.000883,0.001893,0.001705,0.001191,0.000718,-0.000014,-0.000326,0.000064,0.000390,0.000643,0.000944,0.000992,0.000341,-0.000740,-0.001625,-0.001940,-0.001567,-0.000693,-0.000059,-0.000133,-0.000505,-0.000856,-0.001117,-0.001096,-0.000852,-0.000555,-0.000247,-0.000129,-0.000281,-0.000781,-0.000909,-0.000410,0.000184,0.000413,0.000400,0.000220,-0.000003,-0.000030,-0.000186,-0.000399,-0.000532,-0.000496,-0.000271,0.000055,0.000342,0.000364,0.000285,0.000292,0.000213,-0.000508,-0.001524,-0.001841,-0.001237,0.000116,0.001294,0.001413,0.001017,0.000776,0.000374,-0.000233,-0.000590,-0.000564,-0.000178,0.000360,0.000648,0.000477,0.000061,-0.000275,-0.000373,-0.000238,-0.000080,0.000162,0.000253,0.000396,0.000974,0.001416,0.001034,-0.000155,-0.001143,-0.001147,-0.000808,-0.000660,-0.000388,-0.000037,0.000171,0.000333,0.000553,0.000707,0.000503,0.000185,0.000029,-0.000108,-0.000237,-0.000225,-0.000082,0.000061,0.000184,0.000261,0.000294,0.000204,0.000009,-0.000017,-0.000050,-0.000124,0.000012,0.000113,-0.000031,-0.000148,-0.000135,-0.000160,-0.000155,-0.000045,-0.000043,-0.000024,0.000089,0.000178,0.000244,0.000235,0.000191,0.000097,0.000026,-0.000032,-0.000041,0.000037,0.000001,0.000033,0.000234,0.000252,0.031477,0.024194,0.018791,0.012826,0.008081,0.004190,0.001755,0.002386,0.003911,0.004653,0.004295,0.002844,0.001491,0.000368,-0.000476,-0.000439,0.000101,0.000322,0.000204,-0.000020,-0.000335,-0.000545,-0.000440,-0.000083,-0.000028,-0.000153,-0.000292,-0.000764,-0.001456,-0.001709,-0.001157,-0.000316,0.000428,0.000781,0.000542,0.000093,0.000067,0.000453,0.000630,0.000457,0.000200,-0.000013,-0.000321,-0.000531,-0.000422,-0.000382,-0.000417,-0.000328,-0.000159,0.000008,0.000064,-0.000051,0.000004,0.000303,0.000295,0.000126,0.000359,0.000790,0.000492,-0.000157,-0.000126,0.000923,0.001893,0.001282,-0.000564,-0.001820,-0.001778,-0.001412,-0.001403,-0.001510,-0.001213,-0.000544,0.000121,0.000242,-0.000223,-0.000741,-0.000983,-0.000700,-0.000101,0.000376,0.000353,0.000040,-0.000006,0.000241,0.000257,-0.000249,-0.001045,-0.001802,-0.002183,-0.002106,-0.001559,-0.000499,0.000362,0.000456,0.000153,0.000131,0.000306,0.000383,0.000292,0.000157,0.000054,0.000031,0.000094,0.000147,0.000161,0.000124,0.000048,0.000061,0.000052,0.000002,-0.000132,-0.000273,-0.000239,-0.000092,-0.000082,-0.000118,-0.000167,-0.000183,-0.000045,0.000127,0.000075,-0.000019,0.000011,0.000059,-0.000000,-0.000155,-0.000166,-0.000018,0.000016,-0.000151,-0.000210,-0.000028,0.000089,0.000051,0.000025,-0.000021,-0.000025,-0.000077,
-0.005301,-0.004499,-0.005013,-0.002570,0.000358,0.001372,-0.000386,-0.001999,-0.001809,-0.000559,0.001137,0.002101,0.001901,0.001440,0.000799,0.000002,-0.000266,-0.000005,0.000272,0.000564,0.000916,0.000998,0.000494,-0.000528,-0.001500,-0.001971,-0.001716,-0.000764,0.000067,-0.000031,-0.000602,-0.001030,-0.001187,-0.001002,-0.000799,-0.000644,-0.000219,0.000041,-0.000222,-0.000750,-0.000959,-0.000425,0.000260,0.000620,0.000643,0.000400,0.000079,-0.000232,-0.000419,-0.000605,-0.000707,-0.000589,-0.000264,0.000079,0.000412,0.000534,0.000393,0.000375,0.000252,-0.000411,-0.001248,-0.001521,-0.001106,-0.000019,0.001119,0.001492,0.001243,0.000917,0.000319,-0.000371,-0.000719,-0.000623,-0.000176,0.000390,0.000628,0.000319,-0.000057,-0.000233,-0.000338,-0.000268,0.000042,0.000259,0.000238,0.000473,0.000959,0.001300,0.001014,-0.000138,-0.001141,-0.001198,-0.000855,-0.000656,-0.000339,0.000098,0.000231,0.000289,0.000550,0.000618,0.000435,0.000238,0.000039,-0.000088,-0.000149,-0.000155,-0.000039,0.000127,0.000172,0.000240,0.000267,0.000180,-0.000021,-0.000031,0.000051,0.000089,0.000161,0.000164,0.000019,-0.000159,-0.000208,-0.000157,-0.000106,-0.000122,-0.000062,-0.000064,-0.000069,0.000096,0.000137,0.000053,-0.000009,-0.000059,0.000002,0.000057,-0.000023,-0.000074,-0.000036,0.000030,0.000108,0.000087,0.031683,0.024164,0.018705,0.012797,0.008043,0.004201,0.001899,0.002480,0.003803,0.004490,0.004141,0.002819,0.001532,0.000382,-0.000428,-0.000361,0.000211,0.000412,0.000205,0.000052,-0.000253,-0.000560,-0.000463,-0.000082,0.000091,-0.000056,-0.000217,-0.000648,-0.001401,-0.001692,-0.001183,-0.000383,0.000344,0.000703,0.000621,0.000394,0.000399,0.000677,0.000796,0.000503,0.000239,-0.000034,-0.000495,-0.000654,-0.000514,-0.000378,-0.000288,-0.000178,-0.000021,0.000070,0.000069,0.000033,0.000178,0.000398,0.000323,0.000117,0.000256,0.000687,0.000543,-0.000123,-0.000271,0.000667,0.001643,0.001497,0.000090,-0.001135,-0.001229,-0.001223,-0.001412,-0.001444,-0.001205,-0.000542,0.000230,0.000327,-0.000180,-0.000725,-0.000956,-0.000723,-0.000109,0.000294,0.000185,-0.000025,-0.000121,-0.000059,0.000130,-0.000084,-0.000894,-0.001653,-0.002085,-0.002116,-0.001477,-0.000355,0.000402,0.000484,0.000285,0.000306,0.000405,0.000293,0.000113,0.000030,-0.000076,-0.000119,0.000130,0.000414,0.000405,0.000257,0.000092,-0.000034,0.000041,0.000151,0.000017,-0.000161,-0.000205,-0.000220,-0.000170,-0.000123,-0.000065,0.000013,0.000000,-0.000023,-0.000005,-0.000036,0.000032,0.000055,-0.000070,-0.000125,-0.000088,0.000003,0.000015,-0.000156,-0.000204,-0.000045,0.000074,0.000062,0.000063,0.000108,0.000060,-0.000060,
-0.004788,-0.003994,-0.004857,-0.002618,0.000171,0.001268,-0.000469,-0.002125,-0.001861,-0.000538,0.001092,0.002012,0.001852,0.001425,0.000878,0.000071,-0.000346,-0.000204,0.000158,0.000688,0.001167,0.001149,0.000476,-0.000695,-0.001729,-0.002044,-0.001604,-0.000675,0.000102,0.000073,-0.000449,-0.000909,-0.001155,-0.001034,-0.000804,-0.000466,0.000086,0.000312,-0.000130,-0.000765,-0.001036,-0.000679,0.000031,0.000468,0.000527,0.000194,-0.000063,-0.000193,-0.000313,-0.000472,-0.000563,-0.000431,-0.000197,0.000092,0.000370,0.000455,0.000394,0.000388,0.000241,-0.000392,-0.001119,-0.001344,-0.001085,-0.000218,0.000835,0.001215,0.001010,0.000589,0.000074,-0.000386,-0.000738,-0.000999,-0.000578,0.000239,0.000522,0.000274,0.000017,-0.000128,-0.000240,-0.000064,0.000223,0.000286,0.000297,0.000550,0.001052,0.001474,0.001213,0.000039,-0.001013,-0.001239,-0.000982,-0.000650,-0.000270,0.000119,0.000273,0.000423,0.000659,0.000760,0.000522,0.000195,0.000041,-0.000115,-0.000237,-0.000189,-0.000112,0.000059,0.000182,0.000226,0.000156,0.000004,-0.000028,0.000055,0.000139,0.000165,0.000089,-0.000019,-0.000006,-0.000013,-0.000075,-0.000058,-0.000064,-0.000071,-0.000010,0.000033,0.000090,0.000142,0.000131,0.000180,0.000205,0.000082,-0.000116,-0.000081,-0.000003,-0.000103,-0.000093,0.000077,0.000242,0.000218,0.031782,0.024165,0.018528,0.012729,0.008178,0.004304,0.001912,0.002437,0.003695,0.004487,0.004344,0.002993,0.001600,0.000363,-0.000486,-0.000492,0.000048,0.000336,0.000162,-0.000068,-0.000342,-0.000488,-0.000348,-0.000099,0.000019,-0.000053,-0.000181,-0.000633,-0.001416,-0.001769,-0.001392,-0.000762,-0.000177,0.000271,0.000457,0.000427,0.000418,0.000582,0.000588,0.000340,0.000087,-0.000188,-0.000514,-0.000630,-0.000488,-0.000546,-0.000637,-0.000455,-0.000167,-0.000033,-0.000005,0.000028,0.000122,0.000185,0.000129,0.000013,0.000169,0.000540,0.000487,-0.000037,-0.000155,0.000683,0.001482,0.001027,-0.000337,-0.001342,-0.001524,-0.001455,-0.001537,-0.001639,-0.001266,-0.000471,0.000214,0.000258,-0.000372,-0.001044,-0.001077,-0.000653,-0.000117,0.000278,0.000249,0.000057,0.000092,0.000223,0.000229,-0.000162,-0.000904,-0.001590,-0.002045,-0.002085,-0.001517,-0.000389,0.000401,0.000458,0.000206,0.000123,0.000267,0.000289,0.000202,0.000076,-0.000078,-0.000080,0.000053,0.000196,0.000149,0.000086,0.000041,-0.000028,0.000018,0.000121,-0.000002,-0.000221,-0.000210,-0.000111,-0.000053,-0.000017,-0.000116,-0.000207,-0.000076,0.000073,0.000019,-0.000078,-0.000132,-0.000217,-0.000147,-0.000071,-0.000036,-0.000026,0.000037,0.000128,0.000127,0.000025,-0.000061,-0.000047,0.000084,0.000192,0.000158,0.000082,
-0.004572,-0.003565,-0.004379,-0.002368,0.000177,0.001206,-0.000483,-0.002096,-0.001845,-0.000555,0.001145,0.002136,0.001922,0.001435,0.000860,0.000081,-0.000255,-0.000101,0.000124,0.000520,0.000967,0.000940,0.000393,-0.000632,-0.001622,-0.001940,-0.001609,-0.000656,0.000152,0.000031,-0.000461,-0.000721,-0.000964,-0.001007,-0.000838,-0.000522,0.000037,0.000193,-0.000207,-0.000810,-0.001036,-0.000630,-0.000074,0.000247,0.000394,0.000275,0.000004,-0.000225,-0.000413,-0.000516,-0.000629,-0.000621,-0.000376,-0.000012,0.000375,0.000634,0.000478,0.000216,-0.000027,-0.000572,-0.001268,-0.001453,-0.000919,0.000095,0.001112,0.001536,0.001358,0.000806,0.000002,-0.000732,-0.001105,-0.001050,-0.000567,0.000085,0.000389,0.000176,-0.000089,-0.000164,-0.000109,0.000032,0.000165,0.000193,0.000178,0.000521,0.001132,0.001432,0.001050,-0.000035,-0.000936,-0.001086,-0.000993,-0.000843,-0.000386,0.000124,0.000403,0.000551,0.000682,0.000735,0.000522,0.000246,0.000028,-0.000099,-0.000085,-0.000055,0.000049,0.000147,0.000144,0.000184,0.000203,0.000091,0.000014,-0.000033,-0.000100,0.000045,0.000200,0.000095,0.000001,-0.000054,-0.000142,-0.000068,0.000070,0.000080,0.000006,0.000046,0.000190,0.000273,0.000201,0.000097,0.000117,0.000085,-0.000007,0.000027,0.000093,0.000059,0.000034,0.000135,0.000202,0.000188,0.031703,0.024240,0.018726,0.012863,0.008069,0.004078,0.001798,0.002563,0.004013,0.004653,0.004161,0.002722,0.001375,0.000298,-0.000574,-0.000735,-0.000175,0.000143,0.000016,-0.000097,-0.000329,-0.000610,-0.000557,-0.000185,-0.000080,-0.000043,0.000069,-0.000279,-0.001038,-0.001509,-0.001281,-0.000667,-0.000138,0.000226,0.000476,0.000495,0.000540,0.000676,0.000627,0.000357,0.000045,-0.000212,-0.000455,-0.000528,-0.000485,-0.000487,-0.000480,-0.000390,-0.000196,-0.000042,-0.000006,0.000029,0.000144,0.000331,0.000259,0.000084,0.000260,0.000570,0.000418,-0.000052,0.000095,0.001052,0.001772,0.001091,-0.000477,-0.001479,-0.001529,-0.001363,-0.001385,-0.001395,-0.001145,-0.000514,0.000246,0.000452,-0.000069,-0.000683,-0.000921,-0.000637,-0.000059,0.000309,0.000257,0.000098,0.000054,0.000079,0.000060,-0.000289,-0.000982,-0.001678,-0.002031,-0.001955,-0.001510,-0.000524,0.000307,0.000398,0.000275,0.000291,0.000392,0.000339,0.000227,0.000172,0.000041,-0.000051,0.000000,0.000058,0.000144,0.000114,0.000002,-0.000034,0.000002,0.000012,0.000023,-0.000001,-0.000079,-0.000137,-0.000041,0.000056,0.000017,0.000051,0.000055,-0.000008,-0.000012,0.000025,0.000057,0.000098,0.000093,-0.000042,-0.000122,-0.000088,0.000011,0.000076,0.000061,0.000009,0.000030,0.000044,-0.000101,-0.000132,0.000031,0.000093,
-0.003475,-0.002665,-0.003822,-0.002055,0.000391,0.001356,-0.000311,-0.001890,-0.001636,-0.000405,0.001219,0.002141,0.001901,0.001407,0.000782,-0.000006,-0.000299,-0.000085,0.000202,0.000549,0.000993,0.001019,0.000475,-0.000587,-0.001617,-0.001959,-0.001584,-0.000652,0.000188,0.000069,-0.000527,-0.000997,-0.001247,-0.001206,-0.000929,-0.000496,-0.000040,0.000178,-0.000110,-0.000719,-0.001026,-0.000624,0.000073,0.000534,0.000600,0.000314,0.000035,-0.000086,-0.000341,-0.000544,-0.000545,-0.000423,-0.000115,0.000273,0.000521,0.000513,0.000406,0.000299,0.000197,-0.000407,-0.001274,-0.001630,-0.001353,-0.000127,0.001361,0.001623,0.000972,0.000415,-0.000209,-0.000804,-0.000915,-0.000682,-0.000147,0.000307,0.000293,0.000149,-0.000012,-0.000199,-0.000314,-0.000264,0.000042,0.000330,0.000411,0.000557,0.000942,0.001287,0.000934,-0.000279,-0.001291,-0.001371,-0.001061,-0.000800,-0.000421,-0.000001,0.000175,0.000319,0.000578,0.000705,0.000512,0.000227,0.000059,-0.000097,-0.000198,-0.000043,0.000164,0.000212,0.000229,0.000203,0.000074,-0.000102,-0.000126,-0.000039,0.000088,0.000155,0.000059,-0.000092,-0.000196,-0.000146,-0.000017,0.000002,-0.000073,-0.000067,0.000007,0.000009,0.000130,0.000264,0.000227,0.000121,0.000125,0.000146,-0.000018,-0.000161,-0.000144,-0.000148,-0.000079,0.000046,0.000116,0.000061,0.031931,0.024593,0.019136,0.013121,0.008307,0.004380,0.002080,0.002718,0.003965,0.004605,0.004343,0.002869,0.001336,0.000213,-0.000553,-0.000541,0.000064,0.000246,0.000029,-0.000084,-0.000257,-0.000472,-0.000407,-0.000106,0.000119,0.000144,0.000002,-0.000370,-0.001171,-0.001641,-0.001357,-0.000741,-0.000092,0.000429,0.000657,0.000582,0.000551,0.000681,0.000668,0.000437,0.000174,-0.000162,-0.000527,-0.000581,-0.000433,-0.000364,-0.000479,-0.000449,-0.000165,-0.000042,0.000011,-0.000006,0.000109,0.000358,0.000256,0.000024,0.000185,0.000546,0.000441,-0.000134,-0.000329,0.000505,0.001519,0.001177,-0.000639,-0.002114,-0.002136,-0.001761,-0.001634,-0.001635,-0.001327,-0.000556,0.000108,0.000170,-0.000319,-0.000776,-0.000913,-0.000724,-0.000244,0.000185,0.000201,0.000022,-0.000028,0.000089,0.000081,-0.000360,-0.001065,-0.001701,-0.002081,-0.002031,-0.001400,-0.000232,0.000512,0.000468,0.000243,0.000199,0.000360,0.000436,0.000241,0.000020,-0.000116,-0.000068,0.000070,0.000083,-0.000030,-0.000112,-0.000067,-0.000000,0.000017,-0.000076,-0.000204,-0.000228,-0.000161,-0.000067,-0.000065,-0.000064,0.000056,0.000090,0.000055,0.000129,0.000093,-0.000032,-0.000111,-0.000119,-0.000160,-0.000256,-0.000168,-0.000153,-0.000202,-0.000047,-0.000030,-0.000101,-0.000054,0.000007,-0.000014,0.000023,0.000111,0.000107,
-0.003524,-0.002869,-0.003935,-0.002177,0.000330,0.001346,-0.000349,-0.001958,-0.001711,-0.000374,0.001404,0.002371,0.002121,0.001559,0.000883,0.000071,-0.000339,-0.000315,-0.000058,0.000452,0.001009,0.001020,0.000357,-0.000659,-0.001583,-0.001950,-0.001520,-0.000552,0.000143,0.000021,-0.000505,-0.000875,-0.001023,-0.001058,-0.000930,-0.000501,-0.000054,0.000125,-0.000130,-0.000697,-0.000790,-0.000261,0.000293,0.000631,0.000567,0.000246,0.000086,-0.000014,-0.000200,-0.000352,-0.000419,-0.000396,-0.000204,0.000200,0.000529,0.000553,0.000422,0.000350,0.000177,-0.000388,-0.000861,-0.000832,-0.000562,0.000139,0.001130,0.001593,0.001342,0.000742,0.000161,-0.000305,-0.000626,-0.000749,-0.000389,0.000325,0.000635,0.000289,-0.000196,-0.000395,-0.000328,-0.000119,0.000160,0.000290,0.000297,0.000460,0.001000,0.001499,0.001190,-0.000022,-0.001128,-0.001305,-0.001024,-0.000831,-0.000558,-0.000088,0.000277,0.000429,0.000490,0.000553,0.000422,0.000093,-0.000092,-0.000207,-0.000324,-0.000323,-0.000063,0.000201,0.000222,0.000165,0.000110,-0.000019,0.000019,0.000094,0.000009,0.000037,0.000090,0.000057,-0.000062,-0.000148,-0.000174,-0.000123,-0.000100,-0.000117,-0.000043,0.000057,0.000065,0.000079,0.000175,0.000204,0.000112,0.000051,-0.000036,-0.000079,-0.000037,-0.000033,-0.000002,0.000100,0.000064,0.000066,0.032190,0.025009,0.019397,0.013181,0.008224,0.004080,0.001715,0.002578,0.004031,0.004653,0.004348,0.002963,0.001481,0.000160,-0.000736,-0.000726,-0.000106,0.000160,0.000043,0.000001,-0.000239,-0.000546,-0.000540,-0.000255,0.000006,0.000007,-0.000005,-0.000368,-0.001177,-0.001574,-0.001270,-0.000684,-0.000109,0.000396,0.000569,0.000510,0.000593,0.000704,0.000668,0.000420,0.000324,0.000130,-0.000314,-0.000461,-0.000516,-0.000574,-0.000448,-0.000304,-0.000168,-0.000046,-0.000010,0.000084,0.000242,0.000314,0.000155,-0.000064,0.000189,0.000629,0.000393,-0.000276,-0.000341,0.000445,0.001173,0.000964,-0.000206,-0.001222,-0.001367,-0.001367,-0.001496,-0.001547,-0.001357,-0.000703,0.000098,0.000317,-0.000162,-0.000674,-0.000852,-0.000774,-0.000290,0.000327,0.000430,0.000173,0.000054,0.000215,0.000242,-0.000226,-0.001032,-0.001814,-0.002204,-0.002079,-0.001378,-0.000245,0.000558,0.000484,0.000135,0.000135,0.000291,0.000245,0.000031,-0.000031,-0.000074,-0.000102,-0.000002,0.000141,0.000263,0.000217,0.000042,-0.000052,-0.000002,-0.000018,-0.000116,-0.000099,-0.000021,-0.000090,-0.000161,-0.000028,-0.000044,-0.000099,-0.000087,-0.000057,-0.000063,-0.000119,-0.000023,-0.000006,-0.000078,-0.000187,-0.000260,-0.000142,-0.000098,-0.000070,-0.000065,-0.000066,0.000032,0.000089,0.000007,-0.000009,0.000014,-0.000133,
-0.005065,-0.004208,-0.005051,-0.002858,-0.000128,0.001158,-0.000318,-0.001989,-0.001820,-0.000502,0.001258,0.002283,0.002169,0.001687,0.001012,0.000187,-0.000216,-0.000163,0.000149,0.000612,0.001086,0.001064,0.000395,-0.000617,-0.001555,-0.001837,-0.001457,-0.000654,-0.000001,-0.000094,-0.000529,-0.000918,-0.001180,-0.001202,-0.000948,-0.000661,-0.000301,0.000067,-0.000102,-0.000692,-0.000956,-0.000463,0.000219,0.000465,0.000421,0.000209,-0.000015,-0.000067,-0.000114,-0.000423,-0.000627,-0.000558,-0.000290,0.000015,0.000334,0.000475,0.000415,0.000513,0.000340,-0.000585,-0.001409,-0.001462,-0.000906,0.000134,0.001052,0.001233,0.000942,0.000644,0.000158,-0.000381,-0.000657,-0.000664,-0.000335,0.000285,0.000632,0.000470,0.000007,-0.000318,-0.000395,-0.000227,0.000078,0.000257,0.000266,0.000490,0.000990,0.001328,0.001004,-0.000047,-0.000931,-0.001005,-0.000745,-0.000639,-0.000362,0.000045,0.000247,0.000324,0.000546,0.000656,0.000518,0.000324,0.000087,-0.000169,-0.000323,-0.000242,-0.000060,0.000043,0.000067,0.000099,0.000125,-0.000011,-0.000102,-0.000017,0.000016,0.000024,0.000057,0.000040,0.000010,-0.000138,-0.000266,-0.000274,-0.000140,-0.000000,-0.000019,-0.000005,0.000045,0.000098,0.000112,0.000027,0.000018,0.000073,0.000095,0.000020,-0.000012,-0.000071,-0.000080,0.000064,0.000216,0.000164,0.032189,0.025047,0.019507,0.013392,0.008520,0.004399,0.001816,0.002379,0.003899,0.004700,0.004409,0.003011,0.001463,0.000215,-0.000617,-0.000700,-0.000196,0.000123,0.000059,-0.000029,-0.000184,-0.000309,-0.000335,-0.000177,-0.000027,-0.000046,-0.000203,-0.000721,-0.001561,-0.001833,-0.001271,-0.000528,0.000114,0.000523,0.000564,0.000363,0.000296,0.000509,0.000607,0.000410,0.000272,0.000041,-0.000448,-0.000659,-0.000595,-0.000500,-0.000369,-0.000218,-0.000102,-0.000002,-0.000017,-0.000052,0.000115,0.000299,0.000209,0.000088,0.000256,0.000604,0.000483,0.000008,0.000103,0.001099,0.001960,0.001244,-0.000720,-0.001901,-0.001774,-0.001432,-0.001417,-0.001494,-0.001178,-0.000567,0.000109,0.000283,-0.000179,-0.000669,-0.000951,-0.000672,-0.000197,0.000092,0.000210,0.000150,0.000119,0.000220,0.000249,-0.000202,-0.001030,-0.001782,-0.002164,-0.002038,-0.001382,-0.000342,0.000436,0.000450,0.000159,0.000144,0.000265,0.000250,0.000145,0.000127,0.000008,-0.000148,-0.000148,-0.000045,0.000103,0.000215,0.000218,0.000013,-0.000105,0.000007,-0.000043,-0.000184,-0.000270,-0.000223,-0.000046,-0.000085,-0.000222,-0.000087,0.000080,0.000072,0.000035,0.000036,0.000051,0.000004,-0.000040,-0.000166,-0.000180,-0.000099,-0.000125,-0.000123,-0.000094,-0.000057,-0.000031,-0.000002,0.000038,0.000024,0.000034,0.000050,
-0.005554,-0.004789,-0.005504,-0.003046,-0.000045,0.001307,-0.000256,-0.002038,-0.001953,-0.000575,0.001276,0.002298,0.002165,0.001597,0.000917,0.000143,-0.000182,-0.000074,0.000122,0.000498,0.000924,0.000977,0.000354,-0.000690,-0.001584,-0.001892,-0.001586,-0.000767,0.000050,0.000044,-0.000632,-0.001179,-0.001402,-0.001232,-0.000803,-0.000429,-0.000185,-0.000117,-0.000326,-0.000657,-0.000802,-0.000425,0.000213,0.000556,0.000498,0.000151,-0.000163,-0.000302,-0.000381,-0.000505,-0.000648,-0.000504,-0.000205,0.000178,0.000512,0.000504,0.000300,0.000285,0.000183,-0.000614,-0.001511,-0.001703,-0.001210,0.000091,0.001374,0.001666,0.001284,0.000865,0.000329,-0.000214,-0.000569,-0.000676,-0.000290,0.000374,0.000591,0.000339,0.000042,-0.000124,-0.000303,-0.000245,0.000053,0.000164,0.000136,0.000330,0.000892,0.001318,0.001026,-0.000095,-0.001062,-0.001142,-0.000872,-0.000716,-0.000488,-0.000061,0.000203,0.000341,0.000586,0.000726,0.000549,0.000287,0.000061,-0.000127,-0.000253,-0.000261,-0.000081,0.000063,0.000100,0.000191,0.000223,0.000144,-0.000044,-0.000169,-0.000139,-0.000013,0.000158,0.000264,0.000061,-0.000218,-0.000176,-0.000017,-0.000013,-0.000014,-0.000097,-0.000145,-0.000024,0.000126,0.000163,0.000162,0.000141,0.000021,-0.000085,-0.000128,-0.000184,-0.000162,-0.000083,-0.000019,0.000131,0.000217,0.032276,0.025183,0.019616,0.013476,0.008583,0.004439,0.001779,0.002416,0.003867,0.004575,0.004355,0.003064,0.001595,0.000353,-0.000549,-0.000729,-0.000351,-0.000077,-0.000051,-0.000041,-0.000200,-0.000414,-0.000501,-0.000254,-0.000055,-0.000076,-0.000270,-0.000815,-0.001511,-0.001682,-0.001000,0.000095,0.000981,0.001155,0.000756,0.000317,0.000179,0.000417,0.000662,0.000487,0.000198,-0.000025,-0.000394,-0.000562,-0.000424,-0.000398,-0.000350,-0.000206,-0.000138,-0.000110,-0.000082,-0.000006,0.000145,0.000297,0.000370,0.000284,0.000317,0.000678,0.000528,-0.000095,-0.000160,0.000819,0.001770,0.001309,-0.000321,-0.001438,-0.001498,-0.001372,-0.001387,-0.001403,-0.001268,-0.000725,-0.000032,0.000227,-0.000237,-0.000929,-0.001161,-0.000752,-0.000159,0.000165,0.000145,0.000037,0.000100,0.000259,0.000150,-0.000297,-0.000968,-0.001716,-0.002167,-0.002109,-0.001509,-0.000412,0.000410,0.000516,0.000231,0.000111,0.000228,0.000188,0.000096,0.000013,-0.000102,-0.000095,0.000074,0.000155,0.000146,0.000143,0.000001,-0.000152,-0.000173,-0.000207,-0.000186,-0.000187,-0.000152,-0.000070,-0.000066,0.000007,0.000057,-0.000025,-0.000213,-0.000214,-0.000002,0.000024,-0.000108,-0.000095,-0.000091,-0.000137,-0.000153,-0.000063,0.000025,-0.000082,-0.000125,0.000004,0.000075,0.000057,0.000057,0.000100,0.000140,0.000079,
-0.005350,-0.004824,-0.005527,-0.002935,0.000081,0.001429,-0.000070,-0.001967,-0.001889,-0.000536,0.001219,0.002277,0.002163,0.001594,0.000899,0.000130,-0.000252,-0.000165,0.000082,0.000484,0.000970,0.001047,0.000373,-0.000739,-0.001586,-0.001923,-0.001555,-0.000552,0.000205,0.000135,-0.000497,-0.001073,-0.001384,-0.001276,-0.000866,-0.000426,-0.000026,0.000088,-0.000106,-0.000544,-0.000798,-0.000472,0.000123,0.000531,0.000526,0.000332,0.000078,-0.000037,-0.000223,-0.000520,-0.000612,-0.000502,-0.000226,0.000276,0.000609,0.000532,0.000378,0.000341,0.000165,-0.000507,-0.001113,-0.001315,-0.001167,-0.000264,0.000807,0.001112,0.000962,0.000662,0.000100,-0.000525,-0.000838,-0.000769,-0.000253,0.000389,0.000575,0.000374,0.000101,-0.000198,-0.000262,-0.000043,0.000151,0.000275,0.000356,0.000516,0.000932,0.001307,0.001009,-0.000098,-0.001080,-0.001258,-0.000946,-0.000645,-0.000302,0.000093,0.000306,0.000435,0.000663,0.000744,0.000518,0.000297,0.000164,-0.000018,-0.000178,-0.000243,-0.000090,0.000164,0.000204,0.000258,0.000307,0.000153,-0.000080,-0.000073,0.000015,0.000010,-0.000008,-0.000040,-0.000079,-0.000150,-0.000214,-0.000166,-0.000105,-0.000072,-0.000043,-0.000047,0.000055,0.000194,0.000201,0.000174,0.000126,-0.000014,-0.000089,-0.000054,-0.000034,-0.000038,-0.000141,-0.000167,0.000020,0.000039,0.032406,0.025346,0.019982,0.013849,0.008831,0.004547,0.001899,0.002475,0.003927,0.004753,0.004488,0.003098,0.001594,0.000306,-0.000672,-0.000652,-0.000125,0.000056,0.000049,0.000004,-0.000190,-0.000442,-0.000454,-0.000246,-0.000225,-0.000215,-0.000209,-0.000670,-0.001471,-0.001740,-0.001183,-0.000509,0.000067,0.000549,0.000587,0.000332,0.000399,0.000680,0.000741,0.000482,0.000218,-0.000027,-0.000347,-0.000473,-0.000452,-0.000398,-0.000336,-0.000231,-0.000045,-0.000081,-0.000147,-0.000078,0.000086,0.000331,0.000288,-0.000006,0.000175,0.000672,0.000518,-0.000068,-0.000102,0.000840,0.001769,0.001403,-0.000145,-0.001320,-0.001447,-0.001251,-0.001276,-0.001417,-0.001158,-0.000403,0.000334,0.000309,-0.000229,-0.000776,-0.001008,-0.000744,-0.000287,0.000180,0.000354,0.000219,0.000102,0.000175,0.000177,-0.000185,-0.000865,-0.001602,-0.002108,-0.002076,-0.001424,-0.000399,0.000405,0.000472,0.000207,0.000210,0.000378,0.000266,0.000109,0.000044,-0.000033,-0.000023,0.000040,0.000143,0.000157,0.000083,0.000032,-0.000002,-0.000057,-0.000069,-0.000082,-0.000203,-0.000308,-0.000125,-0.000022,-0.000020,0.000027,0.000079,0.000056,-0.000128,-0.000190,-0.000134,-0.000152,-0.000091,-0.000061,-0.000114,-0.000071,-0.000086,-0.000143,-0.000227,-0.000285,-0.000142,0.000048,0.000043,-0.000002,0.000064,0.000087,-0.000025,
-0.005198,-0.005007,-0.005639,-0.002800,0.000364,0.001706,0.000075,-0.001893,-0.001843,-0.000465,0.001401,0.002506,0.002201,0.001559,0.000940,0.000155,-0.000198,-0.000179,-0.000063,0.000317,0.000825,0.000926,0.000414,-0.000501,-0.001445,-0.001940,-0.001677,-0.000767,0.000006,0.000039,-0.000393,-0.000804,-0.001142,-0.001214,-0.000910,-0.000377,-0.000008,0.000109,-0.000117,-0.000755,-0.001046,-0.000561,0.000146,0.000598,0.000676,0.000333,-0.000094,-0.000243,-0.000329,-0.000576,-0.000660,-0.000467,-0.000215,0.000089,0.000350,0.000452,0.000430,0.000423,0.000226,-0.000533,-0.001239,-0.001270,-0.000787,0.000205,0.001201,0.001534,0.001322,0.000832,0.000162,-0.000570,-0.001119,-0.001137,-0.000579,0.000127,0.000441,0.000171,-0.000088,-0.000163,-0.000247,-0.000178,0.000035,0.000149,0.000192,0.000402,0.000856,0.001333,0.001155,0.000070,-0.000978,-0.001233,-0.001021,-0.000809,-0.000454,0.000013,0.000249,0.000417,0.000670,0.000765,0.000547,0.000324,0.000175,-0.000073,-0.000229,-0.000130,-0.000007,0.000122,0.000220,0.000197,0.000111,0.000023,-0.000077,-0.000176,-0.000193,-0.000139,0.000011,0.000055,-0.000155,-0.000238,-0.000153,-0.000091,-0.000151,-0.000158,-0.000065,0.000052,0.000129,0.000074,0.000027,0.000019,-0.000042,0.000008,0.000074,-0.000079,-0.000192,-0.000176,-0.000158,-0.000004,0.000173,0.000174,0.032419,0.025573,0.020324,0.014138,0.009096,0.004827,0.002143,0.002566,0.003887,0.004621,0.004390,0.003090,0.001633,0.000390,-0.000534,-0.000636,-0.000226,-0.000146,-0.000182,-0.000184,-0.000416,-0.000513,-0.000415,-0.000254,-0.000128,-0.000074,-0.000074,-0.000408,-0.001234,-0.001801,-0.001481,-0.000732,-0.000122,0.000399,0.000692,0.000611,0.000568,0.000673,0.000709,0.000476,0.000218,-0.000015,-0.000339,-0.000525,-0.000415,-0.000430,-0.000528,-0.000317,-0.000061,-0.000008,-0.000101,-0.000065,0.000099,0.000276,0.000300,0.000116,0.000152,0.000661,0.000635,0.000015,-0.000074,0.000851,0.001660,0.000971,-0.000595,-0.001508,-0.001489,-0.001376,-0.001519,-0.001585,-0.001302,-0.000587,0.000220,0.000321,-0.000196,-0.000709,-0.000910,-0.000661,-0.000180,0.000252,0.000330,0.000193,0.000154,0.000276,0.000256,-0.000255,-0.001032,-0.001726,-0.002065,-0.002097,-0.001606,-0.000484,0.000361,0.000436,0.000262,0.000196,0.000238,0.000257,0.000159,0.000026,-0.000144,-0.000153,-0.000002,0.000124,0.000240,0.000205,0.000195,0.000099,-0.000139,-0.000135,-0.000091,-0.000123,-0.000163,-0.000146,-0.000088,-0.000029,-0.000027,-0.000065,-0.000036,-0.000045,-0.000013,-0.000054,-0.000075,-0.000070,-0.000082,-0.000153,-0.000207,-0.000217,-0.000209,-0.000156,-0.000088,-0.000142,-0.000117,0.000032,0.000091,0.000009,-0.000033,0.000035,
-0.006108,-0.005919,-0.006194,-0.003016,0.000437,0.001907,0.000126,-0.002003,-0.001877,-0.000415,0.001462,0.002549,0.002381,0.001736,0.001050,0.000395,0.000052,-0.000070,-0.000036,0.000396,0.000900,0.001006,0.000476,-0.000516,-0.001476,-0.001886,-0.001519,-0.000466,0.000305,0.000077,-0.000534,-0.000956,-0.001193,-0.001209,-0.000957,-0.000508,-0.000138,-0.000017,-0.000209,-0.000755,-0.000999,-0.000625,0.000062,0.000555,0.000598,0.000323,-0.000006,-0.000117,-0.000270,-0.000474,-0.000553,-0.000482,-0.000272,0.000061,0.000334,0.000326,0.000223,0.000258,0.000118,-0.000563,-0.001326,-0.001627,-0.001319,-0.000184,0.000958,0.001117,0.000707,0.000282,-0.000220,-0.000812,-0.001110,-0.000887,-0.000325,0.000332,0.000552,0.000245,-0.000010,-0.000120,-0.000239,-0.000214,0.000041,0.000314,0.000400,0.000622,0.001077,0.001446,0.001011,-0.000269,-0.001236,-0.001358,-0.001075,-0.000747,-0.000285,0.000123,0.000260,0.000349,0.000575,0.000652,0.000475,0.000301,0.000152,-0.000000,-0.000115,-0.000085,-0.000053,0.000080,0.000374,0.000478,0.000332,0.000039,-0.000094,-0.000036,0.000028,0.000080,0.000097,0.000077,-0.000067,-0.000124,-0.000051,-0.000057,-0.000114,-0.000102,-0.000023,0.000061,0.000104,0.000190,0.000242,0.000131,0.000065,0.000039,-0.000021,-0.000007,-0.000045,-0.000101,-0.000059,-0.000005,0.000113,0.000148,0.032387,0.025684,0.020525,0.014359,0.009437,0.005253,0.002277,0.002398,0.003722,0.004548,0.004278,0.003035,0.001697,0.000467,-0.000490,-0.000642,-0.000200,0.000071,0.000028,-0.000028,-0.000235,-0.000567,-0.000659,-0.000392,-0.000169,-0.000154,-0.000143,-0.000395,-0.001125,-0.001638,-0.001340,-0.000785,-0.000205,0.000436,0.000666,0.000574,0.000638,0.000772,0.000732,0.000552,0.000363,0.000083,-0.000233,-0.000333,-0.000367,-0.000329,-0.000286,-0.000260,-0.000174,-0.000144,-0.000115,-0.000100,0.000040,0.000258,0.000242,0.000128,0.000273,0.000577,0.000493,-0.000024,-0.000110,0.000863,0.001890,0.001420,-0.000433,-0.001759,-0.001696,-0.001388,-0.001368,-0.001295,-0.000983,-0.000395,0.000118,0.000249,-0.000136,-0.000731,-0.000865,-0.000511,-0.000082,0.000187,0.000268,0.000081,-0.000035,0.000146,0.000212,-0.000226,-0.001013,-0.001761,-0.002129,-0.002099,-0.001466,-0.000377,0.000377,0.000393,0.000129,0.000082,0.000203,0.000219,0.000272,0.000269,0.000059,-0.000108,-0.000075,0.000107,0.000142,0.000017,-0.000011,0.000006,0.000014,-0.000022,-0.000031,-0.000048,-0.000082,-0.000156,-0.000236,-0.000142,-0.000022,0.000033,0.000107,0.000089,0.000040,0.000006,-0.000040,-0.000066,-0.000121,-0.000169,-0.000111,0.000010,0.000120,0.000078,-0.000097,-0.000154,-0.000001,0.000082,0.000035,-0.000092,-0.000076,0.000000,
-0.007377,-0.007392,-0.007496,-0.003607,0.000335,0.002011,0.000377,-0.001908,-0.002099,-0.000664,0.001220,0.002307,0.002231,0.001661,0.000885,0.000261,0.000103,0.000065,0.000125,0.000440,0.000853,0.000976,0.000549,-0.000435,-0.001492,-0.001904,-0.001591,-0.000697,0.000110,0.000114,-0.000450,-0.000967,-0.001315,-0.001390,-0.001162,-0.000734,-0.000191,0.000159,-0.000055,-0.000555,-0.000704,-0.000369,0.000164,0.000609,0.000655,0.000331,-0.000036,-0.000221,-0.000283,-0.000406,-0.000447,-0.000299,-0.000131,0.000145,0.000468,0.000544,0.000493,0.000429,0.000141,-0.000547,-0.001145,-0.001339,-0.001056,0.000113,0.001564,0.002209,0.001721,0.000858,0.000113,-0.000437,-0.000747,-0.000725,-0.000251,0.000350,0.000487,0.000093,-0.000176,-0.000160,-0.000212,-0.000192,0.000052,0.000259,0.000330,0.000593,0.001034,0.001443,0.001045,-0.000276,-0.001351,-0.001328,-0.000922,-0.000737,-0.000401,0.000026,0.000280,0.000473,0.000619,0.000617,0.000472,0.000272,0.000042,-0.000130,-0.000239,-0.000283,-0.000124,0.000086,0.000135,0.000187,0.000154,-0.000052,-0.000147,-0.000118,-0.000120,-0.000046,-0.000015,-0.000078,-0.000227,-0.000231,-0.000162,-0.000028,-0.000020,-0.000078,-0.000126,-0.000118,0.000086,0.000308,0.000235,0.000175,0.000114,0.000029,0.000054,0.000102,0.000034,-0.000049,-0.000057,0.000103,0.000266,0.000251,0.032207,0.025755,0.020639,0.014433,0.009641,0.005536,0.002387,0.002505,0.003947,0.004703,0.004427,0.003114,0.001742,0.000517,-0.000496,-0.000645,-0.000213,0.000040,-0.000011,-0.000157,-0.000349,-0.000555,-0.000479,-0.000230,-0.000121,-0.000145,-0.000186,-0.000380,-0.000988,-0.001523,-0.001397,-0.000804,-0.000343,0.000019,0.000387,0.000419,0.000446,0.000757,0.000804,0.000449,0.000133,-0.000152,-0.000314,-0.000321,-0.000358,-0.000411,-0.000362,-0.000302,-0.000130,-0.000022,-0.000035,-0.000089,0.000121,0.000290,0.000163,0.000017,0.000229,0.000621,0.000490,-0.000201,-0.000413,0.000339,0.001088,0.000880,-0.000457,-0.001774,-0.002070,-0.001871,-0.001783,-0.001763,-0.001370,-0.000521,0.000293,0.000401,-0.000147,-0.000726,-0.000817,-0.000477,-0.000075,0.000221,0.000180,0.000089,0.000140,0.000169,0.000133,-0.000285,-0.001045,-0.001859,-0.002368,-0.002235,-0.001409,-0.000119,0.000656,0.000569,0.000279,0.000148,0.000257,0.000255,0.000045,-0.000043,0.000004,0.000127,0.000202,0.000158,0.000072,0.000018,0.000040,-0.000017,-0.000041,0.000019,-0.000066,-0.000210,-0.000236,-0.000054,0.000028,-0.000074,-0.000220,-0.000251,-0.000170,-0.000104,-0.000021,-0.000009,-0.000063,-0.000091,-0.000161,-0.000207,-0.000130,-0.000097,-0.000048,-0.000083,-0.000202,-0.000146,-0.000035,0.000010,-0.000043,0.000006,0.000058,-0.000074,
-0.008313,-0.008470,-0.008181,-0.003934,0.000287,0.002235,0.000647,-0.001780,-0.001962,-0.000497,0.001254,0.002370,0.002371,0.001776,0.001043,0.000335,0.000098,0.000130,0.000173,0.000426,0.000875,0.000969,0.000390,-0.000670,-0.001585,-0.001897,-0.001530,-0.000652,0.000075,-0.000004,-0.000567,-0.000984,-0.001192,-0.001244,-0.001026,-0.000641,-0.000215,0.000021,-0.000149,-0.000604,-0.000793,-0.000393,0.000065,0.000358,0.000420,0.000176,0.000044,0.000021,-0.000128,-0.000334,-0.000549,-0.000498,-0.000265,-0.000075,0.000258,0.000460,0.000452,0.000422,0.000194,-0.000577,-0.001070,-0.000799,-0.000303,0.000309,0.000786,0.000918,0.000868,0.000673,0.000231,-0.000341,-0.000662,-0.000686,-0.000329,0.000400,0.000824,0.000499,0.000008,-0.000137,-0.000174,-0.000162,0.000081,0.000267,0.000319,0.000549,0.000921,0.001313,0.001028,-0.000191,-0.001273,-0.001471,-0.001148,-0.000833,-0.000496,-0.000094,0.000127,0.000353,0.000675,0.000724,0.000464,0.000147,-0.000022,-0.000102,-0.000141,-0.000053,0.000021,0.000034,0.000103,0.000141,0.000030,-0.000080,-0.000071,-0.000011,0.000071,0.000047,0.000004,-0.000037,-0.000141,-0.000125,-0.000073,-0.000070,-0.000081,-0.000069,-0.000091,-0.000096,0.000001,0.000108,0.000138,0.000166,0.000105,0.000001,-0.000001,0.000077,0.000098,0.000071,-0.000028,-0.000084,-0.000014,0.000171,0.032212,0.025652,0.020604,0.014744,0.010220,0.006035,0.002748,0.002690,0.003984,0.004742,0.004505,0.003211,0.001771,0.000485,-0.000489,-0.000525,-0.000023,0.000070,-0.000067,-0.000142,-0.000302,-0.000495,-0.000516,-0.000252,-0.000085,-0.000077,-0.000123,-0.000442,-0.001197,-0.001676,-0.001352,-0.000676,-0.000070,0.000309,0.000365,0.000232,0.000141,0.000357,0.000611,0.000558,0.000355,0.000097,-0.000202,-0.000409,-0.000487,-0.000478,-0.000467,-0.000367,-0.000262,-0.000113,-0.000031,-0.000090,0.000099,0.000247,0.000177,0.000067,0.000269,0.000693,0.000578,0.000017,0.000111,0.001225,0.002071,0.001375,-0.000344,-0.001552,-0.001656,-0.001356,-0.001314,-0.001387,-0.001279,-0.000778,-0.000020,0.000227,-0.000247,-0.000880,-0.001024,-0.000622,-0.000032,0.000321,0.000353,0.000262,0.000197,0.000273,0.000261,-0.000157,-0.000921,-0.001661,-0.002120,-0.002176,-0.001578,-0.000439,0.000398,0.000437,0.000238,0.000307,0.000351,0.000230,0.000217,0.000176,0.000033,-0.000047,-0.000040,0.000056,0.000192,0.000157,0.000082,0.000033,-0.000025,-0.000039,-0.000119,-0.000221,-0.000176,-0.000068,0.000025,-0.000023,-0.000054,0.000025,-0.000021,-0.000044,0.000014,0.000018,-0.000036,-0.000072,-0.000173,-0.000297,-0.000269,-0.000143,-0.000062,-0.000086,-0.000176,-0.000173,-0.000079,0.000122,0.000179,-0.000051,-0.000103,-0.000033,
-0.008923,-0.009786,-0.009274,-0.004165,0.000550,0.002666,0.000984,-0.001675,-0.001956,-0.000474,0.001279,0.002258,0.002186,0.001629,0.000991,0.000450,0.000228,0.000097,0.000099,0.000553,0.001027,0.000982,0.000374,-0.000617,-0.001570,-0.001909,-0.001605,-0.000762,-0.000028,-0.000101,-0.000598,-0.001066,-0.001423,-0.001306,-0.001026,-0.000796,-0.000482,-0.000310,-0.000442,-0.000833,-0.000984,-0.000520,0.000132,0.000457,0.000433,0.000184,-0.000076,-0.000215,-0.000268,-0.000422,-0.000626,-0.000543,-0.000244,0.000092,0.000314,0.000410,0.000396,0.000366,0.000226,-0.000536,-0.001428,-0.001642,-0.001139,0.000116,0.001304,0.001552,0.001083,0.000680,0.000239,-0.000418,-0.000794,-0.000746,-0.000274,0.000369,0.000532,0.000277,0.000144,-0.000002,-0.000207,-0.000252,-0.000042,0.000249,0.000440,0.000582,0.000875,0.001182,0.000893,-0.000290,-0.001250,-0.001303,-0.000945,-0.000750,-0.000404,0.000052,0.000228,0.000327,0.000594,0.000765,0.000586,0.000301,-0.000008,-0.000214,-0.000129,-0.000120,-0.000003,0.000151,0.000157,0.000222,0.000202,0.000086,0.000018,-0.000014,-0.000051,-0.000031,0.000073,0.000069,-0.000042,-0.000167,-0.000219,-0.000085,-0.000057,-0.000127,-0.000089,-0.000045,0.000070,0.000196,0.000103,-0.000078,-0.000027,0.000020,-0.000087,-0.000144,-0.000120,-0.000112,-0.000023,0.000106,0.000160,0.000148,0.031671,0.025179,0.020404,0.014805,0.010660,0.006802,0.003260,0.002759,0.003978,0.004834,0.004597,0.003326,0.001941,0.000592,-0.000451,-0.000536,-0.000170,-0.000100,-0.000186,-0.000252,-0.000349,-0.000547,-0.000679,-0.000384,-0.000075,-0.000086,-0.000224,-0.000616,-0.001335,-0.001685,-0.001080,-0.000031,0.000725,0.001018,0.000684,0.000141,0.000019,0.000193,0.000345,0.000193,0.000156,0.000055,-0.000314,-0.000519,-0.000473,-0.000410,-0.000381,-0.000337,-0.000188,-0.000012,0.000022,0.000067,0.000176,0.000325,0.000297,0.000120,0.000283,0.000748,0.000686,0.000122,0.000037,0.000892,0.001806,0.001289,-0.000529,-0.001742,-0.001643,-0.001316,-0.001393,-0.001539,-0.001294,-0.000587,0.000101,0.000225,-0.000314,-0.000993,-0.001118,-0.000706,-0.000215,0.000204,0.000291,0.000194,0.000224,0.000293,0.000214,-0.000328,-0.001065,-0.001654,-0.001985,-0.001949,-0.001381,-0.000327,0.000443,0.000532,0.000183,0.000034,0.000258,0.000272,0.000145,0.000125,0.000060,0.000022,0.000146,0.000238,0.000206,0.000113,-0.000006,-0.000044,-0.000004,0.000005,-0.000036,-0.000132,-0.000201,-0.000107,-0.000040,-0.000048,0.000004,0.000135,0.000103,0.000052,0.000047,-0.000020,-0.000036,-0.000069,-0.000150,-0.000210,-0.000131,-0.000029,0.000016,-0.000073,-0.000183,-0.000110,0.000022,0.000012,0.000033,0.000076,0.000079,0.000086,
-0.009885,-0.010811,-0.010064,-0.004645,0.000434,0.002786,0.001184,-0.001593,-0.001951,-0.000433,0.001288,0.002289,0.002142,0.001554,0.001038,0.000578,0.000303,0.000169,0.000210,0.000522,0.000938,0.001108,0.000564,-0.000561,-0.001469,-0.001746,-0.001554,-0.000773,-0.000049,-0.000030,-0.000466,-0.000922,-0.001267,-0.001463,-0.001235,-0.000742,-0.000366,-0.000138,-0.000247,-0.000728,-0.000907,-0.000485,0.000124,0.000526,0.000535,0.000231,-0.000026,-0.000204,-0.000351,-0.000525,-0.000584,-0.000422,-0.000207,0.000094,0.000380,0.000462,0.000437,0.000330,0.000088,-0.000541,-0.001314,-0.001611,-0.001263,-0.000125,0.000996,0.001308,0.001058,0.000665,0.000145,-0.000448,-0.000751,-0.000678,-0.000219,0.000423,0.000685,0.000327,-0.000043,-0.000143,-0.000184,-0.000065,0.000206,0.000374,0.000347,0.000474,0.000888,0.001306,0.001038,-0.000032,-0.001008,-0.001131,-0.000810,-0.000626,-0.000364,-0.000026,0.000140,0.000312,0.000523,0.000576,0.000486,0.000295,-0.000009,-0.000189,-0.000231,-0.000198,0.000024,0.000265,0.000331,0.000322,0.000208,0.000049,-0.000043,-0.000027,0.000054,0.000014,-0.000027,0.000040,0.000054,0.000059,0.000063,0.000047,-0.000041,-0.000095,-0.000131,-0.000071,0.000135,0.000209,0.000095,0.000027,0.000069,0.000071,-0.000016,-0.000127,-0.000128,-0.000134,-0.000126,0.000026,0.000113,0.000087,0.030976,0.024520,0.020291,0.015114,0.011212,0.007414,0.003678,0.002925,0.004126,0.004962,0.004546,0.003323,0.002040,0.000715,-0.000383,-0.000506,-0.000086,-0.000100,-0.000244,-0.000147,-0.000335,-0.000676,-0.000664,-0.000324,-0.000127,-0.000070,-0.000085,-0.000513,-0.001244,-0.001548,-0.001244,-0.000634,0.000044,0.000426,0.000449,0.000326,0.000405,0.000704,0.000779,0.000537,0.000319,0.000067,-0.000207,-0.000354,-0.000455,-0.000458,-0.000427,-0.000373,-0.000203,-0.000084,-0.000064,-0.000081,0.000056,0.000203,0.000237,0.000239,0.000337,0.000667,0.000499,-0.000129,-0.000108,0.000870,0.001850,0.001602,0.000092,-0.001115,-0.001209,-0.001103,-0.001326,-0.001481,-0.001238,-0.000477,0.000335,0.000355,-0.000255,-0.000879,-0.001013,-0.000672,-0.000214,0.000219,0.000311,0.000072,0.000030,0.000211,0.000145,-0.000313,-0.000995,-0.001704,-0.002101,-0.002046,-0.001492,-0.000385,0.000445,0.000502,0.000292,0.000210,0.000285,0.000308,0.000254,0.000199,-0.000007,-0.000088,0.000116,0.000285,0.000306,0.000204,0.000102,0.000068,0.000057,-0.000008,-0.000071,-0.000073,-0.000117,-0.000123,-0.000103,-0.000112,-0.000183,-0.000173,-0.000086,-0.000064,-0.000011,-0.000047,-0.000102,-0.000105,-0.000153,-0.000200,-0.000112,0.000046,0.000032,-0.000005,-0.000031,0.000035,0.000147,0.000128,0.000054,0.000095,0.000150,0.000036,
-0.010127,-0.011356,-0.010439,-0.004746,0.000545,0.003112,0.001643,-0.001189,-0.001688,-0.000398,0.001225,0.002252,0.002261,0.001720,0.001105,0.000582,0.000254,0.000096,0.000184,0.000594,0.000991,0.000984,0.000441,-0.000561,-0.001447,-0.001817,-0.001717,-0.000907,0.000028,0.000075,-0.000532,-0.001013,-0.001179,-0.001166,-0.000858,-0.000416,0.000001,0.000282,0.000030,-0.000566,-0.000865,-0.000542,0.000154,0.000590,0.000524,0.000180,-0.000068,-0.000126,-0.000311,-0.000593,-0.000707,-0.000557,-0.000202,0.000071,0.000305,0.000391,0.000352,0.000427,0.000218,-0.000504,-0.001136,-0.001200,-0.000856,-0.000041,0.000978,0.001356,0.001067,0.000596,0.000011,-0.000548,-0.000938,-0.001098,-0.000722,-0.000022,0.000343,0.000278,0.000095,-0.000052,-0.000146,-0.000081,0.000082,0.000157,0.000207,0.000444,0.000923,0.001269,0.000969,-0.000115,-0.001014,-0.001131,-0.000960,-0.000828,-0.000529,-0.000042,0.000199,0.000395,0.000648,0.000732,0.000548,0.000216,-0.000017,-0.000182,-0.000297,-0.000198,-0.000014,0.000122,0.000220,0.000269,0.000232,0.000110,0.000056,0.000100,0.000051,0.000087,0.000141,0.000084,-0.000031,-0.000164,-0.000259,-0.000232,-0.000109,0.000003,-0.000061,-0.000103,-0.000015,0.000032,0.000070,0.000121,0.000089,0.000006,-0.000065,-0.000050,0.000057,0.000051,-0.000061,-0.000071,-0.000007,-0.000026,0.030577,0.024099,0.020145,0.015224,0.011477,0.007849,0.004090,0.003055,0.004165,0.004921,0.004416,0.003198,0.002096,0.000911,-0.000240,-0.000411,-0.000034,-0.000038,-0.000144,-0.000105,-0.000218,-0.000434,-0.000582,-0.000414,-0.000102,-0.000003,0.000004,-0.000388,-0.001199,-0.001616,-0.001250,-0.000531,0.000051,0.000484,0.000522,0.000404,0.000433,0.000614,0.000575,0.000267,0.000135,-0.000105,-0.000358,-0.000341,-0.000402,-0.000592,-0.000617,-0.000474,-0.000268,-0.000080,0.000095,0.000076,0.000143,0.000333,0.000310,0.000217,0.000350,0.000573,0.000416,-0.000153,-0.000161,0.000775,0.001603,0.001075,-0.000497,-0.001617,-0.001573,-0.001345,-0.001446,-0.001541,-0.001324,-0.000567,0.000346,0.000528,-0.000162,-0.000820,-0.000963,-0.000581,-0.000062,0.000290,0.000329,0.000230,0.000213,0.000333,0.000215,-0.000300,-0.001109,-0.001856,-0.002228,-0.002186,-0.001465,-0.000280,0.000434,0.000451,0.000270,0.000232,0.000327,0.000354,0.000236,0.000127,-0.000009,-0.000110,-0.000076,0.000047,0.000233,0.000238,0.000079,-0.000010,-0.000086,-0.000111,-0.000041,-0.000148,-0.000280,-0.000177,-0.000064,0.000020,0.000003,-0.000079,-0.000059,0.000013,0.000045,-0.000039,-0.000027,0.000033,-0.000008,-0.000036,-0.000022,0.000032,0.000041,-0.000070,-0.000132,-0.000190,-0.000158,-0.000063,0.000060,0.000074,-0.000048,-0.000029,
-0.010130,-0.011996,-0.010855,-0.004592,0.000744,0.003273,0.001865,-0.001035,-0.001644,-0.000293,0.001310,0.002113,0.002126,0.001709,0.001057,0.000503,0.000309,0.000239,0.000199,0.000446,0.000872,0.001006,0.000429,-0.000704,-0.001537,-0.001792,-0.001646,-0.000793,0.000066,-0.000034,-0.000588,-0.001008,-0.001246,-0.001149,-0.000848,-0.000474,-0.000088,0.000132,-0.000078,-0.000666,-0.000937,-0.000621,-0.000053,0.000426,0.000540,0.000289,0.000114,0.000047,-0.000226,-0.000412,-0.000502,-0.000427,-0.000120,0.000107,0.000302,0.000473,0.000373,0.000251,0.000066,-0.000696,-0.001481,-0.001498,-0.001017,0.000045,0.001054,0.001199,0.000932,0.000517,-0.000271,-0.000964,-0.001225,-0.001128,-0.000568,0.000169,0.000497,0.000391,0.000136,-0.000079,-0.000183,-0.000113,0.000041,0.000166,0.000249,0.000499,0.000959,0.001211,0.000711,-0.000394,-0.001186,-0.001271,-0.001044,-0.000827,-0.000401,0.000004,0.000174,0.000349,0.000527,0.000569,0.000377,0.000160,0.000037,-0.000107,-0.000207,-0.000096,-0.000009,0.000056,0.000134,0.000162,0.000182,0.000042,-0.000114,-0.000075,-0.000003,-0.000005,-0.000002,0.000082,0.000058,-0.000118,-0.000128,-0.000107,-0.000048,0.000005,-0.000030,0.000067,0.000176,0.000138,0.000143,0.000131,0.000105,0.000047,-0.000036,-0.000055,-0.000067,-0.000111,-0.000114,-0.000083,0.000037,0.000075,0.030131,0.023580,0.019736,0.015230,0.011985,0.008590,0.004713,0.003380,0.004204,0.004969,0.004477,0.003160,0.001991,0.000774,-0.000353,-0.000438,0.000030,0.000032,-0.000153,-0.000128,-0.000312,-0.000547,-0.000514,-0.000315,-0.000187,-0.000050,0.000061,-0.000267,-0.001031,-0.001603,-0.001325,-0.000618,-0.000074,0.000246,0.000400,0.000293,0.000221,0.000387,0.000516,0.000359,0.000177,0.000018,-0.000230,-0.000327,-0.000447,-0.000605,-0.000591,-0.000359,-0.000137,-0.000058,-0.000032,-0.000011,0.000172,0.000385,0.000348,0.000164,0.000243,0.000535,0.000401,-0.000113,0.000001,0.001094,0.001885,0.001131,-0.000682,-0.001697,-0.001606,-0.001443,-0.001399,-0.001279,-0.000969,-0.000422,0.000243,0.000471,0.000007,-0.000598,-0.000862,-0.000666,-0.000154,0.000225,0.000177,0.000077,0.000121,0.000129,0.000065,-0.000381,-0.001016,-0.001708,-0.002194,-0.002072,-0.001388,-0.000430,0.000271,0.000351,0.000169,0.000195,0.000348,0.000339,0.000223,0.000231,0.000185,0.000058,0.000070,0.000267,0.000354,0.000180,0.000075,0.000103,0.000058,-0.000093,-0.000199,-0.000181,-0.000147,-0.000091,-0.000065,-0.000126,-0.000029,0.000028,-0.000052,-0.000052,0.000005,0.000008,-0.000022,-0.000052,-0.000086,-0.000178,-0.000096,-0.000082,-0.000155,-0.000092,-0.000099,-0.000064,0.000019,0.000133,0.000163,0.000018,-0.000091,-0.000101,
-0.011705,-0.013321,-0.011970,-0.005248,0.000575,0.003352,0.002014,-0.000905,-0.001645,-0.000416,0.001161,0.002012,0.001970,0.001570,0.000962,0.000455,0.000256,0.000094,0.000075,0.000407,0.000792,0.000879,0.000405,-0.000657,-0.001541,-0.001807,-0.001637,-0.000743,0.000161,0.000097,-0.000495,-0.000965,-0.001298,-0.001419,-0.001066,-0.000483,0.000033,0.000246,-0.000109,-0.000750,-0.001009,-0.000616,0.000102,0.000537,0.000606,0.000335,-0.000036,-0.000107,-0.000193,-0.000355,-0.000364,-0.000286,-0.000109,0.000087,0.000321,0.000391,0.000269,0.000273,0.000159,-0.000619,-0.001472,-0.001705,-0.001250,0.000071,0.001467,0.001732,0.001099,0.000361,-0.000264,-0.000807,-0.001085,-0.000868,-0.000224,0.000343,0.000378,0.000184,0.000071,0.000015,-0.000166,-0.000266,0.000056,0.000380,0.000486,0.000691,0.001099,0.001330,0.000921,-0.000287,-0.001300,-0.001401,-0.001118,-0.000886,-0.000518,-0.000055,0.000196,0.000262,0.000448,0.000650,0.000467,0.000126,-0.000112,-0.000177,-0.000143,-0.000115,-0.000016,0.000053,0.000132,0.000113,-0.000004,0.000013,0.000052,0.000019,-0.000016,0.000018,0.000102,-0.000010,-0.000231,-0.000194,-0.000073,-0.000034,-0.000054,-0.000107,-0.000171,-0.000131,0.000088,0.000210,0.000175,0.000119,0.000063,0.000005,-0.000052,-0.000113,-0.000188,-0.000122,-0.000002,0.000004,0.000055,0.000161,0.029115,0.022605,0.019209,0.015228,0.012497,0.009394,0.005164,0.003389,0.004286,0.005137,0.004565,0.003174,0.001972,0.000848,-0.000218,-0.000252,0.000279,0.000172,-0.000019,-0.000022,-0.000308,-0.000613,-0.000665,-0.000338,-0.000109,-0.000110,-0.000062,-0.000323,-0.001119,-0.001691,-0.001420,-0.000894,-0.000404,0.000131,0.000357,0.000250,0.000277,0.000496,0.000522,0.000367,0.000232,0.000049,-0.000215,-0.000313,-0.000380,-0.000474,-0.000412,-0.000199,-0.000033,-0.000032,-0.000076,-0.000132,0.000030,0.000241,0.000166,-0.000000,0.000065,0.000387,0.000415,-0.000072,-0.000281,0.000493,0.001525,0.001193,-0.000596,-0.002069,-0.002251,-0.001894,-0.001659,-0.001479,-0.001108,-0.000514,0.000132,0.000344,-0.000158,-0.000746,-0.000852,-0.000634,-0.000200,0.000310,0.000478,0.000237,0.000021,0.000193,0.000328,-0.000254,-0.001199,-0.001895,-0.002123,-0.001998,-0.001466,-0.000400,0.000285,0.000367,0.000334,0.000425,0.000587,0.000452,0.000204,0.000117,-0.000042,-0.000086,0.000047,0.000226,0.000247,0.000070,-0.000112,-0.000151,-0.000139,-0.000079,-0.000099,-0.000202,-0.000187,-0.000096,0.000004,-0.000012,-0.000092,-0.000066,0.000056,0.000025,-0.000050,-0.000092,-0.000115,-0.000074,-0.000030,-0.000038,-0.000129,-0.000140,-0.000128,-0.000167,-0.000186,-0.000129,-0.000029,0.000059,0.000095,0.000020,-0.000049,-0.000077,
-0.013095,-0.014736,-0.013003,-0.005818,0.000283,0.003104,0.001987,-0.000832,-0.001627,-0.000422,0.001032,0.001806,0.001803,0.001570,0.001096,0.000540,0.000262,0.000163,0.000292,0.000639,0.000991,0.001073,0.000562,-0.000528,-0.001499,-0.001837,-0.001734,-0.000997,-0.000143,-0.000096,-0.000563,-0.000938,-0.001104,-0.001193,-0.001146,-0.000722,-0.000198,-0.000035,-0.000246,-0.000746,-0.001111,-0.000748,0.000052,0.000519,0.000571,0.000301,0.000038,0.000019,-0.000026,-0.000262,-0.000534,-0.000444,-0.000074,0.000142,0.000189,0.000332,0.000357,0.000314,0.000093,-0.000556,-0.001054,-0.000897,-0.000435,0.000284,0.001103,0.001432,0.001155,0.000649,0.000077,-0.000427,-0.000570,-0.000465,-0.000213,0.000343,0.000560,0.000286,0.000133,0.000108,0.000010,-0.000071,0.000072,0.000236,0.000337,0.000460,0.000788,0.001280,0.001050,-0.000169,-0.001190,-0.001323,-0.001116,-0.000967,-0.000488,0.000025,0.000189,0.000281,0.000561,0.000672,0.000355,0.000015,-0.000124,-0.000184,-0.000230,-0.000250,-0.000161,-0.000004,0.000132,0.000229,0.000151,-0.000018,-0.000094,-0.000091,-0.000095,-0.000060,0.000019,0.000079,-0.000012,-0.000034,-0.000040,-0.000069,-0.000059,-0.000022,-0.000022,-0.000048,0.000115,0.000255,0.000177,0.000088,-0.000019,-0.000076,-0.000061,-0.000077,-0.000103,-0.000168,-0.000147,0.000006,0.000109,0.000176,0.028111,0.021459,0.018494,0.015090,0.012836,0.010103,0.005797,0.003677,0.004396,0.005247,0.004535,0.003205,0.002226,0.001064,-0.000039,-0.000132,0.000359,0.000303,-0.000089,-0.000124,-0.000176,-0.000436,-0.000561,-0.000365,-0.000138,-0.000071,-0.000109,-0.000334,-0.000981,-0.001445,-0.001244,-0.000731,-0.000181,0.000250,0.000343,0.000265,0.000334,0.000415,0.000432,0.000303,0.000142,-0.000029,-0.000244,-0.000299,-0.000375,-0.000615,-0.000650,-0.000393,-0.000133,0.000014,0.000015,-0.000045,0.000034,0.000267,0.000277,0.000173,0.000355,0.000665,0.000394,-0.000276,-0.000179,0.000758,0.001501,0.001139,-0.000161,-0.001115,-0.001232,-0.001255,-0.001341,-0.001391,-0.001303,-0.000773,-0.000004,0.000263,-0.000162,-0.000762,-0.000941,-0.000597,-0.000048,0.000354,0.000354,0.000168,0.000163,0.000279,0.000152,-0.000343,-0.001022,-0.001628,-0.002157,-0.002271,-0.001485,-0.000215,0.000558,0.000442,0.000121,0.000145,0.000225,0.000191,0.000111,0.000080,-0.000007,-0.000074,0.000001,0.000078,0.000147,0.000172,0.000054,0.000012,-0.000060,-0.000153,-0.000208,-0.000295,-0.000303,-0.000187,-0.000036,-0.000055,-0.000223,-0.000190,-0.000116,-0.000181,-0.000154,-0.000056,0.000006,-0.000004,-0.000085,-0.000110,-0.000146,-0.000123,-0.000130,-0.000171,-0.000157,-0.000160,-0.000064,0.000053,-0.000027,-0.000009,0.000066,-0.000044,
-0.013523,-0.015635,-0.013745,-0.006165,0.000006,0.002878,0.002000,-0.000623,-0.001595,-0.000676,0.000918,0.001830,0.001863,0.001553,0.001039,0.000501,0.000345,0.000427,0.000428,0.000601,0.000988,0.001062,0.000556,-0.000503,-0.001542,-0.001894,-0.001729,-0.000994,-0.000167,-0.000178,-0.000627,-0.000985,-0.001292,-0.001408,-0.001188,-0.000808,-0.000420,-0.000221,-0.000389,-0.000825,-0.001035,-0.000575,0.000088,0.000361,0.000302,0.000175,0.000055,-0.000086,-0.000343,-0.000560,-0.000700,-0.000704,-0.000386,0.000007,0.000277,0.000361,0.000269,0.000239,0.000057,-0.000769,-0.001595,-0.001601,-0.000952,0.000203,0.001183,0.001212,0.000702,0.000287,-0.000023,-0.000361,-0.000623,-0.000685,-0.000309,0.000316,0.000591,0.000426,0.000174,0.000019,-0.000158,-0.000106,0.000091,0.000161,0.000304,0.000574,0.000955,0.001261,0.000905,-0.000238,-0.001233,-0.001266,-0.000947,-0.000755,-0.000526,-0.000203,-0.000017,0.000252,0.000642,0.000617,0.000294,0.000169,0.000072,-0.000201,-0.000298,-0.000227,-0.000103,0.000051,0.000067,-0.000006,0.000059,0.000131,0.000003,-0.000099,-0.000041,0.000002,-0.000001,0.000014,-0.000131,-0.000266,-0.000200,-0.000075,-0.000067,-0.000105,-0.000133,-0.000052,0.000134,0.000231,0.000157,0.000086,0.000037,-0.000054,-0.000082,-0.000100,-0.000119,-0.000126,-0.000165,-0.000105,0.000072,0.000221,0.026953,0.020295,0.017996,0.015108,0.013073,0.010447,0.006082,0.003830,0.004522,0.005316,0.004528,0.003099,0.002026,0.000827,-0.000165,-0.000024,0.000378,0.000122,-0.000072,0.000031,-0.000088,-0.000428,-0.000568,-0.000309,-0.000084,-0.000069,-0.000142,-0.000518,-0.001232,-0.001782,-0.001438,-0.000596,0.000075,0.000454,0.000342,-0.000001,-0.000026,0.000303,0.000503,0.000464,0.000376,0.000063,-0.000296,-0.000400,-0.000443,-0.000479,-0.000432,-0.000296,-0.000096,-0.000034,-0.000036,0.000026,0.000125,0.000208,0.000159,0.000060,0.000250,0.000579,0.000503,0.000022,0.000008,0.001029,0.001969,0.001285,-0.000661,-0.001875,-0.001643,-0.001254,-0.001313,-0.001415,-0.001215,-0.000603,0.000075,0.000239,-0.000180,-0.000731,-0.000973,-0.000684,-0.000147,0.000264,0.000464,0.000265,0.000123,0.000260,0.000160,-0.000338,-0.001035,-0.001690,-0.002049,-0.001953,-0.001419,-0.000404,0.000383,0.000522,0.000422,0.000394,0.000328,0.000183,0.000081,0.000039,-0.000001,0.000013,0.000114,0.000199,0.000163,0.000090,0.000086,0.000085,-0.000016,-0.000079,-0.000060,-0.000097,-0.000114,-0.000119,-0.000050,0.000016,-0.000058,-0.000087,-0.000080,-0.000044,-0.000034,0.000064,0.000140,-0.000025,-0.000139,-0.000243,-0.000205,-0.000048,-0.000112,-0.000190,-0.000172,-0.000075,0.000040,0.000087,0.000087,0.000110,0.000086,-0.000024,
-0.014146,-0.016826,-0.014710,-0.006565,-0.000133,0.002858,0.002106,-0.000624,-0.001712,-0.000719,0.000777,0.001589,0.001765,0.001617,0.001142,0.000653,0.000482,0.000491,0.000488,0.000606,0.000877,0.000921,0.000439,-0.000484,-0.001415,-0.001916,-0.001775,-0.000951,-0.000111,-0.000135,-0.000728,-0.001184,-0.001254,-0.001118,-0.000875,-0.000488,-0.000143,-0.000012,-0.000278,-0.000868,-0.001209,-0.000784,0.000035,0.000462,0.000389,0.000153,-0.000056,-0.000205,-0.000285,-0.000437,-0.000626,-0.000554,-0.000277,0.000052,0.000263,0.000302,0.000336,0.000425,0.000213,-0.000588,-0.001371,-0.001588,-0.001214,0.000105,0.001419,0.001702,0.001265,0.000671,0.000075,-0.000404,-0.000589,-0.000567,-0.000170,0.000348,0.000561,0.000440,0.000222,0.000066,-0.000028,0.000007,0.000318,0.000446,0.000362,0.000604,0.001038,0.001368,0.001050,-0.000072,-0.001067,-0.001219,-0.001011,-0.000810,-0.000441,-0.000104,0.000077,0.000237,0.000479,0.000658,0.000494,0.000177,0.000044,-0.000033,-0.000174,-0.000230,-0.000093,0.000091,0.000123,0.000210,0.000219,0.000053,0.000011,0.000038,0.000017,0.000057,0.000087,0.000119,0.000031,-0.000170,-0.000193,-0.000075,-0.000084,-0.000096,-0.000143,-0.000124,-0.000062,-0.000046,0.000030,0.000128,0.000190,0.000100,-0.000018,-0.000100,-0.000049,0.000089,0.000074,-0.000023,0.000038,0.000050,0.025898,0.018976,0.017074,0.014834,0.013146,0.010618,0.006438,0.004210,0.004688,0.005279,0.004343,0.002864,0.002022,0.001037,-0.000057,-0.000034,0.000493,0.000477,0.000175,0.000043,-0.000213,-0.000471,-0.000462,-0.000270,-0.000004,0.000085,-0.000012,-0.000423,-0.001132,-0.001479,-0.000906,0.000020,0.000643,0.000736,0.000438,0.000154,0.000081,0.000136,0.000413,0.000594,0.000470,0.000095,-0.000223,-0.000260,-0.000299,-0.000339,-0.000288,-0.000211,-0.000088,0.000045,-0.000009,-0.000005,0.000216,0.000445,0.000445,0.000281,0.000328,0.000637,0.000452,-0.000194,-0.000206,0.000803,0.001851,0.001499,-0.000230,-0.001369,-0.001246,-0.001125,-0.001243,-0.001271,-0.001088,-0.000656,0.000027,0.000222,-0.000287,-0.000829,-0.000961,-0.000564,0.000000,0.000344,0.000407,0.000281,0.000157,0.000158,0.000077,-0.000388,-0.001138,-0.001740,-0.002124,-0.002056,-0.001381,-0.000332,0.000341,0.000344,0.000119,0.000124,0.000289,0.000293,0.000201,0.000138,0.000028,0.000015,0.000104,0.000124,0.000203,0.000204,0.000092,0.000007,-0.000009,-0.000043,-0.000174,-0.000279,-0.000259,-0.000108,-0.000063,-0.000144,-0.000139,-0.000077,-0.000112,-0.000127,-0.000072,0.000024,0.000018,-0.000052,-0.000120,-0.000205,-0.000188,-0.000057,-0.000071,-0.000197,-0.000254,-0.000231,-0.000147,-0.000077,-0.000007,0.000020,0.000012,-0.000108,
-0.015537,-0.018078,-0.015533,-0.007133,-0.000588,0.002606,0.002216,-0.000365,-0.001693,-0.001005,0.000405,0.001267,0.001420,0.001380,0.001060,0.000446,0.000191,0.000324,0.000458,0.000595,0.000898,0.001019,0.000541,-0.000456,-0.001435,-0.001932,-0.001755,-0.000972,-0.000168,-0.000186,-0.000694,-0.001082,-0.001298,-0.001321,-0.000956,-0.000315,0.000108,0.000117,-0.000226,-0.000839,-0.001074,-0.000566,0.000135,0.000493,0.000516,0.000210,-0.000078,-0.000112,-0.000211,-0.000449,-0.000548,-0.000367,-0.000158,0.000063,0.000293,0.000347,0.000275,0.000223,0.000049,-0.000669,-0.001391,-0.001399,-0.001071,-0.000254,0.000768,0.001140,0.000934,0.000517,-0.000018,-0.000510,-0.000865,-0.000955,-0.000542,0.000135,0.000391,0.000201,0.000027,-0.000143,-0.000242,-0.000118,0.000185,0.000266,0.000301,0.000574,0.000995,0.001338,0.000971,-0.000162,-0.001060,-0.001221,-0.000973,-0.000665,-0.000366,-0.000020,0.000163,0.000268,0.000489,0.000588,0.000384,0.000088,-0.000033,-0.000108,-0.000312,-0.000368,-0.000172,0.000068,0.000165,0.000214,0.000202,0.000084,-0.000068,-0.000080,0.000053,0.000175,0.000100,-0.000027,-0.000067,-0.000110,-0.000150,-0.000145,-0.000126,-0.000097,-0.000142,-0.000212,-0.000116,0.000108,0.000223,0.000184,0.000041,-0.000087,-0.000128,-0.000072,-0.000022,0.000015,-0.000122,-0.000120,0.000019,0.000012,0.024508,0.017416,0.015994,0.014350,0.013262,0.011113,0.006847,0.004350,0.004651,0.005176,0.004232,0.002791,0.001900,0.000950,0.000016,0.000172,0.000677,0.000470,0.000128,0.000017,-0.000167,-0.000368,-0.000408,-0.000264,-0.000176,-0.000136,-0.000215,-0.000536,-0.001274,-0.001769,-0.001306,-0.000626,-0.000125,0.000177,0.000143,0.000044,0.000205,0.000448,0.000462,0.000220,0.000063,-0.000167,-0.000408,-0.000348,-0.000335,-0.000393,-0.000369,-0.000299,-0.000126,0.000016,-0.000038,-0.000082,0.000070,0.000322,0.000352,0.000151,0.000204,0.000603,0.000539,-0.000032,-0.000112,0.000736,0.001552,0.001201,-0.000213,-0.001340,-0.001394,-0.001152,-0.001181,-0.001461,-0.001351,-0.000540,0.000279,0.000407,-0.000101,-0.000762,-0.001045,-0.000703,-0.000119,0.000261,0.000321,0.000264,0.000202,0.000238,0.000177,-0.000232,-0.000928,-0.001705,-0.002132,-0.002016,-0.001445,-0.000465,0.000244,0.000337,0.000134,0.000145,0.000357,0.000461,0.000418,0.000220,0.000036,-0.000088,-0.000020,0.000153,0.000252,0.000262,0.000246,0.000131,-0.000052,-0.000154,-0.000284,-0.000335,-0.000213,-0.000066,0.000041,-0.000002,-0.000068,-0.000042,-0.000032,0.000006,-0.000115,-0.000158,-0.000069,-0.000096,-0.000172,-0.000163,-0.000059,0.000004,-0.000102,-0.000111,-0.000034,-0.000097,-0.000089,0.000089,0.000160,0.000065,-0.000006,0.000022,
-0.016179,-0.018983,-0.016368,-0.007515,-0.000895,0.002201,0.001928,-0.000474,-0.001715,-0.001022,0.000512,0.001397,0.001481,0.001379,0.001029,0.000369,0.000043,0.000196,0.000475,0.000782,0.000899,0.000953,0.000572,-0.000420,-0.001399,-0.001835,-0.001733,-0.000944,-0.000057,-0.000072,-0.000595,-0.000937,-0.001213,-0.001304,-0.000854,-0.000269,0.000087,0.000096,-0.000329,-0.000895,-0.001085,-0.000646,-0.000049,0.000297,0.000462,0.000219,-0.000050,-0.000066,-0.000252,-0.000545,-0.000598,-0.000474,-0.000326,-0.000044,0.000234,0.000274,0.000256,0.000341,0.000210,-0.000577,-0.001350,-0.001337,-0.000788,0.000241,0.001135,0.001316,0.001036,0.000575,-0.000123,-0.000759,-0.001089,-0.001210,-0.000786,0.000124,0.000591,0.000354,0.000113,0.000113,-0.000068,-0.000136,0.000147,0.000283,0.000238,0.000464,0.000923,0.001339,0.001043,-0.000161,-0.001152,-0.001217,-0.001007,-0.000865,-0.000534,-0.000091,0.000038,0.000109,0.000349,0.000534,0.000367,0.000148,0.000085,0.000012,-0.000079,-0.000147,-0.000108,0.000079,0.000177,0.000197,0.000206,0.000067,0.000011,0.000062,0.000017,0.000020,-0.000018,-0.000030,-0.000069,-0.000142,-0.000101,-0.000089,-0.000050,-0.000057,-0.000124,-0.000062,0.000000,0.000135,0.000252,0.000203,0.000123,0.000043,0.000016,0.000006,-0.000006,-0.000119,-0.000082,0.000118,0.000091,0.000072,0.022764,0.015530,0.014818,0.013940,0.013201,0.011366,0.007324,0.004685,0.004823,0.005197,0.004072,0.002635,0.001890,0.000969,0.000048,0.000280,0.000732,0.000453,0.000140,0.000084,-0.000175,-0.000444,-0.000477,-0.000202,0.000022,-0.000072,-0.000083,-0.000257,-0.000973,-0.001558,-0.001466,-0.000988,-0.000571,-0.000304,0.000061,0.000181,0.000132,0.000276,0.000414,0.000387,0.000241,-0.000032,-0.000268,-0.000325,-0.000407,-0.000575,-0.000518,-0.000257,-0.000021,0.000062,0.000067,0.000132,0.000292,0.000450,0.000396,0.000189,0.000114,0.000374,0.000407,-0.000094,-0.000114,0.000800,0.001614,0.001032,-0.000652,-0.001619,-0.001530,-0.001344,-0.001290,-0.001222,-0.000982,-0.000394,0.000130,0.000282,-0.000087,-0.000643,-0.000799,-0.000442,0.000086,0.000392,0.000358,0.000172,0.000034,0.000020,0.000012,-0.000330,-0.001038,-0.001717,-0.002070,-0.002063,-0.001438,-0.000402,0.000262,0.000251,0.000007,0.000016,0.000218,0.000333,0.000275,0.000213,0.000175,0.000061,-0.000044,0.000046,0.000215,0.000210,0.000073,-0.000027,0.000030,0.000071,-0.000063,-0.000259,-0.000256,-0.000063,-0.000020,-0.000032,0.000029,-0.000029,-0.000082,-0.000099,-0.000115,-0.000017,0.000095,0.000036,-0.000126,-0.000206,-0.000135,-0.000026,0.000010,-0.000079,-0.000138,-0.000085,-0.000011,0.000046,0.000021,-0.000036,-0.000052,-0.000093,
-0.017994,-0.020664,-0.017399,-0.007982,-0.001286,0.001723,0.001624,-0.000607,-0.002006,-0.001264,0.000405,0.001149,0.001151,0.001204,0.000936,0.000292,0.000070,0.000247,0.000451,0.000715,0.001043,0.001040,0.000488,-0.000503,-0.001547,-0.001950,-0.001645,-0.000642,0.000314,0.000226,-0.000489,-0.001128,-0.001429,-0.001443,-0.001058,-0.000394,0.000019,0.000042,-0.000271,-0.000776,-0.001035,-0.000734,-0.000023,0.000422,0.000479,0.000297,0.000142,0.000089,-0.000144,-0.000453,-0.000505,-0.000366,-0.000172,0.000093,0.000387,0.000435,0.000339,0.000273,0.000059,-0.000656,-0.001468,-0.001739,-0.001420,-0.000185,0.001131,0.001256,0.000757,0.000167,-0.000502,-0.001028,-0.001123,-0.000854,-0.000267,0.000407,0.000587,0.000304,0.000137,0.000095,-0.000022,-0.000081,0.000008,0.000129,0.000259,0.000568,0.000955,0.001253,0.000981,-0.000160,-0.001083,-0.001178,-0.000960,-0.000788,-0.000465,-0.000109,0.000100,0.000286,0.000479,0.000488,0.000322,0.000170,0.000034,-0.000038,-0.000113,-0.000236,-0.000123,0.000108,0.000107,0.000143,0.000171,0.000118,0.000114,-0.000005,-0.000104,-0.000051,0.000028,-0.000028,-0.000263,-0.000349,-0.000269,-0.000197,-0.000087,0.000002,-0.000037,-0.000013,0.000058,0.000114,0.000111,0.000160,0.000241,0.000185,0.000041,-0.000106,-0.000203,-0.000239,-0.000176,-0.000108,-0.000049,-0.000014,0.021024,0.013511,0.013449,0.013450,0.013150,0.011611,0.007680,0.004825,0.004723,0.005041,0.003948,0.002518,0.001792,0.001048,0.000233,0.000361,0.000788,0.000555,0.000067,-0.000190,-0.000356,-0.000473,-0.000437,-0.000204,0.000059,0.000046,-0.000074,-0.000304,-0.000946,-0.001512,-0.001392,-0.000947,-0.000592,-0.000192,0.000126,0.000196,0.000175,0.000269,0.000402,0.000337,0.000226,0.000021,-0.000119,-0.000209,-0.000356,-0.000449,-0.000400,-0.000185,-0.000023,0.000031,0.000000,-0.000085,0.000052,0.000269,0.000286,0.000107,0.000145,0.000510,0.000435,-0.000165,-0.000126,0.000926,0.001898,0.001415,-0.000486,-0.002031,-0.002049,-0.001580,-0.001467,-0.001435,-0.001204,-0.000706,-0.000072,0.000276,-0.000068,-0.000605,-0.000819,-0.000590,-0.000160,0.000258,0.000404,0.000249,0.000140,0.000141,0.000008,-0.000363,-0.001061,-0.001815,-0.002173,-0.002063,-0.001406,-0.000299,0.000458,0.000445,0.000220,0.000326,0.000534,0.000514,0.000390,0.000175,-0.000146,-0.000198,-0.000040,0.000116,0.000296,0.000353,0.000160,-0.000074,-0.000159,-0.000029,0.000094,-0.000012,-0.000147,-0.000124,-0.000072,0.000002,0.000059,-0.000027,-0.000121,-0.000134,-0.000022,0.000088,0.000073,-0.000030,-0.000088,-0.000054,0.000010,-0.000120,-0.000210,-0.000188,-0.000143,-0.000119,-0.000114,-0.000047,0.000079,0.000090,0.000100,0.000092,
-0.018722,-0.021461,-0.018173,-0.008525,-0.001736,0.001275,0.001437,-0.000556,-0.001922,-0.001289,0.000268,0.001040,0.001144,0.001269,0.000996,0.000222,-0.000116,0.000201,0.000480,0.000639,0.000820,0.000883,0.000525,-0.000461,-0.001419,-0.001795,-0.001684,-0.000936,-0.000081,0.000021,-0.000546,-0.001059,-0.001367,-0.001379,-0.000882,-0.000252,0.000225,0.000358,-0.000110,-0.000758,-0.000962,-0.000575,0.000089,0.000507,0.000547,0.000312,0.000045,-0.000053,-0.000217,-0.000506,-0.000666,-0.000488,-0.000131,0.000156,0.000315,0.000375,0.000275,0.000174,-0.000024,-0.000675,-0.001342,-0.001356,-0.000908,0.000137,0.001470,0.001998,0.001487,0.000698,-0.000005,-0.000410,-0.000466,-0.000522,-0.000209,0.000366,0.000550,0.000333,0.000032,-0.000187,-0.000292,-0.000290,0.000015,0.000325,0.000313,0.000440,0.000935,0.001352,0.001074,-0.000108,-0.001153,-0.001226,-0.000974,-0.000832,-0.000501,-0.000114,0.000089,0.000343,0.000532,0.000497,0.000239,-0.000020,-0.000081,-0.000089,-0.000184,-0.000216,-0.000140,0.000029,0.000120,0.000074,0.000094,0.000059,-0.000047,-0.000119,-0.000055,0.000060,0.000050,-0.000016,-0.000108,-0.000119,-0.000078,-0.000084,-0.000100,-0.000180,-0.000259,-0.000150,0.000003,0.000140,0.000229,0.000130,0.000076,0.000066,0.000028,-0.000012,-0.000063,-0.000085,-0.000020,0.000054,0.000102,0.000118,0.019594,0.012025,0.012486,0.013136,0.013298,0.011839,0.007741,0.004876,0.004796,0.004945,0.003649,0.002254,0.001769,0.001094,0.000169,0.000206,0.000749,0.000610,0.000143,-0.000122,-0.000321,-0.000433,-0.000463,-0.000242,-0.000028,-0.000043,-0.000141,-0.000397,-0.001148,-0.001712,-0.001428,-0.000882,-0.000510,-0.000287,-0.000063,0.000079,0.000253,0.000396,0.000474,0.000313,0.000189,0.000110,-0.000111,-0.000349,-0.000516,-0.000464,-0.000367,-0.000257,-0.000128,-0.000030,0.000117,0.000152,0.000183,0.000377,0.000317,0.000055,0.000142,0.000482,0.000426,-0.000181,-0.000378,0.000359,0.001203,0.000915,-0.000494,-0.001564,-0.001619,-0.001500,-0.001441,-0.001459,-0.001360,-0.000721,0.000068,0.000270,-0.000219,-0.000801,-0.000892,-0.000503,0.000003,0.000366,0.000442,0.000224,0.000064,0.000087,0.000051,-0.000380,-0.001189,-0.001958,-0.002290,-0.002145,-0.001435,-0.000308,0.000398,0.000322,0.000091,0.000235,0.000382,0.000356,0.000252,0.000109,-0.000052,-0.000067,0.000075,0.000190,0.000217,0.000159,0.000155,0.000131,0.000106,0.000110,0.000052,-0.000106,-0.000224,-0.000139,-0.000132,-0.000212,-0.000144,-0.000028,0.000076,0.000072,-0.000037,-0.000048,0.000041,-0.000056,-0.000122,-0.000093,-0.000076,-0.000011,0.000088,0.000099,-0.000004,-0.000116,-0.000159,-0.000116,0.000004,0.000018,0.000024,0.000020,
-0.019565,-0.022264,-0.018517,-0.008625,-0.001892,0.001033,0.001214,-0.000721,-0.002175,-0.001630,0.000011,0.000922,0.001038,0.001101,0.000804,0.000080,-0.000096,0.000278,0.000573,0.000772,0.000891,0.000861,0.000459,-0.000460,-0.001441,-0.001988,-0.001872,-0.001105,-0.000266,-0.000169,-0.000622,-0.000977,-0.001174,-0.001194,-0.000922,-0.000449,0.000003,0.000172,-0.000190,-0.000830,-0.001078,-0.000592,0.000064,0.000456,0.000499,0.000219,0.000064,0.000110,-0.000021,-0.000390,-0.000557,-0.000485,-0.000424,-0.000106,0.000305,0.000378,0.000273,0.000322,0.000133,-0.000642,-0.001432,-0.001445,-0.000772,0.000153,0.000926,0.001028,0.000774,0.000417,-0.000055,-0.000424,-0.000637,-0.000651,-0.000267,0.000413,0.000814,0.000644,0.000191,-0.000092,-0.000178,-0.000180,-0.000017,0.000187,0.000331,0.000528,0.000884,0.001188,0.000866,-0.000202,-0.001052,-0.001162,-0.000950,-0.000773,-0.000599,-0.000271,0.000023,0.000185,0.000365,0.000450,0.000182,-0.000046,-0.000026,-0.000117,-0.000240,-0.000290,-0.000219,-0.000106,-0.000047,0.000136,0.000236,0.000124,-0.000020,-0.000064,-0.000059,-0.000037,0.000015,-0.000025,-0.000147,-0.000125,-0.000117,-0.000156,-0.000179,-0.000186,-0.000167,-0.000076,0.000053,0.000075,0.000119,0.000223,0.000213,0.000099,0.000074,0.000028,0.000008,0.000029,0.000012,0.000019,0.000067,0.000124,0.018376,0.010575,0.011485,0.012723,0.013124,0.011842,0.008021,0.005087,0.004785,0.004837,0.003615,0.002181,0.001701,0.001236,0.000478,0.000541,0.000938,0.000681,0.000147,-0.000044,-0.000216,-0.000420,-0.000414,-0.000196,-0.000084,-0.000063,-0.000175,-0.000655,-0.001418,-0.001856,-0.001563,-0.000865,-0.000295,-0.000064,-0.000016,-0.000104,-0.000092,0.000168,0.000413,0.000381,0.000244,0.000084,-0.000095,-0.000243,-0.000321,-0.000396,-0.000405,-0.000264,-0.000045,0.000062,0.000014,-0.000084,0.000098,0.000377,0.000282,0.000126,0.000291,0.000566,0.000351,-0.000203,-0.000151,0.001054,0.001980,0.001133,-0.000765,-0.001841,-0.001671,-0.001296,-0.001245,-0.001316,-0.001206,-0.000675,0.000068,0.000451,0.000063,-0.000525,-0.000717,-0.000412,0.000113,0.000339,0.000365,0.000362,0.000364,0.000348,0.000181,-0.000245,-0.000877,-0.001665,-0.002193,-0.002149,-0.001555,-0.000401,0.000486,0.000524,0.000184,0.000138,0.000313,0.000350,0.000204,0.000119,0.000110,0.000105,0.000071,0.000107,0.000070,0.000052,0.000096,-0.000020,-0.000054,-0.000008,-0.000075,-0.000223,-0.000259,-0.000072,-0.000014,-0.000091,-0.000081,-0.000025,0.000020,0.000060,0.000021,-0.000053,-0.000065,-0.000094,-0.000145,-0.000171,-0.000121,-0.000089,-0.000079,-0.000131,-0.000156,-0.000051,-0.000001,-0.000016,0.000028,0.000058,0.000065,0.000025,
-0.019673,-0.022339,-0.018350,-0.008467,-0.001908,0.000922,0.001223,-0.000518,-0.002030,-0.001618,0.000098,0.000998,0.000953,0.001022,0.000830,0.000062,-0.000232,0.000187,0.000507,0.000769,0.000894,0.000774,0.000371,-0.000482,-0.001413,-0.001786,-0.001622,-0.000986,-0.000304,-0.000314,-0.000932,-0.001413,-0.001511,-0.001339,-0.000816,-0.000410,-0.000184,-0.000093,-0.000456,-0.001026,-0.001190,-0.000708,0.000002,0.000365,0.000419,0.000215,0.000005,-0.000060,-0.000103,-0.000354,-0.000668,-0.000704,-0.000407,-0.000017,0.000318,0.000398,0.000372,0.000393,0.000238,-0.000593,-0.001514,-0.001639,-0.001054,0.000098,0.001171,0.001329,0.000865,0.000455,0.000098,-0.000337,-0.000625,-0.000587,-0.000186,0.000456,0.000699,0.000467,0.000211,-0.000031,-0.000238,-0.000204,-0.000002,0.000162,0.000242,0.000404,0.000841,0.001327,0.000996,-0.000182,-0.001059,-0.001143,-0.000988,-0.000813,-0.000522,-0.000179,-0.000003,0.000126,0.000427,0.000584,0.000426,0.000233,0.000040,-0.000111,-0.000170,-0.000188,-0.000132,-0.000001,0.000126,0.000211,0.000119,-0.000104,-0.000251,-0.000189,-0.000040,0.000067,0.000190,0.000129,-0.000021,-0.000071,-0.000069,-0.000089,-0.000160,-0.000143,-0.000072,-0.000082,0.000024,0.000190,0.000287,0.000284,0.000220,0.000186,0.000049,0.000002,0.000059,0.000061,-0.000032,-0.000120,-0.000084,0.000018,0.016931,0.009081,0.010603,0.012265,0.012862,0.011773,0.008072,0.005283,0.004907,0.004754,0.003381,0.001872,0.001539,0.001259,0.000484,0.000539,0.001000,0.000738,0.000258,-0.000062,-0.000392,-0.000581,-0.000610,-0.000324,0.000001,-0.000037,-0.000263,-0.000620,-0.001305,-0.001716,-0.001164,-0.000208,0.000417,0.000490,0.000160,-0.000197,-0.000310,-0.000094,0.000236,0.000324,0.000281,0.000003,-0.000355,-0.000529,-0.000520,-0.000658,-0.000549,-0.000179,0.000006,-0.000005,-0.000060,0.000026,0.000248,0.000443,0.000401,0.000104,0.000089,0.000471,0.000424,-0.000150,-0.000243,0.000766,0.001825,0.001457,-0.000269,-0.001549,-0.001512,-0.001218,-0.001170,-0.001190,-0.001073,-0.000572,0.000049,0.000234,-0.000232,-0.000757,-0.000825,-0.000485,0.000122,0.000540,0.000496,0.000341,0.000131,0.000084,0.000077,-0.000359,-0.001068,-0.001720,-0.002053,-0.001969,-0.001446,-0.000386,0.000407,0.000359,0.000077,0.000114,0.000394,0.000464,0.000329,0.000201,0.000043,-0.000044,-0.000011,0.000109,0.000226,0.000128,-0.000048,-0.000131,-0.000048,0.000008,-0.000128,-0.000410,-0.000418,-0.000233,-0.000127,-0.000029,0.000028,-0.000077,-0.000160,-0.000132,-0.000138,-0.000137,-0.000110,-0.000061,-0.000063,-0.000193,-0.000226,-0.000088,-0.000091,-0.000140,-0.000108,-0.000046,0.000067,0.000103,0.000088,0.000073,-0.000010,-0.000085,
-0.019788,-0.022644,-0.018552,-0.008580,-0.002110,0.000517,0.000943,-0.000631,-0.002106,-0.001640,0.000102,0.000998,0.001046,0.001194,0.000756,-0.000160,-0.000298,0.000132,0.000483,0.000621,0.000663,0.000755,0.000427,-0.000604,-0.001556,-0.001889,-0.001686,-0.000885,-0.000067,-0.000152,-0.000758,-0.001077,-0.001297,-0.001415,-0.001075,-0.000436,0.000003,0.000100,-0.000190,-0.000845,-0.001094,-0.000586,0.000025,0.000431,0.000564,0.000352,0.000112,-0.000084,-0.000260,-0.000417,-0.000522,-0.000457,-0.000251,0.000008,0.000217,0.000342,0.000409,0.000411,0.000254,-0.000462,-0.001302,-0.001572,-0.001236,-0.000211,0.000851,0.001190,0.000905,0.000398,-0.000153,-0.000523,-0.000719,-0.000679,-0.000227,0.000427,0.000672,0.000348,0.000075,0.000022,-0.000091,-0.000025,0.000236,0.000287,0.000261,0.000532,0.001060,0.001303,0.000945,-0.000060,-0.000926,-0.001008,-0.000828,-0.000686,-0.000407,-0.000139,-0.000079,0.000040,0.000347,0.000434,0.000280,0.000121,-0.000049,-0.000114,-0.000191,-0.000250,-0.000112,0.000088,0.000184,0.000319,0.000296,0.000069,0.000008,0.000058,0.000079,0.000139,0.000134,-0.000048,-0.000205,-0.000256,-0.000269,-0.000073,0.000079,-0.000138,-0.000204,-0.000082,-0.000023,0.000155,0.000174,0.000032,-0.000006,0.000072,-0.000015,-0.000120,-0.000049,-0.000069,-0.000032,0.000114,0.000170,0.000131,0.015427,0.007663,0.009645,0.011790,0.012560,0.011577,0.008079,0.005352,0.004865,0.004596,0.003227,0.001833,0.001459,0.001227,0.000676,0.000739,0.001078,0.000772,0.000306,0.000118,-0.000214,-0.000463,-0.000427,-0.000242,-0.000037,-0.000009,-0.000112,-0.000506,-0.001361,-0.001884,-0.001400,-0.000646,-0.000346,-0.000286,-0.000152,-0.000091,0.000110,0.000435,0.000571,0.000494,0.000383,0.000174,-0.000007,-0.000038,-0.000267,-0.000473,-0.000373,-0.000279,-0.000166,-0.000039,-0.000049,-0.000054,0.000169,0.000395,0.000347,0.000213,0.000289,0.000635,0.000547,-0.000201,-0.000317,0.000719,0.001704,0.001553,0.000128,-0.001096,-0.001132,-0.000983,-0.001134,-0.001311,-0.001041,-0.000360,0.000409,0.000557,-0.000185,-0.000868,-0.000831,-0.000401,0.000024,0.000304,0.000390,0.000220,0.000119,0.000182,0.000070,-0.000331,-0.001036,-0.001733,-0.002074,-0.002100,-0.001533,-0.000424,0.000347,0.000378,0.000111,0.000128,0.000390,0.000504,0.000423,0.000157,-0.000055,-0.000021,0.000080,0.000219,0.000356,0.000355,0.000197,0.000012,0.000009,0.000024,-0.000158,-0.000273,-0.000213,-0.000134,-0.000142,-0.000139,-0.000111,-0.000051,-0.000024,-0.000050,-0.000073,-0.000116,-0.000165,-0.000130,-0.000043,-0.000109,-0.000121,0.000011,0.000053,-0.000081,-0.000169,-0.000147,-0.000054,0.000099,0.000120,0.000064,0.000070,0.000040,
-0.020584,-0.022987,-0.018823,-0.008850,-0.002769,-0.000186,0.000587,-0.000810,-0.002334,-0.001871,-0.000029,0.000868,0.000853,0.000966,0.000665,-0.000162,-0.000421,-0.000014,0.000447,0.000717,0.000819,0.000778,0.000352,-0.000552,-0.001491,-0.001915,-0.001791,-0.001034,-0.000075,0.000061,-0.000483,-0.000912,-0.001172,-0.001222,-0.000852,-0.000256,0.000260,0.000442,-0.000111,-0.000953,-0.001194,-0.000646,0.000055,0.000400,0.000442,0.000215,-0.000045,-0.000107,-0.000222,-0.000512,-0.000556,-0.000380,-0.000256,-0.000055,0.000281,0.000466,0.000426,0.000289,0.000011,-0.000646,-0.001293,-0.001319,-0.000788,0.000185,0.001213,0.001537,0.001191,0.000585,-0.000142,-0.000734,-0.001014,-0.001119,-0.000759,0.000132,0.000602,0.000420,0.000199,0.000108,-0.000025,-0.000033,0.000138,0.000205,0.000238,0.000437,0.000986,0.001467,0.001153,-0.000013,-0.001018,-0.001130,-0.000995,-0.000877,-0.000593,-0.000252,-0.000136,0.000034,0.000287,0.000277,0.000069,-0.000062,-0.000100,-0.000176,-0.000219,-0.000172,-0.000116,-0.000068,-0.000005,0.000155,0.000133,-0.000024,-0.000025,-0.000027,-0.000084,-0.000025,0.000105,0.000043,-0.000076,-0.000160,-0.000153,-0.000025,0.000008,0.000011,-0.000072,-0.000150,-0.000014,0.000119,0.000241,0.000311,0.000213,0.000032,-0.000084,-0.000097,-0.000049,-0.000064,-0.000091,0.000050,0.000121,-0.000001,0.012774,0.004836,0.007636,0.010779,0.012145,0.011486,0.008227,0.005454,0.004855,0.004522,0.003041,0.001583,0.001324,0.001165,0.000560,0.000625,0.001070,0.000879,0.000395,0.000077,-0.000222,-0.000436,-0.000449,-0.000204,0.000071,0.000085,-0.000191,-0.000663,-0.001399,-0.001859,-0.001523,-0.000919,-0.000459,-0.000241,-0.000148,0.000021,0.000247,0.000366,0.000272,0.000142,0.000001,-0.000216,-0.000273,-0.000224,-0.000275,-0.000460,-0.000480,-0.000218,0.000071,0.000158,0.000054,-0.000104,0.000110,0.000396,0.000398,0.000171,0.000116,0.000373,0.000201,-0.000405,-0.000413,0.000553,0.001386,0.000973,-0.000516,-0.001604,-0.001597,-0.001353,-0.001296,-0.001378,-0.001282,-0.000580,0.000392,0.000702,0.000130,-0.000709,-0.001036,-0.000573,0.000070,0.000331,0.000379,0.000260,0.000175,0.000259,0.000206,-0.000279,-0.001052,-0.001702,-0.002149,-0.002173,-0.001470,-0.000327,0.000349,0.000332,0.000108,0.000229,0.000558,0.000562,0.000284,0.000146,0.000095,0.000031,0.000061,0.000156,0.000276,0.000276,0.000106,-0.000006,0.000061,0.000138,0.000070,-0.000177,-0.000333,-0.000254,-0.000137,-0.000073,-0.000106,-0.000193,-0.000156,-0.000010,0.000072,-0.000010,-0.000052,-0.000032,-0.000094,-0.000195,-0.000048,0.000084,0.000012,-0.000033,-0.000083,-0.000056,0.000015,0.000055,0.000099,0.000063,-0.000029,-0.000030,
-0.020567,-0.023035,-0.018950,-0.008978,-0.002980,-0.000534,0.000199,-0.001069,-0.002414,-0.001829,0.000088,0.001041,0.000898,0.000900,0.000678,-0.000165,-0.000363,0.000164,0.000567,0.000758,0.000819,0.000731,0.000330,-0.000482,-0.001409,-0.001870,-0.001684,-0.000848,0.000073,0.000209,-0.000427,-0.000951,-0.001258,-0.001260,-0.000885,-0.000291,0.000276,0.000349,-0.000200,-0.001053,-0.001295,-0.000746,0.000003,0.000455,0.000585,0.000430,0.000176,-0.000038,-0.000271,-0.000500,-0.000616,-0.000496,-0.000352,-0.000136,0.000174,0.000288,0.000331,0.000365,0.000152,-0.000610,-0.001447,-0.001627,-0.001195,-0.000164,0.000894,0.001203,0.000852,0.000282,-0.000340,-0.000868,-0.000987,-0.000770,-0.000372,0.000139,0.000371,0.000316,0.000288,0.000297,0.000143,0.000004,0.000102,0.000268,0.000238,0.000345,0.000810,0.001169,0.000859,-0.000254,-0.001106,-0.001198,-0.001002,-0.000757,-0.000460,-0.000224,-0.000035,0.000130,0.000277,0.000226,0.000089,0.000081,0.000096,0.000061,-0.000024,-0.000133,-0.000125,0.000001,0.000097,0.000150,0.000154,0.000084,-0.000025,-0.000019,0.000058,-0.000006,-0.000031,-0.000023,-0.000081,-0.000247,-0.000204,-0.000006,-0.000067,-0.000115,-0.000067,-0.000043,-0.000036,-0.000006,0.000061,0.000010,0.000021,0.000059,-0.000014,-0.000057,-0.000034,-0.000156,-0.000146,-0.000037,0.000001,0.000069,0.011105,0.002823,0.006317,0.010277,0.011906,0.011300,0.008236,0.005598,0.004960,0.004507,0.002904,0.001452,0.001375,0.001251,0.000545,0.000584,0.001092,0.000909,0.000321,-0.000069,-0.000402,-0.000567,-0.000471,-0.000153,0.000065,-0.000107,-0.000232,-0.000433,-0.001116,-0.001696,-0.001536,-0.001015,-0.000581,-0.000314,-0.000170,-0.000073,0.000136,0.000349,0.000429,0.000289,0.000178,0.000074,-0.000108,-0.000175,-0.000401,-0.000563,-0.000427,-0.000196,-0.000058,0.000026,0.000046,0.000025,0.000109,0.000269,0.000317,0.000163,0.000255,0.000551,0.000314,-0.000275,-0.000244,0.000829,0.001765,0.001202,-0.000502,-0.001720,-0.001650,-0.001271,-0.001242,-0.001255,-0.000963,-0.000332,0.000318,0.000575,0.000178,-0.000450,-0.000708,-0.000449,0.000014,0.000313,0.000322,0.000158,0.000083,0.000045,-0.000108,-0.000474,-0.001081,-0.001785,-0.002143,-0.002056,-0.001534,-0.000527,0.000290,0.000311,-0.000020,0.000013,0.000411,0.000548,0.000336,0.000164,0.000103,0.000020,-0.000053,0.000073,0.000228,0.000194,0.000060,0.000005,0.000074,0.000056,-0.000149,-0.000341,-0.000276,-0.000167,-0.000106,-0.000083,-0.000137,-0.000174,-0.000211,-0.000238,-0.000166,-0.000036,0.000106,0.000188,0.000095,-0.000109,-0.000119,-0.000130,-0.000187,-0.000148,-0.000108,-0.000068,0.000009,0.000139,0.000115,0.000022,0.000027,0.000045,
-0.020381,-0.022721,-0.018641,-0.008806,-0.003003,-0.000767,-0.000086,-0.001222,-0.002627,-0.001995,0.000080,0.000901,0.000673,0.000825,0.000584,-0.000365,-0.000496,0.000155,0.000617,0.000779,0.000799,0.000757,0.000355,-0.000579,-0.001515,-0.001969,-0.001822,-0.000923,0.000057,0.000047,-0.000535,-0.000816,-0.000940,-0.001086,-0.000823,-0.000159,0.000292,0.000257,-0.000276,-0.001017,-0.001279,-0.000757,0.000084,0.000533,0.000500,0.000165,-0.000125,-0.000183,-0.000325,-0.000558,-0.000646,-0.000490,-0.000233,-0.000046,0.000200,0.000335,0.000280,0.000276,0.000139,-0.000677,-0.001524,-0.001692,-0.001285,0.000046,0.001608,0.001901,0.001191,0.000429,-0.000330,-0.000852,-0.000930,-0.000704,-0.000208,0.000312,0.000467,0.000285,0.000123,0.000077,-0.000043,-0.000123,0.000028,0.000215,0.000275,0.000422,0.000785,0.001157,0.000933,-0.000212,-0.001227,-0.001288,-0.000977,-0.000803,-0.000500,-0.000133,-0.000037,0.000092,0.000330,0.000321,0.000177,0.000059,0.000025,-0.000046,-0.000210,-0.000244,-0.000163,-0.000025,0.000029,-0.000030,-0.000072,-0.000085,-0.000129,-0.000082,0.000024,-0.000014,0.000020,0.000064,-0.000036,-0.000136,-0.000171,-0.000132,-0.000042,-0.000064,-0.000204,-0.000166,0.000079,0.000215,0.000214,0.000195,0.000137,0.000159,0.000096,-0.000057,-0.000162,-0.000153,-0.000054,-0.000058,0.000061,0.000135,0.009798,0.001302,0.005218,0.009743,0.011474,0.011026,0.008284,0.005742,0.004887,0.004253,0.002686,0.001286,0.001155,0.001229,0.000781,0.000721,0.001043,0.000963,0.000423,-0.000131,-0.000485,-0.000554,-0.000423,-0.000174,-0.000050,-0.000121,-0.000194,-0.000481,-0.001229,-0.001756,-0.001532,-0.001054,-0.000821,-0.000621,-0.000321,-0.000100,0.000061,0.000290,0.000424,0.000374,0.000241,0.000050,-0.000120,-0.000252,-0.000390,-0.000504,-0.000451,-0.000208,0.000036,0.000072,0.000018,0.000021,0.000167,0.000417,0.000375,0.000124,0.000147,0.000438,0.000331,-0.000343,-0.000547,0.000287,0.001322,0.001131,-0.000499,-0.002008,-0.002294,-0.001914,-0.001651,-0.001567,-0.001360,-0.000655,0.000235,0.000547,0.000070,-0.000555,-0.000695,-0.000376,-0.000005,0.000229,0.000338,0.000317,0.000247,0.000173,0.000057,-0.000334,-0.001094,-0.001897,-0.002284,-0.002173,-0.001545,-0.000385,0.000385,0.000279,-0.000018,0.000083,0.000478,0.000618,0.000442,0.000251,0.000109,0.000092,0.000100,0.000078,0.000149,0.000148,0.000149,0.000186,0.000063,-0.000026,-0.000008,-0.000039,-0.000061,-0.000117,-0.000192,-0.000166,-0.000037,-0.000023,-0.000107,-0.000148,-0.000147,-0.000127,-0.000119,-0.000027,-0.000029,-0.000136,-0.000158,-0.000085,0.000033,-0.000046,-0.000166,-0.000112,-0.000047,-0.000013,0.000145,0.000196,0.000128,0.000026,
-0.020213,-0.022452,-0.018352,-0.008603,-0.003082,-0.001070,-0.000258,-0.001424,-0.002742,-0.002017,-0.000065,0.000930,0.001016,0.001008,0.000552,-0.000369,-0.000539,0.000130,0.000632,0.000692,0.000726,0.000701,0.000264,-0.000631,-0.001470,-0.001821,-0.001647,-0.000871,-0.000072,-0.000042,-0.000458,-0.000905,-0.001237,-0.001248,-0.000773,-0.000056,0.000359,0.000341,-0.000120,-0.000825,-0.001200,-0.000809,-0.000059,0.000372,0.000487,0.000348,0.000222,0.000101,-0.000170,-0.000431,-0.000546,-0.000413,-0.000219,-0.000084,0.000145,0.000336,0.000329,0.000271,0.000203,-0.000411,-0.001079,-0.001010,-0.000503,0.000204,0.000829,0.001060,0.000932,0.000392,-0.000263,-0.000540,-0.000470,-0.000377,-0.000055,0.000463,0.000703,0.000546,0.000284,0.000054,-0.000118,-0.000121,0.000099,0.000330,0.000365,0.000373,0.000813,0.001482,0.001295,0.000050,-0.001091,-0.001319,-0.001083,-0.000778,-0.000459,-0.000168,0.000036,0.000129,0.000245,0.000254,0.000103,-0.000081,-0.000111,-0.000121,-0.000212,-0.000218,-0.000044,0.000124,0.000137,0.000117,0.000063,0.000006,0.000062,0.000081,0.000067,0.000182,0.000305,0.000252,0.000077,-0.000088,-0.000130,-0.000020,0.000017,-0.000028,-0.000041,-0.000033,-0.000030,-0.000011,0.000081,0.000080,-0.000004,-0.000026,-0.000130,-0.000145,-0.000055,-0.000010,0.000058,0.000111,0.000174,0.000218,0.008757,0.000169,0.004394,0.009383,0.011227,0.010703,0.008059,0.005726,0.004926,0.004219,0.002555,0.001097,0.001068,0.001240,0.000812,0.000720,0.000994,0.000874,0.000434,0.000019,-0.000363,-0.000479,-0.000453,-0.000228,0.000031,0.000004,-0.000220,-0.000674,-0.001420,-0.001845,-0.001470,-0.000934,-0.000662,-0.000472,-0.000332,-0.000032,0.000253,0.000369,0.000391,0.000384,0.000412,0.000318,0.000090,-0.000044,-0.000131,-0.000297,-0.000333,-0.000182,-0.000002,0.000050,0.000011,0.000015,0.000179,0.000404,0.000394,0.000194,0.000272,0.000506,0.000241,-0.000292,-0.000125,0.000900,0.001502,0.000992,-0.000286,-0.001307,-0.001455,-0.001380,-0.001270,-0.001232,-0.001185,-0.000745,0.000033,0.000365,-0.000156,-0.000770,-0.000731,-0.000234,0.000185,0.000497,0.000576,0.000460,0.000286,0.000147,-0.000022,-0.000478,-0.001089,-0.001720,-0.002199,-0.002235,-0.001628,-0.000555,0.000231,0.000260,0.000093,0.000083,0.000161,0.000232,0.000193,0.000165,0.000099,-0.000003,0.000005,0.000060,0.000153,0.000197,0.000132,0.000026,-0.000044,0.000069,-0.000017,-0.000278,-0.000312,-0.000166,-0.000107,-0.000142,-0.000151,-0.000093,-0.000092,-0.000149,-0.000126,-0.000112,-0.000059,-0.000153,-0.000349,-0.000408,-0.000250,-0.000099,-0.000100,-0.000147,-0.000161,-0.000119,-0.000117,0.000001,0.000154,0.000112,0.000054,0.000003,
-0.019834,-0.022077,-0.018049,-0.008461,-0.002931,-0.000919,-0.000316,-0.001389,-0.002531,-0.001864,0.000180,0.001164,0.000964,0.000885,0.000444,-0.000546,-0.000722,-0.000053,0.000575,0.000846,0.000806,0.000568,0.000059,-0.000791,-0.001534,-0.001836,-0.001625,-0.000852,-0.000120,-0.000230,-0.000825,-0.001177,-0.001232,-0.000975,-0.000501,-0.000135,0.000074,0.000056,-0.000301,-0.000931,-0.001234,-0.000774,-0.000063,0.000297,0.000339,0.000247,0.000119,0.000051,-0.000044,-0.000407,-0.000614,-0.000497,-0.000320,-0.000124,0.000138,0.000193,0.000231,0.000338,0.000161,-0.000595,-0.001476,-0.001725,-0.001252,-0.000004,0.001160,0.001298,0.000801,0.000276,-0.000194,-0.000613,-0.000719,-0.000557,-0.000216,0.000252,0.000541,0.000517,0.000207,-0.000048,-0.000070,-0.000068,-0.000011,0.000127,0.000302,0.000546,0.000902,0.001202,0.000894,-0.000178,-0.001080,-0.001199,-0.000945,-0.000810,-0.000579,-0.000237,-0.000065,0.000061,0.000252,0.000233,0.000037,-0.000013,-0.000025,-0.000097,-0.000107,-0.000140,-0.000116,-0.000027,0.000129,0.000185,0.000041,-0.000083,-0.000044,-0.000039,-0.000068,-0.000042,-0.000034,-0.000063,-0.000127,-0.000107,-0.000025,-0.000016,-0.000084,-0.000174,-0.000175,-0.000083,0.000112,0.000224,0.000207,0.000116,0.000172,0.000120,-0.000043,-0.000109,-0.000172,-0.000106,0.000001,-0.000047,-0.000032,0.000063,0.007978,-0.000422,0.004191,0.009219,0.011063,0.010662,0.008153,0.005751,0.004757,0.004016,0.002437,0.001019,0.001074,0.001279,0.000812,0.000746,0.001069,0.000837,0.000335,-0.000000,-0.000247,-0.000391,-0.000240,-0.000007,-0.000016,-0.000149,-0.000279,-0.000712,-0.001525,-0.001977,-0.001386,-0.000493,-0.000123,0.000004,0.000047,-0.000088,-0.000133,-0.000027,0.000130,0.000225,0.000231,0.000208,0.000057,-0.000126,-0.000295,-0.000471,-0.000377,-0.000203,-0.000093,0.000017,0.000020,-0.000023,0.000103,0.000378,0.000405,0.000192,0.000276,0.000591,0.000307,-0.000336,-0.000257,0.000889,0.001964,0.001387,-0.000599,-0.001847,-0.001730,-0.001414,-0.001406,-0.001363,-0.001038,-0.000376,0.000340,0.000479,-0.000046,-0.000655,-0.000787,-0.000427,0.000016,0.000291,0.000428,0.000369,0.000160,0.000111,0.000045,-0.000468,-0.001167,-0.001781,-0.002143,-0.002051,-0.001489,-0.000444,0.000394,0.000421,0.000120,0.000115,0.000383,0.000438,0.000280,0.000204,0.000183,0.000054,-0.000031,0.000044,0.000194,0.000236,0.000065,-0.000096,0.000023,0.000138,0.000030,-0.000144,-0.000198,-0.000112,-0.000003,-0.000038,-0.000151,-0.000247,-0.000151,-0.000065,-0.000089,-0.000071,-0.000061,-0.000090,-0.000135,-0.000202,-0.000113,0.000021,0.000002,-0.000027,-0.000135,-0.000190,-0.000061,0.000065,0.000076,0.000018,-0.000019,-0.000075,
-0.019231,-0.021429,-0.017479,-0.008033,-0.002722,-0.001014,-0.000532,-0.001473,-0.002619,-0.001885,0.000237,0.001181,0.000916,0.000767,0.000293,-0.000647,-0.000846,-0.000105,0.000597,0.000873,0.000926,0.000721,0.000156,-0.000779,-0.001624,-0.001936,-0.001687,-0.000858,0.000002,0.000080,-0.000531,-0.001037,-0.001232,-0.001118,-0.000699,-0.000234,0.000150,0.000243,-0.000211,-0.001013,-0.001456,-0.000874,0.000100,0.000550,0.000455,0.000131,-0.000097,-0.000125,-0.000257,-0.000584,-0.000695,-0.000521,-0.000227,0.000081,0.000294,0.000326,0.000305,0.000377,0.000220,-0.000483,-0.001271,-0.001462,-0.001013,0.000112,0.001218,0.001374,0.000930,0.000440,-0.000073,-0.000459,-0.000603,-0.000564,-0.000202,0.000320,0.000647,0.000547,0.000239,0.000012,-0.000042,-0.000089,0.000018,0.000271,0.000403,0.000577,0.000903,0.001248,0.000979,-0.000126,-0.001041,-0.001104,-0.000830,-0.000806,-0.000576,-0.000093,0.000098,0.000128,0.000264,0.000273,0.000088,-0.000155,-0.000247,-0.000253,-0.000376,-0.000392,-0.000307,-0.000190,-0.000043,0.000055,0.000130,0.000064,0.000042,0.000033,-0.000062,-0.000061,0.000040,-0.000071,-0.000221,-0.000194,-0.000129,-0.000163,-0.000225,-0.000163,-0.000074,-0.000038,-0.000048,-0.000053,0.000007,0.000119,0.000125,0.000003,-0.000003,-0.000043,0.000013,0.000058,-0.000009,0.000045,0.000038,0.000013,0.007098,-0.001459,0.003422,0.008915,0.010818,0.010330,0.007972,0.005815,0.004861,0.003930,0.002260,0.000948,0.000971,0.001201,0.000847,0.000771,0.001004,0.000761,0.000177,-0.000228,-0.000466,-0.000604,-0.000511,-0.000168,0.000097,-0.000021,-0.000306,-0.000721,-0.001429,-0.001867,-0.001364,-0.000515,-0.000082,0.000039,0.000027,-0.000005,0.000089,0.000209,0.000344,0.000322,0.000247,0.000120,-0.000152,-0.000249,-0.000275,-0.000333,-0.000328,-0.000098,0.000113,0.000055,-0.000035,0.000002,0.000286,0.000491,0.000425,0.000232,0.000201,0.000406,0.000267,-0.000186,-0.000233,0.000750,0.001913,0.001646,-0.000031,-0.001313,-0.001353,-0.001091,-0.001133,-0.001329,-0.001195,-0.000582,0.000156,0.000504,0.000145,-0.000512,-0.000656,-0.000313,0.000132,0.000404,0.000409,0.000290,0.000133,0.000120,0.000049,-0.000374,-0.001018,-0.001643,-0.002150,-0.002262,-0.001549,-0.000331,0.000366,0.000336,0.000117,0.000140,0.000311,0.000380,0.000325,0.000084,-0.000093,-0.000048,0.000039,0.000206,0.000255,0.000091,0.000014,0.000004,-0.000002,0.000025,-0.000070,-0.000176,-0.000221,-0.000158,-0.000021,0.000070,0.000093,0.000015,-0.000132,-0.000110,-0.000089,-0.000112,-0.000023,-0.000006,-0.000081,-0.000114,-0.000052,0.000100,0.000117,-0.000034,-0.000161,-0.000184,0.000000,0.000094,-0.000020,-0.000019,-0.000019,-0.000118,
-0.018998,-0.021001,-0.017335,-0.008199,-0.002975,-0.001243,-0.000725,-0.001805,-0.002882,-0.001966,0.000218,0.001227,0.000898,0.000587,0.000158,-0.000712,-0.000883,-0.000126,0.000601,0.000918,0.000902,0.000635,0.000188,-0.000716,-0.001653,-0.002036,-0.001829,-0.000978,-0.000104,0.000011,-0.000483,-0.000911,-0.001148,-0.001088,-0.000686,-0.000159,0.000322,0.000413,-0.000091,-0.000953,-0.001393,-0.000906,-0.000057,0.000486,0.000577,0.000330,-0.000001,-0.000258,-0.000459,-0.000651,-0.000683,-0.000477,-0.000237,-0.000101,0.000122,0.000290,0.000289,0.000406,0.000360,-0.000511,-0.001382,-0.001486,-0.001229,-0.000451,0.000656,0.001085,0.000697,0.000163,-0.000333,-0.000743,-0.000980,-0.001043,-0.000681,-0.000006,0.000404,0.000330,0.000163,0.000105,-0.000047,-0.000062,0.000142,0.000243,0.000265,0.000479,0.000885,0.001366,0.001150,-0.000053,-0.001035,-0.001191,-0.001021,-0.000890,-0.000578,-0.000192,-0.000011,0.000103,0.000317,0.000393,0.000063,-0.000120,-0.000141,-0.000163,-0.000266,-0.000345,-0.000269,-0.000081,0.000057,0.000079,0.000050,0.000051,0.000024,0.000004,-0.000001,0.000068,0.000117,0.000026,-0.000126,-0.000186,-0.000062,0.000011,-0.000117,-0.000212,-0.000123,0.000023,0.000072,0.000114,0.000159,0.000192,0.000200,0.000161,0.000013,-0.000042,0.000035,0.000001,-0.000068,-0.000010,0.000165,0.000209,0.006000,-0.002799,0.002573,0.008432,0.010412,0.010003,0.007696,0.005609,0.004628,0.003647,0.002060,0.000763,0.000901,0.001371,0.000890,0.000677,0.001108,0.000927,0.000386,-0.000002,-0.000424,-0.000585,-0.000364,-0.000029,0.000160,0.000006,-0.000304,-0.000657,-0.001442,-0.002061,-0.001780,-0.001172,-0.000711,-0.000491,-0.000327,-0.000041,0.000207,0.000384,0.000334,0.000109,-0.000077,-0.000175,-0.000106,-0.000096,-0.000296,-0.000433,-0.000453,-0.000356,-0.000094,0.000106,0.000017,-0.000042,0.000193,0.000475,0.000503,0.000193,0.000136,0.000436,0.000354,-0.000241,-0.000360,0.000637,0.001608,0.001202,-0.000328,-0.001505,-0.001555,-0.001303,-0.001193,-0.001316,-0.001192,-0.000449,0.000501,0.000762,0.000064,-0.000711,-0.000913,-0.000530,0.000015,0.000256,0.000373,0.000374,0.000286,0.000246,-0.000006,-0.000508,-0.001163,-0.001858,-0.002326,-0.002274,-0.001675,-0.000472,0.000398,0.000341,0.000055,0.000122,0.000309,0.000345,0.000268,0.000176,0.000080,0.000010,-0.000009,0.000135,0.000259,0.000189,0.000157,0.000124,-0.000025,0.000004,-0.000038,-0.000270,-0.000259,-0.000118,-0.000056,-0.000091,-0.000137,-0.000127,-0.000157,-0.000169,-0.000132,-0.000123,-0.000171,-0.000159,-0.000161,-0.000172,-0.000157,-0.000097,-0.000027,-0.000033,-0.000067,-0.000004,0.000050,0.000053,0.000081,0.000077,0.000054,-0.000044,
-0.018349,-0.020377,-0.016744,-0.007826,-0.002839,-0.001246,-0.000756,-0.001737,-0.002838,-0.001828,0.000569,0.001614,0.001032,0.000576,0.000116,-0.000688,-0.000782,-0.000025,0.000710,0.001017,0.000976,0.000753,0.000207,-0.000769,-0.001580,-0.001806,-0.001562,-0.000686,0.000208,0.000204,-0.000469,-0.001040,-0.001261,-0.001153,-0.000666,-0.000081,0.000461,0.000569,-0.000081,-0.001089,-0.001428,-0.000895,-0.000154,0.000336,0.000469,0.000195,-0.000123,-0.000230,-0.000399,-0.000599,-0.000621,-0.000621,-0.000420,-0.000059,0.000146,0.000293,0.000327,0.000234,0.000124,-0.000509,-0.001329,-0.001461,-0.000910,0.000193,0.001199,0.001426,0.001043,0.000314,-0.000492,-0.001002,-0.001151,-0.001182,-0.000867,-0.000185,0.000323,0.000368,0.000235,0.000158,0.000078,0.000110,0.000212,0.000180,0.000127,0.000381,0.000879,0.001292,0.000991,-0.000167,-0.001104,-0.001223,-0.000981,-0.000799,-0.000564,-0.000272,-0.000026,0.000164,0.000341,0.000324,0.000088,0.000013,-0.000027,-0.000095,-0.000231,-0.000238,-0.000170,-0.000122,0.000039,0.000105,0.000068,-0.000050,-0.000065,0.000028,0.000030,0.000003,0.000047,0.000057,-0.000128,-0.000269,-0.000195,-0.000057,-0.000057,-0.000172,-0.000143,-0.000156,-0.000080,0.000143,0.000202,0.000134,0.000148,0.000133,-0.000011,-0.000113,-0.000093,-0.000023,0.000018,0.000008,0.000086,0.000139,0.005700,-0.003177,0.002404,0.008505,0.010403,0.009861,0.007549,0.005467,0.004483,0.003529,0.001855,0.000509,0.000769,0.001293,0.000837,0.000599,0.000967,0.000863,0.000268,-0.000214,-0.000505,-0.000636,-0.000563,-0.000164,0.000185,0.000158,-0.000063,-0.000387,-0.001185,-0.001863,-0.001737,-0.001235,-0.000838,-0.000514,-0.000215,-0.000091,0.000079,0.000303,0.000375,0.000197,0.000032,-0.000018,-0.000062,-0.000168,-0.000431,-0.000555,-0.000401,-0.000193,-0.000020,0.000040,-0.000027,-0.000016,0.000200,0.000454,0.000453,0.000206,0.000204,0.000529,0.000347,-0.000259,-0.000208,0.000785,0.001621,0.000996,-0.000674,-0.001678,-0.001556,-0.001246,-0.001106,-0.001054,-0.000883,-0.000390,0.000330,0.000729,0.000375,-0.000274,-0.000561,-0.000309,0.000194,0.000510,0.000430,0.000193,0.000131,0.000201,0.000099,-0.000392,-0.001056,-0.001598,-0.001977,-0.001988,-0.001409,-0.000413,0.000303,0.000254,-0.000034,-0.000001,0.000352,0.000522,0.000347,0.000147,0.000063,0.000035,0.000004,0.000068,0.000205,0.000163,0.000015,-0.000013,0.000083,0.000153,0.000044,-0.000107,-0.000120,-0.000092,0.000054,0.000065,-0.000117,-0.000096,-0.000001,0.000010,0.000044,0.000019,-0.000011,0.000041,-0.000123,-0.000167,-0.000000,0.000131,0.000143,0.000037,-0.000167,-0.000258,-0.000099,0.000062,0.000066,0.000112,0.000104,-0.000043,
-0.018095,-0.020059,-0.016681,-0.007874,-0.002884,-0.001425,-0.000995,-0.001942,-0.002958,-0.001860,0.000655,0.001697,0.001051,0.000530,0.000010,-0.000823,-0.000919,-0.000190,0.000546,0.000855,0.000819,0.000580,0.000156,-0.000643,-0.001455,-0.001892,-0.001736,-0.000797,0.000091,0.000119,-0.000431,-0.000944,-0.001280,-0.001235,-0.000673,0.000005,0.000503,0.000516,-0.000136,-0.001012,-0.001367,-0.000897,-0.000035,0.000385,0.000409,0.000335,0.000054,-0.000108,-0.000228,-0.000488,-0.000554,-0.000314,-0.000100,0.000040,0.000195,0.000190,0.000138,0.000164,0.000023,-0.000500,-0.001253,-0.001640,-0.001358,-0.000106,0.001197,0.001416,0.000798,0.000134,-0.000537,-0.001160,-0.001254,-0.000768,-0.000173,0.000258,0.000441,0.000342,0.000211,0.000045,-0.000048,-0.000016,0.000117,0.000269,0.000282,0.000514,0.001000,0.001321,0.000923,-0.000256,-0.001111,-0.001148,-0.000856,-0.000671,-0.000444,-0.000208,-0.000086,0.000050,0.000244,0.000300,0.000032,-0.000168,-0.000107,-0.000039,-0.000098,-0.000194,-0.000191,-0.000114,-0.000070,-0.000009,0.000036,0.000058,0.000017,-0.000047,-0.000015,0.000079,0.000097,0.000016,-0.000149,-0.000242,-0.000158,-0.000030,0.000056,0.000044,-0.000016,-0.000030,0.000018,0.000145,0.000212,0.000274,0.000223,0.000017,-0.000116,-0.000154,-0.000227,-0.000282,-0.000249,-0.000101,-0.000007,-0.000021,0.005327,-0.003402,0.002182,0.008314,0.010167,0.009592,0.007456,0.005440,0.004386,0.003475,0.001954,0.000575,0.000654,0.001150,0.000865,0.000717,0.001035,0.000990,0.000404,-0.000138,-0.000367,-0.000499,-0.000587,-0.000313,-0.000084,-0.000185,-0.000392,-0.000703,-0.001367,-0.001905,-0.001789,-0.001342,-0.000863,-0.000476,-0.000147,0.000157,0.000442,0.000464,0.000309,0.000166,0.000045,0.000028,0.000028,-0.000117,-0.000318,-0.000450,-0.000412,-0.000257,-0.000083,0.000041,0.000046,0.000020,0.000161,0.000398,0.000446,0.000211,0.000198,0.000565,0.000362,-0.000340,-0.000496,0.000481,0.001570,0.001281,-0.000476,-0.001960,-0.001999,-0.001607,-0.001407,-0.001402,-0.001153,-0.000472,0.000233,0.000505,0.000116,-0.000475,-0.000659,-0.000386,0.000065,0.000368,0.000359,0.000281,0.000205,0.000124,0.000005,-0.000404,-0.001066,-0.001700,-0.002033,-0.002014,-0.001451,-0.000435,0.000243,0.000338,0.000187,0.000326,0.000624,0.000621,0.000417,0.000224,0.000065,0.000012,0.000055,0.000077,0.000120,0.000213,0.000174,0.000046,-0.000084,-0.000047,-0.000121,-0.000239,-0.000207,-0.000065,-0.000056,-0.000080,-0.000021,-0.000045,-0.000191,-0.000242,-0.000140,-0.000074,-0.000090,-0.000045,-0.000030,-0.000117,-0.000109,0.000051,0.000167,0.000112,-0.000093,-0.000200,-0.000070,0.000089,0.000155,0.000099,0.000021,-0.000042,
-0.017757,-0.019817,-0.016446,-0.007674,-0.002742,-0.001413,-0.001041,-0.001959,-0.002978,-0.001768,0.000883,0.001842,0.001013,0.000340,-0.000259,-0.001163,-0.001203,-0.000275,0.000571,0.001009,0.000993,0.000667,0.000180,-0.000592,-0.001408,-0.001771,-0.001585,-0.000726,0.000132,0.000089,-0.000464,-0.000825,-0.001006,-0.000995,-0.000586,-0.000108,0.000308,0.000464,-0.000095,-0.001025,-0.001371,-0.000843,-0.000074,0.000418,0.000514,0.000315,0.000087,-0.000010,-0.000152,-0.000472,-0.000714,-0.000562,-0.000317,-0.000024,0.000275,0.000297,0.000215,0.000245,0.000113,-0.000501,-0.001029,-0.001058,-0.000815,0.000158,0.001448,0.001839,0.001298,0.000588,-0.000021,-0.000492,-0.000672,-0.000590,-0.000221,0.000339,0.000559,0.000331,0.000073,-0.000027,-0.000103,-0.000139,0.000017,0.000222,0.000375,0.000592,0.001064,0.001401,0.001042,-0.000098,-0.001190,-0.001354,-0.001049,-0.000871,-0.000692,-0.000338,-0.000096,0.000033,0.000213,0.000249,0.000048,-0.000076,-0.000020,-0.000110,-0.000332,-0.000429,-0.000360,-0.000233,-0.000067,0.000100,0.000113,0.000077,-0.000067,-0.000118,0.000031,0.000124,0.000176,0.000088,-0.000058,-0.000154,-0.000125,-0.000041,-0.000075,-0.000191,-0.000212,-0.000164,-0.000090,0.000124,0.000247,0.000206,0.000145,0.000058,-0.000061,-0.000131,-0.000158,-0.000187,-0.000149,-0.000016,0.000056,0.000045,0.005701,-0.002956,0.002435,0.008209,0.009779,0.009209,0.007251,0.005260,0.004147,0.003225,0.001706,0.000416,0.000796,0.001410,0.000905,0.000574,0.000934,0.000920,0.000343,-0.000230,-0.000591,-0.000658,-0.000479,-0.000246,-0.000100,-0.000176,-0.000330,-0.000564,-0.001210,-0.001899,-0.001811,-0.001174,-0.000718,-0.000434,-0.000073,0.000136,0.000207,0.000365,0.000479,0.000346,0.000171,0.000021,-0.000031,0.000011,-0.000200,-0.000446,-0.000337,-0.000064,0.000117,0.000101,-0.000073,-0.000127,0.000099,0.000444,0.000454,0.000268,0.000346,0.000555,0.000304,-0.000393,-0.000413,0.000562,0.001362,0.001036,-0.000252,-0.001274,-0.001385,-0.001324,-0.001389,-0.001315,-0.001149,-0.000733,0.000116,0.000614,0.000145,-0.000496,-0.000644,-0.000344,0.000129,0.000476,0.000516,0.000339,0.000117,0.000053,-0.000031,-0.000544,-0.001296,-0.001940,-0.002167,-0.002004,-0.001449,-0.000376,0.000416,0.000342,-0.000086,-0.000012,0.000294,0.000369,0.000316,0.000159,0.000052,-0.000021,0.000069,0.000279,0.000270,0.000126,0.000051,0.000065,0.000058,0.000040,0.000006,-0.000176,-0.000333,-0.000217,-0.000073,-0.000054,-0.000027,-0.000061,-0.000172,-0.000171,-0.000089,-0.000111,-0.000115,-0.000068,-0.000122,-0.000130,0.000015,0.000080,0.000032,-0.000085,-0.000173,-0.000082,0.000038,0.000078,0.000063,0.000026,0.000027,0.000015,
-0.017318,-0.019428,-0.016022,-0.007203,-0.002470,-0.001225,-0.000910,-0.001878,-0.002826,-0.001576,0.001055,0.002122,0.001341,0.000462,-0.000305,-0.001040,-0.000955,-0.000069,0.000780,0.001123,0.001053,0.000742,0.000141,-0.000842,-0.001680,-0.001939,-0.001708,-0.000865,0.000036,0.000086,-0.000501,-0.001000,-0.001175,-0.001071,-0.000742,-0.000262,0.000102,0.000199,-0.000189,-0.000987,-0.001361,-0.000927,-0.000164,0.000347,0.000485,0.000294,0.000049,-0.000052,-0.000215,-0.000471,-0.000530,-0.000418,-0.000285,-0.000082,0.000135,0.000203,0.000138,0.000255,0.000243,-0.000540,-0.001326,-0.001298,-0.000789,0.000134,0.001010,0.001249,0.000867,0.000338,-0.000213,-0.000624,-0.000682,-0.000499,-0.000057,0.000554,0.000872,0.000684,0.000281,0.000011,-0.000204,-0.000174,0.000072,0.000228,0.000266,0.000460,0.000943,0.001426,0.001126,-0.000160,-0.001216,-0.001245,-0.000961,-0.000806,-0.000532,-0.000298,-0.000042,0.000184,0.000149,0.000072,-0.000047,-0.000158,-0.000126,-0.000132,-0.000133,-0.000156,-0.000214,-0.000153,0.000038,0.000180,0.000173,0.000134,0.000088,0.000066,0.000078,0.000074,0.000088,-0.000031,-0.000248,-0.000208,-0.000084,0.000026,0.000033,-0.000038,-0.000089,-0.000008,-0.000016,0.000019,0.000070,0.000084,0.000133,0.000093,0.000037,-0.000055,-0.000102,-0.000092,-0.000135,-0.000069,0.000118,0.000225,0.006287,-0.002151,0.003132,0.008532,0.009675,0.008788,0.006775,0.005063,0.004182,0.003260,0.001815,0.000530,0.000753,0.001261,0.000761,0.000495,0.000824,0.000857,0.000318,-0.000269,-0.000573,-0.000578,-0.000489,-0.000240,-0.000011,-0.000154,-0.000411,-0.000842,-0.001602,-0.002038,-0.001689,-0.001046,-0.000536,-0.000250,-0.000092,0.000030,0.000148,0.000226,0.000181,0.000137,0.000193,0.000127,-0.000056,-0.000161,-0.000282,-0.000300,-0.000112,0.000072,0.000107,0.000096,0.000006,0.000002,0.000265,0.000516,0.000455,0.000183,0.000256,0.000526,0.000344,-0.000218,-0.000154,0.001041,0.002032,0.001311,-0.000649,-0.001932,-0.001819,-0.001341,-0.001239,-0.001280,-0.001073,-0.000571,0.000091,0.000446,0.000113,-0.000529,-0.000707,-0.000293,0.000207,0.000454,0.000400,0.000171,0.000084,0.000037,-0.000050,-0.000305,-0.000990,-0.001768,-0.002134,-0.002059,-0.001507,-0.000410,0.000451,0.000426,0.000077,0.000110,0.000295,0.000382,0.000392,0.000230,0.000121,0.000037,-0.000062,0.000083,0.000181,0.000091,0.000089,0.000025,-0.000041,-0.000008,-0.000138,-0.000239,-0.000232,-0.000166,-0.000126,-0.000162,-0.000107,-0.000041,-0.000067,-0.000068,-0.000074,-0.000034,-0.000047,-0.000088,-0.000104,-0.000144,-0.000167,-0.000123,0.000008,0.000106,-0.000003,-0.000053,-0.000009,0.000030,-0.000060,-0.000076,0.000018,0.000011,
-0.017203,-0.019032,-0.015949,-0.007437,-0.002608,-0.001137,-0.000859,-0.001923,-0.002835,-0.001554,0.001199,0.002223,0.001232,0.000273,-0.000397,-0.001131,-0.001174,-0.000362,0.000650,0.001177,0.001090,0.000671,0.000055,-0.000816,-0.001555,-0.001768,-0.001592,-0.000848,0.000050,0.000032,-0.000610,-0.001146,-0.001341,-0.001039,-0.000494,-0.000102,0.000094,0.000119,-0.000309,-0.001221,-0.001599,-0.000950,-0.000075,0.000375,0.000423,0.000219,-0.000007,-0.000186,-0.000384,-0.000560,-0.000579,-0.000371,-0.000133,-0.000011,0.000133,0.000214,0.000215,0.000311,0.000248,-0.000508,-0.001416,-0.001613,-0.001031,0.000190,0.001420,0.001648,0.001015,0.000377,-0.000122,-0.000473,-0.000592,-0.000546,-0.000238,0.000321,0.000716,0.000553,0.000125,-0.000042,-0.000111,-0.000158,0.000001,0.000236,0.000383,0.000541,0.000843,0.001161,0.000960,-0.000147,-0.001107,-0.001254,-0.000943,-0.000709,-0.000528,-0.000168,0.000014,0.000070,0.000212,0.000210,0.000025,-0.000060,-0.000029,-0.000102,-0.000284,-0.000338,-0.000203,-0.000125,-0.000089,0.000034,0.000116,0.000084,-0.000003,-0.000073,-0.000073,0.000052,0.000127,0.000043,-0.000075,-0.000036,-0.000013,-0.000024,0.000003,-0.000037,0.000020,0.000138,0.000143,0.000147,0.000238,0.000259,0.000139,-0.000051,-0.000135,-0.000103,-0.000097,-0.000122,-0.000127,-0.000031,0.000139,0.000172,0.006831,-0.001656,0.003435,0.008633,0.009570,0.008535,0.006642,0.004938,0.003883,0.003061,0.001674,0.000474,0.000827,0.001364,0.000941,0.000656,0.000959,0.000934,0.000292,-0.000228,-0.000439,-0.000456,-0.000351,-0.000145,-0.000047,-0.000294,-0.000614,-0.001042,-0.001807,-0.002137,-0.001417,-0.000420,0.000224,0.000406,0.000175,-0.000045,-0.000028,0.000079,0.000163,0.000129,0.000081,-0.000086,-0.000247,-0.000248,-0.000286,-0.000415,-0.000216,0.000121,0.000102,-0.000011,0.000002,-0.000024,0.000041,0.000250,0.000319,0.000209,0.000221,0.000392,0.000218,-0.000263,-0.000259,0.000736,0.001771,0.001484,-0.000139,-0.001463,-0.001543,-0.001349,-0.001393,-0.001434,-0.001209,-0.000487,0.000371,0.000606,0.000032,-0.000635,-0.000762,-0.000319,0.000189,0.000407,0.000448,0.000405,0.000241,0.000071,0.000010,-0.000351,-0.001147,-0.001829,-0.002095,-0.001958,-0.001326,-0.000273,0.000501,0.000468,0.000080,0.000080,0.000430,0.000563,0.000413,0.000218,0.000095,0.000088,0.000057,0.000117,0.000240,0.000259,0.000195,-0.000004,-0.000160,-0.000126,-0.000177,-0.000301,-0.000202,-0.000130,-0.000173,-0.000183,-0.000152,-0.000127,-0.000210,-0.000235,-0.000086,0.000065,0.000127,0.000092,-0.000008,-0.000086,-0.000057,0.000029,0.000082,-0.000002,-0.000052,-0.000009,-0.000042,-0.000034,0.000031,0.000020,-0.000039,0.000021,
-0.016957,-0.018637,-0.015608,-0.007213,-0.002436,-0.001156,-0.001078,-0.002189,-0.002994,-0.001506,0.001340,0.002331,0.001337,0.000402,-0.000347,-0.001221,-0.001225,-0.000254,0.000659,0.001004,0.001000,0.000744,0.000100,-0.000810,-0.001512,-0.001710,-0.001504,-0.000672,0.000263,0.000316,-0.000343,-0.000910,-0.001100,-0.001026,-0.000667,-0.000174,0.000323,0.000572,0.000103,-0.000853,-0.001296,-0.000820,0.000015,0.000508,0.000567,0.000357,0.000053,-0.000176,-0.000352,-0.000653,-0.000782,-0.000612,-0.000334,-0.000025,0.000204,0.000285,0.000329,0.000357,0.000204,-0.000413,-0.001146,-0.001390,-0.001188,-0.000346,0.000773,0.001106,0.000641,0.000053,-0.000409,-0.000769,-0.000894,-0.000716,-0.000288,0.000323,0.000661,0.000527,0.000179,-0.000047,-0.000136,-0.000105,0.000103,0.000325,0.000390,0.000490,0.000866,0.001237,0.000964,-0.000090,-0.000941,-0.001132,-0.001005,-0.000874,-0.000617,-0.000218,-0.000014,0.000058,0.000264,0.000288,0.000084,-0.000012,-0.000034,-0.000137,-0.000311,-0.000262,-0.000127,-0.000114,-0.000103,0.000077,0.000102,-0.000001,-0.000083,-0.000120,0.000030,0.000134,0.000144,0.000052,-0.000026,-0.000088,-0.000150,-0.000158,-0.000244,-0.000236,-0.000135,-0.000061,0.000015,0.000170,0.000217,0.000140,0.000055,0.000006,-0.000023,-0.000026,-0.000132,-0.000247,-0.000231,-0.000119,0.000056,0.000066,0.006914,-0.001548,0.003555,0.008724,0.009489,0.008322,0.006399,0.004661,0.003583,0.002787,0.001564,0.000477,0.000815,0.001358,0.000894,0.000626,0.000885,0.000952,0.000540,-0.000194,-0.000665,-0.000735,-0.000603,-0.000257,-0.000122,-0.000385,-0.000645,-0.001013,-0.001701,-0.002232,-0.001957,-0.001221,-0.000591,-0.000166,0.000079,0.000212,0.000381,0.000471,0.000409,0.000248,0.000143,0.000065,0.000018,0.000022,-0.000158,-0.000438,-0.000355,-0.000017,0.000126,0.000209,0.000158,0.000070,0.000269,0.000448,0.000360,0.000150,0.000128,0.000401,0.000352,-0.000182,-0.000237,0.000755,0.001824,0.001601,0.000073,-0.001140,-0.001317,-0.001266,-0.001338,-0.001327,-0.001083,-0.000305,0.000651,0.000861,0.000264,-0.000477,-0.000664,-0.000383,-0.000029,0.000223,0.000356,0.000359,0.000353,0.000351,0.000098,-0.000359,-0.000918,-0.001545,-0.002009,-0.002124,-0.001612,-0.000524,0.000310,0.000381,0.000120,0.000186,0.000420,0.000384,0.000258,0.000214,0.000158,0.000089,0.000002,0.000062,0.000171,0.000178,0.000042,-0.000023,0.000138,0.000183,-0.000016,-0.000201,-0.000116,-0.000017,-0.000080,-0.000098,-0.000033,-0.000074,-0.000170,-0.000122,-0.000094,-0.000135,-0.000125,-0.000111,-0.000097,-0.000094,-0.000125,-0.000003,0.000099,0.000012,-0.000139,-0.000062,0.000101,0.000067,-0.000038,-0.000079,0.000016,0.000042,
-0.016494,-0.017913,-0.015136,-0.007018,-0.002283,-0.001105,-0.001154,-0.002269,-0.003041,-0.001447,0.001535,0.002525,0.001365,0.000217,-0.000663,-0.001495,-0.001397,-0.000467,0.000561,0.001126,0.001112,0.000656,0.000033,-0.000700,-0.001416,-0.001754,-0.001560,-0.000636,0.000338,0.000250,-0.000417,-0.000793,-0.001035,-0.001003,-0.000573,-0.000080,0.000398,0.000530,-0.000080,-0.001150,-0.001677,-0.001133,-0.000157,0.000414,0.000482,0.000222,-0.000027,-0.000102,-0.000388,-0.000658,-0.000581,-0.000381,-0.000209,-0.000028,0.000216,0.000323,0.000201,0.000212,0.000187,-0.000371,-0.001075,-0.001213,-0.000777,0.000159,0.001162,0.001619,0.001284,0.000508,-0.000237,-0.000775,-0.001093,-0.001145,-0.000780,-0.000058,0.000488,0.000500,0.000367,0.000277,0.000109,-0.000089,-0.000108,0.000134,0.000308,0.000472,0.000923,0.001402,0.001108,-0.000093,-0.001146,-0.001281,-0.001070,-0.000893,-0.000619,-0.000254,-0.000043,0.000034,0.000077,0.000083,-0.000011,-0.000133,-0.000154,-0.000209,-0.000312,-0.000287,-0.000232,-0.000184,-0.000087,0.000100,0.000082,0.000020,0.000144,0.000143,0.000080,0.000086,0.000072,0.000021,-0.000040,0.000003,-0.000022,-0.000141,-0.000160,-0.000151,-0.000175,-0.000108,0.000003,0.000106,0.000154,0.000163,0.000133,0.000016,-0.000060,-0.000119,-0.000171,-0.000155,-0.000074,0.000104,0.000267,0.000177,0.005954,-0.002544,0.002957,0.008423,0.009117,0.007955,0.006127,0.004426,0.003429,0.002784,0.001682,0.000551,0.000780,0.001312,0.000772,0.000361,0.000686,0.000704,0.000312,-0.000230,-0.000645,-0.000666,-0.000559,-0.000253,-0.000088,-0.000381,-0.000666,-0.000858,-0.001439,-0.002031,-0.001883,-0.001332,-0.000968,-0.000628,-0.000174,0.000132,0.000352,0.000436,0.000285,0.000106,0.000030,0.000029,0.000079,0.000022,-0.000225,-0.000416,-0.000297,-0.000091,-0.000050,-0.000006,0.000010,0.000004,0.000196,0.000499,0.000421,0.000144,0.000190,0.000517,0.000441,-0.000237,-0.000334,0.000671,0.001561,0.001005,-0.000682,-0.001791,-0.001697,-0.001400,-0.001392,-0.001518,-0.001224,-0.000501,0.000286,0.000690,0.000317,-0.000412,-0.000733,-0.000359,0.000162,0.000409,0.000441,0.000368,0.000327,0.000290,0.000079,-0.000337,-0.000945,-0.001688,-0.002163,-0.002141,-0.001605,-0.000592,0.000228,0.000311,0.000081,0.000062,0.000299,0.000431,0.000349,0.000164,0.000014,-0.000013,0.000058,0.000137,0.000185,0.000156,0.000105,0.000113,0.000159,0.000131,-0.000045,-0.000165,-0.000220,-0.000165,-0.000106,-0.000110,-0.000130,-0.000128,0.000036,0.000062,-0.000027,-0.000118,-0.000245,-0.000119,-0.000014,-0.000056,-0.000081,-0.000055,0.000016,-0.000022,-0.000145,-0.000114,0.000009,0.000063,0.000070,0.000016,-0.000010,0.000035,
-0.016223,-0.017572,-0.014825,-0.006816,-0.002231,-0.001072,-0.001103,-0.002270,-0.002964,-0.001316,0.001662,0.002771,0.001526,0.000184,-0.000691,-0.001444,-0.001331,-0.000307,0.000719,0.001137,0.001037,0.000661,0.000040,-0.000824,-0.001557,-0.001754,-0.001401,-0.000418,0.000521,0.000474,-0.000224,-0.000770,-0.000991,-0.000944,-0.000536,-0.000071,0.000321,0.000542,0.000048,-0.000951,-0.001433,-0.000989,-0.000201,0.000370,0.000570,0.000304,0.000036,-0.000056,-0.000326,-0.000591,-0.000565,-0.000481,-0.000259,-0.000011,0.000146,0.000152,0.000138,0.000304,0.000255,-0.000571,-0.001449,-0.001723,-0.001343,-0.000205,0.000859,0.001128,0.000764,0.000128,-0.000520,-0.001024,-0.001109,-0.000909,-0.000422,0.000157,0.000419,0.000330,0.000199,0.000168,0.000084,-0.000017,0.000026,0.000172,0.000306,0.000589,0.001038,0.001297,0.000929,-0.000158,-0.001106,-0.001244,-0.001035,-0.000741,-0.000339,0.000016,0.000072,0.000149,0.000296,0.000173,-0.000051,-0.000099,-0.000058,-0.000145,-0.000170,-0.000197,-0.000270,-0.000136,-0.000009,-0.000034,-0.000004,-0.000023,0.000030,0.000076,0.000001,0.000019,0.000102,0.000036,-0.000141,-0.000222,-0.000097,0.000037,-0.000037,-0.000194,-0.000223,-0.000112,0.000047,0.000197,0.000260,0.000289,0.000180,0.000032,-0.000028,-0.000095,-0.000098,-0.000118,-0.000069,0.000085,0.000219,0.000180,0.005717,-0.002967,0.002510,0.008211,0.008914,0.007617,0.005958,0.004521,0.003421,0.002528,0.001447,0.000426,0.000830,0.001392,0.000816,0.000365,0.000710,0.000841,0.000411,-0.000180,-0.000477,-0.000449,-0.000386,-0.000277,-0.000244,-0.000406,-0.000595,-0.000828,-0.001347,-0.001892,-0.001843,-0.001363,-0.000887,-0.000474,-0.000051,0.000282,0.000495,0.000411,0.000159,0.000072,0.000118,0.000077,-0.000023,-0.000058,-0.000244,-0.000464,-0.000407,-0.000175,-0.000046,-0.000067,-0.000046,-0.000048,0.000106,0.000337,0.000290,0.000181,0.000398,0.000641,0.000373,-0.000232,-0.000230,0.000962,0.002006,0.001412,-0.000437,-0.001742,-0.001642,-0.001286,-0.001188,-0.001136,-0.000961,-0.000497,0.000111,0.000535,0.000278,-0.000274,-0.000406,-0.000108,0.000265,0.000484,0.000518,0.000333,0.000085,-0.000021,-0.000101,-0.000505,-0.001141,-0.001691,-0.002009,-0.002019,-0.001453,-0.000366,0.000339,0.000266,0.000003,0.000078,0.000309,0.000404,0.000395,0.000262,0.000081,-0.000065,-0.000068,0.000179,0.000311,0.000193,0.000063,0.000064,0.000015,-0.000003,-0.000020,-0.000206,-0.000229,-0.000129,-0.000070,-0.000057,-0.000099,-0.000094,-0.000114,-0.000083,-0.000057,-0.000039,-0.000053,-0.000125,-0.000193,-0.000183,-0.000058,0.000012,0.000002,-0.000059,-0.000078,-0.000012,0.000075,0.000106,0.000016,-0.000011,-0.000009,-0.000011,
-0.015521,-0.017142,-0.014231,-0.006081,-0.001469,-0.000427,-0.000713,-0.002123,-0.002819,-0.001071,0.001791,0.002705,0.001423,0.000158,-0.000715,-0.001463,-0.001376,-0.000466,0.000541,0.001036,0.000934,0.000513,-0.000061,-0.000855,-0.001671,-0.001912,-0.001623,-0.000884,0.000069,0.000242,-0.000334,-0.000823,-0.001041,-0.000999,-0.000668,-0.000201,0.000262,0.000461,0.000027,-0.000979,-0.001491,-0.000997,-0.000242,0.000283,0.000406,0.000192,-0.000045,-0.000254,-0.000375,-0.000482,-0.000483,-0.000387,-0.000295,-0.000155,0.000060,0.000243,0.000258,0.000317,0.000252,-0.000362,-0.001104,-0.001428,-0.001188,-0.000005,0.001566,0.002122,0.001425,0.000369,-0.000503,-0.000961,-0.001015,-0.000764,-0.000229,0.000200,0.000320,0.000143,0.000007,-0.000018,-0.000209,-0.000283,-0.000045,0.000233,0.000341,0.000494,0.000992,0.001433,0.001091,-0.000140,-0.001166,-0.001235,-0.001010,-0.000848,-0.000538,-0.000167,0.000021,0.000123,0.000241,0.000245,0.000112,0.000041,0.000086,-0.000013,-0.000181,-0.000256,-0.000247,-0.000149,-0.000047,-0.000003,-0.000040,-0.000153,-0.000169,-0.000079,-0.000021,0.000031,0.000098,-0.000024,-0.000159,-0.000149,-0.000104,-0.000089,-0.000018,0.000024,-0.000076,-0.000142,-0.000046,0.000042,0.000074,0.000116,0.000056,-0.000027,-0.000104,-0.000136,-0.000060,-0.000040,0.000015,0.000143,0.000105,0.000030,0.005994,-0.002750,0.002683,0.008073,0.008621,0.007323,0.005670,0.004214,0.003178,0.002484,0.001474,0.000423,0.000727,0.001249,0.000687,0.000323,0.000699,0.000799,0.000379,-0.000085,-0.000421,-0.000478,-0.000351,-0.000079,0.000006,-0.000281,-0.000442,-0.000617,-0.001263,-0.001827,-0.001704,-0.001292,-0.000975,-0.000668,-0.000171,0.000258,0.000543,0.000696,0.000573,0.000347,0.000217,0.000137,0.000103,0.000041,-0.000241,-0.000442,-0.000256,-0.000012,0.000025,0.000064,0.000120,0.000111,0.000294,0.000542,0.000395,0.000166,0.000261,0.000536,0.000419,-0.000210,-0.000448,0.000356,0.001363,0.001110,-0.000578,-0.002118,-0.002312,-0.001877,-0.001626,-0.001609,-0.001322,-0.000515,0.000386,0.000637,0.000095,-0.000552,-0.000566,-0.000259,0.000092,0.000449,0.000506,0.000289,0.000098,0.000152,0.000090,-0.000362,-0.001140,-0.001834,-0.002179,-0.002039,-0.001343,-0.000235,0.000467,0.000381,0.000087,0.000121,0.000400,0.000509,0.000468,0.000270,0.000076,-0.000012,-0.000022,0.000061,0.000122,0.000086,0.000090,0.000036,-0.000045,-0.000043,-0.000064,-0.000069,-0.000039,-0.000101,-0.000121,-0.000131,-0.000147,-0.000073,-0.000037,-0.000068,-0.000081,-0.000044,-0.000030,-0.000141,-0.000152,-0.000137,-0.000148,-0.000131,-0.000019,0.000042,-0.000003,-0.000049,-0.000042,-0.000048,-0.000127,-0.000150,-0.000042,0.000004,
-0.015125,-0.016434,-0.013853,-0.006155,-0.001682,-0.000616,-0.000936,-0.002236,-0.002975,-0.001143,0.002037,0.002994,0.001547,0.000157,-0.000715,-0.001513,-0.001465,-0.000400,0.000767,0.001263,0.001149,0.000706,0.000044,-0.000784,-0.001531,-0.001813,-0.001496,-0.000675,0.000138,0.000214,-0.000400,-0.000898,-0.001019,-0.000955,-0.000612,-0.000183,0.000195,0.000390,-0.000074,-0.001059,-0.001483,-0.000909,-0.000172,0.000316,0.000535,0.000367,0.000137,-0.000013,-0.000259,-0.000541,-0.000594,-0.000416,-0.000263,-0.000107,0.000043,0.000113,0.000288,0.000419,0.000260,-0.000381,-0.001013,-0.000952,-0.000455,0.000310,0.001013,0.001052,0.000717,0.000311,-0.000264,-0.000682,-0.000699,-0.000503,-0.000225,0.000265,0.000609,0.000433,0.000108,-0.000019,-0.000146,-0.000205,-0.000003,0.000239,0.000336,0.000450,0.000892,0.001448,0.001310,-0.000017,-0.001154,-0.001265,-0.001137,-0.001065,-0.000680,-0.000139,0.000108,0.000065,0.000170,0.000230,0.000034,-0.000131,-0.000153,-0.000228,-0.000398,-0.000407,-0.000309,-0.000191,0.000004,0.000102,0.000105,0.000034,-0.000065,-0.000065,0.000029,0.000075,0.000102,0.000043,-0.000000,-0.000039,-0.000048,-0.000070,-0.000115,-0.000183,-0.000198,0.000016,0.000126,0.000110,0.000173,0.000138,0.000055,0.000072,0.000039,-0.000064,-0.000088,-0.000043,0.000046,0.000116,0.000157,0.000146,0.005084,-0.003971,0.001770,0.007643,0.008407,0.007070,0.005368,0.004033,0.003216,0.002570,0.001464,0.000388,0.000645,0.001207,0.000761,0.000368,0.000679,0.000800,0.000468,-0.000047,-0.000467,-0.000648,-0.000608,-0.000264,-0.000055,-0.000302,-0.000506,-0.000869,-0.001714,-0.002316,-0.001957,-0.001287,-0.000822,-0.000505,-0.000175,0.000172,0.000411,0.000478,0.000308,0.000132,0.000103,0.000150,0.000168,0.000048,-0.000106,-0.000246,-0.000198,0.000049,0.000219,0.000198,0.000163,0.000109,0.000162,0.000378,0.000336,0.000091,0.000212,0.000623,0.000476,-0.000167,-0.000117,0.000952,0.001714,0.001181,-0.000289,-0.001354,-0.001511,-0.001435,-0.001374,-0.001329,-0.001162,-0.000609,0.000220,0.000636,0.000193,-0.000488,-0.000643,-0.000160,0.000366,0.000629,0.000652,0.000396,0.000188,0.000169,0.000015,-0.000481,-0.001107,-0.001703,-0.002098,-0.002135,-0.001510,-0.000438,0.000308,0.000293,0.000039,0.000107,0.000282,0.000262,0.000168,0.000146,0.000143,0.000031,-0.000011,0.000047,0.000149,0.000080,-0.000085,-0.000065,0.000015,0.000050,0.000050,-0.000054,-0.000138,-0.000150,-0.000070,-0.000084,-0.000138,-0.000112,-0.000088,-0.000023,0.000016,-0.000069,-0.000165,-0.000181,-0.000206,-0.000231,-0.000236,-0.000175,-0.000090,-0.000103,-0.000124,-0.000117,-0.000086,-0.000017,-0.000077,-0.000118,-0.000001,0.000018,
-0.014881,-0.015867,-0.013521,-0.006026,-0.001524,-0.000550,-0.000984,-0.002371,-0.002990,-0.000981,0.002195,0.003114,0.001497,-0.000056,-0.000975,-0.001754,-0.001583,-0.000466,0.000670,0.001200,0.001034,0.000628,0.000104,-0.000753,-0.001537,-0.001764,-0.001523,-0.000744,0.000123,0.000166,-0.000367,-0.000844,-0.000958,-0.000794,-0.000464,-0.000155,0.000131,0.000187,-0.000269,-0.001108,-0.001485,-0.001066,-0.000353,0.000144,0.000326,0.000226,-0.000073,-0.000272,-0.000476,-0.000650,-0.000615,-0.000511,-0.000472,-0.000293,0.000012,0.000200,0.000242,0.000233,0.000102,-0.000568,-0.001416,-0.001669,-0.001184,0.000066,0.001383,0.001640,0.001038,0.000402,-0.000151,-0.000685,-0.000922,-0.000727,-0.000294,0.000218,0.000555,0.000511,0.000278,0.000149,-0.000053,-0.000243,-0.000179,0.000010,0.000181,0.000452,0.000852,0.001176,0.000926,-0.000171,-0.001118,-0.001106,-0.000842,-0.000681,-0.000460,-0.000226,-0.000052,-0.000050,0.000036,0.000094,-0.000110,-0.000207,-0.000061,-0.000049,-0.000174,-0.000300,-0.000272,-0.000129,-0.000056,-0.000003,-0.000028,-0.000116,-0.000165,-0.000125,-0.000065,0.000017,0.000074,0.000015,-0.000068,-0.000054,-0.000113,-0.000130,-0.000094,-0.000123,-0.000061,0.000060,0.000084,0.000082,0.000144,0.000195,0.000215,0.000128,-0.000023,-0.000063,-0.000040,-0.000087,-0.000112,-0.000038,0.000005,0.000107,0.004568,-0.004687,0.001273,0.007575,0.008337,0.006858,0.005056,0.003740,0.002863,0.002291,0.001468,0.000464,0.000566,0.000974,0.000484,0.000108,0.000557,0.000770,0.000412,0.000028,-0.000313,-0.000508,-0.000540,-0.000296,-0.000138,-0.000370,-0.000665,-0.001125,-0.001757,-0.002126,-0.001781,-0.000916,-0.000242,-0.000046,0.000025,0.000103,0.000168,0.000232,0.000220,0.000030,0.000015,0.000121,-0.000049,-0.000188,-0.000223,-0.000211,-0.000120,-0.000030,-0.000079,-0.000063,0.000042,0.000136,0.000311,0.000464,0.000385,0.000115,0.000190,0.000470,0.000328,-0.000291,-0.000358,0.000849,0.002003,0.001427,-0.000517,-0.001782,-0.001530,-0.001189,-0.001331,-0.001415,-0.001167,-0.000417,0.000375,0.000421,-0.000050,-0.000568,-0.000736,-0.000347,0.000098,0.000287,0.000342,0.000355,0.000200,0.000137,0.000088,-0.000374,-0.001112,-0.001806,-0.002240,-0.002170,-0.001526,-0.000433,0.000334,0.000213,-0.000034,0.000003,0.000145,0.000278,0.000337,0.000288,0.000170,0.000047,-0.000011,-0.000012,0.000043,0.000077,0.000002,-0.000035,-0.000001,-0.000055,-0.000133,-0.000167,-0.000166,-0.000149,-0.000139,-0.000093,-0.000026,-0.000070,-0.000148,-0.000143,-0.000173,-0.000179,-0.000117,-0.000053,-0.000080,-0.000161,-0.000142,0.000001,0.000045,-0.000050,-0.000054,0.000053,0.000079,0.000026,0.000106,0.000172,0.000088,0.000038,
-0.014483,-0.015473,-0.013119,-0.005631,-0.001151,-0.000153,-0.000659,-0.002221,-0.002918,-0.000825,0.002422,0.003397,0.001754,0.000031,-0.000980,-0.001639,-0.001481,-0.000485,0.000746,0.001283,0.000996,0.000473,-0.000077,-0.000872,-0.001623,-0.001776,-0.001413,-0.000662,0.000150,0.000205,-0.000431,-0.000929,-0.001098,-0.000885,-0.000457,-0.000188,0.000054,0.000133,-0.000325,-0.001089,-0.001451,-0.000993,-0.000189,0.000373,0.000538,0.000313,-0.000071,-0.000246,-0.000333,-0.000630,-0.000742,-0.000643,-0.000444,-0.000187,0.000148,0.000271,0.000208,0.000237,0.000182,-0.000397,-0.001075,-0.001316,-0.000947,0.000139,0.001191,0.001381,0.000980,0.000382,-0.000283,-0.000779,-0.000885,-0.000695,-0.000235,0.000254,0.000571,0.000535,0.000315,0.000121,-0.000058,-0.000106,0.000048,0.000270,0.000277,0.000367,0.000908,0.001412,0.001090,-0.000111,-0.001090,-0.001274,-0.001080,-0.000847,-0.000470,-0.000043,0.000093,0.000083,0.000135,0.000125,-0.000045,-0.000164,-0.000065,-0.000056,-0.000237,-0.000342,-0.000383,-0.000295,-0.000198,-0.000053,0.000072,-0.000029,-0.000067,-0.000009,0.000019,0.000017,0.000059,0.000065,-0.000031,-0.000164,-0.000242,-0.000237,-0.000194,-0.000224,-0.000237,-0.000147,-0.000041,0.000007,0.000071,0.000151,0.000179,0.000112,-0.000018,-0.000051,0.000002,-0.000029,-0.000067,-0.000075,0.000022,0.000142,0.004538,-0.004702,0.001249,0.007510,0.008196,0.006623,0.004835,0.003679,0.002975,0.002302,0.001246,0.000215,0.000484,0.001041,0.000558,0.000080,0.000349,0.000643,0.000480,-0.000007,-0.000481,-0.000648,-0.000664,-0.000493,-0.000239,-0.000309,-0.000646,-0.001119,-0.001770,-0.002094,-0.001648,-0.000840,-0.000275,-0.000033,0.000105,0.000213,0.000347,0.000401,0.000367,0.000214,0.000007,-0.000050,-0.000034,0.000038,-0.000013,-0.000117,-0.000100,0.000041,0.000181,0.000117,0.000027,0.000078,0.000230,0.000449,0.000433,0.000208,0.000236,0.000531,0.000402,-0.000339,-0.000467,0.000720,0.001947,0.001695,-0.000012,-0.001353,-0.001342,-0.001158,-0.001304,-0.001346,-0.001063,-0.000454,0.000279,0.000644,0.000291,-0.000386,-0.000643,-0.000343,0.000157,0.000441,0.000365,0.000237,0.000131,0.000142,0.000090,-0.000359,-0.001052,-0.001718,-0.002149,-0.002205,-0.001578,-0.000409,0.000394,0.000481,0.000181,0.000071,0.000229,0.000257,0.000140,0.000126,0.000126,0.000015,-0.000075,0.000036,0.000219,0.000148,-0.000019,-0.000037,0.000091,0.000176,-0.000048,-0.000214,-0.000192,-0.000167,-0.000092,0.000004,-0.000054,-0.000040,0.000005,-0.000049,-0.000076,-0.000132,-0.000123,0.000028,0.000061,-0.000058,-0.000104,-0.000029,0.000065,0.000018,-0.000029,-0.000034,-0.000040,0.000074,0.000029,0.000001,-0.000006,-0.000068,
-0.014165,-0.015105,-0.012791,-0.005209,-0.000657,0.000247,-0.000462,-0.002117,-0.002747,-0.000672,0.002575,0.003427,0.001655,-0.000030,-0.001017,-0.001690,-0.001475,-0.000424,0.000631,0.001187,0.001126,0.000734,0.000110,-0.000855,-0.001674,-0.001875,-0.001546,-0.000713,0.000152,0.000199,-0.000312,-0.000775,-0.000955,-0.000876,-0.000527,-0.000044,0.000415,0.000528,-0.000023,-0.000967,-0.001475,-0.001030,-0.000246,0.000295,0.000514,0.000342,0.000036,-0.000225,-0.000532,-0.000777,-0.000761,-0.000586,-0.000351,-0.000108,0.000105,0.000159,0.000176,0.000233,0.000129,-0.000463,-0.001265,-0.001465,-0.001106,-0.000260,0.000885,0.001327,0.000900,0.000232,-0.000455,-0.001028,-0.001271,-0.001246,-0.000825,-0.000091,0.000349,0.000235,0.000076,0.000042,-0.000058,-0.000038,0.000069,0.000144,0.000259,0.000553,0.001018,0.001416,0.001135,-0.000026,-0.001071,-0.001248,-0.001035,-0.000965,-0.000750,-0.000326,0.000001,0.000171,0.000240,0.000143,-0.000108,-0.000167,-0.000067,-0.000109,-0.000255,-0.000371,-0.000238,-0.000108,-0.000124,-0.000125,-0.000090,-0.000102,-0.000141,-0.000088,0.000032,0.000017,0.000058,0.000150,0.000087,-0.000068,-0.000033,-0.000015,-0.000161,-0.000235,-0.000107,0.000021,-0.000038,-0.000060,-0.000015,0.000034,0.000028,-0.000065,-0.000055,-0.000029,-0.000136,-0.000175,-0.000121,-0.000010,0.000094,0.000090,0.004250,-0.005082,0.001016,0.007411,0.008086,0.006516,0.004782,0.003537,0.002778,0.002308,0.001431,0.000385,0.000640,0.001069,0.000474,0.000075,0.000402,0.000684,0.000583,0.000089,-0.000409,-0.000511,-0.000375,-0.000170,-0.000073,-0.000310,-0.000613,-0.000936,-0.001665,-0.002310,-0.002131,-0.001362,-0.000727,-0.000277,0.000116,0.000368,0.000572,0.000663,0.000539,0.000216,-0.000007,-0.000071,0.000038,0.000118,-0.000098,-0.000359,-0.000307,-0.000052,0.000109,0.000121,0.000146,0.000147,0.000275,0.000561,0.000454,0.000051,0.000048,0.000544,0.000500,-0.000175,-0.000304,0.000688,0.001652,0.001223,-0.000284,-0.001465,-0.001538,-0.001335,-0.001388,-0.001422,-0.001151,-0.000336,0.000634,0.001005,0.000417,-0.000453,-0.000761,-0.000370,0.000138,0.000295,0.000365,0.000365,0.000260,0.000204,0.000093,-0.000371,-0.001109,-0.001776,-0.002154,-0.002219,-0.001717,-0.000476,0.000351,0.000293,-0.000010,0.000047,0.000285,0.000399,0.000376,0.000218,0.000080,0.000037,0.000055,0.000021,0.000073,0.000169,0.000030,-0.000059,-0.000032,0.000050,0.000047,-0.000155,-0.000171,-0.000104,-0.000117,-0.000131,-0.000132,-0.000150,-0.000213,-0.000233,-0.000118,-0.000137,-0.000166,-0.000068,-0.000127,-0.000162,-0.000122,-0.000085,-0.000042,-0.000060,-0.000112,-0.000107,0.000014,0.000122,0.000122,0.000149,0.000085,-0.000047,
-0.013829,-0.014689,-0.012319,-0.004904,-0.000430,0.000593,-0.000195,-0.002015,-0.002687,-0.000545,0.002667,0.003599,0.001897,0.000001,-0.001048,-0.001645,-0.001411,-0.000388,0.000655,0.001238,0.001139,0.000571,-0.000078,-0.000876,-0.001559,-0.001717,-0.001426,-0.000678,0.000194,0.000354,-0.000263,-0.000818,-0.000983,-0.000838,-0.000453,0.000029,0.000480,0.000570,0.000014,-0.001005,-0.001535,-0.001045,-0.000182,0.000303,0.000425,0.000244,-0.000003,-0.000183,-0.000463,-0.000707,-0.000705,-0.000450,-0.000275,-0.000173,0.000052,0.000233,0.000258,0.000298,0.000172,-0.000481,-0.001177,-0.001357,-0.000915,0.000173,0.001249,0.001646,0.001253,0.000519,-0.000365,-0.001009,-0.001175,-0.001237,-0.001017,-0.000328,0.000171,0.000225,0.000128,0.000074,0.000027,-0.000062,-0.000049,0.000014,0.000126,0.000483,0.001056,0.001542,0.001119,-0.000112,-0.001026,-0.001174,-0.000952,-0.000828,-0.000638,-0.000237,-0.000037,0.000031,0.000119,0.000225,0.000070,-0.000128,-0.000109,-0.000112,-0.000223,-0.000388,-0.000465,-0.000488,-0.000286,-0.000016,0.000047,-0.000007,-0.000098,-0.000052,0.000056,0.000040,0.000088,0.000108,-0.000037,-0.000094,-0.000015,-0.000001,-0.000139,-0.000225,-0.000150,-0.000028,0.000101,0.000220,0.000244,0.000154,0.000041,0.000099,0.000093,-0.000032,-0.000167,-0.000204,-0.000064,0.000013,0.000026,0.000016,0.003850,-0.005414,0.000882,0.007443,0.008069,0.006310,0.004520,0.003280,0.002561,0.002339,0.001696,0.000597,0.000601,0.001016,0.000385,-0.000005,0.000509,0.000852,0.000641,0.000129,-0.000429,-0.000647,-0.000614,-0.000358,-0.000133,-0.000363,-0.000656,-0.000937,-0.001527,-0.002037,-0.001846,-0.001314,-0.000934,-0.000576,-0.000057,0.000274,0.000412,0.000408,0.000217,0.000009,-0.000065,-0.000119,-0.000054,0.000028,-0.000205,-0.000512,-0.000416,-0.000052,0.000021,-0.000006,-0.000047,-0.000067,0.000254,0.000600,0.000503,0.000200,0.000193,0.000486,0.000441,-0.000101,-0.000128,0.000923,0.001777,0.001162,-0.000519,-0.001560,-0.001574,-0.001465,-0.001284,-0.001152,-0.001000,-0.000376,0.000484,0.000830,0.000339,-0.000431,-0.000622,-0.000234,0.000285,0.000581,0.000457,0.000198,0.000092,0.000126,0.000046,-0.000411,-0.001105,-0.001764,-0.002083,-0.001968,-0.001395,-0.000350,0.000330,0.000235,-0.000010,0.000009,0.000179,0.000302,0.000275,0.000139,0.000034,-0.000028,-0.000021,0.000092,0.000028,-0.000069,-0.000051,-0.000048,-0.000065,-0.000041,-0.000100,-0.000185,-0.000192,-0.000081,-0.000003,-0.000019,-0.000071,-0.000143,-0.000213,-0.000202,-0.000085,-0.000103,-0.000212,-0.000167,-0.000027,0.000018,0.000080,0.000120,0.000124,0.000022,-0.000099,-0.000092,-0.000029,0.000061,0.000082,0.000084,0.000062,-0.000069,
-0.013636,-0.014118,-0.011747,-0.004629,-0.000286,0.000717,0.000004,-0.001795,-0.002510,-0.000483,0.002709,0.003586,0.001749,-0.000060,-0.001105,-0.001784,-0.001501,-0.000389,0.000753,0.001237,0.000959,0.000461,-0.000078,-0.000897,-0.001605,-0.001764,-0.001464,-0.000586,0.000350,0.000411,-0.000144,-0.000662,-0.001027,-0.001019,-0.000589,-0.000068,0.000326,0.000486,0.000079,-0.000812,-0.001245,-0.000921,-0.000283,0.000276,0.000485,0.000345,0.000093,-0.000066,-0.000311,-0.000585,-0.000499,-0.000348,-0.000330,-0.000129,0.000218,0.000372,0.000359,0.000310,0.000241,-0.000333,-0.001225,-0.001588,-0.001295,-0.000143,0.001144,0.001397,0.000728,-0.000049,-0.000682,-0.001171,-0.001244,-0.000911,-0.000383,0.000109,0.000369,0.000288,0.000106,0.000078,0.000022,-0.000056,0.000009,0.000137,0.000269,0.000486,0.000926,0.001307,0.000925,-0.000237,-0.001104,-0.001157,-0.001026,-0.000868,-0.000508,-0.000114,0.000051,0.000121,0.000203,0.000228,0.000081,-0.000014,-0.000010,-0.000030,-0.000131,-0.000196,-0.000158,-0.000105,-0.000043,-0.000039,-0.000084,-0.000100,-0.000087,-0.000097,-0.000027,0.000153,0.000171,0.000053,-0.000133,-0.000175,-0.000076,-0.000067,-0.000093,-0.000101,-0.000074,-0.000065,-0.000024,0.000148,0.000197,0.000116,0.000028,-0.000078,-0.000013,-0.000013,-0.000132,-0.000128,-0.000102,-0.000046,0.000057,0.000028,0.003426,-0.005862,0.000606,0.007314,0.007947,0.006157,0.004257,0.002970,0.002312,0.002097,0.001488,0.000535,0.000635,0.000926,0.000277,-0.000122,0.000330,0.000675,0.000549,0.000119,-0.000354,-0.000505,-0.000480,-0.000274,-0.000102,-0.000348,-0.000679,-0.000975,-0.001530,-0.002084,-0.002034,-0.001426,-0.000891,-0.000453,0.000081,0.000474,0.000717,0.000619,0.000272,-0.000026,-0.000111,-0.000121,0.000047,0.000240,-0.000022,-0.000314,-0.000229,-0.000111,-0.000039,-0.000047,-0.000030,-0.000034,0.000089,0.000350,0.000307,0.000040,0.000077,0.000526,0.000406,-0.000299,-0.000359,0.000708,0.001875,0.001493,-0.000450,-0.002046,-0.002139,-0.001663,-0.001441,-0.001382,-0.001102,-0.000416,0.000307,0.000592,0.000238,-0.000298,-0.000417,-0.000210,0.000073,0.000310,0.000373,0.000208,0.000053,-0.000003,-0.000134,-0.000513,-0.001129,-0.001792,-0.002121,-0.002097,-0.001578,-0.000445,0.000313,0.000287,0.000095,0.000110,0.000241,0.000291,0.000254,0.000229,0.000085,-0.000061,0.000009,0.000084,0.000108,0.000099,-0.000007,-0.000080,0.000023,0.000068,-0.000064,-0.000196,-0.000217,-0.000123,-0.000072,-0.000102,-0.000074,-0.000096,-0.000070,-0.000006,-0.000101,-0.000224,-0.000183,-0.000056,-0.000002,-0.000023,-0.000042,-0.000049,0.000012,-0.000033,-0.000180,-0.000234,-0.000177,-0.000050,0.000016,-0.000019,-0.000005,-0.000036,
-0.013411,-0.013337,-0.011502,-0.004734,-0.000312,0.000721,-0.000070,-0.001899,-0.002624,-0.000450,0.002867,0.003662,0.001772,-0.000126,-0.001173,-0.001776,-0.001530,-0.000422,0.000761,0.001327,0.001103,0.000531,-0.000078,-0.000792,-0.001437,-0.001695,-0.001449,-0.000701,0.000225,0.000449,-0.000137,-0.000653,-0.000860,-0.000837,-0.000517,-0.000110,0.000214,0.000285,-0.000137,-0.001012,-0.001495,-0.001099,-0.000309,0.000234,0.000443,0.000298,-0.000051,-0.000368,-0.000592,-0.000693,-0.000565,-0.000347,-0.000199,-0.000081,0.000077,0.000191,0.000196,0.000252,0.000126,-0.000421,-0.001031,-0.001225,-0.000960,0.000037,0.001451,0.001983,0.001362,0.000496,-0.000177,-0.000575,-0.000663,-0.000598,-0.000368,-0.000095,0.000115,0.000037,-0.000203,-0.000237,-0.000162,-0.000193,-0.000080,0.000141,0.000277,0.000540,0.001092,0.001601,0.001286,-0.000022,-0.001164,-0.001399,-0.001125,-0.000940,-0.000673,-0.000227,0.000007,0.000037,-0.000006,-0.000014,-0.000167,-0.000335,-0.000148,-0.000056,-0.000262,-0.000367,-0.000185,-0.000113,-0.000150,-0.000119,-0.000086,-0.000029,0.000058,0.000057,0.000017,0.000060,0.000134,0.000158,-0.000001,-0.000116,-0.000083,-0.000065,-0.000079,-0.000144,-0.000118,-0.000064,-0.000007,0.000193,0.000310,0.000100,-0.000078,-0.000053,-0.000111,-0.000167,-0.000135,-0.000143,-0.000117,-0.000033,0.000041,0.000074,0.002015,-0.007372,-0.000206,0.007364,0.008155,0.006177,0.004153,0.002785,0.002238,0.002284,0.001801,0.000747,0.000672,0.000918,0.000225,-0.000290,0.000140,0.000564,0.000534,0.000114,-0.000458,-0.000683,-0.000658,-0.000460,-0.000289,-0.000444,-0.000642,-0.000855,-0.001478,-0.002100,-0.002012,-0.001464,-0.000868,-0.000325,0.000109,0.000421,0.000631,0.000627,0.000312,-0.000015,0.000022,0.000041,-0.000026,0.000020,-0.000186,-0.000429,-0.000401,-0.000175,-0.000044,0.000019,0.000047,-0.000054,0.000205,0.000568,0.000512,0.000286,0.000362,0.000682,0.000472,-0.000326,-0.000523,0.000280,0.001058,0.000893,-0.000140,-0.001266,-0.001652,-0.001630,-0.001568,-0.001683,-0.001541,-0.000665,0.000395,0.000755,0.000257,-0.000345,-0.000460,-0.000122,0.000300,0.000438,0.000426,0.000349,0.000212,0.000105,-0.000040,-0.000474,-0.001276,-0.002020,-0.002273,-0.002128,-0.001463,-0.000272,0.000473,0.000358,0.000080,0.000141,0.000256,0.000205,0.000192,0.000132,0.000066,-0.000009,-0.000109,-0.000045,0.000060,0.000067,-0.000003,0.000007,0.000080,0.000129,0.000130,-0.000044,-0.000125,-0.000042,0.000026,-0.000015,-0.000118,-0.000146,-0.000129,-0.000156,-0.000138,-0.000157,-0.000048,0.000054,0.000052,-0.000028,-0.000059,-0.000025,-0.000022,-0.000027,-0.000075,-0.000117,-0.000162,-0.000142,-0.000032,0.000106,0.000205,0.000194,
-0.013055,-0.012979,-0.010977,-0.004311,0.000050,0.001155,0.000395,-0.001603,-0.002571,-0.000428,0.003032,0.004008,0.002005,-0.000018,-0.001077,-0.001636,-0.001381,-0.000384,0.000649,0.001157,0.001074,0.000579,-0.000119,-0.000940,-0.001555,-0.001651,-0.001383,-0.000765,0.000129,0.000374,-0.000200,-0.000730,-0.000905,-0.000828,-0.000516,-0.000159,0.000144,0.000233,-0.000202,-0.000997,-0.001380,-0.000970,-0.000256,0.000196,0.000376,0.000211,-0.000043,-0.000094,-0.000260,-0.000587,-0.000731,-0.000573,-0.000342,-0.000086,0.000180,0.000230,0.000155,0.000226,0.000214,-0.000477,-0.001196,-0.001229,-0.000733,0.000234,0.001053,0.001213,0.000882,0.000259,-0.000395,-0.000712,-0.000689,-0.000594,-0.000377,0.000156,0.000561,0.000543,0.000220,-0.000091,-0.000259,-0.000322,-0.000257,0.000021,0.000299,0.000661,0.001196,0.001593,0.001160,-0.000184,-0.001194,-0.001138,-0.000796,-0.000787,-0.000757,-0.000424,-0.000196,-0.000063,0.000109,0.000046,-0.000196,-0.000143,0.000044,0.000036,-0.000186,-0.000328,-0.000183,-0.000081,-0.000141,-0.000104,-0.000038,-0.000084,-0.000081,-0.000006,0.000008,0.000079,0.000177,0.000178,0.000012,-0.000076,-0.000104,-0.000157,-0.000153,-0.000080,-0.000051,0.000053,0.000163,0.000227,0.000229,0.000164,0.000034,-0.000067,-0.000022,-0.000099,-0.000210,-0.000194,-0.000130,-0.000032,0.000006,0.000032,0.001941,-0.007542,-0.000322,0.007257,0.008005,0.006099,0.004114,0.002693,0.002127,0.002101,0.001699,0.000802,0.000646,0.000714,0.000043,-0.000368,0.000109,0.000575,0.000597,0.000242,-0.000348,-0.000662,-0.000588,-0.000214,-0.000124,-0.000540,-0.000823,-0.001101,-0.001841,-0.002267,-0.001922,-0.001291,-0.000655,-0.000181,0.000153,0.000413,0.000414,0.000359,0.000216,-0.000078,-0.000154,-0.000028,0.000083,0.000053,-0.000159,-0.000283,-0.000175,-0.000006,0.000036,0.000003,0.000007,0.000029,0.000165,0.000316,0.000287,0.000156,0.000217,0.000471,0.000371,-0.000112,-0.000060,0.001108,0.002097,0.001247,-0.000725,-0.001999,-0.001906,-0.001562,-0.001552,-0.001512,-0.001167,-0.000515,0.000252,0.000597,0.000183,-0.000405,-0.000600,-0.000282,0.000127,0.000402,0.000490,0.000420,0.000308,0.000112,0.000016,-0.000250,-0.000920,-0.001747,-0.002322,-0.002255,-0.001589,-0.000527,0.000266,0.000330,0.000085,0.000043,0.000195,0.000307,0.000302,0.000250,0.000176,0.000125,-0.000006,-0.000102,-0.000052,0.000013,0.000042,0.000062,0.000046,0.000019,-0.000117,-0.000172,-0.000103,-0.000032,0.000009,-0.000050,-0.000120,-0.000142,-0.000101,-0.000048,-0.000113,-0.000110,-0.000053,-0.000138,-0.000191,-0.000181,-0.000174,-0.000085,0.000031,0.000070,0.000038,0.000037,0.000076,0.000102,0.000130,0.000131,0.000059,-0.000030,
-0.012497,-0.012104,-0.010423,-0.004004,0.000419,0.001464,0.000494,-0.001531,-0.002391,-0.000226,0.003206,0.004130,0.002049,-0.000048,-0.001094,-0.001674,-0.001438,-0.000452,0.000627,0.001241,0.001062,0.000506,-0.000162,-0.000956,-0.001519,-0.001635,-0.001533,-0.000878,0.000149,0.000341,-0.000242,-0.000838,-0.001097,-0.000884,-0.000526,-0.000273,-0.000087,0.000028,-0.000369,-0.001136,-0.001419,-0.000984,-0.000346,0.000098,0.000329,0.000195,-0.000117,-0.000296,-0.000507,-0.000728,-0.000764,-0.000589,-0.000378,-0.000155,0.000195,0.000307,0.000233,0.000272,0.000079,-0.000674,-0.001372,-0.001599,-0.001290,-0.000002,0.001440,0.001746,0.001119,0.000493,-0.000096,-0.000520,-0.000616,-0.000561,-0.000268,0.000236,0.000519,0.000452,0.000175,0.000028,0.000025,-0.000122,-0.000144,0.000060,0.000226,0.000412,0.000875,0.001347,0.001187,0.000093,-0.001020,-0.001205,-0.000865,-0.000747,-0.000627,-0.000281,-0.000023,0.000069,0.000130,0.000142,-0.000014,-0.000194,-0.000218,-0.000177,-0.000147,-0.000212,-0.000149,0.000014,0.000078,0.000069,0.000039,-0.000015,-0.000086,-0.000104,-0.000082,-0.000015,0.000137,0.000080,-0.000075,-0.000093,-0.000033,-0.000011,-0.000158,-0.000275,-0.000223,-0.000012,0.000081,0.000121,0.000271,0.000280,0.000192,0.000083,0.000012,-0.000084,-0.000072,-0.000009,-0.000050,-0.000086,-0.000042,0.000028,0.001746,-0.007618,-0.000365,0.007251,0.008088,0.006167,0.004085,0.002645,0.002117,0.002250,0.001887,0.000899,0.000744,0.000920,0.000183,-0.000275,0.000228,0.000678,0.000539,0.000104,-0.000458,-0.000813,-0.000690,-0.000348,-0.000124,-0.000302,-0.000752,-0.001254,-0.001889,-0.002234,-0.001684,-0.000680,0.000075,0.000418,0.000368,0.000202,0.000216,0.000303,0.000163,-0.000157,-0.000113,0.000006,-0.000088,-0.000149,-0.000256,-0.000316,-0.000208,-0.000019,0.000106,0.000106,-0.000066,-0.000138,0.000223,0.000523,0.000381,0.000131,0.000229,0.000606,0.000436,-0.000245,-0.000338,0.000802,0.001904,0.001481,-0.000251,-0.001556,-0.001557,-0.001429,-0.001599,-0.001721,-0.001325,-0.000536,0.000265,0.000487,0.000041,-0.000508,-0.000608,-0.000252,0.000130,0.000338,0.000378,0.000384,0.000276,0.000185,0.000070,-0.000401,-0.001174,-0.001863,-0.002215,-0.002166,-0.001538,-0.000379,0.000450,0.000458,0.000111,0.000056,0.000171,0.000208,0.000201,0.000131,0.000048,-0.000084,-0.000148,-0.000128,-0.000097,-0.000100,0.000004,0.000081,0.000038,0.000049,0.000014,-0.000108,-0.000133,-0.000117,-0.000110,-0.000194,-0.000281,-0.000229,-0.000215,-0.000196,-0.000151,-0.000092,-0.000012,-0.000058,-0.000151,-0.000221,-0.000096,0.000069,0.000038,-0.000105,-0.000111,-0.000119,-0.000046,0.000085,0.000052,0.000003,0.000037,-0.000001,
-0.011832,-0.011601,-0.010104,-0.003659,0.000882,0.001973,0.000915,-0.001296,-0.002246,-0.000029,0.003464,0.004242,0.002089,0.000005,-0.001094,-0.001738,-0.001438,-0.000379,0.000662,0.001087,0.000826,0.000425,-0.000086,-0.000831,-0.001471,-0.001577,-0.001411,-0.000734,0.000196,0.000252,-0.000354,-0.000816,-0.001009,-0.000939,-0.000656,-0.000212,0.000185,0.000296,-0.000063,-0.000903,-0.001396,-0.000939,-0.000216,0.000226,0.000512,0.000312,-0.000118,-0.000252,-0.000462,-0.000778,-0.000746,-0.000464,-0.000368,-0.000239,0.000053,0.000189,0.000268,0.000441,0.000349,-0.000304,-0.001121,-0.001474,-0.001307,-0.000408,0.000837,0.001220,0.000746,0.000121,-0.000502,-0.000869,-0.000899,-0.000756,-0.000347,0.000254,0.000577,0.000395,0.000092,-0.000079,-0.000153,-0.000111,0.000071,0.000196,0.000291,0.000549,0.001049,0.001451,0.001130,0.000014,-0.000994,-0.001148,-0.000950,-0.000867,-0.000539,-0.000144,0.000030,0.000092,0.000118,0.000112,-0.000065,-0.000211,-0.000068,0.000008,-0.000199,-0.000326,-0.000280,-0.000260,-0.000194,0.000023,0.000146,0.000040,-0.000091,-0.000064,0.000045,0.000016,-0.000016,-0.000038,-0.000023,0.000006,-0.000048,-0.000019,0.000035,-0.000045,-0.000026,0.000107,0.000155,0.000203,0.000199,0.000138,0.000111,-0.000023,-0.000080,-0.000068,-0.000076,-0.000108,-0.000052,-0.000010,-0.000007,0.000103,0.001810,-0.007527,-0.000180,0.007333,0.008017,0.005919,0.003711,0.002340,0.002043,0.002351,0.002045,0.000991,0.000717,0.000793,0.000075,-0.000309,0.000169,0.000499,0.000453,0.000123,-0.000427,-0.000705,-0.000656,-0.000282,-0.000087,-0.000346,-0.000666,-0.001121,-0.001842,-0.002321,-0.002028,-0.001340,-0.000776,-0.000315,0.000086,0.000288,0.000425,0.000573,0.000429,0.000080,-0.000063,-0.000109,-0.000091,0.000032,-0.000057,-0.000262,-0.000242,-0.000059,0.000069,0.000124,0.000128,0.000088,0.000187,0.000442,0.000445,0.000210,0.000226,0.000569,0.000435,-0.000221,-0.000267,0.000782,0.001945,0.001785,0.000174,-0.001262,-0.001508,-0.001370,-0.001411,-0.001371,-0.001020,-0.000236,0.000635,0.000851,0.000346,-0.000420,-0.000692,-0.000281,0.000253,0.000452,0.000470,0.000476,0.000295,0.000114,-0.000023,-0.000407,-0.001088,-0.001734,-0.002053,-0.002107,-0.001680,-0.000637,0.000155,0.000137,-0.000040,0.000086,0.000236,0.000291,0.000331,0.000298,0.000171,0.000059,0.000001,0.000006,0.000079,0.000082,0.000037,-0.000021,-0.000015,0.000005,-0.000053,-0.000061,-0.000071,-0.000066,-0.000019,-0.000012,0.000006,0.000030,0.000024,-0.000071,-0.000149,-0.000080,0.000022,-0.000013,-0.000043,-0.000112,-0.000130,-0.000001,0.000015,-0.000091,-0.000117,0.000007,0.000088,0.000021,0.000029,0.000086,0.000116,-0.000050,
-0.011571,-0.011242,-0.009854,-0.003623,0.000834,0.002045,0.001068,-0.001121,-0.002092,0.000067,0.003560,0.004375,0.002040,-0.000213,-0.001224,-0.001668,-0.001362,-0.000330,0.000711,0.001202,0.000961,0.000433,-0.000224,-0.000939,-0.001430,-0.001600,-0.001482,-0.000831,0.000069,0.000377,-0.000048,-0.000651,-0.000998,-0.000898,-0.000456,-0.000026,0.000331,0.000521,0.000084,-0.001033,-0.001548,-0.001080,-0.000375,0.000205,0.000463,0.000340,-0.000024,-0.000252,-0.000491,-0.000781,-0.000717,-0.000512,-0.000455,-0.000305,-0.000047,0.000126,0.000223,0.000262,0.000185,-0.000386,-0.001034,-0.001229,-0.000900,0.000128,0.001294,0.001657,0.001086,0.000229,-0.000459,-0.000882,-0.001153,-0.001247,-0.000926,-0.000287,0.000223,0.000282,0.000130,0.000094,0.000128,0.000095,0.000074,0.000135,0.000160,0.000428,0.001082,0.001620,0.001307,0.000091,-0.000942,-0.001174,-0.001076,-0.000950,-0.000610,-0.000218,-0.000039,0.000046,0.000130,0.000076,-0.000099,-0.000093,0.000062,0.000035,-0.000188,-0.000385,-0.000319,-0.000163,-0.000074,-0.000012,-0.000023,-0.000071,-0.000113,-0.000095,-0.000025,0.000003,-0.000017,0.000002,-0.000027,-0.000192,-0.000312,-0.000253,-0.000174,-0.000170,-0.000123,-0.000108,-0.000042,0.000047,0.000116,0.000177,0.000172,0.000051,-0.000075,-0.000037,0.000033,0.000135,0.000110,0.000092,0.000093,0.000068,0.001687,-0.007561,-0.000125,0.007596,0.008319,0.006058,0.003829,0.002323,0.001921,0.002317,0.002044,0.001019,0.000729,0.000689,-0.000109,-0.000547,0.000083,0.000635,0.000578,0.000141,-0.000428,-0.000686,-0.000620,-0.000344,-0.000089,-0.000254,-0.000586,-0.000974,-0.001652,-0.002136,-0.001908,-0.001381,-0.000819,-0.000248,0.000125,0.000370,0.000473,0.000398,0.000183,-0.000119,-0.000214,-0.000135,-0.000090,0.000035,-0.000109,-0.000398,-0.000318,0.000011,0.000161,0.000062,0.000012,0.000049,0.000237,0.000528,0.000512,0.000172,0.000154,0.000505,0.000389,-0.000222,-0.000220,0.000792,0.001592,0.001071,-0.000518,-0.001728,-0.001713,-0.001444,-0.001476,-0.001582,-0.001349,-0.000603,0.000248,0.000669,0.000311,-0.000387,-0.000573,-0.000169,0.000246,0.000478,0.000628,0.000508,0.000263,0.000137,0.000019,-0.000323,-0.000969,-0.001751,-0.002264,-0.002204,-0.001671,-0.000612,0.000307,0.000373,0.000062,0.000016,0.000130,0.000144,0.000153,0.000214,0.000140,0.000099,0.000107,0.000074,0.000056,0.000060,0.000045,0.000012,-0.000125,-0.000154,-0.000130,-0.000163,-0.000076,-0.000041,-0.000056,-0.000113,-0.000172,-0.000114,-0.000060,-0.000150,-0.000191,-0.000230,-0.000276,-0.000223,-0.000109,0.000011,0.000005,0.000006,-0.000036,-0.000076,0.000005,0.000004,-0.000036,0.000058,0.000115,-0.000006,0.000020,0.000029,
-0.011633,-0.011104,-0.009874,-0.003683,0.000921,0.002141,0.001158,-0.000986,-0.001905,0.000166,0.003574,0.004407,0.002108,-0.000094,-0.001069,-0.001638,-0.001398,-0.000304,0.000672,0.001104,0.000880,0.000367,-0.000154,-0.000863,-0.001487,-0.001533,-0.001214,-0.000634,0.000160,0.000385,-0.000148,-0.000559,-0.000700,-0.000747,-0.000572,-0.000170,0.000245,0.000286,-0.000205,-0.001050,-0.001453,-0.001059,-0.000271,0.000251,0.000470,0.000359,0.000006,-0.000177,-0.000404,-0.000587,-0.000522,-0.000383,-0.000340,-0.000176,0.000137,0.000282,0.000221,0.000283,0.000194,-0.000523,-0.001417,-0.001725,-0.001337,-0.000202,0.001044,0.001321,0.000785,0.000088,-0.000637,-0.001169,-0.001227,-0.001025,-0.000687,-0.000174,0.000211,0.000231,0.000192,0.000170,0.000050,-0.000091,-0.000018,0.000149,0.000250,0.000496,0.001075,0.001538,0.001062,-0.000231,-0.001151,-0.001249,-0.001102,-0.000921,-0.000502,-0.000106,0.000092,0.000115,0.000092,-0.000008,-0.000059,-0.000065,-0.000070,0.000005,-0.000060,-0.000211,-0.000317,-0.000267,-0.000129,-0.000121,-0.000110,-0.000082,-0.000019,0.000005,-0.000013,0.000137,0.000262,0.000139,-0.000036,-0.000091,-0.000104,-0.000092,-0.000141,-0.000238,-0.000151,-0.000030,0.000085,0.000180,0.000246,0.000207,0.000145,0.000079,-0.000097,-0.000198,-0.000192,-0.000165,-0.000125,-0.000035,0.000052,0.000074,0.001309,-0.007969,-0.000252,0.007620,0.008399,0.006341,0.003984,0.002286,0.001895,0.002365,0.002269,0.001215,0.000747,0.000791,0.000031,-0.000440,0.000028,0.000388,0.000326,-0.000005,-0.000445,-0.000711,-0.000743,-0.000405,-0.000135,-0.000340,-0.000749,-0.001042,-0.001534,-0.002031,-0.001984,-0.001554,-0.000979,-0.000361,0.000182,0.000392,0.000507,0.000555,0.000307,0.000011,-0.000094,-0.000107,-0.000043,0.000007,-0.000212,-0.000364,-0.000224,0.000083,0.000209,0.000210,0.000124,0.000067,0.000199,0.000409,0.000367,0.000050,0.000071,0.000490,0.000494,-0.000154,-0.000250,0.000893,0.001887,0.001207,-0.000615,-0.001779,-0.001796,-0.001603,-0.001546,-0.001465,-0.001125,-0.000435,0.000410,0.000791,0.000260,-0.000454,-0.000567,-0.000199,0.000202,0.000353,0.000283,0.000185,0.000166,0.000147,0.000050,-0.000353,-0.001008,-0.001657,-0.002110,-0.002153,-0.001612,-0.000507,0.000264,0.000226,0.000073,0.000216,0.000396,0.000395,0.000258,0.000144,0.000042,-0.000077,-0.000125,-0.000005,0.000086,0.000028,-0.000012,-0.000027,-0.000017,0.000008,0.000030,-0.000070,-0.000253,-0.000196,-0.000078,-0.000121,-0.000192,-0.000168,-0.000033,-0.000004,-0.000030,0.000004,-0.000017,-0.000042,-0.000013,0.000003,-0.000041,-0.000042,0.000045,-0.000030,-0.000088,-0.000039,0.000001,0.000046,0.000004,-0.000091,-0.000077,-0.000025,
-0.011450,-0.010899,-0.009661,-0.003481,0.001095,0.002312,0.001401,-0.000875,-0.002030,0.000134,0.003690,0.004547,0.002204,-0.000153,-0.001268,-0.001793,-0.001472,-0.000498,0.000471,0.000979,0.000879,0.000405,-0.000272,-0.001117,-0.001631,-0.001641,-0.001383,-0.000732,0.000123,0.000409,0.000026,-0.000482,-0.000818,-0.000826,-0.000560,-0.000075,0.000282,0.000250,-0.000242,-0.001140,-0.001568,-0.001035,-0.000255,0.000236,0.000429,0.000187,-0.000140,-0.000389,-0.000608,-0.000750,-0.000616,-0.000484,-0.000396,-0.000144,0.000117,0.000288,0.000317,0.000291,0.000119,-0.000548,-0.001296,-0.001573,-0.001288,0.000022,0.001667,0.002124,0.001268,0.000215,-0.000620,-0.001052,-0.001094,-0.000881,-0.000392,0.000041,0.000234,0.000182,0.000105,0.000089,0.000062,-0.000062,-0.000044,0.000082,0.000230,0.000564,0.001068,0.001489,0.001221,-0.000012,-0.001098,-0.001248,-0.001026,-0.000807,-0.000508,-0.000093,0.000154,0.000129,0.000171,0.000163,-0.000013,-0.000087,-0.000022,0.000023,-0.000026,-0.000139,-0.000156,-0.000031,-0.000070,-0.000078,-0.000035,-0.000128,-0.000218,-0.000186,-0.000071,0.000042,0.000091,0.000081,0.000021,0.000006,0.000003,-0.000028,-0.000061,0.000018,0.000028,-0.000019,0.000099,0.000223,0.000227,0.000246,0.000206,0.000131,0.000119,-0.000007,-0.000097,-0.000062,0.000053,0.000107,0.000222,0.000377,0.001257,-0.008151,-0.000455,0.007625,0.008367,0.006146,0.003755,0.002067,0.001748,0.002390,0.002386,0.001398,0.000818,0.000622,-0.000099,-0.000502,0.000046,0.000577,0.000584,0.000177,-0.000367,-0.000700,-0.000724,-0.000468,-0.000206,-0.000364,-0.000752,-0.001033,-0.001524,-0.002019,-0.001878,-0.001317,-0.000858,-0.000449,0.000017,0.000374,0.000512,0.000523,0.000420,0.000115,-0.000152,-0.000126,0.000053,0.000141,0.000009,-0.000212,-0.000214,0.000014,0.000139,0.000107,0.000119,0.000175,0.000310,0.000568,0.000539,0.000188,0.000223,0.000597,0.000333,-0.000452,-0.000636,0.000327,0.001465,0.001213,-0.000482,-0.002009,-0.002244,-0.002046,-0.001906,-0.001736,-0.001356,-0.000529,0.000429,0.000770,0.000247,-0.000391,-0.000478,-0.000127,0.000199,0.000363,0.000368,0.000194,-0.000000,0.000033,0.000108,-0.000336,-0.001089,-0.001775,-0.002175,-0.002084,-0.001449,-0.000412,0.000345,0.000311,-0.000011,0.000014,0.000277,0.000385,0.000299,0.000224,0.000067,-0.000034,-0.000051,-0.000058,-0.000018,-0.000003,-0.000029,-0.000062,-0.000050,0.000024,0.000001,-0.000158,-0.000204,-0.000074,0.000027,-0.000043,-0.000141,-0.000105,-0.000123,-0.000142,-0.000152,-0.000130,-0.000119,-0.000089,-0.000076,-0.000081,0.000004,0.000042,-0.000031,-0.000149,-0.000229,-0.000240,-0.000058,0.000073,-0.000094,-0.000076,0.000060,0.000029,
-0.011496,-0.010718,-0.009647,-0.003593,0.001113,0.002425,0.001484,-0.000775,-0.001950,0.000047,0.003512,0.004425,0.002158,-0.000178,-0.001291,-0.001776,-0.001417,-0.000422,0.000580,0.001068,0.000862,0.000324,-0.000269,-0.000989,-0.001588,-0.001668,-0.001381,-0.000724,0.000036,0.000306,-0.000029,-0.000538,-0.000890,-0.000941,-0.000622,-0.000245,0.000001,0.000032,-0.000353,-0.001092,-0.001467,-0.001061,-0.000327,0.000157,0.000392,0.000376,0.000001,-0.000390,-0.000582,-0.000700,-0.000695,-0.000586,-0.000457,-0.000223,0.000081,0.000269,0.000335,0.000347,0.000205,-0.000332,-0.000884,-0.000923,-0.000545,0.000173,0.000964,0.001258,0.000957,0.000365,-0.000262,-0.000537,-0.000503,-0.000476,-0.000376,0.000018,0.000374,0.000361,0.000096,-0.000147,-0.000196,-0.000210,-0.000095,0.000110,0.000223,0.000494,0.001035,0.001581,0.001384,0.000100,-0.001061,-0.001238,-0.001064,-0.000925,-0.000732,-0.000359,-0.000012,0.000162,0.000183,-0.000035,-0.000192,-0.000182,-0.000062,0.000067,-0.000011,-0.000271,-0.000325,-0.000188,-0.000133,-0.000077,-0.000042,-0.000110,-0.000142,-0.000079,0.000017,0.000019,0.000027,0.000118,0.000007,-0.000085,-0.000076,-0.000080,-0.000165,-0.000152,-0.000014,0.000088,0.000070,0.000084,0.000106,0.000075,0.000016,0.000041,0.000032,-0.000096,-0.000093,-0.000041,-0.000023,0.000016,0.000070,0.000116,0.000757,-0.008595,-0.000576,0.007640,0.008529,0.006418,0.003988,0.002103,0.001656,0.002407,0.002519,0.001456,0.000820,0.000598,-0.000266,-0.000774,-0.000163,0.000437,0.000511,0.000309,-0.000225,-0.000641,-0.000745,-0.000458,-0.000197,-0.000517,-0.000925,-0.001298,-0.001891,-0.002301,-0.002116,-0.001396,-0.000744,-0.000345,0.000073,0.000282,0.000341,0.000343,0.000179,-0.000036,-0.000099,-0.000097,-0.000053,0.000039,-0.000080,-0.000288,-0.000242,0.000025,0.000143,0.000043,-0.000005,0.000064,0.000253,0.000450,0.000410,0.000154,0.000187,0.000514,0.000432,-0.000162,-0.000166,0.000849,0.001636,0.001099,-0.000323,-0.001392,-0.001600,-0.001537,-0.001527,-0.001466,-0.001191,-0.000616,0.000203,0.000603,0.000198,-0.000516,-0.000675,-0.000194,0.000234,0.000420,0.000529,0.000451,0.000255,0.000148,0.000057,-0.000383,-0.001052,-0.001761,-0.002257,-0.002217,-0.001624,-0.000495,0.000333,0.000259,-0.000076,-0.000040,0.000276,0.000319,0.000047,-0.000059,-0.000002,0.000059,0.000102,0.000084,0.000024,-0.000045,-0.000083,-0.000099,-0.000021,0.000037,0.000110,0.000059,-0.000052,-0.000032,-0.000074,-0.000133,-0.000061,-0.000019,-0.000078,-0.000196,-0.000285,-0.000243,-0.000180,-0.000128,-0.000076,-0.000086,-0.000175,-0.000117,0.000001,-0.000030,-0.000149,-0.000186,-0.000072,0.000074,0.000088,0.000041,-0.000059,-0.000131,
-0.011859,-0.011043,-0.009672,-0.003558,0.001101,0.002569,0.001764,-0.000488,-0.001722,0.000225,0.003581,0.004427,0.002160,-0.000219,-0.001274,-0.001661,-0.001328,-0.000401,0.000510,0.001006,0.000890,0.000348,-0.000202,-0.000909,-0.001569,-0.001653,-0.001355,-0.000837,-0.000150,0.000068,-0.000288,-0.000729,-0.000923,-0.000772,-0.000465,-0.000204,-0.000054,0.000017,-0.000253,-0.001021,-0.001525,-0.001078,-0.000308,0.000080,0.000258,0.000227,0.000003,-0.000162,-0.000384,-0.000740,-0.000792,-0.000607,-0.000514,-0.000330,-0.000040,0.000040,0.000175,0.000394,0.000348,-0.000414,-0.001480,-0.001806,-0.001263,0.000089,0.001409,0.001600,0.000872,0.000108,-0.000329,-0.000655,-0.000876,-0.000895,-0.000630,0.000005,0.000479,0.000401,0.000155,0.000076,-0.000021,-0.000162,-0.000124,-0.000031,0.000132,0.000482,0.000953,0.001347,0.001062,-0.000127,-0.001063,-0.001154,-0.001005,-0.000888,-0.000675,-0.000318,-0.000137,-0.000040,0.000120,0.000087,-0.000121,-0.000114,-0.000023,-0.000124,-0.000196,-0.000257,-0.000281,-0.000147,-0.000022,0.000079,0.000058,-0.000013,-0.000090,-0.000047,-0.000017,-0.000026,0.000030,0.000009,-0.000029,0.000001,-0.000028,-0.000008,-0.000004,-0.000146,-0.000119,0.000003,0.000053,0.000137,0.000151,0.000135,0.000142,0.000095,-0.000060,-0.000123,-0.000156,-0.000176,-0.000134,-0.000038,0.000064,0.000129,0.000686,-0.008834,-0.000901,0.007472,0.008544,0.006493,0.004122,0.002206,0.001689,0.002361,0.002471,0.001531,0.000921,0.000663,-0.000147,-0.000616,-0.000151,0.000329,0.000425,0.000103,-0.000394,-0.000594,-0.000634,-0.000372,-0.000123,-0.000538,-0.001069,-0.001441,-0.002027,-0.002325,-0.001879,-0.001095,-0.000259,0.000212,0.000276,0.000269,0.000288,0.000299,0.000201,0.000037,-0.000008,-0.000062,-0.000088,-0.000013,-0.000065,-0.000173,-0.000120,0.000068,0.000132,0.000107,0.000142,0.000170,0.000188,0.000355,0.000351,0.000119,0.000182,0.000521,0.000429,-0.000146,-0.000162,0.000908,0.001875,0.001335,-0.000508,-0.001890,-0.001897,-0.001613,-0.001640,-0.001642,-0.001225,-0.000394,0.000429,0.000685,0.000253,-0.000396,-0.000537,-0.000108,0.000334,0.000462,0.000365,0.000307,0.000227,0.000098,-0.000071,-0.000389,-0.001037,-0.001786,-0.002235,-0.002139,-0.001447,-0.000359,0.000387,0.000351,0.000080,-0.000015,0.000097,0.000085,0.000110,0.000230,0.000151,0.000019,-0.000078,-0.000036,0.000040,-0.000009,-0.000027,-0.000007,-0.000053,0.000029,0.000081,-0.000050,-0.000068,-0.000039,-0.000146,-0.000287,-0.000271,-0.000127,-0.000096,-0.000058,-0.000062,-0.000136,-0.000131,-0.000088,-0.000045,-0.000023,-0.000008,-0.000050,-0.000054,-0.000037,-0.000095,-0.000045,-0.000044,-0.000102,-0.000043,0.000050,0.000055,-0.000050,
-0.012075,-0.011164,-0.009594,-0.003303,0.001348,0.002675,0.001788,-0.000453,-0.001636,0.000319,0.003686,0.004380,0.002040,-0.000193,-0.001148,-0.001565,-0.001209,-0.000348,0.000551,0.001074,0.000809,0.000250,-0.000323,-0.001040,-0.001628,-0.001677,-0.001390,-0.000756,0.000060,0.000254,-0.000111,-0.000610,-0.000973,-0.000881,-0.000506,-0.000212,-0.000019,-0.000025,-0.000351,-0.000994,-0.001321,-0.000875,-0.000227,0.000163,0.000319,0.000040,-0.000272,-0.000311,-0.000501,-0.000737,-0.000754,-0.000671,-0.000520,-0.000260,0.000068,0.000259,0.000257,0.000243,0.000131,-0.000450,-0.001131,-0.001454,-0.001148,0.000020,0.001325,0.001613,0.001054,0.000357,-0.000368,-0.000764,-0.000784,-0.000650,-0.000321,0.000118,0.000356,0.000209,0.000052,0.000069,-0.000017,-0.000074,-0.000050,0.000091,0.000333,0.000633,0.001080,0.001495,0.001166,-0.000076,-0.001099,-0.001085,-0.000840,-0.000856,-0.000759,-0.000252,0.000180,0.000361,0.000333,0.000064,-0.000142,-0.000111,0.000058,0.000116,0.000009,-0.000196,-0.000342,-0.000317,-0.000142,0.000009,-0.000053,-0.000209,-0.000134,-0.000002,0.000052,0.000067,0.000041,-0.000034,-0.000137,-0.000195,-0.000123,0.000046,0.000136,0.000062,-0.000058,-0.000044,0.000120,0.000167,0.000032,0.000058,0.000102,-0.000033,-0.000068,-0.000004,-0.000042,-0.000092,-0.000071,-0.000073,0.000029,0.000173,0.000025,-0.009533,-0.001362,0.007283,0.008653,0.006671,0.004132,0.002156,0.001556,0.002306,0.002542,0.001571,0.000966,0.000657,-0.000299,-0.000751,-0.000154,0.000468,0.000525,0.000147,-0.000445,-0.000818,-0.000753,-0.000421,-0.000306,-0.000528,-0.000894,-0.001427,-0.001958,-0.002192,-0.001709,-0.000787,-0.000083,0.000188,0.000213,0.000232,0.000371,0.000414,0.000353,0.000142,0.000022,0.000028,-0.000040,-0.000049,-0.000088,-0.000201,-0.000187,0.000038,0.000138,0.000060,0.000067,0.000099,0.000253,0.000572,0.000549,0.000186,0.000203,0.000569,0.000372,-0.000336,-0.000362,0.000802,0.002049,0.001866,0.000128,-0.001276,-0.001514,-0.001525,-0.001635,-0.001595,-0.001257,-0.000481,0.000380,0.000610,0.000084,-0.000558,-0.000687,-0.000301,0.000185,0.000373,0.000341,0.000228,0.000139,0.000138,0.000024,-0.000419,-0.001113,-0.001746,-0.002096,-0.002040,-0.001417,-0.000353,0.000325,0.000290,0.000036,0.000114,0.000343,0.000356,0.000165,0.000052,0.000054,0.000008,0.000010,0.000097,0.000089,-0.000006,0.000011,0.000091,0.000128,0.000118,-0.000040,-0.000229,-0.000247,-0.000115,-0.000027,-0.000080,-0.000186,-0.000294,-0.000330,-0.000360,-0.000220,-0.000042,0.000019,-0.000045,-0.000117,-0.000137,-0.000061,0.000041,0.000080,-0.000015,-0.000212,-0.000205,-0.000011,0.000047,-0.000015,-0.000029,0.000030,0.000017,
-0.011744,-0.010785,-0.009589,-0.003476,0.001315,0.002738,0.001925,-0.000250,-0.001524,0.000198,0.003581,0.004387,0.002027,-0.000135,-0.001127,-0.001557,-0.001139,-0.000244,0.000644,0.001138,0.000840,0.000187,-0.000323,-0.001008,-0.001536,-0.001585,-0.001370,-0.000745,0.000100,0.000311,-0.000084,-0.000518,-0.000920,-0.000964,-0.000489,0.000064,0.000278,0.000282,-0.000102,-0.000942,-0.001386,-0.001013,-0.000338,0.000138,0.000358,0.000242,-0.000099,-0.000354,-0.000500,-0.000676,-0.000687,-0.000497,-0.000375,-0.000232,-0.000023,0.000138,0.000252,0.000276,0.000107,-0.000478,-0.001150,-0.001357,-0.001219,-0.000386,0.000872,0.001315,0.000755,0.000022,-0.000549,-0.000872,-0.001055,-0.001161,-0.000891,-0.000257,0.000118,0.000027,-0.000080,-0.000136,-0.000187,-0.000161,-0.000072,0.000090,0.000216,0.000527,0.001120,0.001620,0.001229,-0.000096,-0.001106,-0.001257,-0.001097,-0.000882,-0.000571,-0.000229,-0.000008,0.000085,0.000206,0.000092,-0.000169,-0.000212,-0.000106,-0.000022,-0.000138,-0.000206,-0.000126,-0.000152,-0.000114,0.000034,-0.000007,-0.000141,-0.000188,-0.000099,0.000021,0.000097,0.000114,0.000011,-0.000106,-0.000183,-0.000143,-0.000053,-0.000168,-0.000226,-0.000108,0.000014,0.000069,0.000180,0.000261,0.000181,0.000057,-0.000022,-0.000115,-0.000157,-0.000129,-0.000162,-0.000100,-0.000034,-0.000016,0.000092,-0.000588,-0.010497,-0.002005,0.007202,0.008626,0.006604,0.004270,0.002338,0.001625,0.002351,0.002718,0.001765,0.000867,0.000485,-0.000260,-0.000690,-0.000162,0.000375,0.000396,0.000010,-0.000499,-0.000752,-0.000796,-0.000529,-0.000259,-0.000536,-0.001052,-0.001457,-0.001997,-0.002322,-0.001966,-0.001398,-0.000863,-0.000312,0.000126,0.000225,0.000317,0.000451,0.000251,-0.000131,-0.000238,-0.000243,-0.000221,-0.000128,-0.000199,-0.000303,-0.000223,-0.000056,0.000049,0.000036,0.000046,0.000039,0.000193,0.000445,0.000410,0.000176,0.000224,0.000524,0.000436,-0.000165,-0.000292,0.000746,0.001620,0.001108,-0.000309,-0.001431,-0.001608,-0.001463,-0.001454,-0.001480,-0.001160,-0.000422,0.000351,0.000599,0.000142,-0.000574,-0.000787,-0.000380,0.000147,0.000396,0.000394,0.000323,0.000292,0.000251,0.000142,-0.000368,-0.001148,-0.001800,-0.002210,-0.002173,-0.001535,-0.000426,0.000292,0.000247,0.000003,0.000007,0.000189,0.000168,0.000074,0.000085,0.000023,0.000034,0.000138,0.000173,0.000160,0.000077,0.000017,-0.000035,-0.000038,0.000016,-0.000077,-0.000145,-0.000111,-0.000096,-0.000046,-0.000003,0.000099,0.000029,-0.000166,-0.000200,-0.000236,-0.000229,-0.000122,-0.000045,-0.000122,-0.000152,-0.000055,0.000032,0.000044,0.000052,0.000073,0.000115,0.000131,0.000113,0.000102,0.000086,0.000100,0.000072,
-0.011362,-0.010094,-0.009188,-0.003284,0.001448,0.002784,0.001961,-0.000248,-0.001545,0.000264,0.003546,0.004376,0.002155,-0.000032,-0.001062,-0.001575,-0.001263,-0.000410,0.000490,0.001046,0.000818,0.000160,-0.000435,-0.001030,-0.001580,-0.001668,-0.001406,-0.000745,0.000131,0.000422,-0.000066,-0.000621,-0.000898,-0.000685,-0.000246,0.000135,0.000476,0.000533,-0.000072,-0.000998,-0.001364,-0.000912,-0.000138,0.000345,0.000446,0.000229,-0.000199,-0.000409,-0.000499,-0.000706,-0.000791,-0.000632,-0.000412,-0.000228,0.000029,0.000237,0.000226,0.000160,0.000018,-0.000539,-0.001227,-0.001367,-0.000874,0.000141,0.001159,0.001397,0.001032,0.000336,-0.000468,-0.000958,-0.001126,-0.001098,-0.000836,-0.000372,-0.000022,0.000077,0.000113,0.000162,0.000088,0.000058,0.000221,0.000298,0.000223,0.000373,0.000918,0.001483,0.001265,-0.000035,-0.001133,-0.001231,-0.001027,-0.000899,-0.000654,-0.000287,-0.000092,-0.000084,0.000030,0.000028,-0.000033,-0.000026,-0.000073,-0.000095,-0.000100,-0.000179,-0.000279,-0.000251,-0.000135,-0.000042,-0.000002,-0.000088,-0.000191,-0.000059,0.000065,0.000065,0.000062,0.000007,-0.000058,-0.000024,0.000020,-0.000030,-0.000046,-0.000029,-0.000024,0.000060,0.000112,0.000126,0.000114,0.000084,0.000080,0.000112,0.000070,0.000051,0.000016,-0.000088,-0.000057,0.000062,0.000101,0.000053,-0.001108,-0.011230,-0.002548,0.006999,0.008655,0.006638,0.004175,0.002272,0.001690,0.002403,0.002725,0.001804,0.000944,0.000482,-0.000284,-0.000556,-0.000017,0.000539,0.000494,-0.000052,-0.000614,-0.000880,-0.000791,-0.000446,-0.000217,-0.000532,-0.001001,-0.001353,-0.001809,-0.002142,-0.001943,-0.001414,-0.000882,-0.000370,0.000052,0.000205,0.000309,0.000333,0.000130,-0.000113,-0.000180,-0.000142,-0.000048,0.000045,-0.000071,-0.000270,-0.000234,-0.000096,0.000117,0.000210,0.000134,0.000121,0.000273,0.000480,0.000434,0.000182,0.000202,0.000504,0.000366,-0.000212,-0.000167,0.000911,0.001874,0.001309,-0.000504,-0.001690,-0.001586,-0.001441,-0.001497,-0.001447,-0.001164,-0.000539,0.000210,0.000647,0.000314,-0.000366,-0.000570,-0.000216,0.000196,0.000395,0.000375,0.000266,0.000208,0.000124,-0.000089,-0.000500,-0.001075,-0.001715,-0.002107,-0.002100,-0.001576,-0.000592,0.000158,0.000276,0.000082,-0.000042,-0.000006,0.000040,0.000164,0.000288,0.000168,0.000073,-0.000019,-0.000044,0.000014,-0.000041,-0.000061,-0.000035,-0.000006,-0.000031,-0.000137,-0.000193,-0.000154,-0.000053,-0.000040,-0.000137,-0.000121,-0.000038,-0.000069,-0.000141,-0.000078,-0.000034,-0.000124,-0.000067,-0.000040,-0.000191,-0.000169,-0.000036,0.000065,0.000033,-0.000059,-0.000053,0.000032,0.000035,-0.000068,-0.000037,0.000084,0.000096,
-0.010936,-0.009504,-0.008933,-0.003466,0.001187,0.002644,0.001928,-0.000232,-0.001499,0.000265,0.003539,0.004342,0.002113,-0.000104,-0.001039,-0.001414,-0.001063,-0.000270,0.000550,0.001050,0.000866,0.000225,-0.000508,-0.001181,-0.001655,-0.001619,-0.001265,-0.000598,0.000300,0.000429,-0.000087,-0.000624,-0.000951,-0.000947,-0.000598,-0.000116,0.000336,0.000376,-0.000138,-0.001002,-0.001397,-0.000914,-0.000321,0.000176,0.000474,0.000215,-0.000177,-0.000301,-0.000424,-0.000682,-0.000675,-0.000439,-0.000355,-0.000230,0.000012,0.000182,0.000235,0.000232,0.000197,-0.000354,-0.001245,-0.001744,-0.001425,-0.000099,0.001254,0.001487,0.000812,-0.000013,-0.000671,-0.001196,-0.001177,-0.000706,-0.000301,-0.000051,0.000064,0.000101,0.000041,0.000015,0.000084,0.000085,0.000026,0.000135,0.000351,0.000599,0.001063,0.001491,0.001079,-0.000195,-0.001201,-0.001272,-0.000973,-0.000790,-0.000535,-0.000261,-0.000137,0.000019,0.000197,0.000182,-0.000005,-0.000159,-0.000086,-0.000020,-0.000222,-0.000346,-0.000237,-0.000132,-0.000060,-0.000001,0.000044,0.000029,-0.000053,-0.000114,-0.000068,0.000031,0.000163,0.000094,-0.000072,-0.000149,-0.000042,-0.000001,-0.000111,-0.000160,-0.000202,-0.000146,-0.000017,0.000112,0.000272,0.000183,-0.000036,-0.000061,-0.000037,-0.000023,-0.000029,-0.000037,0.000049,0.000092,0.000041,0.000050,-0.001498,-0.011737,-0.002959,0.006888,0.008668,0.006721,0.004346,0.002343,0.001668,0.002418,0.002805,0.001768,0.000856,0.000408,-0.000401,-0.000740,-0.000090,0.000476,0.000425,-0.000058,-0.000581,-0.000805,-0.000804,-0.000522,-0.000226,-0.000555,-0.001143,-0.001510,-0.001870,-0.002125,-0.001925,-0.001442,-0.000837,-0.000299,0.000116,0.000375,0.000435,0.000368,0.000228,0.000048,-0.000147,-0.000192,-0.000115,0.000059,0.000061,-0.000114,-0.000166,-0.000004,0.000063,0.000046,0.000065,0.000060,0.000215,0.000463,0.000463,0.000308,0.000333,0.000515,0.000344,-0.000307,-0.000484,0.000605,0.001837,0.001514,-0.000414,-0.002073,-0.002259,-0.001952,-0.001815,-0.001542,-0.001098,-0.000486,0.000237,0.000548,0.000141,-0.000452,-0.000502,-0.000183,0.000034,0.000202,0.000274,0.000131,0.000048,0.000047,0.000028,-0.000239,-0.000981,-0.001742,-0.002109,-0.002059,-0.001450,-0.000427,0.000285,0.000237,-0.000051,0.000015,0.000281,0.000419,0.000333,0.000145,0.000108,0.000109,0.000011,-0.000026,0.000059,0.000079,0.000093,0.000070,-0.000045,-0.000106,-0.000094,-0.000100,-0.000096,-0.000034,-0.000058,-0.000148,-0.000113,-0.000024,-0.000008,-0.000051,-0.000146,-0.000191,-0.000179,-0.000110,-0.000018,-0.000125,-0.000176,-0.000071,-0.000115,-0.000157,-0.000199,-0.000170,-0.000007,0.000091,0.000065,0.000021,0.000027,0.000027,
-0.010327,-0.008830,-0.008493,-0.003188,0.001367,0.002796,0.001995,-0.000141,-0.001390,0.000269,0.003379,0.004160,0.002007,-0.000141,-0.001001,-0.001351,-0.001156,-0.000345,0.000573,0.001069,0.000867,0.000311,-0.000269,-0.000950,-0.001466,-0.001485,-0.001254,-0.000585,0.000224,0.000415,-0.000008,-0.000477,-0.000704,-0.000748,-0.000512,-0.000065,0.000332,0.000410,-0.000039,-0.000908,-0.001401,-0.001015,-0.000275,0.000216,0.000417,0.000255,-0.000042,-0.000210,-0.000389,-0.000621,-0.000514,-0.000350,-0.000409,-0.000247,0.000120,0.000318,0.000314,0.000323,0.000216,-0.000423,-0.001082,-0.001134,-0.000828,0.000142,0.001505,0.002007,0.001358,0.000345,-0.000383,-0.000733,-0.000781,-0.000630,-0.000406,-0.000072,0.000150,0.000159,-0.000026,-0.000156,-0.000040,-0.000035,-0.000091,0.000021,0.000293,0.000636,0.001153,0.001646,0.001322,0.000052,-0.001091,-0.001352,-0.001111,-0.001021,-0.000759,-0.000251,0.000022,0.000115,0.000119,0.000040,-0.000179,-0.000275,-0.000123,0.000000,-0.000143,-0.000287,-0.000243,-0.000254,-0.000300,-0.000084,-0.000020,-0.000181,-0.000164,-0.000077,0.000022,0.000127,0.000052,-0.000034,-0.000044,-0.000062,-0.000075,-0.000026,-0.000071,-0.000133,-0.000041,0.000033,0.000041,0.000166,0.000218,0.000181,0.000147,0.000072,-0.000017,-0.000090,-0.000157,-0.000199,-0.000172,-0.000030,0.000119,0.000142,-0.001569,-0.011958,-0.003168,0.006827,0.008644,0.006836,0.004492,0.002390,0.001608,0.002394,0.002868,0.001842,0.000828,0.000424,-0.000270,-0.000623,-0.000113,0.000433,0.000413,-0.000042,-0.000592,-0.000950,-0.000950,-0.000610,-0.000312,-0.000585,-0.001018,-0.001323,-0.001818,-0.002141,-0.001763,-0.001147,-0.000693,-0.000214,0.000125,0.000233,0.000298,0.000321,0.000161,-0.000093,-0.000118,-0.000091,-0.000046,0.000021,-0.000176,-0.000380,-0.000255,0.000069,0.000205,0.000171,0.000072,0.000070,0.000212,0.000413,0.000333,0.000030,0.000030,0.000485,0.000420,-0.000248,-0.000397,0.000439,0.001291,0.001029,-0.000244,-0.001353,-0.001594,-0.001623,-0.001664,-0.001690,-0.001450,-0.000585,0.000322,0.000568,0.000004,-0.000642,-0.000678,-0.000242,0.000136,0.000262,0.000380,0.000452,0.000417,0.000254,0.000010,-0.000353,-0.001041,-0.001880,-0.002364,-0.002252,-0.001477,-0.000311,0.000388,0.000275,-0.000011,-0.000043,0.000100,0.000125,0.000012,-0.000046,-0.000088,-0.000020,0.000040,0.000055,0.000080,0.000047,-0.000038,-0.000118,-0.000074,0.000004,-0.000006,-0.000068,-0.000135,-0.000096,-0.000077,-0.000129,-0.000041,0.000018,-0.000120,-0.000174,-0.000125,-0.000136,-0.000147,-0.000058,-0.000143,-0.000105,0.000054,0.000011,-0.000044,-0.000153,-0.000216,-0.000160,-0.000083,-0.000042,-0.000043,-0.000013,0.000024,0.000031,
-0.009810,-0.008400,-0.008111,-0.002920,0.001677,0.003090,0.002224,0.000006,-0.001302,0.000346,0.003517,0.004317,0.002117,-0.000034,-0.000949,-0.001356,-0.001056,-0.000187,0.000610,0.001100,0.000883,0.000148,-0.000541,-0.001178,-0.001578,-0.001481,-0.001209,-0.000779,-0.000104,0.000182,-0.000158,-0.000564,-0.000792,-0.000895,-0.000702,-0.000290,0.000022,0.000107,-0.000240,-0.001027,-0.001364,-0.000846,-0.000182,0.000108,0.000247,0.000217,-0.000090,-0.000258,-0.000343,-0.000581,-0.000712,-0.000714,-0.000608,-0.000347,-0.000011,0.000193,0.000241,0.000271,0.000207,-0.000406,-0.001187,-0.001372,-0.000930,0.000128,0.001128,0.001277,0.000762,0.000182,-0.000322,-0.000684,-0.000788,-0.000716,-0.000462,-0.000001,0.000375,0.000366,0.000050,-0.000185,-0.000198,-0.000163,-0.000087,0.000037,0.000185,0.000477,0.000941,0.001401,0.001191,-0.000030,-0.001131,-0.001210,-0.000955,-0.000957,-0.000842,-0.000427,-0.000105,0.000038,0.000102,-0.000010,-0.000209,-0.000257,-0.000177,-0.000042,-0.000105,-0.000300,-0.000329,-0.000254,-0.000165,0.000018,0.000059,-0.000018,-0.000002,-0.000004,-0.000050,-0.000090,-0.000023,0.000087,0.000090,-0.000022,-0.000032,-0.000031,-0.000114,-0.000129,-0.000174,-0.000196,-0.000009,0.000133,0.000099,0.000051,0.000046,0.000050,-0.000032,-0.000075,-0.000141,-0.000172,-0.000098,0.000085,0.000207,0.000179,-0.001547,-0.011897,-0.003009,0.006900,0.008746,0.006806,0.004408,0.002391,0.001662,0.002460,0.002822,0.001766,0.000957,0.000521,-0.000344,-0.000653,-0.000057,0.000449,0.000335,-0.000141,-0.000562,-0.000822,-0.000816,-0.000429,-0.000236,-0.000645,-0.001138,-0.001543,-0.002084,-0.002336,-0.001797,-0.001091,-0.000578,-0.000071,0.000214,0.000164,0.000212,0.000318,0.000169,-0.000163,-0.000205,-0.000057,-0.000090,-0.000076,-0.000145,-0.000273,-0.000153,0.000022,0.000065,0.000109,0.000092,0.000089,0.000140,0.000339,0.000368,0.000070,0.000133,0.000500,0.000392,-0.000148,-0.000056,0.001123,0.002023,0.001255,-0.000793,-0.002151,-0.002060,-0.001683,-0.001591,-0.001515,-0.001182,-0.000510,0.000259,0.000598,0.000241,-0.000455,-0.000574,-0.000114,0.000228,0.000397,0.000372,0.000300,0.000222,0.000137,0.000012,-0.000334,-0.000919,-0.001622,-0.002160,-0.002130,-0.001520,-0.000520,0.000257,0.000301,0.000102,0.000104,0.000216,0.000290,0.000350,0.000272,0.000089,0.000026,0.000057,0.000060,-0.000006,-0.000060,-0.000091,-0.000113,-0.000079,0.000007,0.000012,-0.000143,-0.000216,-0.000133,-0.000072,-0.000060,-0.000063,-0.000006,-0.000024,-0.000127,-0.000174,-0.000172,-0.000154,-0.000105,-0.000155,-0.000247,-0.000170,-0.000047,0.000077,0.000022,-0.000039,0.000021,0.000027,0.000013,-0.000008,-0.000049,-0.000028,-0.000003,
-0.009233,-0.007753,-0.007601,-0.002656,0.001701,0.003012,0.002280,0.000106,-0.001347,0.000312,0.003520,0.004359,0.002177,-0.000044,-0.000954,-0.001284,-0.000969,-0.000227,0.000579,0.001132,0.000878,0.000195,-0.000329,-0.000957,-0.001521,-0.001524,-0.001271,-0.000742,-0.000055,0.000114,-0.000239,-0.000735,-0.001092,-0.000918,-0.000444,-0.000182,-0.000100,-0.000146,-0.000492,-0.001182,-0.001442,-0.000913,-0.000197,0.000273,0.000340,0.000093,-0.000197,-0.000408,-0.000561,-0.000696,-0.000715,-0.000611,-0.000528,-0.000257,0.000145,0.000300,0.000180,0.000181,0.000141,-0.000490,-0.001425,-0.001766,-0.001267,0.000139,0.001530,0.001718,0.001033,0.000379,-0.000173,-0.000581,-0.000612,-0.000547,-0.000283,0.000218,0.000481,0.000410,0.000214,-0.000017,-0.000130,-0.000117,-0.000081,-0.000015,0.000186,0.000598,0.001147,0.001549,0.001233,0.000001,-0.001054,-0.001173,-0.001020,-0.000889,-0.000582,-0.000180,-0.000029,-0.000010,0.000106,0.000079,-0.000089,-0.000145,-0.000066,-0.000044,-0.000180,-0.000286,-0.000186,-0.000099,-0.000109,-0.000050,-0.000026,-0.000055,-0.000049,0.000005,-0.000026,0.000037,0.000141,0.000128,0.000013,-0.000032,0.000035,-0.000032,-0.000180,-0.000198,-0.000065,0.000041,0.000131,0.000205,0.000142,0.000013,-0.000018,0.000058,0.000037,-0.000029,-0.000096,-0.000102,-0.000003,0.000005,-0.000068,-0.000067,-0.001493,-0.012014,-0.003093,0.006895,0.008737,0.006951,0.004592,0.002451,0.001705,0.002443,0.002793,0.001764,0.000849,0.000365,-0.000465,-0.000685,0.000015,0.000494,0.000264,-0.000190,-0.000628,-0.000944,-0.001005,-0.000603,-0.000275,-0.000544,-0.001142,-0.001628,-0.001988,-0.002113,-0.001590,-0.000568,0.000265,0.000541,0.000329,0.000034,-0.000068,0.000016,-0.000007,-0.000057,-0.000032,-0.000208,-0.000393,-0.000236,-0.000137,-0.000233,-0.000101,0.000096,0.000102,0.000046,0.000045,0.000103,0.000228,0.000447,0.000443,0.000159,0.000181,0.000531,0.000392,-0.000185,-0.000175,0.000909,0.001916,0.001526,-0.000095,-0.001407,-0.001575,-0.001528,-0.001618,-0.001585,-0.001256,-0.000529,0.000343,0.000596,0.000043,-0.000599,-0.000741,-0.000315,0.000136,0.000339,0.000339,0.000267,0.000270,0.000263,-0.000009,-0.000427,-0.001021,-0.001766,-0.002189,-0.002149,-0.001477,-0.000397,0.000245,0.000336,0.000139,0.000069,0.000153,0.000144,0.000079,0.000005,-0.000046,-0.000030,-0.000031,-0.000052,-0.000062,0.000000,-0.000040,-0.000107,-0.000129,-0.000078,-0.000045,-0.000145,-0.000231,-0.000155,-0.000059,-0.000145,-0.000185,-0.000064,-0.000037,-0.000154,-0.000258,-0.000283,-0.000241,-0.000205,-0.000221,-0.000169,-0.000093,-0.000052,-0.000030,-0.000104,-0.000104,-0.000091,-0.000043,0.000072,0.000050,0.000032,0.000024,-0.000018,
-0.008372,-0.006637,-0.007091,-0.002673,0.001686,0.003037,0.002332,0.000172,-0.001315,0.000249,0.003387,0.004266,0.002217,-0.000038,-0.001037,-0.001359,-0.001026,-0.000196,0.000644,0.001120,0.000894,0.000215,-0.000409,-0.001125,-0.001651,-0.001584,-0.001130,-0.000475,0.000146,0.000270,-0.000092,-0.000572,-0.000913,-0.000889,-0.000529,-0.000054,0.000191,0.000210,-0.000138,-0.000942,-0.001364,-0.000925,-0.000215,0.000271,0.000435,0.000280,-0.000026,-0.000292,-0.000531,-0.000628,-0.000670,-0.000584,-0.000515,-0.000379,0.000058,0.000395,0.000405,0.000377,0.000123,-0.000520,-0.001218,-0.001539,-0.001312,-0.000337,0.000949,0.001320,0.000702,0.000061,-0.000419,-0.000844,-0.000989,-0.000896,-0.000647,-0.000134,0.000145,0.000074,-0.000109,-0.000182,-0.000172,-0.000114,0.000083,0.000144,0.000233,0.000536,0.001071,0.001516,0.001188,-0.000069,-0.001151,-0.001230,-0.000889,-0.000709,-0.000531,-0.000241,-0.000013,0.000155,0.000311,0.000226,-0.000037,-0.000126,-0.000067,-0.000028,-0.000098,-0.000209,-0.000179,-0.000080,-0.000022,-0.000001,-0.000083,-0.000154,-0.000150,-0.000121,-0.000029,0.000120,0.000162,0.000115,-0.000014,-0.000069,-0.000017,0.000000,-0.000113,-0.000282,-0.000298,-0.000110,0.000073,0.000089,0.000144,0.000111,0.000047,0.000106,0.000086,-0.000026,-0.000018,0.000010,-0.000001,0.000048,0.000185,0.000291,-0.001903,-0.012532,-0.003458,0.006873,0.008946,0.006964,0.004372,0.002275,0.001662,0.002566,0.003046,0.002067,0.001095,0.000457,-0.000425,-0.000686,0.000031,0.000502,0.000270,-0.000201,-0.000786,-0.001140,-0.001089,-0.000730,-0.000470,-0.000677,-0.001208,-0.001769,-0.002217,-0.002359,-0.001907,-0.001208,-0.000570,0.000009,0.000316,0.000278,0.000267,0.000310,0.000197,0.000030,-0.000055,-0.000163,-0.000175,0.000023,0.000030,-0.000130,-0.000183,-0.000007,0.000127,0.000083,0.000054,0.000118,0.000331,0.000520,0.000440,0.000169,0.000230,0.000567,0.000409,-0.000170,-0.000309,0.000700,0.001885,0.001664,0.000074,-0.001246,-0.001497,-0.001490,-0.001610,-0.001588,-0.001067,-0.000184,0.000630,0.000875,0.000298,-0.000468,-0.000635,-0.000292,0.000049,0.000248,0.000360,0.000451,0.000441,0.000275,0.000107,-0.000229,-0.000950,-0.001720,-0.002141,-0.002150,-0.001649,-0.000544,0.000316,0.000291,-0.000010,-0.000044,0.000046,0.000124,0.000149,0.000202,0.000240,0.000170,0.000077,0.000077,0.000062,0.000036,0.000067,0.000084,-0.000046,-0.000042,0.000016,-0.000071,-0.000107,-0.000022,0.000099,0.000089,0.000022,-0.000099,-0.000226,-0.000186,-0.000179,-0.000268,-0.000272,-0.000147,-0.000089,-0.000118,-0.000050,-0.000063,-0.000063,-0.000120,-0.000194,-0.000065,-0.000047,-0.000159,-0.000143,-0.000005,0.000156,0.000064,
-0.007820,-0.005917,-0.006564,-0.002521,0.001598,0.003066,0.002295,0.000028,-0.001328,0.000376,0.003561,0.004377,0.002249,0.000020,-0.000943,-0.001263,-0.001039,-0.000302,0.000532,0.000987,0.000828,0.000376,-0.000257,-0.001018,-0.001568,-0.001504,-0.001181,-0.000560,0.000248,0.000415,-0.000086,-0.000525,-0.000719,-0.000719,-0.000383,0.000098,0.000385,0.000325,-0.000287,-0.001192,-0.001553,-0.001099,-0.000375,0.000087,0.000375,0.000266,-0.000103,-0.000315,-0.000456,-0.000641,-0.000623,-0.000480,-0.000445,-0.000314,-0.000029,0.000258,0.000361,0.000275,0.000098,-0.000442,-0.001121,-0.001344,-0.000935,0.000249,0.001446,0.001725,0.001222,0.000451,-0.000250,-0.000729,-0.000987,-0.001148,-0.001042,-0.000469,-0.000013,-0.000009,-0.000053,0.000037,0.000033,-0.000062,-0.000023,0.000031,0.000077,0.000420,0.001076,0.001612,0.001315,0.000042,-0.000942,-0.001037,-0.000859,-0.000856,-0.000660,-0.000239,-0.000071,-0.000034,0.000050,-0.000020,-0.000157,-0.000145,-0.000100,-0.000067,-0.000094,-0.000104,-0.000146,-0.000293,-0.000246,0.000031,0.000059,-0.000111,-0.000196,-0.000173,-0.000084,0.000035,0.000062,0.000043,0.000032,-0.000063,-0.000068,-0.000004,-0.000058,-0.000121,-0.000109,-0.000013,0.000062,0.000062,0.000110,0.000105,0.000035,0.000015,-0.000021,-0.000143,-0.000201,-0.000075,-0.000026,0.000042,0.000190,0.000220,-0.001858,-0.012723,-0.003689,0.006858,0.008997,0.007062,0.004605,0.002501,0.001725,0.002471,0.002988,0.002041,0.000910,0.000324,-0.000383,-0.000608,-0.000027,0.000487,0.000458,-0.000006,-0.000630,-0.000982,-0.001038,-0.000754,-0.000482,-0.000772,-0.001168,-0.001407,-0.001904,-0.002236,-0.001877,-0.001286,-0.000748,-0.000248,0.000142,0.000247,0.000344,0.000394,0.000112,-0.000189,-0.000288,-0.000215,-0.000094,0.000006,-0.000023,-0.000189,-0.000277,-0.000050,0.000118,0.000186,0.000149,0.000069,0.000127,0.000265,0.000331,0.000221,0.000311,0.000665,0.000486,-0.000278,-0.000331,0.000891,0.001827,0.001221,-0.000359,-0.001538,-0.001771,-0.001695,-0.001647,-0.001700,-0.001473,-0.000634,0.000273,0.000678,0.000337,-0.000340,-0.000608,-0.000280,0.000185,0.000342,0.000328,0.000300,0.000291,0.000183,0.000005,-0.000377,-0.001050,-0.001729,-0.002164,-0.002150,-0.001515,-0.000432,0.000346,0.000331,-0.000016,-0.000091,0.000041,0.000136,0.000175,0.000110,0.000011,0.000015,0.000055,0.000060,0.000056,0.000027,-0.000072,0.000014,0.000090,0.000042,0.000010,-0.000087,-0.000141,-0.000108,-0.000053,-0.000059,-0.000021,-0.000085,-0.000170,-0.000095,-0.000089,-0.000136,-0.000130,-0.000020,0.000003,-0.000087,-0.000129,-0.000090,-0.000049,-0.000017,-0.000012,-0.000014,0.000038,0.000122,0.000156,0.000101,0.000157,0.000123,
-0.007306,-0.005417,-0.006301,-0.002450,0.001610,0.003074,0.002407,0.000244,-0.001151,0.000451,0.003593,0.004365,0.002272,0.000095,-0.000903,-0.001293,-0.001070,-0.000307,0.000565,0.001141,0.000948,0.000312,-0.000261,-0.001016,-0.001633,-0.001564,-0.001140,-0.000463,0.000314,0.000540,0.000063,-0.000463,-0.000699,-0.000721,-0.000535,-0.000061,0.000373,0.000424,-0.000148,-0.001150,-0.001556,-0.001108,-0.000395,0.000124,0.000381,0.000273,-0.000099,-0.000355,-0.000490,-0.000670,-0.000703,-0.000617,-0.000517,-0.000270,0.000096,0.000361,0.000427,0.000397,0.000157,-0.000543,-0.001333,-0.001664,-0.001421,-0.000214,0.001079,0.001250,0.000650,0.000052,-0.000614,-0.001157,-0.001197,-0.000944,-0.000661,-0.000353,-0.000042,-0.000047,-0.000112,-0.000027,0.000134,0.000147,0.000054,0.000097,0.000250,0.000520,0.001042,0.001543,0.001253,-0.000005,-0.001062,-0.001147,-0.000812,-0.000610,-0.000482,-0.000165,0.000051,0.000105,0.000175,0.000115,0.000007,-0.000023,-0.000089,-0.000164,-0.000251,-0.000250,-0.000187,-0.000145,-0.000112,-0.000071,-0.000080,-0.000225,-0.000357,-0.000262,-0.000032,0.000110,0.000129,0.000039,-0.000052,-0.000052,0.000032,0.000056,-0.000033,-0.000165,-0.000159,-0.000057,0.000073,0.000122,0.000157,0.000121,0.000032,-0.000020,-0.000107,-0.000180,-0.000172,-0.000042,0.000058,0.000094,0.000038,0.000028,-0.002193,-0.012999,-0.003819,0.006861,0.009032,0.007145,0.004626,0.002390,0.001557,0.002341,0.002936,0.002011,0.001052,0.000576,-0.000290,-0.000628,0.000054,0.000580,0.000447,-0.000089,-0.000728,-0.001112,-0.001218,-0.000844,-0.000449,-0.000607,-0.000948,-0.001251,-0.001706,-0.002186,-0.002091,-0.001534,-0.000847,-0.000215,0.000178,0.000270,0.000243,0.000149,-0.000004,-0.000112,-0.000083,-0.000095,-0.000125,-0.000036,-0.000080,-0.000187,-0.000174,-0.000079,0.000074,0.000073,-0.000027,0.000023,0.000293,0.000493,0.000386,0.000179,0.000226,0.000565,0.000416,-0.000276,-0.000230,0.001014,0.001944,0.001259,-0.000582,-0.001939,-0.002012,-0.001679,-0.001444,-0.001348,-0.001064,-0.000425,0.000284,0.000648,0.000264,-0.000385,-0.000527,-0.000252,0.000137,0.000387,0.000401,0.000355,0.000344,0.000228,0.000073,-0.000343,-0.001011,-0.001669,-0.002148,-0.002176,-0.001535,-0.000403,0.000274,0.000216,-0.000009,0.000056,0.000254,0.000321,0.000296,0.000280,0.000220,0.000172,0.000030,-0.000085,-0.000045,-0.000069,-0.000100,-0.000128,-0.000124,-0.000013,0.000006,-0.000167,-0.000249,-0.000176,-0.000081,-0.000090,-0.000181,-0.000166,-0.000073,-0.000091,-0.000127,-0.000098,-0.000131,-0.000103,-0.000102,-0.000228,-0.000173,-0.000018,0.000021,-0.000006,-0.000045,-0.000014,0.000043,0.000049,0.000005,-0.000033,0.000014,0.000077,
-0.006846,-0.005042,-0.005976,-0.002189,0.001869,0.003241,0.002542,0.000322,-0.001243,0.000312,0.003491,0.004267,0.002125,0.000004,-0.000955,-0.001298,-0.001017,-0.000314,0.000468,0.001042,0.000935,0.000382,-0.000221,-0.000971,-0.001518,-0.001454,-0.001058,-0.000430,0.000263,0.000463,0.000042,-0.000359,-0.000641,-0.000883,-0.000687,-0.000141,0.000368,0.000418,-0.000139,-0.001120,-0.001499,-0.000984,-0.000334,0.000107,0.000263,0.000139,-0.000204,-0.000448,-0.000536,-0.000637,-0.000733,-0.000649,-0.000496,-0.000326,-0.000015,0.000304,0.000270,0.000179,0.000089,-0.000466,-0.001229,-0.001637,-0.001351,-0.000061,0.001591,0.002067,0.001256,0.000256,-0.000504,-0.000930,-0.000956,-0.000808,-0.000540,-0.000180,0.000009,-0.000055,-0.000229,-0.000198,-0.000187,-0.000257,-0.000153,-0.000021,0.000133,0.000458,0.001014,0.001490,0.001252,0.000032,-0.001111,-0.001254,-0.001042,-0.000943,-0.000652,-0.000319,-0.000107,0.000049,0.000011,-0.000166,-0.000233,-0.000178,-0.000089,-0.000078,-0.000272,-0.000448,-0.000394,-0.000280,-0.000177,-0.000057,-0.000055,-0.000191,-0.000133,-0.000098,-0.000101,0.000039,0.000121,0.000056,-0.000063,-0.000158,-0.000084,0.000046,-0.000034,-0.000147,-0.000099,-0.000050,0.000060,0.000284,0.000358,0.000159,0.000142,0.000111,-0.000110,-0.000136,-0.000163,-0.000145,-0.000014,0.000094,0.000138,0.000047,-0.002048,-0.013079,-0.004038,0.006663,0.008937,0.007072,0.004631,0.002345,0.001479,0.002445,0.003018,0.001996,0.000938,0.000303,-0.000538,-0.000788,-0.000052,0.000543,0.000452,-0.000104,-0.000712,-0.001026,-0.001048,-0.000799,-0.000588,-0.000768,-0.001208,-0.001595,-0.001954,-0.002161,-0.001929,-0.001443,-0.000946,-0.000397,0.000107,0.000241,0.000296,0.000355,0.000195,-0.000108,-0.000174,-0.000129,-0.000128,0.000053,-0.000010,-0.000328,-0.000244,0.000035,0.000119,0.000104,-0.000020,-0.000150,0.000031,0.000287,0.000278,0.000101,0.000155,0.000569,0.000518,-0.000299,-0.000630,0.000257,0.001231,0.001053,-0.000502,-0.002152,-0.002525,-0.002258,-0.002170,-0.002037,-0.001532,-0.000643,0.000274,0.000610,0.000140,-0.000490,-0.000527,-0.000122,0.000242,0.000378,0.000300,0.000201,0.000212,0.000091,-0.000030,-0.000277,-0.001019,-0.001854,-0.002286,-0.002115,-0.001404,-0.000361,0.000346,0.000342,0.000091,0.000063,0.000190,0.000299,0.000239,0.000172,0.000163,0.000010,-0.000056,0.000013,0.000006,-0.000061,-0.000074,-0.000117,-0.000056,0.000060,0.000035,-0.000004,0.000025,-0.000023,-0.000121,-0.000155,-0.000153,-0.000110,-0.000076,-0.000046,-0.000090,-0.000176,-0.000157,-0.000114,-0.000128,-0.000179,-0.000137,-0.000101,-0.000110,-0.000126,-0.000178,-0.000225,-0.000155,-0.000083,0.000008,0.000027,0.000004,0.000007,
-0.006642,-0.005061,-0.005934,-0.001994,0.001978,0.003293,0.002623,0.000471,-0.001041,0.000413,0.003471,0.004260,0.002139,0.000011,-0.000874,-0.001197,-0.000954,-0.000230,0.000605,0.001137,0.000989,0.000454,-0.000196,-0.000975,-0.001518,-0.001424,-0.001011,-0.000450,0.000177,0.000313,-0.000079,-0.000490,-0.000723,-0.000763,-0.000512,-0.000081,0.000274,0.000320,-0.000134,-0.001077,-0.001568,-0.001099,-0.000442,-0.000023,0.000309,0.000368,0.000140,-0.000145,-0.000464,-0.000639,-0.000584,-0.000483,-0.000393,-0.000204,0.000027,0.000161,0.000195,0.000187,0.000122,-0.000404,-0.000959,-0.001002,-0.000667,0.000158,0.000977,0.001077,0.000622,0.000133,-0.000383,-0.000696,-0.000661,-0.000604,-0.000348,0.000071,0.000205,0.000082,-0.000116,-0.000212,-0.000153,-0.000123,-0.000095,0.000089,0.000317,0.000565,0.001124,0.001626,0.001276,0.000041,-0.001012,-0.001272,-0.001149,-0.000966,-0.000701,-0.000303,0.000073,0.000137,0.000079,-0.000030,-0.000166,-0.000183,-0.000145,-0.000146,-0.000176,-0.000212,-0.000230,-0.000223,-0.000231,-0.000178,-0.000098,-0.000080,-0.000201,-0.000187,0.000006,0.000099,0.000157,0.000093,-0.000069,-0.000129,-0.000084,-0.000010,0.000053,-0.000002,-0.000134,-0.000140,-0.000001,0.000135,0.000216,0.000177,0.000074,0.000007,0.000003,-0.000080,-0.000184,-0.000087,0.000077,0.000127,0.000153,0.000158,-0.001978,-0.013025,-0.003978,0.006840,0.009163,0.007176,0.004727,0.002526,0.001675,0.002523,0.002994,0.001982,0.000925,0.000326,-0.000431,-0.000760,-0.000152,0.000468,0.000461,-0.000004,-0.000569,-0.001028,-0.001183,-0.000710,-0.000255,-0.000561,-0.001125,-0.001553,-0.002027,-0.002184,-0.001764,-0.001137,-0.000632,-0.000300,0.000024,0.000177,0.000249,0.000327,0.000234,-0.000035,-0.000235,-0.000315,-0.000234,0.000005,0.000039,-0.000106,0.000013,0.000178,0.000132,0.000016,-0.000058,-0.000031,0.000147,0.000387,0.000391,0.000154,0.000227,0.000575,0.000432,-0.000155,-0.000104,0.001020,0.001974,0.001412,-0.000227,-0.001438,-0.001809,-0.001646,-0.001486,-0.001561,-0.001321,-0.000603,0.000187,0.000483,0.000055,-0.000596,-0.000675,-0.000074,0.000267,0.000350,0.000417,0.000343,0.000192,0.000096,0.000010,-0.000322,-0.000957,-0.001694,-0.002181,-0.002239,-0.001690,-0.000538,0.000296,0.000308,-0.000038,-0.000104,0.000090,0.000099,0.000010,0.000058,0.000110,0.000049,-0.000037,-0.000078,-0.000154,-0.000237,-0.000220,-0.000212,-0.000177,-0.000005,-0.000002,-0.000124,-0.000115,-0.000071,-0.000104,-0.000135,-0.000125,-0.000070,-0.000108,-0.000125,-0.000064,-0.000037,-0.000101,-0.000156,-0.000123,-0.000064,-0.000008,0.000005,-0.000034,-0.000064,-0.000136,-0.000106,-0.000017,-0.000046,-0.000031,0.000046,0.000142,0.000208,
-0.006095,-0.004287,-0.005479,-0.002025,0.001841,0.003267,0.002597,0.000449,-0.000935,0.000447,0.003319,0.004033,0.001967,-0.000115,-0.001009,-0.001374,-0.001123,-0.000301,0.000545,0.001076,0.000901,0.000331,-0.000248,-0.001087,-0.001562,-0.001400,-0.001113,-0.000590,0.000068,0.000065,-0.000355,-0.000666,-0.000861,-0.000787,-0.000412,-0.000154,-0.000025,0.000042,-0.000318,-0.001070,-0.001468,-0.001034,-0.000274,0.000138,0.000242,0.000052,-0.000228,-0.000443,-0.000588,-0.000697,-0.000747,-0.000700,-0.000550,-0.000323,0.000097,0.000291,0.000286,0.000326,0.000163,-0.000534,-0.001405,-0.001725,-0.001264,0.000147,0.001526,0.001662,0.000927,0.000273,-0.000217,-0.000627,-0.000853,-0.000854,-0.000511,0.000022,0.000374,0.000347,0.000185,0.000048,-0.000089,-0.000191,-0.000149,0.000043,0.000236,0.000422,0.000924,0.001525,0.001264,-0.000038,-0.001123,-0.001217,-0.000914,-0.000729,-0.000557,-0.000138,0.000087,0.000098,0.000102,0.000036,-0.000092,-0.000098,-0.000034,-0.000066,-0.000158,-0.000185,-0.000168,-0.000137,-0.000074,-0.000017,0.000019,-0.000071,-0.000192,-0.000092,-0.000034,0.000025,0.000196,0.000221,0.000074,0.000081,0.000074,0.000018,-0.000008,-0.000135,-0.000126,0.000070,0.000131,0.000124,0.000174,0.000145,0.000167,0.000155,0.000106,0.000011,-0.000166,-0.000258,-0.000259,-0.000179,-0.000070,0.000062,-0.002020,-0.013004,-0.003854,0.006750,0.008931,0.007184,0.004798,0.002464,0.001592,0.002554,0.003146,0.002159,0.001007,0.000340,-0.000442,-0.000634,0.000044,0.000487,0.000401,0.000033,-0.000503,-0.001025,-0.001129,-0.000711,-0.000470,-0.000747,-0.001230,-0.001812,-0.002292,-0.002249,-0.001604,-0.000764,-0.000101,0.000319,0.000345,0.000090,-0.000107,-0.000031,0.000044,-0.000028,-0.000079,-0.000175,-0.000253,-0.000108,0.000033,-0.000000,0.000009,0.000104,0.000053,-0.000124,-0.000155,-0.000191,-0.000059,0.000281,0.000313,0.000183,0.000313,0.000623,0.000527,-0.000114,-0.000258,0.000956,0.002076,0.001396,-0.000516,-0.001875,-0.001988,-0.001693,-0.001638,-0.001708,-0.001332,-0.000529,0.000234,0.000473,0.000001,-0.000546,-0.000668,-0.000245,0.000229,0.000374,0.000272,0.000190,0.000187,0.000128,-0.000018,-0.000396,-0.001101,-0.001811,-0.002185,-0.002197,-0.001548,-0.000343,0.000303,0.000248,0.000084,-0.000004,0.000078,0.000216,0.000173,0.000087,0.000079,0.000013,0.000013,0.000013,-0.000129,-0.000114,0.000030,0.000009,-0.000038,-0.000051,-0.000147,-0.000269,-0.000166,-0.000021,-0.000058,-0.000077,-0.000109,-0.000100,-0.000032,-0.000107,-0.000132,-0.000028,-0.000035,-0.000086,-0.000096,-0.000061,-0.000003,0.000049,0.000036,-0.000069,-0.000207,-0.000267,-0.000125,-0.000017,0.000005,0.000042,0.000066,-0.000053,
-0.005362,-0.004050,-0.005318,-0.001684,0.002267,0.003609,0.002839,0.000622,-0.000898,0.000557,0.003614,0.004330,0.002124,0.000016,-0.000837,-0.001239,-0.001015,-0.000185,0.000715,0.001151,0.000848,0.000174,-0.000376,-0.000950,-0.001328,-0.001202,-0.000931,-0.000517,0.000113,0.000316,-0.000035,-0.000507,-0.000763,-0.000689,-0.000365,0.000025,0.000248,0.000170,-0.000300,-0.001183,-0.001555,-0.001040,-0.000317,0.000028,0.000134,0.000006,-0.000295,-0.000441,-0.000542,-0.000719,-0.000760,-0.000616,-0.000466,-0.000349,-0.000102,0.000122,0.000267,0.000334,0.000159,-0.000494,-0.001264,-0.001598,-0.001350,-0.000136,0.001296,0.001562,0.000835,0.000161,-0.000291,-0.000707,-0.000785,-0.000626,-0.000312,0.000051,0.000190,0.000136,-0.000053,-0.000142,-0.000085,-0.000017,0.000037,0.000065,0.000236,0.000566,0.001073,0.001459,0.001162,-0.000060,-0.001144,-0.001203,-0.000873,-0.000667,-0.000477,-0.000170,0.000046,0.000089,0.000146,0.000150,-0.000072,-0.000131,-0.000020,-0.000010,-0.000125,-0.000291,-0.000302,-0.000187,-0.000101,0.000002,0.000001,-0.000036,-0.000108,-0.000086,-0.000008,0.000032,0.000071,-0.000016,-0.000086,-0.000120,-0.000025,0.000103,0.000002,-0.000155,-0.000161,-0.000053,0.000046,0.000090,0.000053,0.000026,0.000023,-0.000018,-0.000160,-0.000216,-0.000101,-0.000027,0.000027,0.000065,0.000078,0.000098,-0.001529,-0.012824,-0.003860,0.006746,0.008885,0.006998,0.004610,0.002469,0.001704,0.002544,0.003011,0.001987,0.000863,0.000261,-0.000427,-0.000633,0.000029,0.000519,0.000405,-0.000030,-0.000666,-0.001065,-0.001132,-0.000756,-0.000418,-0.000658,-0.001156,-0.001686,-0.002275,-0.002393,-0.001674,-0.000827,-0.000323,-0.000033,0.000134,0.000224,0.000310,0.000364,0.000255,0.000068,0.000069,0.000086,-0.000022,-0.000016,0.000004,0.000025,0.000079,0.000042,-0.000038,0.000004,0.000029,0.000024,0.000172,0.000415,0.000385,0.000178,0.000329,0.000730,0.000505,-0.000265,-0.000424,0.000739,0.001962,0.001657,-0.000020,-0.001313,-0.001450,-0.001423,-0.001595,-0.001651,-0.001246,-0.000311,0.000476,0.000588,0.000022,-0.000657,-0.000739,-0.000216,0.000267,0.000394,0.000342,0.000284,0.000300,0.000164,-0.000040,-0.000392,-0.001106,-0.001812,-0.002172,-0.002168,-0.001599,-0.000541,0.000239,0.000341,0.000040,-0.000051,0.000152,0.000246,0.000132,0.000068,0.000090,0.000017,-0.000029,0.000013,0.000041,0.000061,0.000106,0.000112,0.000065,0.000038,0.000076,-0.000001,-0.000060,-0.000001,0.000036,-0.000020,-0.000052,-0.000057,-0.000093,-0.000125,-0.000166,-0.000235,-0.000232,-0.000151,-0.000149,-0.000143,-0.000109,-0.000067,-0.000004,-0.000054,-0.000055,0.000011,0.000116,0.000142,0.000079,0.000058,0.000094,0.000101,
-0.004755,-0.002716,-0.004454,-0.001621,0.001967,0.003319,0.002669,0.000481,-0.001018,0.000479,0.003466,0.004179,0.002050,-0.000007,-0.000798,-0.001165,-0.000958,-0.000210,0.000608,0.001109,0.000933,0.000371,-0.000193,-0.000964,-0.001537,-0.001467,-0.001105,-0.000401,0.000395,0.000512,0.000105,-0.000272,-0.000497,-0.000564,-0.000410,-0.000009,0.000360,0.000384,-0.000152,-0.001037,-0.001413,-0.001073,-0.000466,0.000042,0.000364,0.000201,-0.000162,-0.000328,-0.000432,-0.000693,-0.000840,-0.000599,-0.000376,-0.000179,0.000142,0.000264,0.000286,0.000395,0.000284,-0.000413,-0.001224,-0.001509,-0.001194,-0.000135,0.001012,0.001329,0.000881,0.000268,-0.000252,-0.000666,-0.000972,-0.001131,-0.000962,-0.000377,0.000110,0.000127,-0.000147,-0.000226,-0.000093,-0.000010,0.000017,-0.000001,0.000146,0.000481,0.001066,0.001583,0.001252,0.000064,-0.000936,-0.001145,-0.001032,-0.000896,-0.000578,-0.000200,0.000009,0.000099,0.000099,-0.000065,-0.000259,-0.000227,-0.000123,-0.000029,-0.000043,-0.000116,-0.000173,-0.000229,-0.000218,-0.000053,0.000054,-0.000060,-0.000065,-0.000010,0.000057,0.000068,0.000076,0.000113,-0.000076,-0.000225,-0.000146,-0.000115,-0.000137,-0.000161,-0.000110,0.000033,0.000083,0.000094,0.000120,0.000116,-0.000025,-0.000168,-0.000108,-0.000126,-0.000209,-0.000157,-0.000116,0.000038,0.000143,0.000115,-0.001592,-0.012787,-0.003888,0.006825,0.008995,0.007092,0.004788,0.002613,0.001719,0.002574,0.003083,0.002087,0.000993,0.000381,-0.000460,-0.000723,-0.000018,0.000438,0.000214,-0.000125,-0.000577,-0.001075,-0.001209,-0.000822,-0.000538,-0.000746,-0.001249,-0.001720,-0.002093,-0.002241,-0.001839,-0.001158,-0.000531,-0.000066,0.000223,0.000302,0.000425,0.000449,0.000249,-0.000029,-0.000148,-0.000108,-0.000109,-0.000074,-0.000064,-0.000159,-0.000185,0.000009,0.000138,0.000096,0.000055,0.000042,0.000226,0.000465,0.000387,0.000171,0.000256,0.000639,0.000555,-0.000148,-0.000243,0.000651,0.001509,0.001172,-0.000335,-0.001646,-0.001827,-0.001615,-0.001669,-0.001723,-0.001385,-0.000500,0.000475,0.000779,0.000162,-0.000639,-0.000737,-0.000306,0.000077,0.000255,0.000350,0.000351,0.000289,0.000201,0.000051,-0.000353,-0.001099,-0.001819,-0.002211,-0.002108,-0.001387,-0.000368,0.000306,0.000273,0.000034,-0.000032,0.000101,0.000218,0.000201,0.000146,0.000089,0.000123,0.000181,0.000088,0.000049,0.000033,-0.000059,-0.000128,-0.000052,0.000054,-0.000002,-0.000074,-0.000120,-0.000114,-0.000112,-0.000083,-0.000025,0.000015,-0.000058,-0.000217,-0.000200,-0.000222,-0.000311,-0.000235,-0.000091,-0.000042,-0.000016,0.000110,0.000131,-0.000025,-0.000160,-0.000126,0.000011,0.000091,0.000088,0.000083,0.000063,0.000045,
-0.003731,-0.001829,-0.004008,-0.001447,0.002084,0.003438,0.002781,0.000581,-0.000996,0.000414,0.003368,0.004164,0.002117,-0.000042,-0.000960,-0.001236,-0.000938,-0.000188,0.000578,0.001021,0.000898,0.000359,-0.000197,-0.000886,-0.001544,-0.001490,-0.001020,-0.000386,0.000202,0.000328,-0.000040,-0.000356,-0.000437,-0.000554,-0.000377,0.000011,0.000343,0.000379,-0.000229,-0.001150,-0.001512,-0.000916,-0.000132,0.000279,0.000342,0.000094,-0.000160,-0.000293,-0.000581,-0.000795,-0.000726,-0.000614,-0.000436,-0.000105,0.000165,0.000272,0.000170,0.000091,0.000054,-0.000462,-0.001149,-0.001391,-0.001078,-0.000070,0.001178,0.001592,0.001060,0.000286,-0.000569,-0.001109,-0.001215,-0.001158,-0.000965,-0.000556,-0.000114,0.000058,0.000094,0.000095,0.000030,-0.000052,-0.000022,0.000122,0.000131,0.000439,0.001121,0.001508,0.001065,-0.000099,-0.001101,-0.001201,-0.000902,-0.000811,-0.000615,-0.000329,-0.000106,0.000200,0.000349,0.000186,-0.000057,-0.000075,0.000048,0.000009,-0.000109,-0.000120,-0.000093,-0.000066,-0.000031,0.000033,0.000040,-0.000018,-0.000146,-0.000172,-0.000045,0.000073,0.000137,0.000067,-0.000024,-0.000061,-0.000062,-0.000042,-0.000083,-0.000104,-0.000102,-0.000034,0.000091,0.000094,0.000036,0.000016,0.000011,0.000002,-0.000008,-0.000072,-0.000120,-0.000129,-0.000035,0.000104,0.000237,0.000228,-0.001591,-0.012541,-0.003653,0.006955,0.009160,0.007175,0.004735,0.002571,0.001662,0.002441,0.003018,0.002153,0.001086,0.000387,-0.000480,-0.000679,0.000113,0.000581,0.000397,-0.000048,-0.000735,-0.001190,-0.001183,-0.000935,-0.000722,-0.000819,-0.001205,-0.001593,-0.001889,-0.002120,-0.001843,-0.001233,-0.000694,-0.000287,-0.000008,0.000104,0.000213,0.000365,0.000238,0.000005,0.000019,0.000103,0.000013,-0.000086,-0.000136,-0.000283,-0.000323,-0.000127,0.000036,0.000061,0.000089,0.000099,0.000258,0.000467,0.000333,0.000169,0.000344,0.000577,0.000433,-0.000189,-0.000288,0.000860,0.001820,0.001191,-0.000506,-0.001678,-0.001848,-0.001680,-0.001436,-0.001275,-0.001037,-0.000473,0.000298,0.000674,0.000423,-0.000230,-0.000489,-0.000137,0.000207,0.000390,0.000449,0.000373,0.000248,0.000223,0.000142,-0.000250,-0.000958,-0.001715,-0.002117,-0.002142,-0.001605,-0.000524,0.000169,0.000138,-0.000106,-0.000034,0.000215,0.000304,0.000320,0.000274,0.000267,0.000218,0.000071,0.000054,0.000068,-0.000042,-0.000121,-0.000076,-0.000109,-0.000048,0.000085,-0.000013,-0.000168,-0.000083,0.000035,0.000023,-0.000087,-0.000220,-0.000202,-0.000096,-0.000032,-0.000120,-0.000169,-0.000157,-0.000145,-0.000049,0.000060,0.000058,-0.000018,-0.000105,-0.000134,-0.000067,0.000112,0.000159,0.000061,0.000072,0.000059,0.000048,
-0.003332,-0.001496,-0.003801,-0.001344,0.002188,0.003576,0.002865,0.000541,-0.000950,0.000488,0.003471,0.004251,0.002118,-0.000001,-0.000854,-0.001218,-0.001006,-0.000270,0.000625,0.001165,0.000954,0.000380,-0.000211,-0.001048,-0.001674,-0.001490,-0.000956,-0.000265,0.000448,0.000627,0.000252,-0.000301,-0.000713,-0.000800,-0.000443,0.000063,0.000400,0.000413,-0.000141,-0.001004,-0.001339,-0.000868,-0.000217,0.000150,0.000301,0.000174,-0.000046,-0.000276,-0.000542,-0.000606,-0.000574,-0.000524,-0.000427,-0.000209,0.000119,0.000206,0.000168,0.000203,0.000132,-0.000477,-0.001360,-0.001728,-0.001348,-0.000067,0.001363,0.001613,0.000788,-0.000023,-0.000682,-0.001161,-0.001189,-0.000916,-0.000561,-0.000117,0.000201,0.000189,-0.000046,-0.000187,-0.000158,-0.000130,-0.000043,0.000065,0.000300,0.000632,0.001066,0.001560,0.001331,0.000018,-0.001150,-0.001368,-0.001135,-0.000982,-0.000703,-0.000298,-0.000104,-0.000067,0.000080,0.000155,0.000053,0.000007,0.000031,-0.000115,-0.000248,-0.000204,-0.000130,-0.000086,0.000024,0.000082,-0.000027,-0.000023,0.000089,0.000028,0.000000,0.000070,0.000071,0.000057,-0.000067,-0.000164,-0.000130,0.000014,0.000016,-0.000125,-0.000030,0.000081,0.000092,0.000109,0.000142,0.000147,0.000145,0.000142,0.000062,-0.000112,-0.000250,-0.000252,-0.000123,-0.000027,0.000012,0.000129,-0.001317,-0.012414,-0.003633,0.006944,0.009124,0.007171,0.004826,0.002607,0.001695,0.002572,0.003107,0.002084,0.000966,0.000225,-0.000587,-0.000656,0.000126,0.000606,0.000470,-0.000008,-0.000638,-0.001050,-0.001087,-0.000678,-0.000399,-0.000722,-0.001230,-0.001616,-0.001973,-0.002179,-0.001955,-0.001340,-0.000551,0.000022,0.000343,0.000449,0.000427,0.000371,0.000250,0.000018,-0.000114,-0.000090,-0.000036,0.000065,-0.000043,-0.000248,-0.000252,-0.000122,-0.000021,-0.000043,-0.000073,-0.000084,0.000102,0.000369,0.000302,0.000151,0.000269,0.000557,0.000331,-0.000336,-0.000459,0.000547,0.001740,0.001379,-0.000607,-0.002163,-0.002290,-0.002009,-0.001898,-0.001760,-0.001360,-0.000597,0.000264,0.000526,0.000034,-0.000504,-0.000545,-0.000183,0.000167,0.000317,0.000320,0.000234,0.000208,0.000277,0.000228,-0.000249,-0.001020,-0.001752,-0.002104,-0.002059,-0.001519,-0.000482,0.000303,0.000344,0.000116,0.000103,0.000249,0.000235,0.000087,0.000044,0.000063,0.000118,-0.000040,-0.000154,-0.000029,0.000042,-0.000009,-0.000008,-0.000024,-0.000054,-0.000110,-0.000135,-0.000039,0.000099,0.000092,-0.000073,-0.000186,-0.000163,-0.000101,-0.000076,-0.000162,-0.000206,-0.000107,-0.000046,-0.000010,-0.000006,-0.000079,-0.000109,-0.000099,-0.000129,-0.000220,-0.000219,-0.000077,0.000050,0.000076,-0.000007,-0.000017,0.000094,
-0.002936,-0.001293,-0.003516,-0.001092,0.002357,0.003718,0.002950,0.000655,-0.000863,0.000576,0.003553,0.004325,0.002189,-0.000041,-0.000918,-0.001199,-0.000961,-0.000212,0.000635,0.001139,0.000900,0.000275,-0.000272,-0.000998,-0.001552,-0.001409,-0.001132,-0.000649,0.000129,0.000401,0.000023,-0.000477,-0.000768,-0.000731,-0.000551,-0.000160,0.000210,0.000314,-0.000022,-0.000832,-0.001299,-0.000920,-0.000228,0.000191,0.000296,0.000131,-0.000151,-0.000355,-0.000463,-0.000603,-0.000716,-0.000604,-0.000403,-0.000152,0.000116,0.000199,0.000188,0.000260,0.000189,-0.000282,-0.000943,-0.001008,-0.000583,0.000291,0.001407,0.001680,0.001112,0.000367,-0.000326,-0.000662,-0.000721,-0.000684,-0.000506,-0.000123,0.000202,0.000142,-0.000005,-0.000061,-0.000115,-0.000086,0.000047,0.000139,0.000205,0.000511,0.001087,0.001567,0.001257,0.000038,-0.001093,-0.001357,-0.001152,-0.001016,-0.000682,-0.000241,0.000077,0.000113,0.000099,0.000127,-0.000025,-0.000087,-0.000003,0.000053,-0.000088,-0.000180,-0.000188,-0.000080,-0.000021,-0.000150,-0.000113,-0.000035,-0.000071,-0.000060,0.000011,0.000015,0.000002,-0.000006,-0.000087,-0.000113,-0.000048,0.000003,-0.000038,-0.000094,-0.000085,-0.000013,0.000109,0.000202,0.000236,0.000221,0.000169,0.000037,-0.000020,-0.000116,-0.000339,-0.000213,-0.000041,0.000067,0.000142,0.000130,-0.001263,-0.012077,-0.003327,0.006961,0.008964,0.007090,0.004773,0.002623,0.001788,0.002626,0.003129,0.002116,0.000989,0.000325,-0.000533,-0.000680,0.000130,0.000612,0.000451,-0.000098,-0.000760,-0.001125,-0.001151,-0.000803,-0.000479,-0.000611,-0.001017,-0.001529,-0.002188,-0.002378,-0.001912,-0.001264,-0.000768,-0.000269,0.000148,0.000340,0.000352,0.000245,0.000053,-0.000134,-0.000052,0.000018,-0.000004,0.000006,-0.000076,-0.000154,-0.000165,-0.000069,0.000088,0.000076,-0.000044,-0.000105,0.000047,0.000332,0.000302,0.000107,0.000200,0.000592,0.000363,-0.000316,-0.000342,0.000559,0.001328,0.000987,-0.000291,-0.001392,-0.001601,-0.001633,-0.001694,-0.001693,-0.001368,-0.000579,0.000200,0.000495,0.000110,-0.000470,-0.000611,-0.000191,0.000285,0.000384,0.000363,0.000342,0.000290,0.000309,0.000080,-0.000396,-0.001059,-0.001820,-0.002193,-0.002064,-0.001430,-0.000267,0.000518,0.000315,-0.000127,-0.000135,0.000001,0.000073,0.000087,0.000046,0.000015,0.000020,0.000031,0.000012,-0.000010,0.000031,-0.000017,-0.000069,-0.000039,0.000016,0.000045,-0.000013,-0.000066,-0.000070,-0.000159,-0.000141,-0.000023,-0.000105,-0.000240,-0.000270,-0.000220,-0.000044,0.000140,0.000139,-0.000056,-0.000182,-0.000172,-0.000053,0.000030,-0.000048,-0.000152,-0.000081,0.000019,0.000016,0.000002,0.000036,0.000076,-0.000009,
-0.002382,-0.000551,-0.003148,-0.001035,0.002354,0.003715,0.003003,0.000728,-0.000937,0.000510,0.003576,0.004306,0.002293,0.000243,-0.000701,-0.001186,-0.001075,-0.000280,0.000620,0.001059,0.000898,0.000412,-0.000190,-0.000985,-0.001571,-0.001439,-0.001075,-0.000475,0.000199,0.000358,-0.000026,-0.000480,-0.000720,-0.000727,-0.000568,-0.000285,0.000091,0.000291,-0.000115,-0.000983,-0.001417,-0.000987,-0.000305,0.000145,0.000390,0.000291,-0.000157,-0.000292,-0.000237,-0.000421,-0.000570,-0.000559,-0.000464,-0.000242,0.000061,0.000126,0.000155,0.000347,0.000279,-0.000418,-0.001331,-0.001655,-0.001103,0.000096,0.001255,0.001481,0.000857,0.000167,-0.000322,-0.000646,-0.000764,-0.000711,-0.000499,-0.000018,0.000327,0.000324,0.000007,-0.000272,-0.000130,-0.000023,-0.000078,0.000036,0.000161,0.000449,0.001059,0.001602,0.001322,-0.000019,-0.001055,-0.001126,-0.000956,-0.000925,-0.000770,-0.000434,-0.000122,0.000031,0.000094,0.000001,-0.000098,-0.000116,-0.000071,0.000022,0.000020,-0.000049,-0.000131,-0.000108,-0.000046,0.000050,0.000031,-0.000083,-0.000158,-0.000184,-0.000102,-0.000049,0.000067,0.000116,-0.000018,-0.000138,-0.000064,0.000008,-0.000080,-0.000185,-0.000154,-0.000005,0.000117,0.000163,0.000154,0.000128,0.000099,0.000027,-0.000056,-0.000100,-0.000179,-0.000169,-0.000012,0.000187,0.000315,0.000195,-0.001118,-0.012084,-0.003263,0.007188,0.009242,0.007267,0.004937,0.002601,0.001558,0.002530,0.003156,0.002154,0.001029,0.000319,-0.000440,-0.000598,0.000162,0.000681,0.000404,-0.000080,-0.000746,-0.001099,-0.001112,-0.000851,-0.000549,-0.000678,-0.001092,-0.001632,-0.002070,-0.002185,-0.001693,-0.000991,-0.000435,0.000053,0.000363,0.000280,0.000119,0.000140,0.000061,-0.000093,-0.000060,-0.000019,-0.000079,-0.000006,0.000069,0.000086,0.000123,0.000089,0.000076,0.000069,0.000015,-0.000045,0.000095,0.000350,0.000432,0.000263,0.000337,0.000664,0.000526,-0.000109,-0.000121,0.001053,0.002024,0.001341,-0.000603,-0.001946,-0.001866,-0.001534,-0.001610,-0.001656,-0.001265,-0.000514,0.000251,0.000463,0.000003,-0.000677,-0.000890,-0.000448,0.000084,0.000381,0.000478,0.000409,0.000236,0.000095,0.000001,-0.000338,-0.001102,-0.001892,-0.002257,-0.002161,-0.001522,-0.000443,0.000331,0.000343,0.000039,-0.000014,0.000094,0.000035,-0.000013,0.000111,0.000184,0.000122,0.000075,-0.000021,-0.000070,-0.000044,-0.000057,-0.000099,-0.000038,0.000050,-0.000072,-0.000209,-0.000181,-0.000047,0.000041,0.000029,-0.000017,-0.000092,-0.000111,-0.000107,-0.000057,-0.000106,-0.000179,-0.000130,-0.000112,-0.000135,-0.000125,-0.000099,-0.000107,-0.000157,-0.000119,-0.000050,-0.000085,-0.000118,-0.000036,-0.000039,-0.000023,0.000054,
-0.002135,-0.000347,-0.002969,-0.001013,0.002240,0.003663,0.003007,0.000757,-0.000850,0.000532,0.003526,0.004313,0.002254,0.000128,-0.000717,-0.001087,-0.000982,-0.000314,0.000540,0.001138,0.001033,0.000471,-0.000190,-0.001001,-0.001440,-0.001251,-0.000911,-0.000464,0.000049,0.000214,-0.000114,-0.000555,-0.000891,-0.000879,-0.000463,-0.000107,0.000007,0.000064,-0.000176,-0.000946,-0.001459,-0.001012,-0.000178,0.000289,0.000339,0.000114,-0.000229,-0.000395,-0.000555,-0.000730,-0.000747,-0.000625,-0.000475,-0.000326,-0.000057,0.000163,0.000245,0.000281,0.000204,-0.000341,-0.001150,-0.001518,-0.001188,0.000114,0.001490,0.001721,0.001014,0.000320,-0.000284,-0.000642,-0.000592,-0.000510,-0.000289,0.000154,0.000441,0.000305,0.000012,-0.000132,-0.000105,-0.000043,-0.000035,0.000037,0.000151,0.000476,0.001080,0.001571,0.001341,0.000055,-0.001102,-0.001185,-0.000945,-0.000835,-0.000548,-0.000173,-0.000069,-0.000012,0.000082,0.000059,0.000095,0.000177,0.000122,0.000013,-0.000008,-0.000020,-0.000080,-0.000189,-0.000210,-0.000094,0.000064,-0.000007,-0.000082,-0.000023,0.000004,0.000022,0.000098,0.000096,-0.000028,-0.000063,0.000029,0.000015,-0.000130,-0.000215,-0.000139,-0.000068,-0.000046,0.000119,0.000231,0.000206,0.000204,0.000071,-0.000104,-0.000096,-0.000018,-0.000091,-0.000150,0.000061,0.000232,0.000054,-0.001201,-0.012178,-0.003332,0.007231,0.009275,0.007211,0.004729,0.002493,0.001653,0.002521,0.003067,0.002046,0.000986,0.000417,-0.000396,-0.000522,0.000179,0.000568,0.000406,-0.000066,-0.000593,-0.001028,-0.001225,-0.000953,-0.000679,-0.000790,-0.001150,-0.001725,-0.002210,-0.002197,-0.001500,-0.000450,0.000417,0.000634,0.000420,0.000242,0.000067,0.000019,0.000041,-0.000052,-0.000088,-0.000148,-0.000367,-0.000334,-0.000181,-0.000199,-0.000136,0.000049,0.000065,-0.000036,-0.000010,0.000040,0.000155,0.000406,0.000456,0.000171,0.000233,0.000650,0.000464,-0.000341,-0.000502,0.000628,0.001799,0.001526,-0.000151,-0.001488,-0.001589,-0.001428,-0.001443,-0.001551,-0.001334,-0.000588,0.000237,0.000493,-0.000038,-0.000713,-0.000798,-0.000360,0.000080,0.000285,0.000281,0.000299,0.000234,0.000142,0.000013,-0.000415,-0.001093,-0.001723,-0.002201,-0.002291,-0.001651,-0.000374,0.000456,0.000329,-0.000066,-0.000106,0.000088,0.000143,0.000098,0.000047,0.000012,0.000016,-0.000033,-0.000093,-0.000037,0.000049,0.000097,-0.000010,-0.000026,0.000070,0.000007,-0.000101,-0.000156,-0.000084,0.000010,-0.000068,-0.000092,-0.000082,-0.000046,-0.000033,-0.000151,-0.000236,-0.000192,-0.000123,-0.000044,-0.000089,-0.000052,0.000050,0.000058,-0.000036,-0.000137,-0.000109,-0.000014,0.000082,0.000017,-0.000000,0.000051,-0.000022,
-0.001879,0.000053,-0.002949,-0.001157,0.002199,0.003699,0.003140,0.000806,-0.000930,0.000416,0.003457,0.004330,0.002317,0.000086,-0.000861,-0.001173,-0.000971,-0.000171,0.000555,0.000928,0.000830,0.000327,-0.000281,-0.000996,-0.001449,-0.001355,-0.001060,-0.000416,0.000320,0.000365,-0.000163,-0.000571,-0.000786,-0.000830,-0.000488,-0.000003,0.000400,0.000431,-0.000055,-0.000881,-0.001458,-0.001015,-0.000273,0.000092,0.000376,0.000316,-0.000077,-0.000419,-0.000609,-0.000798,-0.000738,-0.000483,-0.000317,-0.000195,0.000082,0.000283,0.000286,0.000308,0.000123,-0.000509,-0.001348,-0.001813,-0.001559,-0.000525,0.000805,0.001237,0.000710,0.000078,-0.000523,-0.000925,-0.000990,-0.000961,-0.000722,-0.000202,0.000107,0.000031,-0.000079,-0.000137,-0.000238,-0.000193,-0.000044,0.000039,0.000104,0.000423,0.001094,0.001606,0.001301,0.000157,-0.000917,-0.001151,-0.000955,-0.000910,-0.000694,-0.000265,0.000085,0.000269,0.000229,0.000060,-0.000064,-0.000104,-0.000024,0.000041,-0.000026,-0.000201,-0.000212,-0.000107,-0.000066,-0.000037,-0.000042,-0.000124,-0.000195,-0.000177,-0.000037,0.000016,0.000004,-0.000017,-0.000095,-0.000163,-0.000108,0.000037,0.000055,-0.000060,-0.000096,-0.000041,0.000053,0.000154,0.000220,0.000172,0.000146,0.000012,-0.000131,-0.000167,-0.000229,-0.000227,-0.000128,-0.000081,-0.000019,0.000027,-0.001032,-0.011930,-0.003198,0.007229,0.009198,0.007088,0.004749,0.002565,0.001634,0.002495,0.003103,0.002164,0.001113,0.000375,-0.000495,-0.000589,0.000204,0.000692,0.000445,-0.000137,-0.000734,-0.001072,-0.001145,-0.000895,-0.000558,-0.000727,-0.001236,-0.001720,-0.002099,-0.002244,-0.001783,-0.001021,-0.000431,0.000001,0.000243,0.000275,0.000355,0.000314,0.000137,-0.000032,-0.000135,-0.000239,-0.000178,0.000062,0.000074,-0.000076,-0.000080,0.000015,0.000094,0.000123,0.000050,-0.000003,0.000162,0.000384,0.000330,0.000113,0.000164,0.000505,0.000441,-0.000229,-0.000410,0.000536,0.001592,0.001339,-0.000235,-0.001462,-0.001586,-0.001435,-0.001482,-0.001563,-0.001260,-0.000481,0.000406,0.000721,0.000125,-0.000717,-0.000857,-0.000369,0.000120,0.000327,0.000361,0.000389,0.000449,0.000452,0.000212,-0.000343,-0.001059,-0.001746,-0.002188,-0.002191,-0.001522,-0.000420,0.000306,0.000248,-0.000137,-0.000189,0.000026,0.000106,0.000126,0.000177,0.000238,0.000124,-0.000030,0.000009,0.000045,-0.000013,-0.000062,-0.000088,-0.000110,-0.000040,0.000007,-0.000058,-0.000049,0.000002,-0.000073,-0.000145,-0.000063,-0.000059,-0.000056,-0.000051,-0.000183,-0.000336,-0.000267,-0.000078,-0.000052,-0.000123,-0.000061,0.000032,0.000056,-0.000058,-0.000156,-0.000063,-0.000005,0.000008,-0.000013,-0.000031,-0.000041,-0.000022,
-0.001805,0.000028,-0.002690,-0.000816,0.002406,0.003880,0.003277,0.000818,-0.000848,0.000602,0.003532,0.004231,0.002142,0.000041,-0.000854,-0.001145,-0.000927,-0.000193,0.000655,0.001057,0.000740,0.000121,-0.000375,-0.000992,-0.001588,-0.001508,-0.001002,-0.000384,0.000269,0.000375,0.000014,-0.000272,-0.000484,-0.000654,-0.000375,0.000205,0.000601,0.000610,0.000015,-0.000971,-0.001462,-0.001007,-0.000212,0.000224,0.000326,0.000240,-0.000087,-0.000351,-0.000517,-0.000696,-0.000680,-0.000525,-0.000395,-0.000200,0.000015,0.000145,0.000255,0.000350,0.000173,-0.000503,-0.001164,-0.001296,-0.000875,0.000169,0.001285,0.001633,0.001128,0.000295,-0.000430,-0.000868,-0.001165,-0.001359,-0.001085,-0.000442,0.000048,0.000190,0.000095,0.000030,0.000011,0.000015,0.000051,0.000033,0.000024,0.000433,0.001176,0.001699,0.001355,0.000098,-0.001033,-0.001212,-0.001039,-0.001034,-0.000839,-0.000436,-0.000062,0.000048,-0.000018,-0.000099,-0.000189,-0.000147,0.000004,0.000057,-0.000036,-0.000110,-0.000112,-0.000157,-0.000204,-0.000105,0.000051,0.000040,-0.000057,-0.000030,0.000018,-0.000006,-0.000041,-0.000019,-0.000045,-0.000205,-0.000198,-0.000029,0.000069,0.000043,-0.000022,0.000012,0.000123,0.000211,0.000193,0.000110,0.000022,-0.000036,-0.000007,-0.000036,-0.000099,-0.000159,-0.000141,0.000003,0.000161,0.000218,-0.000871,-0.011847,-0.003172,0.007112,0.009058,0.007016,0.004582,0.002486,0.001708,0.002593,0.002961,0.001854,0.000854,0.000339,-0.000323,-0.000502,0.000108,0.000548,0.000404,-0.000076,-0.000683,-0.001094,-0.001223,-0.000950,-0.000557,-0.000705,-0.001141,-0.001518,-0.001977,-0.002200,-0.001782,-0.001131,-0.000604,-0.000203,0.000060,0.000251,0.000349,0.000331,0.000076,-0.000158,-0.000147,-0.000196,-0.000199,-0.000046,-0.000063,-0.000238,-0.000178,0.000032,0.000061,-0.000039,-0.000074,-0.000043,0.000160,0.000349,0.000268,0.000083,0.000137,0.000545,0.000482,-0.000086,-0.000061,0.000950,0.001795,0.001134,-0.000666,-0.001853,-0.001781,-0.001512,-0.001542,-0.001562,-0.001279,-0.000558,0.000346,0.000679,0.000209,-0.000404,-0.000522,-0.000182,0.000126,0.000205,0.000287,0.000277,0.000221,0.000111,-0.000030,-0.000416,-0.001014,-0.001689,-0.002243,-0.002218,-0.001545,-0.000501,0.000224,0.000213,-0.000057,-0.000090,0.000010,0.000080,0.000091,0.000048,0.000074,0.000036,0.000076,0.000096,0.000001,-0.000030,-0.000043,-0.000026,-0.000014,-0.000044,-0.000061,-0.000188,-0.000263,-0.000094,-0.000010,-0.000060,-0.000130,-0.000208,-0.000243,-0.000279,-0.000189,-0.000016,0.000012,-0.000023,-0.000013,-0.000148,-0.000183,-0.000056,-0.000038,-0.000102,-0.000037,0.000000,-0.000032,0.000037,0.000056,0.000006,0.000050,0.000073,
-0.001339,0.000463,-0.002499,-0.000741,0.002317,0.003614,0.003116,0.000828,-0.000856,0.000499,0.003382,0.004100,0.002131,0.000065,-0.000850,-0.001192,-0.001006,-0.000249,0.000661,0.001087,0.000831,0.000213,-0.000383,-0.001007,-0.001447,-0.001318,-0.000932,-0.000248,0.000465,0.000500,0.000002,-0.000400,-0.000707,-0.000834,-0.000581,-0.000058,0.000404,0.000402,-0.000185,-0.001118,-0.001536,-0.001089,-0.000434,0.000039,0.000267,0.000228,-0.000004,-0.000237,-0.000405,-0.000624,-0.000648,-0.000468,-0.000395,-0.000282,0.000002,0.000224,0.000287,0.000277,0.000163,-0.000483,-0.001424,-0.001835,-0.001434,-0.000149,0.001086,0.001152,0.000535,-0.000116,-0.000743,-0.001173,-0.001246,-0.000980,-0.000565,-0.000159,0.000042,-0.000029,-0.000121,-0.000147,-0.000107,0.000001,0.000088,0.000163,0.000244,0.000494,0.001035,0.001498,0.001128,-0.000146,-0.001178,-0.001251,-0.000999,-0.000819,-0.000572,-0.000216,0.000077,0.000194,0.000191,0.000121,0.000016,-0.000009,0.000036,0.000023,-0.000135,-0.000230,-0.000143,-0.000045,-0.000050,-0.000025,-0.000033,-0.000121,-0.000107,-0.000089,-0.000079,-0.000043,0.000005,0.000030,-0.000075,-0.000222,-0.000184,-0.000067,0.000048,0.000021,-0.000124,-0.000110,0.000017,0.000106,0.000178,0.000155,0.000141,0.000040,-0.000120,-0.000161,-0.000167,-0.000167,-0.000119,-0.000014,0.000075,0.000111,-0.000263,-0.011371,-0.002951,0.007278,0.009311,0.007245,0.004741,0.002595,0.001842,0.002610,0.002978,0.002001,0.000958,0.000337,-0.000375,-0.000459,0.000327,0.000739,0.000427,-0.000090,-0.000621,-0.001025,-0.001123,-0.000910,-0.000670,-0.000703,-0.001012,-0.001519,-0.001999,-0.002174,-0.001873,-0.001276,-0.000723,-0.000261,0.000188,0.000405,0.000389,0.000254,0.000096,-0.000065,-0.000131,-0.000147,-0.000168,-0.000038,-0.000045,-0.000154,-0.000072,0.000026,0.000032,0.000004,-0.000021,-0.000001,0.000190,0.000415,0.000287,0.000014,0.000186,0.000685,0.000573,-0.000144,-0.000314,0.000771,0.001916,0.001428,-0.000482,-0.001923,-0.002041,-0.001834,-0.001749,-0.001527,-0.001102,-0.000489,0.000112,0.000386,0.000110,-0.000399,-0.000603,-0.000298,0.000258,0.000510,0.000455,0.000355,0.000171,0.000011,-0.000076,-0.000510,-0.001126,-0.001785,-0.002205,-0.002105,-0.001455,-0.000371,0.000232,0.000213,0.000034,-0.000025,0.000094,0.000248,0.000212,0.000111,0.000080,0.000063,0.000047,0.000043,-0.000076,-0.000182,-0.000140,-0.000136,-0.000116,-0.000038,0.000003,-0.000060,-0.000096,-0.000121,-0.000075,0.000023,0.000004,-0.000041,-0.000063,-0.000045,-0.000055,-0.000030,-0.000013,0.000009,-0.000079,-0.000267,-0.000199,-0.000098,-0.000015,-0.000054,-0.000129,-0.000059,-0.000089,-0.000150,-0.000167,-0.000166,-0.000063,-0.000075,
-0.001259,0.000313,-0.002466,-0.000664,0.002462,0.003908,0.003331,0.000965,-0.000699,0.000679,0.003591,0.004269,0.002102,-0.000022,-0.000922,-0.001295,-0.000973,-0.000085,0.000759,0.001106,0.000821,0.000311,-0.000328,-0.001159,-0.001647,-0.001433,-0.000984,-0.000412,0.000235,0.000335,-0.000092,-0.000480,-0.000699,-0.000850,-0.000634,-0.000022,0.000466,0.000421,-0.000059,-0.000874,-0.001308,-0.000927,-0.000266,0.000144,0.000254,0.000160,-0.000152,-0.000337,-0.000471,-0.000720,-0.000799,-0.000675,-0.000393,-0.000138,0.000030,0.000199,0.000233,0.000209,0.000106,-0.000411,-0.001069,-0.001248,-0.001002,0.000050,0.001629,0.002225,0.001420,0.000299,-0.000544,-0.000867,-0.000816,-0.000737,-0.000569,-0.000231,0.000041,-0.000083,-0.000273,-0.000249,-0.000123,-0.000062,0.000006,0.000164,0.000294,0.000541,0.001102,0.001606,0.001297,-0.000024,-0.001206,-0.001425,-0.001208,-0.000910,-0.000540,-0.000095,0.000219,0.000171,0.000069,0.000054,-0.000054,-0.000074,0.000032,0.000028,-0.000083,-0.000180,-0.000192,-0.000181,-0.000173,-0.000066,-0.000022,-0.000100,-0.000083,-0.000024,-0.000001,0.000052,0.000047,-0.000017,-0.000029,0.000033,0.000098,0.000033,-0.000065,-0.000084,-0.000082,0.000030,0.000035,0.000026,0.000106,0.000188,0.000114,-0.000026,-0.000093,-0.000164,-0.000204,-0.000185,-0.000042,0.000126,0.000191,0.000109,0.000153,-0.010929,-0.002729,0.007148,0.008964,0.006969,0.004674,0.002656,0.001885,0.002582,0.002866,0.001835,0.000795,0.000223,-0.000399,-0.000438,0.000314,0.000621,0.000303,-0.000147,-0.000669,-0.000985,-0.001103,-0.000838,-0.000547,-0.000741,-0.001149,-0.001455,-0.001812,-0.001994,-0.001737,-0.001312,-0.000727,-0.000067,0.000261,0.000318,0.000367,0.000394,0.000235,0.000042,0.000024,0.000048,0.000026,0.000055,0.000028,-0.000162,-0.000207,0.000031,0.000150,0.000091,0.000004,-0.000065,0.000082,0.000292,0.000281,0.000140,0.000321,0.000671,0.000411,-0.000282,-0.000412,0.000448,0.001358,0.001049,-0.000530,-0.001894,-0.002155,-0.002022,-0.002029,-0.001977,-0.001549,-0.000624,0.000371,0.000614,0.000071,-0.000573,-0.000629,-0.000169,0.000241,0.000376,0.000325,0.000297,0.000331,0.000256,0.000049,-0.000434,-0.001189,-0.001898,-0.002248,-0.002115,-0.001433,-0.000281,0.000443,0.000227,-0.000146,-0.000156,0.000109,0.000251,0.000203,0.000201,0.000182,0.000064,-0.000001,-0.000013,-0.000032,-0.000078,-0.000091,-0.000116,-0.000142,-0.000045,0.000082,0.000028,-0.000091,-0.000055,-0.000057,-0.000126,-0.000194,-0.000208,-0.000162,-0.000118,-0.000185,-0.000169,-0.000058,0.000008,-0.000071,-0.000225,-0.000181,-0.000007,0.000060,-0.000071,-0.000172,-0.000165,-0.000147,-0.000054,0.000037,0.000039,-0.000013,-0.000016,
-0.000410,0.001328,-0.002116,-0.000780,0.002351,0.003868,0.003390,0.000983,-0.000898,0.000368,0.003366,0.004178,0.002141,0.000023,-0.000798,-0.001142,-0.000926,-0.000210,0.000508,0.000948,0.000784,0.000202,-0.000363,-0.001045,-0.001583,-0.001462,-0.001001,-0.000364,0.000353,0.000508,0.000101,-0.000338,-0.000664,-0.000801,-0.000539,-0.000054,0.000217,0.000232,-0.000220,-0.000957,-0.001333,-0.000965,-0.000324,0.000125,0.000234,0.000051,-0.000140,-0.000211,-0.000319,-0.000488,-0.000568,-0.000561,-0.000505,-0.000258,0.000074,0.000204,0.000227,0.000309,0.000259,-0.000325,-0.001076,-0.001219,-0.000752,0.000130,0.000960,0.001099,0.000672,0.000153,-0.000370,-0.000657,-0.000619,-0.000622,-0.000414,0.000082,0.000397,0.000297,0.000001,-0.000196,-0.000245,-0.000199,-0.000132,-0.000012,0.000159,0.000539,0.001110,0.001655,0.001366,-0.000027,-0.001060,-0.001151,-0.001040,-0.000977,-0.000741,-0.000274,0.000115,0.000194,0.000120,-0.000002,-0.000173,-0.000171,-0.000004,0.000051,-0.000053,-0.000154,-0.000143,-0.000120,-0.000149,-0.000131,-0.000104,-0.000151,-0.000215,-0.000213,-0.000134,-0.000032,0.000059,0.000009,-0.000081,-0.000139,-0.000140,-0.000090,-0.000077,-0.000009,-0.000024,-0.000059,0.000007,0.000124,0.000064,-0.000039,-0.000123,-0.000217,-0.000169,-0.000125,-0.000168,-0.000226,-0.000134,0.000013,0.000087,0.000061,0.000726,-0.010384,-0.002325,0.007473,0.009228,0.007099,0.004625,0.002532,0.001745,0.002574,0.003030,0.002015,0.000957,0.000379,-0.000347,-0.000430,0.000317,0.000700,0.000388,-0.000155,-0.000673,-0.001081,-0.001229,-0.000865,-0.000483,-0.000672,-0.001192,-0.001622,-0.002076,-0.002289,-0.001768,-0.001061,-0.000518,-0.000062,0.000197,0.000269,0.000193,0.000008,-0.000088,-0.000153,-0.000152,-0.000129,-0.000143,-0.000016,0.000027,-0.000116,-0.000113,-0.000007,0.000015,-0.000011,0.000006,-0.000025,0.000094,0.000379,0.000372,0.000193,0.000258,0.000601,0.000431,-0.000193,-0.000112,0.001160,0.002105,0.001342,-0.000512,-0.001782,-0.001820,-0.001582,-0.001665,-0.001717,-0.001314,-0.000512,0.000257,0.000562,0.000131,-0.000527,-0.000645,-0.000199,0.000275,0.000463,0.000392,0.000336,0.000351,0.000313,0.000168,-0.000272,-0.000954,-0.001739,-0.002301,-0.002353,-0.001736,-0.000571,0.000211,0.000227,0.000004,-0.000033,0.000128,0.000120,-0.000046,0.000067,0.000161,0.000025,0.000026,0.000044,-0.000030,-0.000025,0.000034,-0.000011,-0.000104,-0.000131,-0.000084,-0.000125,-0.000121,-0.000011,0.000022,-0.000056,-0.000072,-0.000051,-0.000174,-0.000195,-0.000059,-0.000067,-0.000044,-0.000078,-0.000199,-0.000170,-0.000070,-0.000058,-0.000047,-0.000065,-0.000216,-0.000229,-0.000039,0.000078,0.000057,0.000088,0.000123,-0.000019,
0.000239,0.001955,-0.001884,-0.000939,0.002123,0.003713,0.003255,0.000815,-0.001030,0.000251,0.003244,0.004114,0.002090,-0.000065,-0.000919,-0.001099,-0.000903,-0.000237,0.000731,0.001236,0.000802,0.000057,-0.000520,-0.001221,-0.001678,-0.001554,-0.001139,-0.000426,0.000253,0.000295,-0.000183,-0.000621,-0.000789,-0.000705,-0.000342,-0.000034,0.000050,0.000111,-0.000226,-0.001026,-0.001376,-0.000900,-0.000238,0.000143,0.000281,0.000129,-0.000239,-0.000391,-0.000413,-0.000582,-0.000622,-0.000483,-0.000373,-0.000179,0.000047,0.000190,0.000235,0.000247,0.000153,-0.000447,-0.001370,-0.001890,-0.001557,-0.000075,0.001419,0.001683,0.000967,0.000242,-0.000185,-0.000513,-0.000787,-0.000818,-0.000490,-0.000022,0.000277,0.000320,0.000148,-0.000079,-0.000040,-0.000057,-0.000135,-0.000035,0.000084,0.000339,0.000958,0.001590,0.001328,0.000091,-0.000951,-0.001159,-0.000992,-0.000896,-0.000636,-0.000193,0.000137,0.000239,0.000119,-0.000048,-0.000144,-0.000031,0.000172,0.000133,-0.000143,-0.000259,-0.000211,-0.000134,-0.000023,0.000058,0.000039,-0.000033,-0.000069,-0.000049,-0.000023,0.000036,0.000115,0.000064,-0.000032,-0.000082,0.000014,0.000053,-0.000068,-0.000187,-0.000154,-0.000022,0.000067,0.000236,0.000238,0.000134,0.000126,0.000046,-0.000035,-0.000067,-0.000090,-0.000128,-0.000077,0.000059,0.000158,0.000140,0.001384,-0.009691,-0.001993,0.007584,0.009323,0.007317,0.005006,0.002739,0.001777,0.002640,0.003196,0.002181,0.001044,0.000366,-0.000371,-0.000349,0.000409,0.000663,0.000345,-0.000096,-0.000659,-0.001118,-0.001194,-0.000948,-0.000684,-0.000888,-0.001371,-0.001849,-0.002247,-0.002195,-0.001467,-0.000425,0.000315,0.000510,0.000381,0.000225,0.000036,-0.000065,-0.000088,-0.000231,-0.000165,-0.000083,-0.000205,-0.000153,0.000036,0.000082,-0.000027,-0.000042,0.000049,-0.000020,-0.000123,-0.000105,0.000151,0.000394,0.000348,0.000169,0.000238,0.000667,0.000511,-0.000205,-0.000305,0.000713,0.001833,0.001433,-0.000294,-0.001629,-0.001746,-0.001572,-0.001720,-0.001832,-0.001323,-0.000394,0.000354,0.000498,-0.000043,-0.000643,-0.000702,-0.000331,0.000134,0.000365,0.000286,0.000230,0.000188,0.000110,0.000008,-0.000326,-0.001046,-0.001845,-0.002285,-0.002158,-0.001385,-0.000281,0.000369,0.000230,-0.000126,-0.000004,0.000171,0.000100,0.000057,0.000037,0.000050,0.000103,0.000001,-0.000187,-0.000213,-0.000117,-0.000117,-0.000165,-0.000077,-0.000046,-0.000111,-0.000103,-0.000125,-0.000085,-0.000056,-0.000149,-0.000178,-0.000141,-0.000083,-0.000091,-0.000179,-0.000189,-0.000091,-0.000065,-0.000029,-0.000030,-0.000023,0.000051,-0.000093,-0.000182,-0.000125,-0.000044,0.000014,0.000123,0.000134,0.000062,0.000086,0.000014,
0.000783,0.002251,-0.001644,-0.000530,0.002475,0.003878,0.003243,0.000840,-0.000909,0.000352,0.003242,0.004041,0.002109,0.000180,-0.000725,-0.001172,-0.000955,-0.000192,0.000696,0.001160,0.000790,0.000078,-0.000412,-0.001023,-0.001630,-0.001595,-0.001143,-0.000466,0.000246,0.000418,0.000053,-0.000380,-0.000689,-0.000765,-0.000497,-0.000071,0.000230,0.000299,-0.000101,-0.000921,-0.001259,-0.000801,-0.000172,0.000171,0.000333,0.000233,-0.000108,-0.000333,-0.000511,-0.000680,-0.000662,-0.000563,-0.000429,-0.000160,0.000156,0.000322,0.000293,0.000281,0.000214,-0.000401,-0.001213,-0.001506,-0.001199,-0.000090,0.001201,0.001423,0.000718,0.000060,-0.000430,-0.000801,-0.000809,-0.000662,-0.000387,0.000115,0.000371,0.000134,-0.000095,-0.000181,-0.000187,-0.000162,-0.000062,0.000119,0.000175,0.000451,0.001075,0.001478,0.001104,-0.000084,-0.001078,-0.001183,-0.000877,-0.000714,-0.000564,-0.000262,-0.000028,0.000034,0.000056,-0.000003,-0.000045,0.000028,0.000020,-0.000072,-0.000173,-0.000360,-0.000372,-0.000206,-0.000109,0.000036,-0.000005,-0.000164,-0.000218,-0.000140,0.000018,0.000090,0.000130,0.000084,-0.000010,-0.000039,-0.000039,-0.000107,-0.000217,-0.000225,-0.000190,-0.000194,-0.000041,0.000126,0.000117,0.000089,0.000103,0.000102,0.000027,-0.000086,-0.000179,-0.000152,-0.000065,-0.000038,-0.000010,-0.000012,0.001921,-0.009295,-0.001814,0.007629,0.009305,0.007261,0.004822,0.002561,0.001731,0.002622,0.003138,0.002110,0.000940,0.000273,-0.000305,-0.000237,0.000475,0.000710,0.000328,-0.000226,-0.000783,-0.001087,-0.001120,-0.000788,-0.000551,-0.000794,-0.001333,-0.001817,-0.002148,-0.002281,-0.001794,-0.001026,-0.000458,-0.000031,0.000303,0.000343,0.000308,0.000410,0.000313,0.000023,0.000017,-0.000003,-0.000095,0.000084,0.000093,-0.000051,-0.000020,0.000030,0.000031,-0.000064,-0.000120,-0.000103,0.000055,0.000338,0.000313,0.000136,0.000277,0.000641,0.000500,-0.000252,-0.000360,0.000722,0.001953,0.001743,0.000036,-0.001357,-0.001616,-0.001553,-0.001652,-0.001662,-0.001226,-0.000358,0.000414,0.000670,0.000205,-0.000456,-0.000492,-0.000082,0.000161,0.000271,0.000417,0.000438,0.000285,0.000203,0.000137,-0.000219,-0.000872,-0.001704,-0.002209,-0.002162,-0.001479,-0.000338,0.000312,0.000178,-0.000035,-0.000022,0.000034,0.000126,0.000227,0.000223,0.000072,-0.000049,-0.000029,-0.000007,0.000039,0.000049,-0.000046,-0.000123,-0.000103,-0.000015,0.000060,-0.000021,-0.000102,-0.000056,-0.000029,-0.000057,-0.000073,-0.000126,-0.000016,0.000001,-0.000184,-0.000239,-0.000139,-0.000072,-0.000094,-0.000079,-0.000077,0.000028,0.000167,0.000019,-0.000155,-0.000133,-0.000036,0.000050,0.000075,-0.000047,-0.000023,0.000078,
0.000767,0.002020,-0.001868,-0.000754,0.002411,0.004047,0.003497,0.000976,-0.000884,0.000387,0.003327,0.004139,0.002163,0.000114,-0.000833,-0.001166,-0.000913,-0.000193,0.000610,0.000983,0.000690,0.000129,-0.000453,-0.001214,-0.001737,-0.001570,-0.001103,-0.000486,0.000175,0.000271,-0.000140,-0.000410,-0.000573,-0.000595,-0.000301,0.000120,0.000447,0.000374,-0.000175,-0.001003,-0.001491,-0.001154,-0.000280,0.000233,0.000363,0.000277,-0.000015,-0.000228,-0.000438,-0.000629,-0.000687,-0.000545,-0.000443,-0.000260,0.000100,0.000287,0.000301,0.000305,0.000197,-0.000447,-0.001172,-0.001351,-0.001080,-0.000119,0.001142,0.001527,0.000962,0.000226,-0.000392,-0.000792,-0.000974,-0.001140,-0.001028,-0.000470,0.000015,0.000026,-0.000169,-0.000228,-0.000151,-0.000104,-0.000071,-0.000045,0.000123,0.000476,0.001048,0.001511,0.001191,0.000016,-0.000982,-0.001183,-0.001049,-0.000909,-0.000597,-0.000119,0.000146,0.000098,0.000068,-0.000000,-0.000127,-0.000204,0.000005,0.000115,-0.000122,-0.000275,-0.000306,-0.000125,0.000088,0.000101,0.000066,-0.000028,-0.000103,-0.000090,-0.000033,0.000101,0.000153,0.000086,-0.000025,-0.000047,0.000016,-0.000003,-0.000033,-0.000105,-0.000098,-0.000031,-0.000009,0.000036,0.000058,0.000098,0.000114,0.000026,-0.000022,-0.000070,-0.000113,-0.000159,-0.000077,-0.000002,0.000160,0.000322,0.002048,-0.009185,-0.001705,0.007606,0.009212,0.007171,0.004831,0.002679,0.001806,0.002572,0.002967,0.001903,0.000972,0.000542,-0.000126,-0.000219,0.000500,0.000852,0.000528,-0.000109,-0.000713,-0.001051,-0.001093,-0.000774,-0.000569,-0.000842,-0.001275,-0.001719,-0.002169,-0.002310,-0.001823,-0.001100,-0.000421,0.000098,0.000340,0.000339,0.000280,0.000312,0.000093,-0.000167,-0.000137,-0.000126,-0.000111,0.000122,0.000117,-0.000125,-0.000178,-0.000041,0.000029,-0.000091,-0.000188,-0.000117,0.000166,0.000444,0.000417,0.000217,0.000227,0.000518,0.000379,-0.000351,-0.000443,0.000689,0.001666,0.001162,-0.000405,-0.001615,-0.001698,-0.001495,-0.001609,-0.001707,-0.001404,-0.000525,0.000346,0.000550,0.000127,-0.000476,-0.000736,-0.000461,-0.000083,0.000145,0.000244,0.000295,0.000331,0.000218,0.000015,-0.000356,-0.001022,-0.001750,-0.002171,-0.002196,-0.001686,-0.000590,0.000216,0.000222,-0.000027,-0.000060,0.000080,0.000168,0.000137,0.000198,0.000137,-0.000003,0.000015,0.000073,0.000033,-0.000098,-0.000116,-0.000072,-0.000039,-0.000022,-0.000085,-0.000175,-0.000115,-0.000004,-0.000014,0.000064,0.000119,-0.000001,-0.000086,-0.000078,-0.000056,-0.000150,-0.000218,-0.000174,-0.000086,0.000002,-0.000008,-0.000052,-0.000085,-0.000151,-0.000092,-0.000054,-0.000104,-0.000023,0.000009,-0.000020,0.000023,0.000040,
0.000464,0.001224,-0.002096,-0.000399,0.002799,0.004266,0.003625,0.001088,-0.000836,0.000395,0.003254,0.004039,0.002147,0.000097,-0.000849,-0.001237,-0.001082,-0.000298,0.000562,0.000976,0.000782,0.000160,-0.000534,-0.001263,-0.001718,-0.001492,-0.000998,-0.000416,0.000239,0.000386,-0.000032,-0.000401,-0.000709,-0.000778,-0.000396,0.000110,0.000479,0.000449,-0.000083,-0.000962,-0.001416,-0.000977,-0.000375,0.000018,0.000318,0.000280,-0.000064,-0.000295,-0.000481,-0.000610,-0.000587,-0.000500,-0.000362,-0.000222,-0.000053,0.000133,0.000238,0.000275,0.000132,-0.000530,-0.001284,-0.001522,-0.001166,-0.000150,0.000965,0.001270,0.000787,0.000069,-0.000618,-0.001139,-0.001244,-0.001134,-0.000769,-0.000251,-0.000021,-0.000030,-0.000155,-0.000179,-0.000011,0.000084,0.000022,-0.000005,0.000107,0.000449,0.001044,0.001508,0.001174,-0.000070,-0.001111,-0.001239,-0.000984,-0.000780,-0.000511,-0.000146,0.000017,0.000096,0.000171,0.000151,0.000043,-0.000045,0.000023,0.000098,-0.000007,-0.000161,-0.000202,-0.000188,-0.000154,-0.000110,-0.000096,-0.000145,-0.000226,-0.000126,0.000007,0.000015,0.000009,-0.000051,-0.000130,-0.000168,-0.000181,-0.000109,-0.000061,-0.000204,-0.000223,-0.000060,0.000138,0.000279,0.000172,0.000016,0.000034,0.000041,0.000029,-0.000068,-0.000145,-0.000110,-0.000036,0.000048,0.000118,0.000093,0.001952,-0.009144,-0.001529,0.007672,0.009169,0.007129,0.004797,0.002711,0.001796,0.002480,0.002831,0.001720,0.000787,0.000419,-0.000220,-0.000276,0.000467,0.000796,0.000513,-0.000085,-0.000745,-0.001085,-0.001175,-0.000864,-0.000618,-0.000903,-0.001206,-0.001412,-0.001817,-0.002032,-0.001773,-0.001285,-0.000817,-0.000317,0.000137,0.000351,0.000435,0.000382,0.000136,-0.000008,0.000113,0.000143,-0.000043,-0.000056,-0.000030,-0.000140,-0.000119,-0.000010,0.000078,0.000129,0.000073,0.000006,0.000103,0.000374,0.000382,0.000128,0.000167,0.000484,0.000391,-0.000213,-0.000151,0.001012,0.001988,0.001355,-0.000555,-0.001853,-0.001744,-0.001513,-0.001590,-0.001462,-0.001025,-0.000398,0.000308,0.000601,0.000200,-0.000368,-0.000552,-0.000176,0.000234,0.000321,0.000280,0.000248,0.000187,0.000098,0.000000,-0.000398,-0.001100,-0.001762,-0.002117,-0.002062,-0.001554,-0.000539,0.000194,0.000195,-0.000020,-0.000141,0.000006,0.000204,0.000178,0.000098,0.000101,0.000007,-0.000117,0.000019,0.000146,0.000079,0.000009,-0.000054,-0.000067,0.000034,0.000107,-0.000093,-0.000150,0.000044,0.000093,-0.000051,-0.000073,0.000014,-0.000051,-0.000207,-0.000221,-0.000153,-0.000149,-0.000128,-0.000102,-0.000108,-0.000068,0.000036,0.000127,0.000076,-0.000001,-0.000036,0.000008,0.000091,0.000020,-0.000116,-0.000088,-0.000028,
0.000609,0.001403,-0.002022,-0.000352,0.002838,0.004288,0.003596,0.001001,-0.000961,0.000279,0.003304,0.004142,0.002158,0.000116,-0.000845,-0.001249,-0.000993,-0.000218,0.000609,0.001051,0.000687,0.000019,-0.000469,-0.001152,-0.001595,-0.001407,-0.001045,-0.000422,0.000287,0.000402,-0.000023,-0.000445,-0.000689,-0.000765,-0.000407,0.000080,0.000370,0.000519,0.000026,-0.001085,-0.001556,-0.001001,-0.000298,0.000065,0.000274,0.000286,0.000011,-0.000278,-0.000399,-0.000500,-0.000490,-0.000419,-0.000358,-0.000201,0.000041,0.000252,0.000275,0.000277,0.000224,-0.000447,-0.001344,-0.001727,-0.001448,-0.000079,0.001603,0.001942,0.000927,-0.000127,-0.000730,-0.001054,-0.001120,-0.000935,-0.000531,-0.000123,0.000088,0.000063,-0.000198,-0.000309,-0.000137,-0.000032,-0.000019,0.000084,0.000235,0.000520,0.001039,0.001546,0.001248,0.000007,-0.001068,-0.001275,-0.001112,-0.000956,-0.000617,-0.000209,0.000025,0.000110,0.000093,-0.000005,-0.000036,0.000036,0.000107,0.000057,-0.000115,-0.000198,-0.000168,-0.000101,-0.000023,0.000074,0.000077,0.000032,-0.000015,-0.000084,-0.000013,0.000165,0.000157,0.000024,-0.000105,-0.000146,-0.000104,-0.000032,-0.000042,-0.000095,-0.000046,0.000026,0.000072,0.000197,0.000220,0.000150,0.000048,-0.000032,-0.000009,0.000014,-0.000086,-0.000182,-0.000109,-0.000001,0.000055,0.000056,0.002302,-0.008758,-0.001407,0.007661,0.009292,0.007265,0.004891,0.002693,0.001823,0.002673,0.003078,0.001949,0.000943,0.000533,-0.000126,-0.000218,0.000459,0.000775,0.000478,-0.000143,-0.000752,-0.001074,-0.001078,-0.000801,-0.000551,-0.000743,-0.001157,-0.001464,-0.001875,-0.002089,-0.001755,-0.001264,-0.000715,-0.000212,0.000211,0.000407,0.000322,0.000295,0.000188,-0.000035,-0.000143,-0.000176,-0.000207,-0.000137,-0.000191,-0.000244,-0.000182,-0.000064,-0.000015,-0.000058,-0.000058,-0.000023,0.000190,0.000400,0.000299,0.000075,0.000125,0.000468,0.000408,-0.000207,-0.000458,0.000457,0.001647,0.001353,-0.000531,-0.002190,-0.002479,-0.002224,-0.002009,-0.001771,-0.001331,-0.000533,0.000310,0.000573,0.000060,-0.000562,-0.000544,-0.000128,0.000160,0.000284,0.000353,0.000383,0.000241,0.000123,0.000115,-0.000362,-0.001288,-0.002025,-0.002334,-0.002163,-0.001452,-0.000316,0.000392,0.000229,-0.000012,0.000115,0.000326,0.000387,0.000238,0.000081,0.000006,-0.000127,-0.000136,0.000005,0.000003,-0.000111,-0.000064,-0.000044,-0.000046,-0.000016,-0.000083,-0.000139,-0.000094,0.000001,-0.000054,-0.000174,-0.000111,-0.000136,-0.000181,-0.000180,-0.000233,-0.000127,0.000010,0.000032,0.000036,-0.000096,-0.000092,0.000049,0.000008,-0.000092,-0.000152,-0.000217,-0.000169,-0.000009,0.000006,-0.000086,0.000022,0.000111,
0.000597,0.001932,-0.001727,-0.000563,0.002525,0.004232,0.003642,0.001020,-0.000894,0.000360,0.003301,0.004181,0.002198,-0.000018,-0.000934,-0.001229,-0.000980,-0.000176,0.000630,0.001055,0.000666,-0.000035,-0.000547,-0.001215,-0.001631,-0.001420,-0.001090,-0.000516,0.000182,0.000392,0.000117,-0.000245,-0.000442,-0.000597,-0.000476,-0.000108,0.000144,0.000256,-0.000063,-0.000832,-0.001241,-0.000843,-0.000265,0.000025,0.000220,0.000198,-0.000041,-0.000227,-0.000411,-0.000633,-0.000679,-0.000471,-0.000291,-0.000224,-0.000102,0.000055,0.000185,0.000322,0.000234,-0.000260,-0.000839,-0.000958,-0.000633,0.000195,0.001188,0.001429,0.000967,0.000296,-0.000298,-0.000714,-0.000754,-0.000611,-0.000403,0.000028,0.000384,0.000229,-0.000152,-0.000225,-0.000205,-0.000172,-0.000083,0.000012,0.000137,0.000502,0.001085,0.001575,0.001272,0.000001,-0.001110,-0.001298,-0.001113,-0.000922,-0.000529,-0.000079,0.000138,0.000166,0.000128,0.000034,-0.000115,-0.000143,-0.000026,-0.000001,-0.000201,-0.000315,-0.000199,-0.000113,-0.000196,-0.000090,0.000011,-0.000071,-0.000044,0.000007,-0.000010,0.000020,0.000128,0.000152,0.000057,-0.000048,-0.000118,-0.000105,-0.000130,-0.000141,-0.000105,-0.000084,-0.000018,0.000060,0.000083,-0.000009,-0.000040,0.000013,0.000055,-0.000026,-0.000123,-0.000089,-0.000026,0.000159,0.000201,0.000054,0.002327,-0.008592,-0.001169,0.007937,0.009513,0.007517,0.004987,0.002595,0.001764,0.002632,0.002976,0.001855,0.000889,0.000353,-0.000413,-0.000360,0.000408,0.000655,0.000405,-0.000070,-0.000698,-0.001137,-0.001128,-0.000727,-0.000562,-0.000856,-0.001266,-0.001672,-0.002004,-0.002067,-0.001629,-0.001148,-0.000657,-0.000101,0.000257,0.000388,0.000409,0.000323,0.000170,0.000070,0.000049,-0.000034,-0.000043,-0.000021,-0.000111,-0.000225,-0.000186,-0.000054,0.000036,0.000032,-0.000083,-0.000153,0.000055,0.000442,0.000486,0.000157,0.000102,0.000406,0.000267,-0.000356,-0.000322,0.000652,0.001420,0.001108,-0.000182,-0.001254,-0.001525,-0.001650,-0.001716,-0.001614,-0.001305,-0.000666,0.000094,0.000368,-0.000025,-0.000585,-0.000655,-0.000119,0.000295,0.000349,0.000345,0.000345,0.000278,0.000258,0.000132,-0.000309,-0.000973,-0.001669,-0.002206,-0.002300,-0.001590,-0.000407,0.000308,0.000247,-0.000078,-0.000116,0.000030,0.000128,0.000184,0.000110,-0.000005,0.000011,-0.000040,-0.000094,-0.000038,-0.000010,-0.000045,-0.000129,-0.000144,-0.000104,-0.000024,-0.000014,-0.000065,-0.000063,-0.000080,-0.000096,-0.000114,-0.000110,-0.000088,-0.000064,-0.000110,-0.000097,-0.000013,-0.000032,-0.000148,-0.000238,-0.000199,-0.000091,-0.000041,-0.000014,-0.000065,-0.000199,-0.000171,-0.000066,-0.000114,-0.000110,-0.000056,0.000055,
0.001126,0.002248,-0.001738,-0.000682,0.002581,0.004318,0.003692,0.001128,-0.000795,0.000307,0.003182,0.004163,0.002244,0.000098,-0.000839,-0.001220,-0.000932,-0.000100,0.000719,0.001060,0.000718,0.000122,-0.000448,-0.001132,-0.001637,-0.001496,-0.001106,-0.000562,0.000133,0.000258,-0.000102,-0.000429,-0.000702,-0.000786,-0.000483,-0.000116,0.000072,0.000034,-0.000354,-0.001059,-0.001372,-0.000840,-0.000124,0.000178,0.000328,0.000195,-0.000111,-0.000294,-0.000497,-0.000663,-0.000688,-0.000548,-0.000359,-0.000147,0.000092,0.000190,0.000149,0.000294,0.000313,-0.000319,-0.001209,-0.001665,-0.001245,0.000168,0.001445,0.001494,0.000763,0.000085,-0.000432,-0.000809,-0.000896,-0.000760,-0.000513,-0.000081,0.000331,0.000395,0.000130,-0.000142,-0.000169,-0.000060,-0.000029,-0.000016,0.000077,0.000364,0.001001,0.001507,0.001178,-0.000001,-0.000990,-0.001105,-0.000993,-0.000936,-0.000603,-0.000266,-0.000033,0.000162,0.000340,0.000278,0.000037,-0.000092,-0.000041,0.000004,-0.000142,-0.000194,-0.000114,-0.000129,-0.000181,-0.000022,0.000030,-0.000091,-0.000116,-0.000154,-0.000178,-0.000063,0.000043,0.000055,-0.000013,-0.000079,-0.000023,0.000003,-0.000105,-0.000232,-0.000284,-0.000127,0.000122,0.000122,0.000034,0.000080,0.000130,0.000048,-0.000093,-0.000184,-0.000204,-0.000162,-0.000046,0.000086,0.000129,0.000108,0.002987,-0.007923,-0.000793,0.008185,0.009794,0.007829,0.005214,0.002792,0.001829,0.002548,0.002917,0.001819,0.000840,0.000380,-0.000231,-0.000119,0.000604,0.000743,0.000474,0.000034,-0.000565,-0.000960,-0.001122,-0.000895,-0.000615,-0.000846,-0.001357,-0.001857,-0.002267,-0.002329,-0.001801,-0.001044,-0.000417,0.000045,0.000323,0.000343,0.000183,0.000100,0.000179,0.000209,0.000139,0.000045,-0.000084,-0.000074,-0.000096,-0.000172,-0.000127,-0.000050,-0.000036,-0.000032,-0.000039,-0.000035,0.000159,0.000480,0.000474,0.000274,0.000337,0.000665,0.000455,-0.000284,-0.000235,0.001017,0.002032,0.001377,-0.000552,-0.001885,-0.001840,-0.001658,-0.001802,-0.001798,-0.001380,-0.000464,0.000365,0.000528,0.000061,-0.000609,-0.000855,-0.000496,0.000070,0.000355,0.000339,0.000295,0.000122,0.000022,0.000002,-0.000343,-0.001059,-0.001879,-0.002280,-0.002116,-0.001465,-0.000430,0.000190,0.000092,-0.000135,-0.000200,0.000017,0.000148,0.000081,0.000149,0.000191,0.000082,-0.000092,-0.000180,-0.000066,0.000060,0.000051,-0.000007,-0.000080,-0.000066,-0.000044,-0.000136,-0.000061,0.000092,0.000048,-0.000052,-0.000020,0.000002,-0.000067,-0.000037,-0.000035,-0.000142,-0.000129,-0.000052,0.000037,-0.000012,-0.000109,-0.000101,-0.000056,-0.000034,-0.000030,-0.000106,-0.000092,0.000064,0.000168,0.000181,0.000198,0.000165,
0.001959,0.002975,-0.001244,-0.000366,0.002693,0.004427,0.003961,0.001321,-0.000836,0.000186,0.003148,0.004137,0.002228,0.000110,-0.000858,-0.001374,-0.001214,-0.000228,0.000693,0.001022,0.000745,0.000106,-0.000502,-0.001095,-0.001559,-0.001423,-0.000958,-0.000358,0.000231,0.000341,0.000034,-0.000391,-0.000694,-0.000678,-0.000442,-0.000056,0.000194,0.000171,-0.000240,-0.001035,-0.001394,-0.000870,-0.000165,0.000221,0.000361,0.000197,-0.000154,-0.000317,-0.000357,-0.000536,-0.000678,-0.000601,-0.000496,-0.000359,0.000028,0.000262,0.000222,0.000281,0.000252,-0.000388,-0.001293,-0.001638,-0.001232,0.000150,0.001596,0.001814,0.001034,0.000252,-0.000278,-0.000568,-0.000548,-0.000451,-0.000288,0.000090,0.000369,0.000323,0.000055,-0.000084,-0.000012,-0.000004,0.000016,0.000084,0.000286,0.000644,0.001133,0.001544,0.001218,0.000018,-0.000931,-0.001125,-0.001029,-0.000822,-0.000556,-0.000145,0.000165,0.000229,0.000194,0.000095,-0.000039,-0.000038,0.000020,-0.000023,-0.000173,-0.000190,-0.000098,-0.000091,-0.000065,-0.000051,-0.000085,-0.000184,-0.000202,-0.000106,-0.000025,0.000060,0.000148,0.000136,0.000030,-0.000136,-0.000206,-0.000177,-0.000179,-0.000201,-0.000159,-0.000030,0.000032,0.000042,0.000116,0.000144,0.000106,0.000021,-0.000081,-0.000062,-0.000147,-0.000180,-0.000056,0.000053,0.000085,0.000014,0.003207,-0.007449,-0.000398,0.008347,0.009817,0.007719,0.005242,0.002883,0.001855,0.002590,0.003055,0.002051,0.001001,0.000449,-0.000217,-0.000266,0.000520,0.000951,0.000576,-0.000112,-0.000652,-0.001005,-0.001170,-0.000935,-0.000692,-0.000876,-0.001366,-0.001865,-0.002271,-0.002239,-0.001511,-0.000613,0.000105,0.000406,0.000365,0.000174,0.000137,0.000234,0.000211,0.000033,0.000014,-0.000059,-0.000262,-0.000247,-0.000055,0.000018,-0.000045,0.000002,0.000104,0.000062,-0.000099,-0.000074,0.000144,0.000365,0.000341,0.000108,0.000216,0.000618,0.000451,-0.000245,-0.000408,0.000744,0.001965,0.001604,-0.000106,-0.001405,-0.001557,-0.001540,-0.001682,-0.001758,-0.001344,-0.000509,0.000309,0.000620,0.000139,-0.000577,-0.000812,-0.000405,0.000162,0.000235,0.000174,0.000186,0.000033,-0.000021,-0.000055,-0.000370,-0.001063,-0.001938,-0.002337,-0.002239,-0.001542,-0.000371,0.000341,0.000275,0.000004,0.000062,0.000184,0.000204,0.000107,-0.000025,-0.000057,0.000009,0.000046,0.000012,0.000101,0.000136,0.000137,0.000072,-0.000017,0.000044,0.000043,-0.000002,-0.000047,-0.000104,-0.000125,-0.000097,-0.000048,-0.000055,-0.000093,-0.000172,-0.000204,-0.000165,-0.000122,0.000003,-0.000035,-0.000158,-0.000060,0.000117,0.000131,-0.000038,-0.000166,-0.000192,-0.000017,0.000138,0.000068,-0.000004,-0.000025,0.000056,
0.002840,0.003821,-0.000668,-0.000103,0.002821,0.004653,0.004138,0.001454,-0.000620,0.000477,0.003388,0.004197,0.002238,0.000172,-0.000842,-0.001312,-0.000955,-0.000093,0.000692,0.001073,0.000726,0.000061,-0.000459,-0.001051,-0.001464,-0.001365,-0.001024,-0.000390,0.000333,0.000545,0.000190,-0.000318,-0.000676,-0.000758,-0.000438,0.000065,0.000332,0.000382,0.000016,-0.000833,-0.001413,-0.001063,-0.000320,0.000133,0.000382,0.000239,-0.000142,-0.000252,-0.000267,-0.000395,-0.000562,-0.000498,-0.000229,-0.000097,0.000042,0.000208,0.000280,0.000337,0.000186,-0.000388,-0.001108,-0.001510,-0.001378,-0.000380,0.000924,0.001358,0.000913,0.000244,-0.000391,-0.000872,-0.001074,-0.001059,-0.000767,-0.000159,0.000225,0.000085,-0.000185,-0.000211,-0.000180,-0.000115,0.000039,0.000112,0.000151,0.000491,0.001071,0.001615,0.001464,0.000241,-0.000901,-0.001085,-0.000950,-0.000932,-0.000663,-0.000182,0.000115,0.000186,0.000193,0.000085,-0.000196,-0.000218,-0.000032,0.000033,-0.000064,-0.000140,-0.000194,-0.000197,-0.000072,0.000022,0.000063,0.000002,-0.000083,-0.000012,0.000044,0.000122,0.000202,0.000115,-0.000029,-0.000111,-0.000130,-0.000118,-0.000235,-0.000246,-0.000233,-0.000230,-0.000037,0.000064,0.000056,0.000030,0.000037,-0.000037,-0.000071,-0.000086,-0.000190,-0.000115,0.000012,0.000102,0.000197,0.000155,0.003763,-0.006740,0.000021,0.008478,0.009835,0.007758,0.005204,0.002795,0.001728,0.002485,0.003067,0.002089,0.001042,0.000531,-0.000230,-0.000348,0.000507,0.000914,0.000545,-0.000052,-0.000556,-0.000934,-0.001046,-0.000880,-0.000762,-0.000935,-0.001316,-0.001689,-0.002109,-0.002279,-0.001904,-0.001186,-0.000553,-0.000080,0.000295,0.000368,0.000329,0.000370,0.000203,-0.000185,-0.000259,-0.000057,-0.000038,0.000027,-0.000062,-0.000217,-0.000086,0.000145,0.000180,0.000180,0.000165,0.000110,0.000227,0.000381,0.000363,0.000208,0.000261,0.000690,0.000594,-0.000075,-0.000231,0.000784,0.001797,0.001422,-0.000097,-0.001382,-0.001673,-0.001601,-0.001731,-0.001893,-0.001543,-0.000545,0.000503,0.000717,0.000036,-0.000605,-0.000687,-0.000365,-0.000022,0.000204,0.000348,0.000363,0.000295,0.000166,0.000033,-0.000411,-0.001151,-0.001891,-0.002245,-0.002167,-0.001539,-0.000477,0.000204,0.000128,-0.000176,-0.000181,-0.000002,0.000153,0.000195,0.000142,0.000092,-0.000045,-0.000073,-0.000033,0.000030,0.000074,-0.000065,-0.000236,-0.000156,0.000054,0.000100,-0.000085,-0.000192,-0.000158,-0.000165,-0.000197,-0.000127,-0.000063,-0.000133,-0.000198,-0.000184,-0.000160,-0.000189,-0.000197,-0.000202,-0.000238,-0.000184,-0.000111,-0.000068,-0.000131,-0.000104,-0.000105,-0.000097,-0.000011,0.000031,0.000056,-0.000020,-0.000080,
0.003534,0.004295,-0.000296,0.000248,0.003210,0.005064,0.004421,0.001494,-0.000616,0.000561,0.003485,0.004272,0.002216,0.000182,-0.000675,-0.001059,-0.000820,-0.000015,0.000778,0.001090,0.000654,-0.000008,-0.000447,-0.001016,-0.001604,-0.001555,-0.001111,-0.000426,0.000296,0.000423,0.000059,-0.000316,-0.000515,-0.000550,-0.000344,0.000124,0.000502,0.000461,-0.000168,-0.001181,-0.001527,-0.000950,-0.000230,0.000165,0.000310,0.000188,-0.000093,-0.000257,-0.000363,-0.000469,-0.000501,-0.000487,-0.000354,-0.000102,0.000155,0.000299,0.000181,0.000222,0.000257,-0.000356,-0.001064,-0.001267,-0.000899,0.000220,0.001405,0.001610,0.001042,0.000316,-0.000523,-0.001026,-0.001184,-0.001290,-0.001057,-0.000417,0.000057,0.000066,0.000010,0.000020,0.000084,0.000066,-0.000042,-0.000149,-0.000036,0.000413,0.001070,0.001618,0.001264,-0.000039,-0.001149,-0.001314,-0.001102,-0.000894,-0.000570,-0.000179,0.000030,0.000085,0.000099,0.000039,-0.000086,-0.000036,0.000003,-0.000115,-0.000087,-0.000090,-0.000181,-0.000176,-0.000125,-0.000012,0.000095,0.000062,-0.000071,-0.000102,-0.000024,0.000128,0.000206,0.000136,-0.000003,-0.000118,-0.000108,-0.000104,-0.000040,-0.000077,-0.000110,-0.000018,0.000016,0.000085,0.000109,0.000098,0.000094,0.000002,-0.000161,-0.000282,-0.000238,-0.000059,-0.000025,-0.000111,-0.000028,0.000085,0.003992,-0.006255,0.000581,0.008721,0.009827,0.007724,0.005286,0.002943,0.001929,0.002581,0.002888,0.001863,0.000956,0.000435,-0.000254,-0.000243,0.000520,0.000856,0.000528,-0.000113,-0.000679,-0.001003,-0.001071,-0.000736,-0.000619,-0.000915,-0.001155,-0.001435,-0.001816,-0.002172,-0.002006,-0.001486,-0.000917,-0.000331,0.000097,0.000261,0.000304,0.000300,0.000113,-0.000097,-0.000144,-0.000068,-0.000003,0.000029,-0.000081,-0.000271,-0.000223,0.000002,0.000152,0.000136,0.000043,0.000020,0.000168,0.000374,0.000294,0.000051,0.000208,0.000550,0.000400,-0.000276,-0.000328,0.000802,0.001776,0.001194,-0.000525,-0.001692,-0.001711,-0.001638,-0.001704,-0.001630,-0.001306,-0.000583,0.000260,0.000558,0.000050,-0.000611,-0.000744,-0.000308,0.000136,0.000254,0.000273,0.000265,0.000160,0.000121,-0.000034,-0.000427,-0.000998,-0.001718,-0.002225,-0.002150,-0.001501,-0.000528,0.000184,0.000232,-0.000037,-0.000128,-0.000011,0.000123,0.000150,0.000097,0.000017,-0.000038,-0.000019,-0.000011,-0.000047,-0.000041,0.000014,-0.000000,0.000022,-0.000011,-0.000092,-0.000105,-0.000122,-0.000062,0.000091,0.000038,-0.000137,-0.000081,0.000029,-0.000066,-0.000184,-0.000192,-0.000176,-0.000099,-0.000061,-0.000057,-0.000026,0.000064,0.000115,0.000021,-0.000126,-0.000220,-0.000114,0.000131,0.000220,0.000037,-0.000049,-0.000045,
0.004101,0.005170,0.000143,0.000176,0.003173,0.005087,0.004379,0.001504,-0.000566,0.000635,0.003430,0.004191,0.002309,0.000254,-0.000834,-0.001281,-0.000840,0.000110,0.000803,0.000995,0.000646,0.000180,-0.000320,-0.001156,-0.001658,-0.001408,-0.000943,-0.000260,0.000550,0.000678,0.000095,-0.000439,-0.000645,-0.000737,-0.000457,0.000071,0.000400,0.000416,-0.000111,-0.000970,-0.001386,-0.001019,-0.000350,0.000102,0.000346,0.000257,-0.000106,-0.000350,-0.000445,-0.000558,-0.000597,-0.000503,-0.000361,-0.000241,-0.000001,0.000275,0.000370,0.000333,0.000168,-0.000549,-0.001436,-0.001952,-0.001705,-0.000289,0.001201,0.001387,0.000573,-0.000205,-0.000796,-0.001250,-0.001292,-0.000863,-0.000434,-0.000123,0.000118,0.000092,-0.000061,-0.000099,-0.000109,-0.000076,-0.000082,-0.000102,0.000107,0.000464,0.000963,0.001463,0.001230,-0.000038,-0.001028,-0.001179,-0.001069,-0.000902,-0.000544,-0.000169,0.000079,0.000172,0.000134,0.000120,-0.000055,-0.000073,0.000070,0.000074,-0.000045,-0.000138,-0.000102,-0.000102,-0.000147,-0.000097,-0.000055,-0.000123,-0.000200,-0.000085,0.000022,-0.000041,-0.000019,0.000033,-0.000070,-0.000175,-0.000109,-0.000023,-0.000053,-0.000117,-0.000106,0.000007,0.000103,0.000083,0.000104,0.000146,-0.000014,-0.000103,-0.000098,-0.000202,-0.000296,-0.000273,-0.000201,-0.000058,0.000101,0.000122,0.004618,-0.005680,0.000869,0.009033,0.010106,0.007936,0.005425,0.002986,0.001938,0.002710,0.003152,0.002100,0.001088,0.000607,-0.000024,-0.000098,0.000632,0.001017,0.000701,-0.000004,-0.000768,-0.001220,-0.001292,-0.000996,-0.000718,-0.000808,-0.001128,-0.001546,-0.002016,-0.002275,-0.001981,-0.001353,-0.000762,-0.000266,0.000168,0.000331,0.000336,0.000338,0.000297,-0.000005,-0.000186,-0.000143,-0.000130,0.000012,-0.000009,-0.000154,-0.000126,-0.000003,-0.000007,0.000042,0.000105,-0.000051,0.000055,0.000368,0.000240,-0.000022,0.000152,0.000560,0.000484,-0.000193,-0.000331,0.000724,0.001881,0.001569,-0.000404,-0.002083,-0.002275,-0.001869,-0.001672,-0.001627,-0.001177,-0.000496,0.000128,0.000297,-0.000106,-0.000527,-0.000684,-0.000361,0.000123,0.000244,0.000159,0.000064,0.000048,0.000115,0.000065,-0.000349,-0.001021,-0.001765,-0.002289,-0.002202,-0.001485,-0.000416,0.000224,0.000221,0.000004,0.000048,0.000286,0.000343,0.000139,0.000048,0.000093,0.000067,0.000023,0.000004,-0.000031,-0.000058,-0.000046,-0.000011,-0.000054,-0.000052,-0.000048,-0.000139,-0.000053,0.000065,-0.000101,-0.000220,-0.000246,-0.000196,-0.000110,-0.000072,-0.000074,0.000001,0.000037,-0.000031,-0.000149,-0.000359,-0.000356,-0.000055,0.000101,0.000001,-0.000084,0.000008,0.000071,0.000014,-0.000093,-0.000092,-0.000051,-0.000078,
0.004559,0.005802,0.000503,0.000212,0.003018,0.004916,0.004339,0.001624,-0.000478,0.000505,0.003279,0.004095,0.002282,0.000272,-0.000790,-0.001193,-0.000865,-0.000037,0.000770,0.001166,0.000878,0.000247,-0.000328,-0.001078,-0.001592,-0.001459,-0.000993,-0.000334,0.000409,0.000611,0.000321,-0.000085,-0.000546,-0.000700,-0.000340,0.000153,0.000494,0.000582,0.000146,-0.000703,-0.001228,-0.000930,-0.000265,0.000238,0.000367,0.000124,-0.000161,-0.000220,-0.000302,-0.000489,-0.000541,-0.000473,-0.000413,-0.000208,0.000094,0.000259,0.000221,0.000213,0.000186,-0.000372,-0.001137,-0.001340,-0.001032,-0.000003,0.001520,0.002105,0.001427,0.000460,-0.000276,-0.000741,-0.000892,-0.000799,-0.000483,-0.000054,0.000201,0.000151,-0.000057,-0.000213,-0.000209,-0.000231,-0.000160,0.000042,0.000265,0.000633,0.001161,0.001685,0.001414,0.000036,-0.001107,-0.001286,-0.001080,-0.000926,-0.000587,-0.000051,0.000145,0.000058,-0.000054,-0.000098,-0.000128,-0.000043,0.000002,-0.000025,-0.000018,-0.000086,-0.000225,-0.000208,-0.000177,-0.000194,-0.000173,-0.000176,-0.000209,-0.000173,-0.000033,0.000126,0.000148,0.000102,-0.000060,-0.000175,0.000000,0.000153,0.000051,-0.000034,-0.000159,-0.000241,-0.000083,0.000116,0.000243,0.000286,0.000152,-0.000017,-0.000120,-0.000144,-0.000184,-0.000273,-0.000181,-0.000030,0.000058,0.000010,0.005385,-0.004887,0.001336,0.009299,0.010450,0.008261,0.005630,0.003039,0.001925,0.002768,0.003193,0.002049,0.000981,0.000447,-0.000226,-0.000173,0.000655,0.000996,0.000648,-0.000083,-0.000775,-0.001190,-0.001282,-0.000943,-0.000670,-0.000973,-0.001481,-0.001808,-0.001999,-0.001993,-0.001751,-0.001222,-0.000725,-0.000288,0.000110,0.000442,0.000582,0.000420,0.000156,-0.000086,-0.000237,-0.000243,-0.000163,-0.000067,-0.000087,-0.000208,-0.000174,-0.000011,0.000054,0.000003,-0.000024,0.000052,0.000225,0.000385,0.000329,0.000167,0.000303,0.000649,0.000533,-0.000167,-0.000474,0.000305,0.001233,0.001051,-0.000353,-0.001758,-0.002017,-0.001861,-0.001863,-0.001726,-0.001400,-0.000671,0.000293,0.000592,0.000012,-0.000680,-0.000781,-0.000372,0.000120,0.000389,0.000297,0.000188,0.000145,0.000222,0.000190,-0.000320,-0.001155,-0.001896,-0.002279,-0.002249,-0.001518,-0.000352,0.000335,0.000254,-0.000114,-0.000067,0.000195,0.000248,0.000130,0.000030,-0.000063,-0.000157,-0.000193,-0.000177,-0.000101,-0.000077,-0.000123,-0.000111,-0.000113,-0.000061,0.000014,-0.000061,-0.000095,-0.000039,-0.000129,-0.000207,-0.000089,-0.000072,-0.000130,-0.000090,-0.000063,-0.000111,-0.000076,-0.000059,-0.000122,-0.000136,-0.000126,-0.000108,-0.000133,-0.000140,-0.000159,-0.000115,-0.000059,-0.000033,0.000024,0.000073,0.000064,0.000061,
0.005163,0.006347,0.000633,0.000142,0.002873,0.004901,0.004510,0.001675,-0.000486,0.000543,0.003158,0.003954,0.002222,0.000295,-0.000681,-0.001197,-0.000952,-0.000076,0.000782,0.001142,0.000871,0.000264,-0.000318,-0.001051,-0.001705,-0.001560,-0.000933,-0.000275,0.000379,0.000506,0.000070,-0.000340,-0.000564,-0.000625,-0.000496,-0.000191,0.000119,0.000183,-0.000190,-0.000918,-0.001249,-0.000789,-0.000184,0.000126,0.000204,0.000118,0.000033,-0.000078,-0.000255,-0.000407,-0.000526,-0.000562,-0.000431,-0.000291,-0.000039,0.000185,0.000263,0.000262,0.000243,-0.000243,-0.001015,-0.001303,-0.000891,0.000161,0.001055,0.001117,0.000679,0.000180,-0.000292,-0.000525,-0.000591,-0.000590,-0.000306,0.000181,0.000620,0.000542,0.000071,-0.000221,-0.000177,-0.000108,-0.000083,-0.000028,0.000084,0.000494,0.001167,0.001622,0.001252,-0.000021,-0.001051,-0.001212,-0.000958,-0.000768,-0.000565,-0.000262,-0.000028,0.000063,0.000111,0.000025,-0.000139,-0.000079,0.000067,0.000031,-0.000078,-0.000139,-0.000243,-0.000262,-0.000176,-0.000049,0.000038,-0.000005,-0.000147,-0.000064,0.000101,0.000104,0.000122,0.000112,-0.000069,-0.000205,-0.000110,0.000020,-0.000049,-0.000140,-0.000126,-0.000049,0.000112,0.000080,-0.000073,-0.000039,0.000003,-0.000023,-0.000059,-0.000143,-0.000170,-0.000176,-0.000203,-0.000028,0.000206,0.000237,0.005698,-0.004298,0.001721,0.009421,0.010444,0.008209,0.005653,0.003102,0.002007,0.002865,0.003341,0.002223,0.001195,0.000647,0.000006,-0.000024,0.000669,0.000985,0.000667,0.000040,-0.000607,-0.001057,-0.001207,-0.000883,-0.000689,-0.000981,-0.001445,-0.001915,-0.002225,-0.002225,-0.001770,-0.001165,-0.000530,0.000036,0.000302,0.000369,0.000254,0.000154,0.000034,-0.000171,-0.000164,-0.000052,-0.000021,-0.000027,-0.000039,-0.000108,-0.000104,0.000020,0.000035,-0.000011,-0.000100,-0.000185,0.000034,0.000288,0.000132,-0.000030,0.000161,0.000528,0.000477,-0.000050,-0.000014,0.001105,0.001980,0.001268,-0.000576,-0.001840,-0.001968,-0.001771,-0.001665,-0.001601,-0.001245,-0.000591,0.000153,0.000493,-0.000011,-0.000710,-0.000887,-0.000417,0.000232,0.000512,0.000528,0.000408,0.000314,0.000304,0.000205,-0.000227,-0.000991,-0.001828,-0.002446,-0.002544,-0.001900,-0.000707,0.000127,0.000156,-0.000121,-0.000136,0.000045,0.000071,0.000059,0.000007,-0.000058,-0.000029,-0.000099,-0.000145,-0.000086,-0.000060,-0.000070,-0.000088,-0.000171,-0.000187,-0.000136,-0.000173,-0.000223,-0.000103,-0.000009,-0.000023,-0.000029,-0.000069,-0.000070,-0.000036,-0.000109,-0.000104,-0.000024,-0.000069,-0.000185,-0.000200,-0.000108,0.000031,0.000073,-0.000055,-0.000180,-0.000224,-0.000115,-0.000016,-0.000021,0.000031,0.000016,-0.000023,
0.005659,0.006984,0.001199,0.000404,0.003104,0.005109,0.004519,0.001758,-0.000303,0.000652,0.003371,0.004171,0.002229,0.000203,-0.000776,-0.001248,-0.000891,-0.000035,0.000749,0.001163,0.000878,0.000246,-0.000326,-0.001064,-0.001595,-0.001497,-0.001138,-0.000576,0.000143,0.000475,0.000183,-0.000385,-0.000803,-0.000760,-0.000376,0.000004,0.000063,-0.000144,-0.000505,-0.001200,-0.001481,-0.000887,-0.000131,0.000203,0.000284,0.000135,-0.000181,-0.000340,-0.000433,-0.000546,-0.000540,-0.000432,-0.000374,-0.000236,0.000038,0.000180,0.000169,0.000146,0.000115,-0.000477,-0.001331,-0.001595,-0.001318,-0.000120,0.001306,0.001647,0.000946,0.000209,-0.000152,-0.000503,-0.000710,-0.000689,-0.000377,0.000045,0.000377,0.000430,0.000192,-0.000002,-0.000096,-0.000141,-0.000131,-0.000043,0.000189,0.000534,0.001039,0.001480,0.001221,0.000013,-0.001123,-0.001269,-0.000912,-0.000679,-0.000442,-0.000196,-0.000004,0.000156,0.000158,0.000177,0.000144,0.000107,0.000106,-0.000023,-0.000216,-0.000271,-0.000185,-0.000127,-0.000084,0.000041,0.000057,-0.000042,-0.000069,0.000023,0.000087,0.000068,0.000080,0.000161,0.000109,0.000039,0.000059,0.000024,-0.000013,-0.000111,-0.000183,-0.000088,0.000064,0.000162,0.000198,0.000243,0.000318,0.000256,0.000055,-0.000084,-0.000058,-0.000053,-0.000065,-0.000037,0.000093,0.000206,0.006011,-0.003944,0.001989,0.009643,0.010663,0.008336,0.005616,0.003041,0.001953,0.002750,0.003188,0.002274,0.001248,0.000502,-0.000239,-0.000210,0.000576,0.000885,0.000507,-0.000066,-0.000638,-0.001188,-0.001323,-0.000975,-0.000736,-0.000945,-0.001393,-0.001916,-0.002363,-0.002167,-0.001381,-0.000377,0.000404,0.000656,0.000464,0.000124,-0.000063,-0.000126,-0.000096,-0.000116,-0.000033,0.000044,-0.000149,-0.000168,-0.000099,-0.000153,-0.000098,-0.000038,-0.000026,-0.000001,-0.000049,-0.000073,0.000052,0.000303,0.000362,0.000207,0.000351,0.000767,0.000620,-0.000125,-0.000317,0.000772,0.001884,0.001480,-0.000360,-0.001730,-0.001801,-0.001633,-0.001652,-0.001661,-0.001378,-0.000585,0.000234,0.000452,-0.000075,-0.000760,-0.000861,-0.000311,0.000251,0.000405,0.000357,0.000316,0.000282,0.000224,0.000094,-0.000281,-0.001059,-0.001866,-0.002326,-0.002314,-0.001584,-0.000472,0.000220,0.000241,-0.000028,-0.000069,0.000003,0.000094,0.000090,0.000032,0.000064,0.000115,-0.000035,-0.000208,-0.000158,-0.000109,-0.000101,-0.000208,-0.000262,-0.000114,-0.000096,-0.000125,-0.000172,-0.000126,0.000004,-0.000057,-0.000134,-0.000196,-0.000162,-0.000051,-0.000068,-0.000126,-0.000121,-0.000090,-0.000145,-0.000129,-0.000070,0.000017,0.000070,-0.000003,-0.000069,-0.000105,-0.000170,-0.000183,-0.000045,0.000124,0.000209,0.000212,
0.005876,0.006980,0.001428,0.000766,0.003424,0.005286,0.004702,0.001975,-0.000193,0.000711,0.003462,0.004318,0.002470,0.000400,-0.000629,-0.001097,-0.000841,0.000047,0.000887,0.001143,0.000763,0.000234,-0.000229,-0.000928,-0.001575,-0.001556,-0.001051,-0.000294,0.000405,0.000421,-0.000046,-0.000426,-0.000673,-0.000880,-0.000685,-0.000108,0.000265,0.000325,-0.000065,-0.000927,-0.001428,-0.001075,-0.000291,0.000220,0.000434,0.000344,0.000050,-0.000217,-0.000504,-0.000651,-0.000612,-0.000530,-0.000486,-0.000367,-0.000018,0.000230,0.000224,0.000216,0.000204,-0.000279,-0.001113,-0.001526,-0.001361,-0.000377,0.000925,0.001211,0.000606,0.000012,-0.000475,-0.000817,-0.000929,-0.000762,-0.000291,0.000179,0.000359,0.000219,-0.000021,-0.000130,-0.000191,-0.000164,-0.000060,-0.000013,0.000185,0.000592,0.001141,0.001598,0.001334,0.000124,-0.000909,-0.001051,-0.000813,-0.000720,-0.000495,-0.000105,0.000040,0.000110,0.000204,0.000178,0.000071,-0.000017,-0.000128,-0.000109,-0.000014,-0.000022,0.000036,0.000003,-0.000057,-0.000003,-0.000045,-0.000206,-0.000160,0.000079,0.000098,0.000033,0.000160,0.000131,-0.000050,-0.000098,-0.000074,-0.000095,-0.000135,-0.000214,-0.000220,-0.000104,0.000003,0.000005,0.000002,-0.000040,-0.000052,-0.000059,-0.000070,-0.000048,-0.000043,-0.000047,-0.000134,-0.000107,0.000031,0.000114,0.006256,-0.003561,0.002410,0.009762,0.010566,0.008161,0.005449,0.002991,0.002009,0.002829,0.003306,0.002160,0.001063,0.000535,-0.000131,-0.000187,0.000602,0.000983,0.000611,0.000017,-0.000630,-0.001030,-0.001163,-0.000908,-0.000663,-0.000908,-0.001298,-0.001651,-0.002050,-0.002108,-0.001585,-0.001005,-0.000613,-0.000101,0.000171,0.000177,0.000277,0.000304,0.000242,0.000111,-0.000071,-0.000150,-0.000176,-0.000039,0.000018,-0.000127,-0.000113,0.000103,0.000219,0.000138,0.000081,0.000076,0.000209,0.000381,0.000274,0.000088,0.000135,0.000528,0.000482,-0.000201,-0.000358,0.000740,0.001956,0.001685,0.000037,-0.001280,-0.001468,-0.001383,-0.001487,-0.001498,-0.001052,-0.000156,0.000705,0.000792,0.000091,-0.000621,-0.000749,-0.000297,0.000154,0.000323,0.000313,0.000290,0.000187,0.000123,0.000054,-0.000284,-0.001028,-0.001878,-0.002307,-0.002197,-0.001490,-0.000405,0.000281,0.000187,-0.000059,-0.000045,0.000008,0.000032,0.000017,-0.000022,-0.000033,0.000038,0.000051,0.000047,-0.000004,-0.000074,-0.000085,-0.000117,-0.000114,-0.000082,-0.000065,-0.000144,-0.000170,-0.000110,-0.000057,-0.000037,-0.000083,-0.000107,-0.000139,-0.000161,-0.000131,-0.000143,-0.000142,-0.000056,-0.000043,-0.000162,-0.000165,-0.000050,0.000070,0.000012,-0.000172,-0.000156,-0.000023,0.000122,0.000114,0.000055,0.000036,-0.000057,
0.006183,0.007230,0.001479,0.000746,0.003474,0.005396,0.004850,0.002077,-0.000135,0.000806,0.003450,0.004218,0.002421,0.000314,-0.000786,-0.001251,-0.000887,0.000083,0.000864,0.001105,0.000822,0.000352,-0.000247,-0.000953,-0.001553,-0.001528,-0.001067,-0.000393,0.000281,0.000435,0.000112,-0.000331,-0.000648,-0.000755,-0.000629,-0.000153,0.000374,0.000575,0.000177,-0.000821,-0.001370,-0.000960,-0.000341,0.000082,0.000241,0.000120,-0.000083,-0.000237,-0.000390,-0.000575,-0.000648,-0.000501,-0.000297,-0.000125,0.000132,0.000326,0.000311,0.000296,0.000222,-0.000289,-0.001009,-0.001266,-0.000878,0.000095,0.001189,0.001444,0.000845,0.000158,-0.000398,-0.000876,-0.001178,-0.001260,-0.000978,-0.000313,0.000126,0.000112,-0.000024,-0.000120,-0.000248,-0.000339,-0.000241,-0.000128,0.000037,0.000537,0.001168,0.001575,0.001267,0.000025,-0.001060,-0.001290,-0.001107,-0.000884,-0.000548,-0.000135,0.000111,0.000181,0.000151,0.000129,0.000031,0.000008,0.000139,0.000102,-0.000055,-0.000130,-0.000203,-0.000177,-0.000028,0.000107,-0.000022,-0.000079,-0.000033,0.000026,0.000080,-0.000000,-0.000031,0.000023,-0.000074,-0.000085,0.000070,0.000028,-0.000138,-0.000096,-0.000047,-0.000023,0.000058,0.000101,0.000208,0.000220,0.000149,0.000066,-0.000044,-0.000114,-0.000152,-0.000144,-0.000110,-0.000001,0.000068,0.000085,0.006571,-0.003234,0.002608,0.009893,0.010720,0.008348,0.005586,0.002977,0.001855,0.002696,0.003169,0.002064,0.000991,0.000443,-0.000196,-0.000193,0.000587,0.000985,0.000621,0.000042,-0.000562,-0.000983,-0.001161,-0.000967,-0.000638,-0.000683,-0.001108,-0.001765,-0.002220,-0.002247,-0.001877,-0.001239,-0.000585,-0.000051,0.000260,0.000371,0.000401,0.000230,-0.000009,-0.000216,-0.000235,-0.000195,-0.000138,-0.000098,-0.000199,-0.000203,-0.000122,0.000088,0.000258,0.000219,0.000069,-0.000057,-0.000002,0.000177,0.000177,-0.000027,0.000154,0.000655,0.000449,-0.000259,-0.000328,0.000581,0.001516,0.001149,-0.000480,-0.001752,-0.001836,-0.001655,-0.001760,-0.001878,-0.001546,-0.000586,0.000414,0.000662,0.000118,-0.000638,-0.000837,-0.000409,0.000147,0.000387,0.000317,0.000239,0.000284,0.000273,0.000067,-0.000399,-0.001187,-0.001927,-0.002292,-0.002296,-0.001591,-0.000373,0.000478,0.000419,-0.000077,-0.000111,0.000044,0.000174,0.000233,0.000213,0.000119,0.000058,-0.000024,-0.000113,-0.000057,-0.000030,-0.000053,-0.000066,-0.000078,-0.000055,-0.000093,-0.000189,-0.000211,-0.000069,-0.000044,-0.000107,-0.000087,-0.000074,-0.000086,-0.000117,-0.000115,-0.000061,-0.000022,-0.000041,-0.000061,-0.000109,-0.000068,0.000095,0.000098,0.000017,-0.000003,-0.000029,-0.000026,0.000029,-0.000012,0.000079,0.000119,-0.000028,
0.006513,0.007589,0.001660,0.000782,0.003382,0.005436,0.004991,0.002143,-0.000091,0.000779,0.003434,0.004243,0.002434,0.000467,-0.000689,-0.001289,-0.000954,-0.000089,0.000761,0.001266,0.000963,0.000328,-0.000275,-0.001099,-0.001710,-0.001467,-0.000977,-0.000368,0.000402,0.000598,0.000202,-0.000235,-0.000551,-0.000704,-0.000531,-0.000117,0.000258,0.000251,-0.000254,-0.001060,-0.001407,-0.000995,-0.000343,0.000134,0.000337,0.000189,-0.000199,-0.000503,-0.000565,-0.000557,-0.000550,-0.000415,-0.000207,-0.000077,0.000062,0.000211,0.000196,0.000152,0.000093,-0.000481,-0.001314,-0.001648,-0.001324,-0.000216,0.001023,0.001328,0.000805,0.000127,-0.000553,-0.001096,-0.001265,-0.001080,-0.000729,-0.000224,0.000118,0.000074,-0.000051,-0.000163,-0.000135,-0.000068,-0.000170,-0.000225,-0.000033,0.000361,0.000950,0.001485,0.001181,-0.000188,-0.001275,-0.001279,-0.001006,-0.000909,-0.000669,-0.000158,0.000095,0.000044,0.000010,-0.000042,-0.000120,-0.000143,-0.000023,0.000114,0.000010,-0.000199,-0.000170,-0.000112,-0.000079,-0.000038,-0.000128,-0.000254,-0.000238,-0.000148,-0.000086,-0.000078,0.000013,0.000010,-0.000137,-0.000167,-0.000091,0.000016,0.000055,-0.000017,-0.000068,0.000030,0.000160,0.000187,0.000154,0.000081,0.000092,0.000102,0.000045,-0.000060,-0.000187,-0.000154,0.000017,0.000045,0.000033,0.000079,0.006899,-0.002727,0.002876,0.009977,0.010736,0.008379,0.005730,0.003206,0.002024,0.002822,0.003237,0.002137,0.001166,0.000671,-0.000134,-0.000236,0.000568,0.000856,0.000464,-0.000086,-0.000677,-0.001099,-0.001210,-0.000947,-0.000748,-0.000922,-0.001235,-0.001700,-0.001998,-0.001989,-0.001792,-0.001445,-0.000920,-0.000283,0.000206,0.000385,0.000329,0.000209,0.000025,-0.000276,-0.000294,-0.000172,-0.000127,-0.000010,-0.000100,-0.000241,-0.000064,0.000079,-0.000055,-0.000114,-0.000034,-0.000083,0.000060,0.000234,0.000208,0.000186,0.000271,0.000521,0.000408,-0.000162,-0.000172,0.000908,0.001824,0.001243,-0.000487,-0.001769,-0.001931,-0.001749,-0.001784,-0.001681,-0.001163,-0.000425,0.000251,0.000502,0.000126,-0.000465,-0.000688,-0.000338,0.000185,0.000356,0.000245,0.000152,0.000135,0.000135,0.000043,-0.000354,-0.001104,-0.001817,-0.002178,-0.002153,-0.001564,-0.000428,0.000238,0.000122,-0.000064,-0.000002,0.000139,0.000161,0.000045,-0.000024,-0.000015,0.000032,-0.000001,-0.000033,-0.000048,-0.000100,-0.000078,-0.000070,-0.000025,0.000072,0.000076,-0.000031,-0.000084,-0.000078,-0.000106,-0.000045,0.000021,0.000034,0.000055,0.000094,0.000014,-0.000036,0.000012,-0.000018,-0.000055,-0.000117,-0.000090,0.000119,0.000174,0.000025,-0.000108,-0.000021,0.000058,0.000004,0.000040,0.000070,0.000041,0.000067,
0.006609,0.007909,0.001691,0.000580,0.003192,0.005140,0.004696,0.002062,-0.000145,0.000680,0.003360,0.004237,0.002369,0.000243,-0.000796,-0.001314,-0.001006,-0.000040,0.000853,0.001174,0.000816,0.000205,-0.000321,-0.001096,-0.001663,-0.001499,-0.001060,-0.000449,0.000197,0.000373,0.000025,-0.000286,-0.000459,-0.000582,-0.000395,-0.000007,0.000331,0.000447,0.000011,-0.000881,-0.001285,-0.000946,-0.000423,0.000056,0.000428,0.000331,-0.000088,-0.000315,-0.000476,-0.000650,-0.000619,-0.000455,-0.000313,-0.000135,0.000154,0.000360,0.000276,0.000170,0.000101,-0.000387,-0.001126,-0.001460,-0.001151,0.000152,0.001849,0.002406,0.001533,0.000410,-0.000400,-0.000826,-0.000841,-0.000765,-0.000475,0.000004,0.000317,0.000224,-0.000092,-0.000241,-0.000249,-0.000264,-0.000191,0.000018,0.000240,0.000579,0.001129,0.001595,0.001352,0.000035,-0.001159,-0.001336,-0.001068,-0.000879,-0.000560,-0.000087,0.000154,0.000203,0.000134,0.000016,-0.000053,-0.000044,-0.000015,0.000025,0.000021,-0.000087,-0.000121,-0.000093,-0.000028,0.000030,0.000022,-0.000136,-0.000191,-0.000093,0.000112,0.000116,0.000130,0.000190,-0.000035,-0.000178,-0.000089,0.000000,-0.000041,-0.000154,-0.000218,-0.000156,0.000092,0.000193,0.000104,0.000022,0.000048,0.000060,-0.000025,-0.000065,-0.000150,-0.000205,-0.000122,-0.000002,0.000025,0.000012,0.007009,-0.002399,0.003026,0.010045,0.011004,0.008667,0.005809,0.003120,0.002052,0.002865,0.003369,0.002348,0.001215,0.000543,-0.000188,-0.000223,0.000533,0.000840,0.000549,-0.000048,-0.000646,-0.001006,-0.001130,-0.000918,-0.000719,-0.000877,-0.001247,-0.001583,-0.001880,-0.002017,-0.001731,-0.001275,-0.000817,-0.000409,-0.000003,0.000299,0.000327,0.000253,0.000169,0.000057,-0.000024,0.000005,-0.000002,-0.000008,-0.000036,-0.000157,-0.000194,-0.000040,0.000036,0.000065,0.000096,0.000091,0.000215,0.000443,0.000377,0.000129,0.000195,0.000556,0.000491,-0.000246,-0.000607,0.000202,0.001285,0.001130,-0.000459,-0.001965,-0.002342,-0.002213,-0.002074,-0.001891,-0.001383,-0.000609,0.000164,0.000456,-0.000098,-0.000737,-0.000756,-0.000382,-0.000017,0.000261,0.000367,0.000275,0.000218,0.000232,0.000133,-0.000248,-0.001104,-0.002034,-0.002431,-0.002219,-0.001419,-0.000334,0.000283,0.000275,0.000045,-0.000029,0.000094,0.000095,0.000006,0.000059,0.000089,0.000013,-0.000036,-0.000102,-0.000146,-0.000163,-0.000129,-0.000160,-0.000163,-0.000099,-0.000062,-0.000115,-0.000124,-0.000055,-0.000026,-0.000084,-0.000160,-0.000159,-0.000069,-0.000093,-0.000211,-0.000254,-0.000174,-0.000097,-0.000039,-0.000095,-0.000176,-0.000136,-0.000118,-0.000088,-0.000018,-0.000116,-0.000083,-0.000008,-0.000076,-0.000035,0.000019,0.000100,
0.006422,0.007869,0.001723,0.000555,0.003194,0.005279,0.004880,0.002233,0.000028,0.000874,0.003532,0.004278,0.002465,0.000321,-0.000764,-0.001175,-0.000928,0.000015,0.000832,0.001050,0.000777,0.000315,-0.000212,-0.000969,-0.001587,-0.001544,-0.001101,-0.000494,0.000204,0.000477,0.000219,-0.000131,-0.000552,-0.000874,-0.000539,-0.000026,0.000207,0.000280,-0.000045,-0.000869,-0.001354,-0.000909,-0.000283,0.000019,0.000293,0.000321,-0.000027,-0.000220,-0.000337,-0.000571,-0.000659,-0.000571,-0.000392,-0.000134,0.000070,0.000109,0.000089,0.000253,0.000365,-0.000202,-0.000965,-0.001146,-0.000761,0.000042,0.000820,0.001024,0.000737,0.000217,-0.000344,-0.000678,-0.000653,-0.000539,-0.000284,0.000248,0.000503,0.000280,-0.000082,-0.000209,-0.000209,-0.000195,-0.000115,-0.000013,0.000111,0.000489,0.001191,0.001691,0.001290,0.000024,-0.001011,-0.001215,-0.001002,-0.000831,-0.000566,-0.000156,0.000112,0.000276,0.000262,0.000048,-0.000059,-0.000061,-0.000007,-0.000037,-0.000183,-0.000205,-0.000179,-0.000173,-0.000102,-0.000028,-0.000004,-0.000055,-0.000130,-0.000123,-0.000103,-0.000083,-0.000030,0.000011,-0.000057,-0.000213,-0.000262,-0.000112,-0.000077,-0.000124,-0.000020,0.000041,0.000058,0.000084,0.000089,0.000060,0.000060,-0.000005,-0.000081,-0.000052,-0.000113,-0.000107,-0.000018,0.000032,0.000033,0.000023,0.007146,-0.002322,0.003189,0.010267,0.011231,0.008867,0.005922,0.003212,0.002014,0.002745,0.003381,0.002360,0.001215,0.000571,-0.000233,-0.000276,0.000598,0.000977,0.000576,-0.000001,-0.000567,-0.001009,-0.001182,-0.001005,-0.000784,-0.000868,-0.001268,-0.001704,-0.001938,-0.001985,-0.001675,-0.001199,-0.000747,-0.000314,0.000128,0.000341,0.000237,0.000144,0.000062,-0.000102,-0.000102,-0.000030,-0.000078,-0.000099,-0.000190,-0.000262,-0.000147,0.000066,0.000094,0.000012,-0.000047,-0.000018,0.000181,0.000412,0.000339,0.000139,0.000252,0.000584,0.000409,-0.000184,-0.000088,0.001076,0.001980,0.001322,-0.000472,-0.001696,-0.001730,-0.001601,-0.001673,-0.001627,-0.001208,-0.000524,0.000157,0.000456,0.000058,-0.000632,-0.000818,-0.000265,0.000361,0.000549,0.000466,0.000265,0.000212,0.000255,0.000222,-0.000143,-0.000894,-0.001708,-0.002331,-0.002413,-0.001758,-0.000554,0.000256,0.000215,-0.000020,-0.000019,0.000087,0.000057,-0.000031,-0.000002,0.000020,-0.000057,-0.000157,-0.000198,-0.000143,-0.000126,-0.000170,-0.000274,-0.000205,-0.000044,0.000005,-0.000016,-0.000084,-0.000084,-0.000011,-0.000028,-0.000131,-0.000174,-0.000142,-0.000172,-0.000173,-0.000157,-0.000066,-0.000016,-0.000113,-0.000176,-0.000217,-0.000183,-0.000047,-0.000063,-0.000244,-0.000331,-0.000201,-0.000085,-0.000019,0.000007,0.000024,0.000001,
0.006417,0.008129,0.001849,0.000430,0.002844,0.005048,0.004890,0.002201,-0.000079,0.000755,0.003433,0.004222,0.002476,0.000362,-0.000819,-0.001287,-0.000966,0.000011,0.000843,0.001134,0.000817,0.000197,-0.000215,-0.000926,-0.001600,-0.001435,-0.001027,-0.000533,0.000158,0.000356,0.000030,-0.000386,-0.000599,-0.000628,-0.000420,-0.000138,0.000091,0.000125,-0.000310,-0.001033,-0.001377,-0.000926,-0.000209,0.000129,0.000179,0.000054,-0.000193,-0.000327,-0.000440,-0.000603,-0.000627,-0.000588,-0.000413,-0.000182,0.000075,0.000236,0.000155,0.000161,0.000102,-0.000562,-0.001387,-0.001932,-0.001593,-0.000071,0.001429,0.001697,0.001006,0.000331,-0.000100,-0.000594,-0.000919,-0.000887,-0.000580,-0.000030,0.000460,0.000507,0.000145,-0.000123,-0.000191,-0.000184,-0.000152,-0.000081,0.000027,0.000355,0.000942,0.001424,0.001169,0.000066,-0.000910,-0.001189,-0.001023,-0.000824,-0.000566,-0.000073,0.000211,0.000198,0.000113,0.000011,-0.000051,-0.000037,0.000040,-0.000053,-0.000189,-0.000143,-0.000040,-0.000067,-0.000119,-0.000041,-0.000079,-0.000138,-0.000124,-0.000074,0.000093,0.000156,0.000126,0.000074,-0.000037,-0.000152,-0.000110,-0.000041,-0.000107,-0.000123,-0.000083,-0.000040,0.000066,0.000068,0.000003,0.000113,0.000120,-0.000010,-0.000130,-0.000171,-0.000075,0.000020,0.000078,0.000084,0.000011,0.000006,0.007471,-0.001897,0.003343,0.010226,0.011024,0.008589,0.005832,0.003152,0.001951,0.002737,0.003377,0.002462,0.001304,0.000556,-0.000138,-0.000196,0.000472,0.000896,0.000798,0.000172,-0.000658,-0.001129,-0.001165,-0.000861,-0.000653,-0.000796,-0.001182,-0.001706,-0.002130,-0.002117,-0.001536,-0.000653,0.000099,0.000357,0.000306,0.000116,-0.000061,-0.000003,0.000068,-0.000073,-0.000056,0.000002,-0.000167,-0.000242,-0.000279,-0.000254,-0.000071,0.000050,0.000149,0.000075,-0.000176,-0.000244,0.000022,0.000311,0.000171,-0.000096,0.000077,0.000587,0.000514,-0.000188,-0.000285,0.000848,0.001954,0.001424,-0.000491,-0.001900,-0.001981,-0.001832,-0.001859,-0.001791,-0.001313,-0.000389,0.000442,0.000600,0.000041,-0.000647,-0.000829,-0.000384,0.000113,0.000325,0.000294,0.000183,0.000187,0.000160,0.000017,-0.000359,-0.001107,-0.001916,-0.002273,-0.002130,-0.001515,-0.000495,0.000199,0.000203,-0.000045,-0.000116,0.000024,0.000053,0.000027,0.000117,0.000146,0.000126,-0.000049,-0.000205,-0.000121,-0.000087,-0.000064,-0.000044,-0.000075,-0.000087,-0.000029,-0.000090,-0.000161,-0.000099,-0.000063,-0.000054,-0.000065,-0.000012,-0.000012,-0.000104,-0.000176,-0.000180,-0.000137,-0.000129,-0.000164,-0.000231,-0.000107,0.000053,0.000120,0.000034,-0.000006,0.000124,0.000065,-0.000035,0.000042,0.000113,0.000175,0.000182,
0.006549,0.008072,0.002000,0.000682,0.003163,0.005277,0.004822,0.002158,0.000056,0.000819,0.003331,0.004163,0.002483,0.000495,-0.000688,-0.001220,-0.000768,0.000201,0.000977,0.001186,0.000931,0.000395,-0.000287,-0.001060,-0.001548,-0.001365,-0.000944,-0.000386,0.000273,0.000524,0.000192,-0.000264,-0.000545,-0.000713,-0.000562,-0.000114,0.000176,0.000222,-0.000133,-0.000930,-0.001347,-0.000888,-0.000275,0.000097,0.000362,0.000274,-0.000097,-0.000312,-0.000367,-0.000621,-0.000726,-0.000499,-0.000294,-0.000065,0.000160,0.000177,0.000172,0.000303,0.000364,-0.000223,-0.001218,-0.001680,-0.001400,-0.000227,0.001151,0.001438,0.000809,0.000122,-0.000429,-0.000708,-0.000673,-0.000614,-0.000367,0.000132,0.000397,0.000268,0.000071,-0.000068,-0.000160,-0.000164,-0.000118,-0.000036,0.000169,0.000649,0.001268,0.001705,0.001288,0.000107,-0.000869,-0.001020,-0.000731,-0.000680,-0.000643,-0.000256,0.000047,0.000098,0.000131,0.000046,0.000020,0.000026,0.000000,0.000009,-0.000091,-0.000253,-0.000214,-0.000176,-0.000239,-0.000151,-0.000158,-0.000167,-0.000121,-0.000152,-0.000080,-0.000017,0.000041,0.000016,-0.000081,-0.000078,0.000015,0.000124,0.000048,-0.000130,-0.000115,-0.000010,0.000074,0.000151,0.000192,0.000181,0.000112,0.000011,-0.000068,-0.000072,-0.000058,-0.000095,-0.000098,-0.000060,0.000053,0.000156,0.007523,-0.001926,0.003317,0.010206,0.011013,0.008627,0.005850,0.003173,0.002007,0.002855,0.003423,0.002327,0.001157,0.000527,-0.000159,-0.000169,0.000573,0.000931,0.000697,0.000089,-0.000596,-0.001001,-0.001167,-0.000989,-0.000735,-0.000811,-0.001155,-0.001631,-0.002049,-0.002050,-0.001633,-0.000995,-0.000355,0.000065,0.000258,0.000283,0.000294,0.000316,0.000210,0.000015,-0.000073,-0.000122,-0.000085,0.000076,0.000045,-0.000108,-0.000096,0.000084,0.000087,-0.000003,-0.000014,0.000025,0.000165,0.000369,0.000330,0.000135,0.000201,0.000560,0.000479,-0.000212,-0.000375,0.000671,0.001844,0.001707,0.000108,-0.001266,-0.001508,-0.001546,-0.001545,-0.001554,-0.001224,-0.000373,0.000412,0.000479,-0.000141,-0.000833,-0.000951,-0.000481,0.000065,0.000342,0.000344,0.000314,0.000279,0.000219,0.000085,-0.000346,-0.001050,-0.001731,-0.002081,-0.002110,-0.001554,-0.000528,0.000164,0.000228,0.000018,-0.000018,0.000080,0.000071,0.000046,0.000027,0.000014,-0.000010,-0.000067,-0.000060,0.000009,-0.000014,-0.000122,-0.000095,-0.000124,-0.000223,-0.000226,-0.000212,-0.000122,-0.000074,-0.000059,-0.000081,-0.000117,-0.000073,-0.000047,-0.000028,-0.000105,-0.000184,-0.000150,-0.000109,-0.000204,-0.000275,-0.000174,-0.000077,-0.000025,-0.000023,-0.000158,-0.000225,-0.000105,0.000090,0.000047,-0.000035,0.000096,0.000164,
0.006554,0.007956,0.002052,0.000787,0.003285,0.005508,0.005094,0.002259,0.000035,0.000929,0.003574,0.004330,0.002603,0.000520,-0.000742,-0.001359,-0.000907,0.000209,0.001014,0.001278,0.000871,0.000313,-0.000171,-0.001043,-0.001697,-0.001550,-0.001098,-0.000429,0.000312,0.000504,0.000161,-0.000256,-0.000543,-0.000627,-0.000348,0.000131,0.000551,0.000653,0.000146,-0.000808,-0.001278,-0.000995,-0.000421,0.000082,0.000344,0.000297,0.000047,-0.000185,-0.000437,-0.000739,-0.000667,-0.000350,-0.000198,-0.000091,0.000085,0.000189,0.000206,0.000216,0.000031,-0.000521,-0.001235,-0.001494,-0.001107,-0.000125,0.000992,0.001331,0.000851,0.000138,-0.000518,-0.000999,-0.001311,-0.001412,-0.001045,-0.000329,0.000094,0.000099,0.000025,-0.000114,-0.000172,-0.000116,-0.000064,-0.000006,0.000111,0.000476,0.001030,0.001508,0.001250,0.000001,-0.001047,-0.001243,-0.001046,-0.000877,-0.000663,-0.000241,0.000185,0.000220,0.000155,0.000143,0.000009,0.000028,0.000086,0.000081,-0.000022,-0.000210,-0.000247,-0.000174,-0.000080,0.000096,0.000110,0.000034,-0.000072,-0.000145,-0.000094,0.000037,0.000057,0.000009,-0.000071,-0.000147,-0.000020,0.000046,-0.000146,-0.000216,-0.000076,0.000013,0.000056,0.000094,0.000135,0.000174,0.000128,0.000004,-0.000109,-0.000225,-0.000236,-0.000150,-0.000075,-0.000053,0.000085,0.000223,0.007473,-0.001797,0.003557,0.010309,0.010999,0.008573,0.005674,0.003052,0.001988,0.002800,0.003311,0.002194,0.001063,0.000445,-0.000248,-0.000218,0.000543,0.000919,0.000658,0.000127,-0.000458,-0.000867,-0.001054,-0.000882,-0.000632,-0.000707,-0.001047,-0.001591,-0.002024,-0.002032,-0.001625,-0.001117,-0.000657,-0.000194,0.000212,0.000339,0.000301,0.000186,0.000017,-0.000118,-0.000205,-0.000155,-0.000039,-0.000040,-0.000165,-0.000306,-0.000335,-0.000086,0.000193,0.000167,-0.000010,-0.000017,0.000128,0.000372,0.000396,0.000175,0.000238,0.000638,0.000526,-0.000219,-0.000353,0.000707,0.001679,0.001203,-0.000494,-0.001849,-0.001982,-0.001738,-0.001754,-0.001802,-0.001488,-0.000605,0.000434,0.000696,0.000011,-0.000824,-0.000961,-0.000447,0.000072,0.000268,0.000222,0.000187,0.000211,0.000285,0.000204,-0.000282,-0.001037,-0.001832,-0.002197,-0.002155,-0.001626,-0.000451,0.000320,0.000252,0.000048,0.000047,0.000072,0.000076,0.000036,0.000038,0.000062,0.000003,-0.000046,-0.000068,-0.000025,-0.000051,-0.000152,-0.000207,-0.000162,0.000037,0.000090,-0.000079,-0.000061,0.000036,0.000058,0.000056,-0.000062,-0.000143,-0.000229,-0.000291,-0.000240,-0.000156,-0.000096,-0.000085,-0.000099,-0.000148,-0.000114,-0.000029,-0.000064,-0.000073,-0.000100,-0.000048,0.000015,-0.000011,-0.000080,-0.000011,0.000097,-0.000021,
0.006498,0.008000,0.001830,0.000632,0.003249,0.005423,0.005123,0.002325,0.000103,0.000821,0.003393,0.004423,0.002648,0.000440,-0.000850,-0.001438,-0.001009,0.000091,0.001013,0.001378,0.001092,0.000366,-0.000255,-0.001007,-0.001634,-0.001588,-0.001098,-0.000426,0.000250,0.000524,0.000299,-0.000024,-0.000295,-0.000559,-0.000376,0.000105,0.000491,0.000577,0.000105,-0.000978,-0.001550,-0.001110,-0.000384,0.000163,0.000470,0.000341,-0.000109,-0.000326,-0.000381,-0.000510,-0.000613,-0.000587,-0.000398,-0.000179,0.000063,0.000191,0.000208,0.000278,0.000120,-0.000489,-0.001151,-0.001460,-0.001177,-0.000003,0.001158,0.001405,0.000858,0.000193,-0.000482,-0.001015,-0.001211,-0.001180,-0.000844,-0.000211,0.000286,0.000318,0.000085,-0.000021,-0.000038,-0.000084,-0.000020,0.000185,0.000308,0.000513,0.001037,0.001525,0.001186,-0.000036,-0.001081,-0.001300,-0.001055,-0.000822,-0.000527,-0.000075,0.000236,0.000297,0.000177,0.000037,0.000041,0.000113,0.000055,-0.000009,-0.000046,-0.000142,-0.000232,-0.000268,-0.000195,-0.000107,0.000003,0.000032,-0.000063,-0.000002,0.000033,0.000008,0.000116,0.000145,-0.000018,-0.000131,-0.000097,-0.000034,0.000034,-0.000029,-0.000114,-0.000068,0.000037,0.000057,0.000071,0.000192,0.000283,0.000159,-0.000071,-0.000152,-0.000061,-0.000035,-0.000072,0.000073,0.000135,0.000160,0.007581,-0.001688,0.003580,0.010331,0.011050,0.008617,0.005899,0.003263,0.001956,0.002742,0.003347,0.002302,0.001138,0.000524,-0.000142,-0.000145,0.000611,0.001025,0.000748,0.000098,-0.000591,-0.001155,-0.001393,-0.001115,-0.000726,-0.000778,-0.001118,-0.001503,-0.001847,-0.001972,-0.001615,-0.001165,-0.000750,-0.000289,0.000042,0.000216,0.000240,0.000153,0.000060,-0.000176,-0.000237,-0.000142,-0.000123,-0.000060,-0.000062,-0.000148,-0.000195,-0.000015,0.000162,0.000091,-0.000049,-0.000001,0.000236,0.000465,0.000427,0.000224,0.000236,0.000570,0.000448,-0.000140,-0.000212,0.000853,0.001844,0.001266,-0.000530,-0.001825,-0.001877,-0.001692,-0.001614,-0.001360,-0.001004,-0.000486,0.000205,0.000488,0.000137,-0.000422,-0.000675,-0.000318,0.000130,0.000281,0.000279,0.000152,0.000086,0.000109,0.000009,-0.000415,-0.001153,-0.001832,-0.002221,-0.002131,-0.001522,-0.000592,0.000081,0.000155,-0.000115,-0.000176,0.000019,0.000149,0.000164,0.000073,-0.000002,-0.000068,-0.000035,0.000016,-0.000014,-0.000098,-0.000229,-0.000285,-0.000191,0.000012,0.000039,-0.000045,-0.000029,0.000005,-0.000013,-0.000074,-0.000017,0.000069,-0.000011,-0.000110,-0.000100,-0.000077,-0.000126,-0.000143,-0.000139,-0.000153,-0.000074,0.000059,0.000056,0.000014,0.000074,0.000067,0.000028,0.000001,0.000042,0.000053,-0.000030,-0.000065,
0.006460,0.008005,0.001892,0.000591,0.003237,0.005380,0.005014,0.002366,0.000108,0.000903,0.003505,0.004175,0.002357,0.000424,-0.000678,-0.001333,-0.000977,0.000084,0.000911,0.001213,0.000923,0.000273,-0.000384,-0.001116,-0.001651,-0.001537,-0.001080,-0.000406,0.000272,0.000538,0.000227,-0.000183,-0.000467,-0.000808,-0.000709,-0.000099,0.000448,0.000513,0.000038,-0.000835,-0.001352,-0.000940,-0.000251,0.000149,0.000318,0.000219,-0.000046,-0.000181,-0.000302,-0.000454,-0.000389,-0.000293,-0.000217,-0.000082,0.000120,0.000288,0.000290,0.000242,0.000198,-0.000395,-0.001404,-0.001974,-0.001617,-0.000190,0.001395,0.001714,0.000821,-0.000118,-0.000840,-0.001261,-0.001236,-0.000895,-0.000308,0.000234,0.000316,0.000150,0.000010,-0.000035,-0.000105,-0.000167,-0.000094,0.000062,0.000193,0.000497,0.001088,0.001481,0.001149,-0.000033,-0.001186,-0.001347,-0.001020,-0.000785,-0.000595,-0.000170,0.000068,0.000132,0.000106,-0.000008,-0.000101,-0.000087,0.000062,0.000070,-0.000085,-0.000188,-0.000184,-0.000169,-0.000137,-0.000051,-0.000139,-0.000228,-0.000138,-0.000053,-0.000054,0.000025,0.000099,0.000050,-0.000076,-0.000199,-0.000166,-0.000092,0.000017,-0.000002,-0.000125,-0.000057,0.000092,0.000130,0.000112,0.000030,-0.000051,0.000011,0.000127,0.000057,-0.000135,-0.000228,-0.000196,-0.000031,0.000112,0.000150,0.007586,-0.001678,0.003588,0.010377,0.011227,0.008864,0.005958,0.003148,0.001919,0.002741,0.003337,0.002313,0.001173,0.000546,-0.000125,-0.000180,0.000475,0.000808,0.000649,0.000144,-0.000610,-0.001040,-0.001243,-0.001030,-0.000690,-0.000850,-0.001176,-0.001482,-0.001916,-0.002113,-0.001778,-0.001335,-0.000915,-0.000309,0.000265,0.000557,0.000467,0.000216,0.000039,-0.000140,-0.000210,-0.000170,-0.000043,0.000048,-0.000001,-0.000167,-0.000181,-0.000021,0.000045,0.000018,-0.000064,-0.000237,-0.000044,0.000324,0.000331,0.000188,0.000285,0.000639,0.000508,-0.000286,-0.000510,0.000534,0.001683,0.001348,-0.000549,-0.002223,-0.002489,-0.002167,-0.002000,-0.001830,-0.001289,-0.000441,0.000334,0.000476,-0.000080,-0.000683,-0.000757,-0.000318,0.000088,0.000169,0.000182,0.000258,0.000246,0.000222,0.000191,-0.000301,-0.001203,-0.001886,-0.002196,-0.002177,-0.001526,-0.000406,0.000333,0.000264,-0.000141,-0.000123,0.000127,0.000213,0.000192,0.000216,0.000197,0.000113,0.000019,-0.000053,-0.000096,-0.000107,-0.000091,-0.000056,-0.000056,-0.000099,-0.000131,-0.000173,-0.000218,-0.000232,-0.000139,-0.000183,-0.000260,-0.000151,-0.000145,-0.000267,-0.000374,-0.000250,-0.000026,0.000034,-0.000048,-0.000169,-0.000109,0.000062,-0.000020,-0.000172,-0.000185,-0.000093,-0.000047,-0.000093,-0.000024,0.000072,0.000090,0.000078,
0.005959,0.007870,0.001826,0.000473,0.003027,0.005119,0.004845,0.002267,0.000146,0.000967,0.003436,0.004242,0.002601,0.000624,-0.000470,-0.001124,-0.000955,0.000031,0.000933,0.001155,0.000774,0.000207,-0.000307,-0.001114,-0.001761,-0.001594,-0.001020,-0.000379,0.000334,0.000531,0.000178,-0.000125,-0.000587,-0.000885,-0.000632,-0.000156,0.000212,0.000349,-0.000004,-0.000887,-0.001365,-0.000958,-0.000315,0.000084,0.000196,0.000073,-0.000109,-0.000232,-0.000395,-0.000554,-0.000568,-0.000405,-0.000244,-0.000114,0.000176,0.000301,0.000243,0.000188,0.000146,-0.000336,-0.000957,-0.001034,-0.000697,0.000211,0.001366,0.001780,0.001269,0.000405,-0.000319,-0.000602,-0.000606,-0.000637,-0.000415,0.000049,0.000291,0.000213,-0.000039,-0.000164,-0.000072,-0.000126,-0.000229,-0.000159,0.000046,0.000470,0.001177,0.001682,0.001324,0.000109,-0.001052,-0.001341,-0.001140,-0.000943,-0.000585,-0.000186,0.000033,0.000094,0.000072,0.000076,0.000071,-0.000031,-0.000013,-0.000018,-0.000159,-0.000206,-0.000164,-0.000127,-0.000071,-0.000026,-0.000015,-0.000080,-0.000094,-0.000100,-0.000007,0.000168,0.000183,0.000145,0.000103,-0.000006,-0.000064,-0.000039,-0.000009,-0.000056,-0.000107,-0.000029,0.000039,0.000087,0.000170,0.000172,0.000053,-0.000002,-0.000017,-0.000023,-0.000013,-0.000030,0.000034,0.000091,0.000097,0.000132,0.007344,-0.001922,0.003364,0.010274,0.011157,0.008831,0.006001,0.003214,0.001988,0.002760,0.003275,0.002295,0.001185,0.000511,-0.000165,-0.000229,0.000494,0.000942,0.000665,0.000081,-0.000615,-0.001020,-0.001129,-0.001059,-0.000887,-0.000975,-0.001287,-0.001672,-0.002067,-0.002104,-0.001621,-0.001161,-0.000769,-0.000259,0.000190,0.000383,0.000402,0.000260,0.000040,-0.000086,-0.000017,0.000010,-0.000139,-0.000144,-0.000141,-0.000189,-0.000039,0.000072,0.000052,0.000140,0.000187,0.000168,0.000227,0.000314,0.000378,0.000289,0.000370,0.000612,0.000411,-0.000330,-0.000479,0.000484,0.001332,0.000976,-0.000316,-0.001416,-0.001665,-0.001684,-0.001762,-0.001806,-0.001556,-0.000777,0.000203,0.000522,-0.000009,-0.000697,-0.000913,-0.000523,-0.000008,0.000227,0.000243,0.000246,0.000138,0.000116,0.000065,-0.000317,-0.001041,-0.001875,-0.002315,-0.002234,-0.001611,-0.000462,0.000378,0.000289,-0.000076,-0.000165,-0.000099,-0.000035,-0.000073,-0.000022,0.000024,-0.000042,-0.000092,-0.000044,-0.000084,-0.000341,-0.000376,-0.000231,-0.000116,0.000017,0.000030,-0.000117,-0.000196,-0.000161,-0.000141,-0.000112,-0.000086,-0.000123,-0.000128,-0.000106,-0.000089,-0.000034,-0.000016,-0.000082,-0.000176,-0.000217,-0.000160,-0.000142,-0.000114,-0.000127,-0.000204,-0.000168,-0.000033,0.000014,-0.000002,0.000076,0.000073,0.000046,
0.005961,0.007522,0.001696,0.000566,0.003246,0.005518,0.005260,0.002504,0.000114,0.000853,0.003492,0.004374,0.002576,0.000461,-0.000699,-0.001247,-0.000909,0.000108,0.000922,0.001178,0.000894,0.000351,-0.000238,-0.001043,-0.001705,-0.001649,-0.001136,-0.000492,0.000082,0.000343,0.000161,-0.000271,-0.000618,-0.000713,-0.000488,-0.000171,0.000152,0.000266,-0.000067,-0.000878,-0.001392,-0.000889,-0.000164,0.000089,0.000252,0.000343,0.000199,-0.000021,-0.000297,-0.000593,-0.000622,-0.000411,-0.000307,-0.000263,-0.000017,0.000196,0.000218,0.000268,0.000161,-0.000451,-0.001282,-0.001570,-0.001029,0.000126,0.001192,0.001371,0.000745,0.000035,-0.000545,-0.000943,-0.001001,-0.000804,-0.000488,0.000120,0.000636,0.000572,0.000205,-0.000058,-0.000215,-0.000282,-0.000212,-0.000111,0.000051,0.000371,0.000951,0.001524,0.001232,0.000042,-0.000935,-0.001118,-0.000994,-0.000916,-0.000654,-0.000339,-0.000148,0.000071,0.000215,0.000030,-0.000223,-0.000195,-0.000043,0.000082,0.000012,-0.000078,-0.000115,-0.000218,-0.000149,-0.000031,-0.000008,-0.000010,-0.000100,-0.000111,0.000021,0.000127,0.000111,0.000024,-0.000014,-0.000084,-0.000088,-0.000003,-0.000102,-0.000282,-0.000208,-0.000047,0.000049,0.000106,0.000042,0.000011,0.000060,-0.000089,-0.000162,-0.000095,-0.000126,-0.000082,-0.000064,-0.000100,0.000013,0.000149,0.007048,-0.002143,0.003411,0.010239,0.010858,0.008429,0.005781,0.003225,0.002062,0.002770,0.003219,0.002144,0.001047,0.000472,-0.000177,-0.000231,0.000474,0.000791,0.000484,-0.000071,-0.000638,-0.000970,-0.001070,-0.000864,-0.000609,-0.000732,-0.001283,-0.001827,-0.002176,-0.002158,-0.001622,-0.001008,-0.000456,0.000077,0.000258,0.000196,0.000152,0.000070,-0.000112,-0.000209,-0.000026,-0.000043,-0.000226,-0.000184,-0.000269,-0.000371,-0.000192,0.000092,0.000129,-0.000034,-0.000050,-0.000036,0.000143,0.000379,0.000267,0.000082,0.000151,0.000630,0.000665,-0.000031,-0.000100,0.001034,0.002000,0.001277,-0.000746,-0.002027,-0.001952,-0.001639,-0.001579,-0.001582,-0.001204,-0.000429,0.000267,0.000443,0.000056,-0.000668,-0.000948,-0.000465,0.000017,0.000191,0.000269,0.000320,0.000240,0.000171,0.000081,-0.000248,-0.000987,-0.001849,-0.002273,-0.002194,-0.001583,-0.000480,0.000293,0.000266,-0.000054,-0.000071,0.000071,0.000114,0.000043,0.000026,0.000059,-0.000026,-0.000161,-0.000114,0.000067,0.000088,0.000005,-0.000092,-0.000154,-0.000069,0.000044,-0.000093,-0.000173,-0.000051,-0.000003,-0.000109,-0.000110,-0.000027,-0.000045,-0.000139,-0.000197,-0.000155,-0.000056,0.000002,-0.000063,-0.000204,-0.000096,0.000015,-0.000002,-0.000067,-0.000207,-0.000139,-0.000012,-0.000012,0.000041,0.000089,0.000101,0.000060,
0.005704,0.007410,0.001708,0.000587,0.003149,0.005445,0.005124,0.002347,0.000125,0.000968,0.003648,0.004478,0.002670,0.000583,-0.000632,-0.001276,-0.000879,0.000122,0.000970,0.001243,0.000885,0.000250,-0.000337,-0.001052,-0.001645,-0.001593,-0.001213,-0.000564,0.000231,0.000522,0.000113,-0.000436,-0.000718,-0.000776,-0.000513,-0.000074,0.000121,0.000118,-0.000221,-0.001084,-0.001541,-0.000971,-0.000189,0.000120,0.000203,0.000181,-0.000152,-0.000415,-0.000426,-0.000571,-0.000737,-0.000691,-0.000538,-0.000269,0.000105,0.000270,0.000392,0.000427,0.000279,-0.000389,-0.001243,-0.001495,-0.001130,0.000028,0.001386,0.001621,0.000821,0.000121,-0.000306,-0.000579,-0.000739,-0.000746,-0.000432,0.000106,0.000495,0.000451,0.000132,-0.000148,-0.000180,-0.000123,-0.000070,0.000045,0.000239,0.000580,0.001116,0.001563,0.001272,0.000056,-0.001000,-0.001210,-0.000936,-0.000637,-0.000428,-0.000171,0.000000,0.000091,0.000092,-0.000016,-0.000029,-0.000004,-0.000029,-0.000115,-0.000191,-0.000210,-0.000287,-0.000251,-0.000170,-0.000044,0.000025,-0.000007,0.000026,0.000050,0.000008,0.000119,0.000176,0.000146,0.000077,-0.000071,-0.000014,0.000006,-0.000067,-0.000151,-0.000208,-0.000055,0.000097,0.000119,0.000074,0.000017,0.000014,-0.000053,-0.000071,-0.000010,-0.000031,-0.000063,-0.000053,0.000020,0.000080,0.000117,0.006842,-0.002244,0.003216,0.010199,0.011054,0.008647,0.005709,0.002931,0.001810,0.002602,0.003056,0.002058,0.001010,0.000421,-0.000238,-0.000165,0.000567,0.000818,0.000594,0.000186,-0.000465,-0.001060,-0.001306,-0.001024,-0.000652,-0.000730,-0.001088,-0.001583,-0.002079,-0.002087,-0.001402,-0.000558,0.000185,0.000525,0.000318,-0.000036,-0.000171,-0.000046,0.000112,0.000027,-0.000015,-0.000151,-0.000359,-0.000225,-0.000071,-0.000117,-0.000134,-0.000071,-0.000067,-0.000067,0.000016,0.000140,0.000314,0.000322,0.000178,0.000029,0.000160,0.000567,0.000428,-0.000240,-0.000408,0.000657,0.001801,0.001496,-0.000187,-0.001564,-0.001677,-0.001526,-0.001584,-0.001562,-0.001160,-0.000423,0.000268,0.000455,-0.000101,-0.000800,-0.000973,-0.000556,0.000043,0.000174,-0.000007,0.000076,0.000270,0.000270,0.000094,-0.000368,-0.001050,-0.001795,-0.002251,-0.002275,-0.001622,-0.000490,0.000171,0.000154,-0.000060,-0.000125,0.000032,0.000126,0.000114,0.000104,0.000008,-0.000079,-0.000093,0.000004,0.000017,-0.000101,-0.000124,-0.000107,-0.000076,0.000019,0.000013,-0.000160,-0.000211,-0.000215,-0.000081,-0.000019,-0.000084,-0.000125,-0.000098,-0.000090,-0.000167,-0.000163,-0.000089,-0.000107,-0.000132,-0.000088,0.000006,0.000105,0.000062,-0.000175,-0.000240,-0.000102,-0.000009,0.000043,-0.000004,0.000014,0.000074,-0.000041,
0.005408,0.007464,0.001569,0.000211,0.002756,0.005071,0.004848,0.002204,0.000041,0.000822,0.003434,0.004347,0.002691,0.000650,-0.000620,-0.001275,-0.001015,-0.000113,0.000787,0.001241,0.000884,0.000233,-0.000331,-0.001102,-0.001669,-0.001563,-0.001051,-0.000369,0.000284,0.000497,0.000159,-0.000296,-0.000594,-0.000723,-0.000481,0.000015,0.000348,0.000428,0.000051,-0.000861,-0.001329,-0.000946,-0.000240,0.000166,0.000258,0.000162,-0.000151,-0.000400,-0.000512,-0.000615,-0.000674,-0.000498,-0.000297,-0.000074,0.000099,0.000208,0.000292,0.000304,0.000180,-0.000418,-0.001236,-0.001636,-0.001455,-0.000431,0.000798,0.001160,0.000723,0.000113,-0.000422,-0.000882,-0.001124,-0.001138,-0.000740,-0.000035,0.000389,0.000237,-0.000094,-0.000206,-0.000200,-0.000187,-0.000059,0.000061,0.000222,0.000572,0.001137,0.001681,0.001415,0.000225,-0.000835,-0.001063,-0.000852,-0.000830,-0.000654,-0.000158,0.000047,0.000088,0.000154,0.000135,0.000029,-0.000027,0.000004,0.000074,0.000024,-0.000185,-0.000289,-0.000250,-0.000135,0.000041,0.000079,-0.000071,-0.000074,0.000009,0.000052,0.000143,0.000167,0.000060,-0.000029,0.000051,0.000131,0.000066,-0.000061,-0.000123,-0.000065,0.000020,0.000132,0.000282,0.000323,0.000167,0.000035,0.000007,-0.000019,-0.000085,-0.000133,-0.000061,0.000087,0.000143,0.000060,0.000045,0.006691,-0.002424,0.003100,0.010165,0.011117,0.008777,0.005991,0.003218,0.001932,0.002685,0.003242,0.002180,0.001045,0.000404,-0.000356,-0.000338,0.000517,0.000969,0.000666,0.000047,-0.000568,-0.000976,-0.001103,-0.000870,-0.000665,-0.000862,-0.001235,-0.001647,-0.002063,-0.002184,-0.001750,-0.001106,-0.000539,-0.000087,0.000246,0.000398,0.000367,0.000213,0.000051,-0.000130,-0.000166,-0.000081,-0.000085,-0.000057,-0.000115,-0.000188,-0.000072,0.000126,0.000091,0.000003,0.000022,0.000111,0.000180,0.000310,0.000324,0.000183,0.000220,0.000558,0.000516,-0.000123,-0.000356,0.000565,0.001659,0.001522,0.000029,-0.001325,-0.001568,-0.001488,-0.001602,-0.001697,-0.001319,-0.000418,0.000451,0.000607,0.000010,-0.000661,-0.000810,-0.000370,0.000119,0.000306,0.000293,0.000272,0.000309,0.000236,0.000169,-0.000127,-0.000901,-0.001710,-0.002217,-0.002263,-0.001680,-0.000535,0.000269,0.000264,-0.000086,-0.000197,-0.000072,0.000090,0.000210,0.000187,0.000150,0.000069,-0.000011,0.000052,0.000148,0.000090,-0.000077,-0.000185,-0.000163,-0.000052,0.000013,-0.000003,-0.000016,-0.000041,-0.000091,-0.000121,-0.000177,-0.000180,-0.000069,-0.000094,-0.000267,-0.000311,-0.000221,-0.000112,-0.000180,-0.000275,-0.000152,0.000081,0.000106,-0.000008,-0.000011,-0.000041,-0.000059,0.000016,-0.000025,0.000006,0.000030,-0.000058,
0.005172,0.007492,0.001566,-0.000011,0.002501,0.004900,0.004685,0.002019,-0.000180,0.000688,0.003323,0.004225,0.002598,0.000546,-0.000673,-0.001237,-0.000954,-0.000010,0.000911,0.001258,0.000959,0.000395,-0.000214,-0.001005,-0.001665,-0.001668,-0.001110,-0.000297,0.000383,0.000581,0.000270,-0.000179,-0.000451,-0.000592,-0.000399,0.000161,0.000665,0.000616,-0.000044,-0.000967,-0.001420,-0.000980,-0.000191,0.000226,0.000293,0.000098,-0.000211,-0.000380,-0.000471,-0.000531,-0.000563,-0.000500,-0.000282,-0.000020,0.000161,0.000262,0.000222,0.000187,0.000046,-0.000409,-0.001048,-0.001388,-0.001041,0.000253,0.001525,0.001740,0.001255,0.000544,-0.000267,-0.000819,-0.001141,-0.001258,-0.000944,-0.000322,0.000147,0.000290,0.000150,-0.000011,-0.000059,-0.000089,-0.000077,-0.000005,0.000082,0.000387,0.001057,0.001651,0.001364,0.000089,-0.000973,-0.001035,-0.000854,-0.000923,-0.000739,-0.000283,-0.000039,0.000073,0.000163,0.000089,-0.000096,-0.000034,0.000203,0.000154,-0.000105,-0.000183,-0.000210,-0.000256,-0.000192,-0.000058,0.000035,-0.000061,-0.000136,-0.000083,-0.000004,0.000143,0.000146,0.000010,-0.000154,-0.000253,-0.000171,0.000001,0.000030,-0.000072,-0.000010,0.000155,0.000201,0.000144,0.000124,0.000191,0.000170,0.000066,-0.000009,-0.000107,-0.000151,-0.000133,-0.000165,-0.000005,0.000180,0.000175,0.006690,-0.002435,0.003046,0.010148,0.011089,0.008743,0.005942,0.003190,0.001866,0.002584,0.003182,0.002253,0.001128,0.000342,-0.000350,-0.000272,0.000418,0.000772,0.000624,0.000176,-0.000451,-0.001025,-0.001248,-0.000987,-0.000756,-0.000917,-0.001230,-0.001572,-0.001912,-0.001998,-0.001646,-0.001115,-0.000668,-0.000282,0.000120,0.000320,0.000356,0.000241,-0.000017,-0.000281,-0.000264,-0.000162,-0.000172,-0.000152,-0.000154,-0.000232,-0.000184,-0.000037,0.000021,0.000002,0.000013,-0.000028,0.000040,0.000201,0.000090,-0.000071,0.000135,0.000562,0.000416,-0.000252,-0.000328,0.000776,0.001718,0.001082,-0.000661,-0.001844,-0.001878,-0.001801,-0.001820,-0.001776,-0.001433,-0.000559,0.000322,0.000520,0.000001,-0.000620,-0.000696,-0.000270,0.000188,0.000362,0.000298,0.000237,0.000241,0.000218,0.000091,-0.000290,-0.001016,-0.001835,-0.002352,-0.002288,-0.001675,-0.000560,0.000287,0.000310,0.000029,-0.000071,0.000002,0.000032,-0.000036,-0.000047,-0.000011,-0.000011,-0.000019,-0.000018,0.000033,-0.000028,-0.000111,-0.000177,-0.000195,-0.000159,-0.000143,-0.000165,-0.000119,-0.000062,-0.000131,-0.000166,-0.000034,0.000002,-0.000061,-0.000160,-0.000209,-0.000073,0.000141,0.000181,0.000007,-0.000105,-0.000080,-0.000001,0.000051,-0.000135,-0.000237,-0.000106,-0.000110,-0.000101,-0.000102,-0.000093,-0.000050,-0.000096,
0.005536,0.007675,0.001602,0.000069,0.002581,0.004872,0.004708,0.002145,0.000053,0.000864,0.003419,0.004284,0.002594,0.000632,-0.000514,-0.001221,-0.001033,-0.000007,0.000902,0.001258,0.000973,0.000341,-0.000248,-0.001004,-0.001616,-0.001520,-0.001001,-0.000190,0.000593,0.000736,0.000298,-0.000169,-0.000564,-0.000789,-0.000534,0.000144,0.000638,0.000548,-0.000115,-0.001021,-0.001425,-0.000995,-0.000330,0.000156,0.000352,0.000180,-0.000112,-0.000341,-0.000500,-0.000508,-0.000417,-0.000372,-0.000287,-0.000104,0.000141,0.000267,0.000239,0.000183,0.000080,-0.000477,-0.001285,-0.001735,-0.001570,-0.000431,0.000964,0.001248,0.000534,-0.000149,-0.000713,-0.001242,-0.001314,-0.000932,-0.000499,-0.000078,0.000293,0.000321,0.000162,-0.000002,-0.000187,-0.000232,-0.000173,-0.000124,0.000016,0.000339,0.001002,0.001533,0.001156,0.000001,-0.000868,-0.001017,-0.000952,-0.000874,-0.000580,-0.000234,-0.000050,0.000000,0.000030,0.000033,-0.000070,-0.000042,0.000100,0.000120,0.000028,-0.000088,-0.000108,-0.000068,-0.000050,-0.000078,-0.000163,-0.000139,-0.000044,-0.000021,0.000098,0.000229,0.000203,0.000118,0.000023,-0.000052,-0.000074,0.000004,0.000064,-0.000036,-0.000147,-0.000104,0.000057,0.000174,0.000172,0.000112,0.000100,-0.000028,-0.000194,-0.000201,-0.000235,-0.000359,-0.000248,-0.000073,0.000013,0.000092,0.007044,-0.002032,0.003257,0.010155,0.011197,0.008867,0.006045,0.003253,0.001871,0.002619,0.003246,0.002257,0.001004,0.000300,-0.000256,-0.000286,0.000378,0.000837,0.000688,0.000142,-0.000505,-0.000957,-0.001135,-0.000903,-0.000607,-0.000723,-0.001064,-0.001391,-0.001716,-0.001837,-0.001537,-0.001137,-0.000820,-0.000331,0.000194,0.000450,0.000379,0.000211,-0.000004,-0.000125,-0.000045,0.000021,-0.000015,-0.000013,-0.000103,-0.000267,-0.000217,-0.000062,0.000047,0.000095,0.000007,-0.000072,0.000004,0.000252,0.000356,0.000192,0.000233,0.000573,0.000414,-0.000222,-0.000282,0.000840,0.001946,0.001495,-0.000363,-0.001889,-0.002104,-0.001940,-0.001848,-0.001669,-0.001208,-0.000348,0.000539,0.000563,-0.000089,-0.000592,-0.000672,-0.000348,0.000117,0.000366,0.000365,0.000289,0.000187,0.000142,0.000141,-0.000268,-0.001049,-0.001813,-0.002262,-0.002193,-0.001495,-0.000404,0.000292,0.000278,0.000047,0.000137,0.000294,0.000314,0.000316,0.000197,0.000062,0.000067,0.000035,-0.000011,-0.000034,-0.000118,-0.000122,-0.000093,-0.000124,-0.000107,-0.000103,-0.000122,-0.000074,-0.000115,-0.000112,-0.000069,-0.000071,-0.000136,-0.000234,-0.000205,-0.000178,-0.000146,0.000009,0.000074,-0.000001,-0.000166,-0.000221,-0.000125,-0.000025,-0.000048,-0.000034,0.000018,0.000054,0.000111,0.000094,0.000023,0.000054,0.000012,
0.005702,0.008072,0.001766,-0.000078,0.002227,0.004550,0.004601,0.002083,-0.000073,0.000779,0.003385,0.004259,0.002647,0.000685,-0.000567,-0.001244,-0.000898,-0.000017,0.000802,0.001237,0.000975,0.000349,-0.000203,-0.000986,-0.001613,-0.001525,-0.001081,-0.000446,0.000334,0.000635,0.000283,-0.000173,-0.000535,-0.000689,-0.000469,0.000052,0.000488,0.000579,0.000118,-0.000862,-0.001405,-0.000968,-0.000190,0.000213,0.000296,0.000084,-0.000200,-0.000306,-0.000431,-0.000522,-0.000427,-0.000363,-0.000335,-0.000204,0.000103,0.000267,0.000183,0.000161,0.000151,-0.000345,-0.001109,-0.001490,-0.001252,-0.000054,0.001597,0.002307,0.001537,0.000441,-0.000260,-0.000683,-0.000842,-0.000777,-0.000503,-0.000198,0.000158,0.000307,0.000101,-0.000022,-0.000091,-0.000114,-0.000024,-0.000006,0.000139,0.000560,0.001151,0.001594,0.001348,0.000196,-0.000924,-0.001102,-0.000939,-0.000892,-0.000576,-0.000136,0.000083,0.000156,0.000215,0.000160,-0.000061,-0.000053,0.000099,0.000010,-0.000119,-0.000158,-0.000155,-0.000144,-0.000071,0.000104,0.000160,0.000039,-0.000106,-0.000190,-0.000177,-0.000061,0.000082,0.000189,0.000097,-0.000052,0.000000,0.000093,-0.000048,-0.000245,-0.000208,-0.000139,-0.000054,0.000139,0.000289,0.000260,0.000114,0.000014,-0.000042,-0.000127,-0.000178,-0.000086,0.000017,0.000002,0.000059,0.000156,0.007654,-0.001262,0.003648,0.010248,0.011171,0.008835,0.006018,0.003271,0.001919,0.002743,0.003397,0.002413,0.001219,0.000536,-0.000097,-0.000216,0.000392,0.000801,0.000677,0.000129,-0.000629,-0.001082,-0.001173,-0.000944,-0.000718,-0.000932,-0.001245,-0.001469,-0.001688,-0.001833,-0.001711,-0.001365,-0.000977,-0.000474,0.000189,0.000396,0.000242,0.000126,-0.000031,-0.000241,-0.000167,-0.000016,0.000011,0.000087,0.000017,-0.000149,-0.000201,-0.000136,-0.000020,0.000072,0.000101,0.000040,0.000075,0.000297,0.000319,0.000197,0.000263,0.000586,0.000483,-0.000183,-0.000503,0.000301,0.001256,0.001021,-0.000458,-0.001872,-0.002127,-0.002065,-0.002024,-0.001849,-0.001529,-0.000613,0.000462,0.000648,-0.000055,-0.000732,-0.000783,-0.000323,0.000072,0.000095,0.000100,0.000157,0.000099,0.000149,0.000191,-0.000235,-0.001099,-0.001976,-0.002579,-0.002465,-0.001603,-0.000379,0.000367,0.000344,0.000034,-0.000074,0.000090,0.000184,0.000076,-0.000053,-0.000057,-0.000086,-0.000143,-0.000161,-0.000162,-0.000222,-0.000188,-0.000086,-0.000129,-0.000121,-0.000043,-0.000068,-0.000066,-0.000036,-0.000019,-0.000045,-0.000100,-0.000152,-0.000119,-0.000034,-0.000063,-0.000160,-0.000120,-0.000076,-0.000253,-0.000233,-0.000075,-0.000022,-0.000006,-0.000132,-0.000246,-0.000209,-0.000082,0.000070,0.000075,0.000031,-0.000042,-0.000141,
0.006124,0.008355,0.002087,0.000214,0.002562,0.004813,0.004640,0.002111,-0.000040,0.000798,0.003417,0.004255,0.002561,0.000545,-0.000639,-0.001237,-0.000904,0.000030,0.000859,0.001270,0.000986,0.000315,-0.000258,-0.000920,-0.001620,-0.001726,-0.001238,-0.000443,0.000248,0.000566,0.000228,-0.000302,-0.000535,-0.000731,-0.000590,-0.000107,0.000219,0.000247,-0.000157,-0.001038,-0.001477,-0.000917,-0.000249,0.000105,0.000298,0.000237,-0.000023,-0.000207,-0.000367,-0.000505,-0.000495,-0.000432,-0.000333,-0.000244,-0.000038,0.000176,0.000301,0.000367,0.000188,-0.000454,-0.001013,-0.001071,-0.000690,0.000113,0.000893,0.001108,0.000788,0.000264,-0.000290,-0.000617,-0.000607,-0.000567,-0.000344,0.000265,0.000650,0.000436,0.000005,-0.000236,-0.000274,-0.000280,-0.000184,0.000084,0.000281,0.000606,0.001179,0.001633,0.001341,0.000093,-0.001057,-0.001176,-0.000787,-0.000683,-0.000507,-0.000150,0.000116,0.000208,0.000118,-0.000021,-0.000122,-0.000168,-0.000100,-0.000018,-0.000077,-0.000134,-0.000136,-0.000135,-0.000116,-0.000011,0.000007,-0.000100,-0.000153,-0.000083,-0.000058,0.000014,0.000195,0.000256,0.000053,-0.000115,-0.000071,-0.000042,-0.000097,-0.000094,-0.000101,-0.000124,0.000007,0.000127,0.000000,-0.000062,0.000036,0.000018,-0.000093,-0.000206,-0.000256,-0.000138,0.000028,0.000144,0.000130,0.000056,0.007964,-0.001165,0.003732,0.010309,0.011061,0.008690,0.005780,0.003045,0.001915,0.002742,0.003267,0.002198,0.001087,0.000503,-0.000211,-0.000245,0.000528,0.000852,0.000691,0.000248,-0.000504,-0.001022,-0.001096,-0.000890,-0.000782,-0.000918,-0.001277,-0.001678,-0.002028,-0.002067,-0.001643,-0.001156,-0.000623,-0.000161,0.000134,0.000216,0.000242,0.000232,0.000086,-0.000073,-0.000106,-0.000065,-0.000090,-0.000092,-0.000087,-0.000126,-0.000039,0.000027,0.000058,0.000112,0.000090,0.000065,0.000178,0.000403,0.000379,0.000167,0.000246,0.000578,0.000366,-0.000292,-0.000233,0.000926,0.001866,0.001353,-0.000298,-0.001687,-0.001965,-0.001848,-0.001853,-0.001737,-0.001298,-0.000552,0.000210,0.000436,-0.000056,-0.000754,-0.000889,-0.000324,0.000265,0.000455,0.000414,0.000344,0.000273,0.000239,0.000149,-0.000197,-0.000866,-0.001662,-0.002246,-0.002380,-0.001817,-0.000614,0.000251,0.000266,-0.000083,-0.000262,-0.000170,-0.000075,-0.000085,-0.000048,-0.000033,-0.000124,-0.000234,-0.000238,-0.000120,0.000015,0.000058,-0.000057,-0.000187,-0.000148,-0.000016,-0.000031,-0.000084,-0.000055,-0.000096,-0.000167,-0.000158,-0.000135,-0.000035,-0.000106,-0.000229,-0.000147,0.000027,0.000075,-0.000011,-0.000123,-0.000103,0.000039,0.000087,0.000132,0.000040,-0.000084,-0.000072,0.000063,0.000078,0.000113,0.000154,0.000009,
0.006671,0.008742,0.002623,0.000632,0.002797,0.005119,0.004856,0.002119,-0.000018,0.000851,0.003385,0.004303,0.002670,0.000595,-0.000515,-0.001156,-0.001008,-0.000103,0.000819,0.001303,0.000935,0.000301,-0.000186,-0.001003,-0.001687,-0.001678,-0.001282,-0.000555,0.000211,0.000399,0.000067,-0.000225,-0.000478,-0.000523,-0.000291,-0.000055,0.000064,0.000038,-0.000372,-0.001207,-0.001487,-0.000902,-0.000217,0.000154,0.000187,0.000005,-0.000229,-0.000337,-0.000412,-0.000535,-0.000563,-0.000458,-0.000366,-0.000185,0.000113,0.000210,0.000201,0.000254,0.000173,-0.000457,-0.001366,-0.001762,-0.001369,-0.000132,0.001186,0.001371,0.000685,0.000085,-0.000301,-0.000615,-0.000909,-0.000969,-0.000543,0.000154,0.000616,0.000467,0.000104,-0.000049,-0.000157,-0.000248,-0.000292,-0.000140,0.000134,0.000502,0.001061,0.001558,0.001358,0.000192,-0.000970,-0.001294,-0.001105,-0.000908,-0.000598,-0.000102,0.000226,0.000309,0.000316,0.000162,0.000060,0.000128,0.000117,-0.000019,-0.000155,-0.000162,-0.000123,-0.000062,-0.000031,0.000087,0.000113,-0.000125,-0.000218,-0.000073,0.000033,0.000093,0.000186,0.000173,-0.000003,-0.000113,-0.000050,-0.000015,-0.000087,-0.000098,-0.000077,-0.000002,0.000060,0.000092,0.000167,0.000249,0.000263,0.000183,-0.000002,-0.000118,-0.000104,-0.000089,-0.000075,0.000060,0.000194,0.000183,0.008493,-0.000414,0.004322,0.010516,0.011055,0.008570,0.005806,0.003280,0.002240,0.002948,0.003269,0.002220,0.001142,0.000426,-0.000209,-0.000169,0.000490,0.000896,0.000704,0.000162,-0.000508,-0.000997,-0.001052,-0.000792,-0.000618,-0.000705,-0.001176,-0.001847,-0.002240,-0.002137,-0.001465,-0.000504,0.000144,0.000353,0.000290,0.000092,-0.000014,0.000032,0.000068,0.000019,0.000067,0.000093,-0.000119,-0.000268,-0.000235,-0.000133,-0.000021,0.000160,0.000171,0.000006,-0.000091,-0.000092,0.000094,0.000255,0.000194,0.000068,0.000215,0.000657,0.000614,-0.000085,-0.000247,0.000783,0.001944,0.001417,-0.000554,-0.001853,-0.001972,-0.001813,-0.001794,-0.001705,-0.001250,-0.000406,0.000399,0.000422,-0.000144,-0.000659,-0.000759,-0.000355,0.000154,0.000422,0.000404,0.000239,0.000124,0.000115,0.000002,-0.000433,-0.001092,-0.001769,-0.002184,-0.002147,-0.001494,-0.000387,0.000319,0.000194,-0.000179,-0.000156,0.000024,-0.000076,-0.000201,-0.000127,-0.000144,-0.000137,0.000006,0.000028,-0.000026,-0.000087,-0.000200,-0.000254,-0.000144,-0.000084,-0.000134,-0.000173,-0.000128,-0.000051,-0.000032,-0.000089,-0.000103,-0.000083,-0.000013,0.000024,-0.000132,-0.000173,-0.000140,-0.000150,-0.000149,-0.000211,-0.000174,-0.000068,0.000024,0.000082,0.000021,-0.000031,0.000039,0.000000,-0.000015,0.000064,0.000139,0.000090,
0.007314,0.009310,0.002447,0.000156,0.002362,0.004785,0.004751,0.002066,-0.000110,0.000684,0.003221,0.004132,0.002503,0.000468,-0.000644,-0.001186,-0.000893,0.000070,0.001029,0.001344,0.000930,0.000382,-0.000075,-0.000875,-0.001648,-0.001637,-0.001128,-0.000297,0.000401,0.000586,0.000283,-0.000140,-0.000481,-0.000677,-0.000534,-0.000138,0.000203,0.000178,-0.000209,-0.000968,-0.001366,-0.000959,-0.000300,0.000122,0.000371,0.000229,-0.000157,-0.000339,-0.000529,-0.000687,-0.000686,-0.000556,-0.000396,-0.000243,-0.000071,0.000053,0.000139,0.000243,0.000177,-0.000413,-0.001180,-0.001584,-0.001442,-0.000307,0.001145,0.001497,0.000825,0.000254,-0.000144,-0.000560,-0.000687,-0.000643,-0.000423,0.000073,0.000418,0.000369,0.000098,-0.000134,-0.000200,-0.000149,-0.000072,-0.000028,0.000119,0.000460,0.001057,0.001557,0.001314,0.000213,-0.000809,-0.001057,-0.000909,-0.000808,-0.000624,-0.000283,-0.000060,0.000044,0.000117,0.000066,-0.000017,0.000088,0.000082,-0.000029,-0.000061,-0.000139,-0.000163,-0.000100,-0.000023,0.000072,0.000082,0.000024,0.000093,0.000078,0.000075,0.000161,0.000111,0.000047,-0.000058,-0.000116,-0.000083,-0.000007,-0.000018,-0.000170,-0.000204,-0.000112,-0.000059,0.000013,0.000056,0.000027,-0.000002,-0.000054,-0.000030,-0.000017,-0.000063,-0.000106,-0.000041,0.000107,0.000143,0.000031,0.009594,0.000692,0.004792,0.010675,0.011213,0.008801,0.005981,0.003287,0.002135,0.002802,0.003262,0.002343,0.001218,0.000429,-0.000324,-0.000343,0.000427,0.000829,0.000588,0.000165,-0.000534,-0.001065,-0.001125,-0.000807,-0.000717,-0.000916,-0.001231,-0.001658,-0.002042,-0.001980,-0.001444,-0.000764,-0.000213,0.000058,0.000153,0.000225,0.000223,0.000153,0.000123,0.000083,-0.000021,-0.000151,-0.000225,-0.000107,0.000032,0.000062,0.000075,0.000036,-0.000014,0.000013,0.000004,0.000036,0.000206,0.000344,0.000312,0.000207,0.000258,0.000575,0.000400,-0.000300,-0.000412,0.000732,0.002002,0.001761,0.000142,-0.001131,-0.001326,-0.001528,-0.001815,-0.001807,-0.001400,-0.000432,0.000546,0.000686,0.000038,-0.000705,-0.000824,-0.000332,0.000187,0.000378,0.000364,0.000247,0.000205,0.000207,0.000130,-0.000298,-0.001064,-0.001813,-0.002295,-0.002303,-0.001637,-0.000493,0.000326,0.000421,0.000040,-0.000087,-0.000011,-0.000058,-0.000058,0.000020,0.000024,-0.000042,-0.000094,-0.000079,-0.000114,-0.000111,-0.000053,-0.000100,-0.000145,-0.000127,-0.000119,-0.000164,-0.000114,-0.000089,-0.000175,-0.000183,-0.000166,-0.000206,-0.000195,-0.000165,-0.000163,-0.000191,-0.000221,-0.000177,-0.000135,-0.000106,-0.000108,-0.000093,-0.000064,-0.000079,-0.000145,-0.000109,-0.000041,-0.000034,-0.000007,-0.000004,-0.000079,-0.000098,
0.007559,0.009681,0.002613,0.000159,0.002403,0.004913,0.004864,0.002157,-0.000118,0.000650,0.003244,0.004247,0.002606,0.000492,-0.000631,-0.001169,-0.000838,0.000156,0.000972,0.001275,0.000897,0.000308,-0.000104,-0.000848,-0.001672,-0.001671,-0.001199,-0.000516,0.000354,0.000632,0.000368,0.000065,-0.000326,-0.000568,-0.000338,0.000156,0.000530,0.000454,-0.000088,-0.000925,-0.001371,-0.001014,-0.000389,0.000066,0.000354,0.000277,-0.000134,-0.000411,-0.000481,-0.000586,-0.000630,-0.000506,-0.000322,-0.000050,0.000235,0.000360,0.000324,0.000286,0.000185,-0.000375,-0.001012,-0.001298,-0.001185,-0.000241,0.000981,0.001370,0.000920,0.000279,-0.000360,-0.000885,-0.001213,-0.001386,-0.001032,-0.000298,0.000120,0.000179,0.000097,-0.000036,-0.000124,-0.000183,-0.000242,-0.000140,0.000081,0.000460,0.001134,0.001694,0.001377,0.000167,-0.000910,-0.001149,-0.000983,-0.000867,-0.000626,-0.000187,0.000098,0.000159,0.000192,0.000095,-0.000112,-0.000082,0.000040,0.000002,-0.000084,-0.000098,-0.000031,0.000007,-0.000083,-0.000057,-0.000007,-0.000107,-0.000143,-0.000041,-0.000017,0.000004,0.000150,0.000120,-0.000013,-0.000034,-0.000034,-0.000150,-0.000208,-0.000085,-0.000010,-0.000018,-0.000003,0.000087,0.000110,0.000098,0.000156,0.000039,-0.000117,-0.000188,-0.000201,-0.000155,-0.000086,0.000024,0.000057,0.000088,0.009899,0.001192,0.005051,0.010685,0.011335,0.008923,0.006052,0.003419,0.002230,0.003074,0.003630,0.002515,0.001311,0.000610,-0.000172,-0.000349,0.000391,0.000829,0.000589,0.000139,-0.000414,-0.000896,-0.001128,-0.001013,-0.000821,-0.000942,-0.001261,-0.001615,-0.001932,-0.002017,-0.001674,-0.001165,-0.000721,-0.000241,0.000243,0.000443,0.000397,0.000258,-0.000020,-0.000155,-0.000167,-0.000103,-0.000072,-0.000053,-0.000100,-0.000242,-0.000274,-0.000108,0.000117,0.000202,0.000105,-0.000019,0.000121,0.000296,0.000214,0.000002,0.000226,0.000627,0.000478,-0.000298,-0.000466,0.000645,0.001603,0.001076,-0.000567,-0.001806,-0.001860,-0.001615,-0.001707,-0.001835,-0.001565,-0.000622,0.000455,0.000728,0.000039,-0.000698,-0.000915,-0.000570,-0.000106,0.000168,0.000368,0.000401,0.000286,0.000290,0.000280,-0.000149,-0.000844,-0.001675,-0.002307,-0.002317,-0.001669,-0.000559,0.000208,0.000145,-0.000148,-0.000153,-0.000012,0.000052,-0.000036,-0.000021,-0.000029,-0.000096,-0.000103,-0.000083,-0.000115,-0.000158,-0.000133,-0.000214,-0.000240,-0.000217,-0.000243,-0.000189,-0.000177,-0.000088,0.000030,0.000025,0.000033,0.000036,0.000040,-0.000043,-0.000160,-0.000137,-0.000058,0.000023,0.000065,-0.000009,-0.000037,-0.000043,-0.000015,-0.000115,-0.000220,-0.000082,0.000094,0.000061,-0.000040,-0.000045,-0.000015,-0.000014,
0.007844,0.009699,0.002434,-0.000070,0.002269,0.004840,0.004852,0.002266,0.000089,0.000788,0.003220,0.004114,0.002621,0.000625,-0.000615,-0.001215,-0.000837,0.000158,0.000917,0.001227,0.000934,0.000400,-0.000065,-0.000880,-0.001600,-0.001502,-0.001014,-0.000509,0.000095,0.000533,0.000434,-0.000042,-0.000438,-0.000658,-0.000480,0.000017,0.000430,0.000473,-0.000083,-0.001061,-0.001513,-0.001026,-0.000261,0.000224,0.000454,0.000203,-0.000214,-0.000363,-0.000526,-0.000657,-0.000547,-0.000351,-0.000282,-0.000113,0.000167,0.000284,0.000290,0.000284,0.000228,-0.000317,-0.001202,-0.001618,-0.001229,-0.000073,0.001189,0.001587,0.001067,0.000276,-0.000549,-0.001028,-0.001128,-0.001168,-0.000870,-0.000240,0.000228,0.000312,0.000188,0.000044,-0.000103,-0.000130,-0.000092,-0.000060,0.000061,0.000420,0.001116,0.001724,0.001460,0.000199,-0.000945,-0.001131,-0.000940,-0.000823,-0.000481,-0.000084,0.000076,0.000106,0.000116,0.000153,0.000113,0.000053,-0.000010,-0.000120,-0.000137,-0.000195,-0.000234,-0.000218,-0.000184,-0.000111,0.000007,0.000010,-0.000095,-0.000137,-0.000039,0.000069,0.000163,0.000191,0.000057,-0.000115,-0.000162,-0.000085,-0.000021,-0.000067,-0.000141,-0.000045,0.000096,0.000187,0.000212,0.000161,0.000042,-0.000019,-0.000006,-0.000028,-0.000050,-0.000066,0.000011,0.000063,0.000077,0.000062,0.010077,0.001510,0.005275,0.010833,0.011372,0.008913,0.006083,0.003486,0.002334,0.002994,0.003434,0.002362,0.001220,0.000540,-0.000218,-0.000263,0.000470,0.000887,0.000682,0.000204,-0.000355,-0.000746,-0.000941,-0.000866,-0.000735,-0.000909,-0.001283,-0.001543,-0.001693,-0.001739,-0.001552,-0.001312,-0.000930,-0.000362,0.000133,0.000329,0.000415,0.000418,0.000187,-0.000041,-0.000122,-0.000107,-0.000084,-0.000049,-0.000048,-0.000166,-0.000125,0.000094,0.000135,0.000062,0.000016,0.000022,0.000169,0.000327,0.000237,-0.000004,0.000109,0.000477,0.000452,-0.000099,-0.000262,0.000726,0.001650,0.001097,-0.000561,-0.001692,-0.001750,-0.001687,-0.001707,-0.001553,-0.001211,-0.000489,0.000317,0.000686,0.000317,-0.000427,-0.000709,-0.000378,0.000074,0.000212,0.000192,0.000150,0.000105,0.000158,0.000282,-0.000041,-0.000850,-0.001710,-0.002244,-0.002212,-0.001590,-0.000594,0.000130,0.000164,-0.000019,-0.000010,0.000094,0.000117,0.000090,0.000034,-0.000025,-0.000017,-0.000018,-0.000085,-0.000118,-0.000158,-0.000248,-0.000177,-0.000034,-0.000028,-0.000097,-0.000197,-0.000158,-0.000091,-0.000111,-0.000114,-0.000161,-0.000171,-0.000159,-0.000227,-0.000226,-0.000102,-0.000136,-0.000150,-0.000092,-0.000140,-0.000123,0.000028,0.000135,0.000078,0.000032,0.000009,-0.000014,0.000038,0.000046,-0.000019,0.000010,-0.000009,
0.008123,0.009976,0.002700,0.000121,0.002520,0.005211,0.005020,0.002237,0.000008,0.000667,0.003108,0.004019,0.002537,0.000549,-0.000677,-0.001300,-0.000932,0.000134,0.000936,0.001243,0.000873,0.000281,-0.000164,-0.000874,-0.001543,-0.001680,-0.001315,-0.000454,0.000423,0.000628,0.000273,-0.000258,-0.000653,-0.000838,-0.000555,0.000015,0.000436,0.000481,0.000063,-0.000888,-0.001417,-0.000950,-0.000313,0.000025,0.000260,0.000267,0.000012,-0.000310,-0.000495,-0.000452,-0.000433,-0.000344,-0.000213,-0.000113,0.000126,0.000226,0.000205,0.000236,0.000135,-0.000457,-0.001298,-0.001831,-0.001598,-0.000186,0.001447,0.001906,0.001187,0.000215,-0.000644,-0.001139,-0.001067,-0.000760,-0.000390,0.000108,0.000404,0.000269,-0.000059,-0.000141,-0.000114,-0.000103,-0.000094,-0.000059,0.000126,0.000536,0.001158,0.001604,0.001328,0.000156,-0.000884,-0.001044,-0.000823,-0.000716,-0.000559,-0.000150,0.000178,0.000172,0.000149,0.000055,-0.000107,-0.000102,0.000009,0.000024,-0.000094,-0.000157,-0.000049,0.000052,-0.000027,-0.000020,-0.000012,-0.000189,-0.000218,-0.000105,0.000013,0.000159,0.000183,-0.000029,-0.000151,-0.000141,-0.000096,0.000039,0.000028,-0.000186,-0.000297,-0.000088,0.000065,0.000202,0.000298,0.000143,0.000017,-0.000015,-0.000071,-0.000103,-0.000172,-0.000233,-0.000145,-0.000089,0.000016,0.000219,0.010254,0.001929,0.005702,0.011038,0.011396,0.008883,0.006181,0.003679,0.002454,0.003158,0.003659,0.002612,0.001394,0.000601,-0.000141,-0.000290,0.000419,0.000812,0.000561,0.000138,-0.000405,-0.000859,-0.001048,-0.000921,-0.000717,-0.000829,-0.001154,-0.001467,-0.001720,-0.001801,-0.001590,-0.001167,-0.000764,-0.000335,0.000101,0.000398,0.000496,0.000306,0.000094,-0.000047,-0.000097,-0.000058,-0.000068,0.000005,0.000006,-0.000149,-0.000174,-0.000028,0.000091,0.000088,0.000032,0.000003,0.000094,0.000304,0.000167,-0.000051,0.000140,0.000587,0.000550,-0.000140,-0.000444,0.000377,0.001546,0.001424,-0.000458,-0.002181,-0.002440,-0.002196,-0.002010,-0.001826,-0.001405,-0.000568,0.000293,0.000518,-0.000016,-0.000533,-0.000661,-0.000372,0.000128,0.000350,0.000292,0.000200,0.000242,0.000302,0.000323,-0.000087,-0.001015,-0.001882,-0.002319,-0.002291,-0.001597,-0.000414,0.000247,0.000200,-0.000040,-0.000015,0.000124,0.000138,0.000052,-0.000018,0.000035,0.000152,0.000007,-0.000063,0.000005,-0.000040,-0.000043,-0.000072,-0.000167,-0.000163,-0.000152,-0.000228,-0.000230,-0.000171,-0.000115,-0.000136,-0.000161,-0.000106,0.000022,-0.000022,-0.000200,-0.000225,-0.000147,-0.000061,0.000030,-0.000029,-0.000123,0.000034,0.000093,-0.000071,-0.000083,-0.000052,-0.000093,-0.000037,0.000072,0.000036,-0.000066,0.000003,
0.008572,0.010086,0.002909,0.000349,0.002583,0.005286,0.005313,0.002583,0.000260,0.000844,0.003222,0.004098,0.002609,0.000586,-0.000682,-0.001276,-0.000901,0.000154,0.001134,0.001484,0.001115,0.000518,-0.000134,-0.000986,-0.001697,-0.001675,-0.001141,-0.000469,0.000229,0.000475,0.000310,-0.000012,-0.000446,-0.000825,-0.000702,-0.000141,0.000314,0.000311,-0.000108,-0.000910,-0.001252,-0.000843,-0.000265,0.000091,0.000240,0.000179,-0.000048,-0.000164,-0.000319,-0.000514,-0.000476,-0.000367,-0.000330,-0.000219,0.000065,0.000249,0.000201,0.000192,0.000069,-0.000420,-0.001035,-0.001203,-0.000782,0.000249,0.001377,0.001710,0.001128,0.000255,-0.000352,-0.000698,-0.000695,-0.000563,-0.000416,0.000052,0.000450,0.000413,0.000071,-0.000194,-0.000184,-0.000096,-0.000093,-0.000014,0.000147,0.000553,0.001206,0.001694,0.001390,0.000094,-0.001026,-0.001202,-0.000962,-0.000767,-0.000538,-0.000097,0.000159,0.000177,0.000166,0.000107,-0.000088,-0.000088,0.000047,-0.000006,-0.000194,-0.000280,-0.000110,-0.000041,-0.000175,-0.000237,-0.000108,0.000029,-0.000024,-0.000074,0.000024,0.000162,0.000227,0.000199,0.000048,-0.000093,-0.000018,0.000058,-0.000050,-0.000210,-0.000184,-0.000061,0.000079,0.000170,0.000112,0.000039,-0.000013,-0.000018,-0.000018,0.000009,-0.000025,-0.000160,-0.000158,0.000031,0.000190,0.000194,0.010513,0.002487,0.006180,0.011207,0.011380,0.008799,0.005941,0.003453,0.002395,0.003097,0.003524,0.002437,0.001243,0.000685,-0.000005,-0.000256,0.000398,0.000829,0.000672,0.000236,-0.000324,-0.000747,-0.000994,-0.000844,-0.000558,-0.000646,-0.001006,-0.001494,-0.001910,-0.001953,-0.001591,-0.001260,-0.000871,-0.000205,0.000220,0.000341,0.000364,0.000222,0.000022,-0.000038,-0.000044,0.000018,0.000070,0.000067,-0.000018,-0.000112,-0.000074,0.000003,0.000024,0.000037,0.000060,-0.000007,0.000124,0.000378,0.000378,0.000097,0.000125,0.000603,0.000505,-0.000242,-0.000415,0.000507,0.001395,0.001111,-0.000245,-0.001341,-0.001566,-0.001613,-0.001721,-0.001739,-0.001475,-0.000675,0.000218,0.000535,0.000016,-0.000677,-0.000847,-0.000325,0.000188,0.000254,0.000217,0.000216,0.000243,0.000263,0.000070,-0.000380,-0.001060,-0.001773,-0.002196,-0.002145,-0.001520,-0.000448,0.000306,0.000294,0.000004,-0.000132,-0.000101,-0.000035,-0.000014,-0.000009,-0.000018,-0.000027,-0.000040,-0.000081,-0.000108,-0.000096,-0.000140,-0.000152,-0.000106,-0.000027,-0.000008,-0.000005,-0.000027,-0.000076,-0.000141,-0.000119,-0.000066,-0.000118,-0.000118,-0.000054,-0.000121,-0.000205,-0.000182,-0.000085,-0.000092,-0.000205,-0.000207,-0.000086,-0.000009,-0.000015,-0.000082,-0.000148,-0.000118,-0.000014,0.000001,-0.000038,0.000015,-0.000009,
0.008804,0.010370,0.003032,0.000311,0.002594,0.005336,0.005316,0.002508,0.000064,0.000714,0.003181,0.004018,0.002619,0.000719,-0.000534,-0.001143,-0.000853,0.000140,0.001040,0.001412,0.001076,0.000434,-0.000036,-0.000782,-0.001604,-0.001554,-0.001106,-0.000515,0.000217,0.000574,0.000368,-0.000116,-0.000579,-0.000704,-0.000430,-0.000057,0.000193,0.000256,-0.000096,-0.000966,-0.001451,-0.001058,-0.000299,0.000206,0.000332,0.000125,-0.000148,-0.000276,-0.000373,-0.000529,-0.000575,-0.000492,-0.000331,-0.000137,0.000076,0.000267,0.000244,0.000279,0.000226,-0.000381,-0.001203,-0.001567,-0.001189,-0.000036,0.001172,0.001371,0.000833,0.000179,-0.000451,-0.000759,-0.000807,-0.000683,-0.000296,0.000341,0.000779,0.000610,0.000113,-0.000264,-0.000298,-0.000270,-0.000217,-0.000047,0.000097,0.000470,0.001145,0.001615,0.001337,0.000157,-0.000902,-0.001051,-0.000877,-0.000873,-0.000746,-0.000384,-0.000102,0.000098,0.000204,0.000005,-0.000099,0.000065,0.000143,-0.000078,-0.000265,-0.000243,-0.000176,-0.000119,-0.000110,0.000032,0.000144,0.000033,-0.000111,-0.000050,0.000050,0.000063,0.000063,-0.000010,-0.000022,0.000019,0.000025,0.000088,0.000125,0.000017,-0.000027,0.000113,0.000209,0.000141,0.000062,0.000043,0.000060,0.000091,0.000074,0.000031,-0.000028,0.000001,-0.000005,0.000013,0.000084,0.000157,0.011090,0.003170,0.006550,0.011248,0.011326,0.008829,0.006047,0.003533,0.002523,0.003283,0.003753,0.002571,0.001288,0.000575,-0.000195,-0.000287,0.000407,0.000783,0.000644,0.000109,-0.000578,-0.000943,-0.001077,-0.000836,-0.000623,-0.000793,-0.001101,-0.001569,-0.002088,-0.002127,-0.001538,-0.000941,-0.000539,-0.000088,0.000212,0.000193,0.000155,0.000155,0.000090,-0.000078,-0.000064,-0.000022,-0.000048,-0.000059,-0.000074,-0.000112,-0.000037,0.000095,0.000147,0.000137,0.000103,0.000039,0.000170,0.000389,0.000255,0.000077,0.000290,0.000741,0.000670,-0.000041,-0.000161,0.000988,0.002061,0.001294,-0.000697,-0.002088,-0.002105,-0.001867,-0.001931,-0.001859,-0.001378,-0.000550,0.000291,0.000514,0.000040,-0.000544,-0.000773,-0.000491,-0.000028,0.000246,0.000340,0.000317,0.000177,0.000131,0.000102,-0.000321,-0.001216,-0.002022,-0.002467,-0.002446,-0.001708,-0.000527,0.000311,0.000305,-0.000033,-0.000104,0.000030,0.000052,0.000056,0.000058,0.000121,0.000111,-0.000018,-0.000093,-0.000142,-0.000220,-0.000311,-0.000280,-0.000151,0.000004,0.000030,-0.000041,-0.000067,-0.000029,-0.000015,-0.000097,-0.000168,-0.000148,-0.000037,-0.000044,-0.000114,-0.000092,-0.000065,-0.000097,-0.000105,-0.000095,-0.000066,0.000075,0.000084,-0.000052,-0.000099,-0.000062,-0.000107,-0.000126,-0.000112,-0.000036,-0.000020,-0.000103,
0.009017,0.010331,0.002870,0.000160,0.002444,0.005378,0.005567,0.002726,0.000221,0.000765,0.003158,0.004023,0.002669,0.000840,-0.000462,-0.001174,-0.000878,0.000110,0.000937,0.001226,0.000893,0.000386,-0.000016,-0.000762,-0.001473,-0.001483,-0.001137,-0.000584,0.000198,0.000460,0.000092,-0.000442,-0.000773,-0.000719,-0.000491,-0.000211,-0.000028,-0.000009,-0.000359,-0.001111,-0.001463,-0.001011,-0.000338,0.000011,-0.000006,-0.000121,-0.000262,-0.000352,-0.000487,-0.000641,-0.000588,-0.000467,-0.000333,-0.000047,0.000206,0.000259,0.000275,0.000303,0.000205,-0.000478,-0.001352,-0.001669,-0.001235,0.000148,0.001583,0.001833,0.001079,0.000343,-0.000079,-0.000373,-0.000610,-0.000650,-0.000387,0.000174,0.000647,0.000579,0.000199,-0.000037,-0.000128,-0.000210,-0.000162,0.000010,0.000106,0.000436,0.001123,0.001617,0.001253,0.000124,-0.000870,-0.001083,-0.000921,-0.000884,-0.000579,-0.000147,0.000051,0.000099,0.000122,0.000126,0.000136,0.000177,0.000156,0.000044,-0.000045,-0.000039,-0.000079,-0.000090,-0.000074,0.000000,0.000019,-0.000031,0.000035,0.000099,0.000107,0.000056,0.000076,0.000059,-0.000005,-0.000076,-0.000098,0.000023,0.000039,-0.000066,-0.000078,-0.000069,-0.000040,0.000090,0.000194,0.000169,0.000196,0.000147,0.000067,-0.000047,-0.000192,-0.000170,-0.000032,0.000056,0.000080,0.000096,0.011713,0.004002,0.006938,0.011383,0.011517,0.008968,0.006158,0.003658,0.002514,0.003233,0.003747,0.002766,0.001536,0.000598,-0.000215,-0.000295,0.000324,0.000748,0.000623,0.000264,-0.000311,-0.000876,-0.001083,-0.000875,-0.000649,-0.000796,-0.001154,-0.001535,-0.001890,-0.001864,-0.001300,-0.000524,0.000149,0.000449,0.000442,0.000214,0.000048,0.000039,-0.000040,-0.000137,-0.000056,-0.000113,-0.000353,-0.000330,-0.000213,-0.000159,-0.000005,0.000117,0.000181,0.000124,0.000027,0.000016,0.000112,0.000392,0.000469,0.000285,0.000352,0.000658,0.000567,-0.000127,-0.000455,0.000616,0.001884,0.001576,-0.000125,-0.001524,-0.001670,-0.001792,-0.002026,-0.001803,-0.001322,-0.000585,0.000235,0.000471,0.000003,-0.000629,-0.000866,-0.000390,0.000152,0.000197,0.000048,0.000095,0.000255,0.000301,0.000204,-0.000235,-0.001014,-0.001765,-0.002240,-0.002390,-0.001863,-0.000676,0.000210,0.000282,-0.000010,-0.000158,-0.000164,-0.000116,-0.000004,0.000018,0.000011,-0.000051,-0.000102,-0.000091,-0.000064,-0.000065,0.000038,0.000075,-0.000039,-0.000070,-0.000064,-0.000096,-0.000142,-0.000164,-0.000092,-0.000021,-0.000064,-0.000136,-0.000151,-0.000155,-0.000161,-0.000229,-0.000195,0.000000,-0.000016,-0.000171,-0.000269,-0.000137,0.000072,-0.000036,-0.000187,-0.000163,-0.000049,0.000011,-0.000057,-0.000100,0.000012,0.000083,
0.008932,0.010230,0.002777,0.000090,0.002426,0.005407,0.005528,0.002687,0.000130,0.000634,0.003096,0.004071,0.002562,0.000549,-0.000730,-0.001381,-0.001012,0.000146,0.001040,0.001301,0.000976,0.000431,-0.000097,-0.000843,-0.001517,-0.001498,-0.001088,-0.000480,0.000290,0.000547,0.000295,-0.000088,-0.000416,-0.000576,-0.000465,0.000005,0.000386,0.000383,-0.000013,-0.000917,-0.001463,-0.001061,-0.000355,0.000141,0.000348,0.000283,-0.000038,-0.000340,-0.000505,-0.000662,-0.000652,-0.000468,-0.000244,-0.000078,0.000167,0.000315,0.000356,0.000377,0.000175,-0.000461,-0.001235,-0.001661,-0.001556,-0.000577,0.000763,0.001261,0.000833,0.000141,-0.000510,-0.000871,-0.000990,-0.001002,-0.000613,0.000153,0.000531,0.000364,-0.000037,-0.000287,-0.000216,-0.000077,-0.000071,-0.000064,0.000150,0.000602,0.001170,0.001555,0.001348,0.000309,-0.000687,-0.000964,-0.000859,-0.000753,-0.000437,-0.000157,-0.000072,0.000005,0.000112,0.000094,0.000045,0.000102,0.000003,-0.000213,-0.000273,-0.000214,-0.000157,-0.000198,-0.000171,-0.000070,0.000010,-0.000089,-0.000170,-0.000154,-0.000085,0.000040,0.000038,0.000070,0.000122,-0.000010,-0.000118,-0.000116,-0.000025,-0.000000,-0.000077,-0.000047,-0.000006,-0.000017,0.000030,0.000020,-0.000000,-0.000097,-0.000160,-0.000139,-0.000120,-0.000064,-0.000053,-0.000062,-0.000049,0.000005,0.012872,0.005127,0.007600,0.011626,0.011632,0.009119,0.006347,0.003761,0.002556,0.003304,0.003853,0.002782,0.001438,0.000623,-0.000176,-0.000408,0.000169,0.000606,0.000621,0.000330,-0.000237,-0.000643,-0.000840,-0.000743,-0.000655,-0.000871,-0.001228,-0.001686,-0.001983,-0.001881,-0.001433,-0.000907,-0.000428,0.000044,0.000325,0.000429,0.000372,0.000173,0.000049,-0.000143,-0.000197,-0.000094,-0.000060,0.000081,0.000092,-0.000082,-0.000136,0.000013,0.000203,0.000182,0.000093,-0.000001,0.000124,0.000360,0.000330,0.000069,0.000130,0.000507,0.000402,-0.000271,-0.000418,0.000614,0.001779,0.001534,-0.000065,-0.001444,-0.001756,-0.001672,-0.001653,-0.001569,-0.001219,-0.000397,0.000523,0.000735,0.000102,-0.000681,-0.000913,-0.000486,0.000029,0.000270,0.000315,0.000328,0.000311,0.000206,0.000084,-0.000265,-0.000954,-0.001696,-0.002171,-0.002263,-0.001713,-0.000636,0.000102,0.000125,-0.000092,-0.000157,-0.000155,-0.000135,-0.000090,-0.000040,0.000000,-0.000018,-0.000007,-0.000013,0.000010,0.000021,-0.000007,-0.000044,-0.000130,-0.000090,0.000033,-0.000030,-0.000072,0.000008,-0.000011,-0.000111,-0.000087,-0.000065,-0.000078,-0.000099,-0.000091,-0.000141,-0.000232,-0.000156,-0.000141,-0.000183,-0.000179,-0.000167,-0.000198,-0.000088,-0.000053,-0.000153,-0.000086,0.000037,0.000065,0.000073,0.000143,0.000128,
0.008627,0.009944,0.002468,-0.000178,0.002308,0.005380,0.005640,0.002773,0.000114,0.000573,0.002907,0.003772,0.002334,0.000470,-0.000649,-0.001204,-0.000830,0.000148,0.000898,0.001240,0.001003,0.000453,-0.000005,-0.000765,-0.001548,-0.001628,-0.001162,-0.000415,0.000355,0.000723,0.000529,0.000127,-0.000316,-0.000614,-0.000409,0.000091,0.000502,0.000674,0.000184,-0.000871,-0.001444,-0.001087,-0.000254,0.000204,0.000390,0.000335,-0.000058,-0.000353,-0.000536,-0.000664,-0.000647,-0.000410,-0.000257,-0.000113,0.000094,0.000200,0.000247,0.000310,0.000154,-0.000400,-0.001171,-0.001492,-0.001088,0.000064,0.001283,0.001547,0.001055,0.000345,-0.000386,-0.000836,-0.001086,-0.001267,-0.001037,-0.000329,0.000310,0.000452,0.000195,-0.000067,-0.000119,-0.000130,-0.000083,-0.000036,0.000021,0.000413,0.001131,0.001709,0.001441,0.000217,-0.000864,-0.001090,-0.000970,-0.000855,-0.000632,-0.000280,0.000005,0.000137,0.000170,0.000142,-0.000008,-0.000022,0.000071,0.000011,-0.000129,-0.000209,-0.000143,-0.000052,-0.000007,0.000041,0.000080,0.000036,-0.000070,-0.000062,0.000018,0.000078,0.000117,0.000060,-0.000082,-0.000120,0.000062,0.000107,-0.000034,-0.000071,-0.000088,-0.000157,-0.000105,0.000048,0.000126,0.000149,0.000075,-0.000080,-0.000126,-0.000181,-0.000208,-0.000083,0.000023,0.000027,-0.000064,0.000050,0.013992,0.006504,0.008514,0.011934,0.011717,0.009252,0.006449,0.003750,0.002549,0.003424,0.003934,0.002790,0.001434,0.000551,-0.000137,-0.000191,0.000429,0.000719,0.000642,0.000328,-0.000307,-0.000752,-0.000934,-0.000792,-0.000568,-0.000647,-0.001053,-0.001502,-0.001806,-0.001866,-0.001537,-0.001204,-0.000834,-0.000324,0.000153,0.000384,0.000359,0.000119,-0.000106,-0.000180,-0.000153,-0.000182,-0.000203,-0.000039,-0.000035,-0.000238,-0.000266,-0.000103,-0.000069,-0.000092,-0.000053,-0.000109,0.000006,0.000286,0.000212,0.000010,0.000187,0.000572,0.000525,-0.000071,-0.000317,0.000619,0.001583,0.001033,-0.000584,-0.001707,-0.001820,-0.001800,-0.001839,-0.001767,-0.001443,-0.000660,0.000348,0.000775,0.000278,-0.000470,-0.000730,-0.000341,0.000025,0.000182,0.000282,0.000281,0.000263,0.000223,0.000128,-0.000193,-0.000974,-0.001898,-0.002424,-0.002345,-0.001769,-0.000707,0.000206,0.000317,0.000018,-0.000084,0.000035,-0.000012,-0.000107,-0.000029,0.000064,0.000020,-0.000033,-0.000031,-0.000029,-0.000081,-0.000189,-0.000201,-0.000122,-0.000067,-0.000100,-0.000105,-0.000142,-0.000192,-0.000155,-0.000112,-0.000170,-0.000231,-0.000173,-0.000172,-0.000184,-0.000122,-0.000095,-0.000001,0.000028,-0.000022,-0.000041,-0.000020,-0.000007,-0.000110,-0.000098,0.000010,0.000043,0.000062,0.000030,0.000002,-0.000004,0.000003,
0.008467,0.009546,0.002323,-0.000096,0.002452,0.005643,0.005897,0.002909,0.000182,0.000588,0.002903,0.003794,0.002361,0.000410,-0.000836,-0.001433,-0.000975,0.000114,0.000955,0.001285,0.000982,0.000414,-0.000143,-0.000850,-0.001531,-0.001567,-0.001028,-0.000324,0.000451,0.000759,0.000535,0.000201,-0.000325,-0.000752,-0.000628,-0.000041,0.000469,0.000451,-0.000155,-0.001074,-0.001532,-0.001139,-0.000424,0.000040,0.000296,0.000247,-0.000059,-0.000326,-0.000446,-0.000523,-0.000517,-0.000406,-0.000338,-0.000178,0.000100,0.000228,0.000225,0.000235,0.000135,-0.000434,-0.001341,-0.001926,-0.001748,-0.000458,0.000936,0.001206,0.000696,0.000098,-0.000604,-0.001115,-0.001198,-0.001057,-0.000609,-0.000045,0.000236,0.000293,0.000235,0.000132,0.000024,-0.000108,-0.000209,-0.000119,0.000122,0.000436,0.001048,0.001584,0.001283,0.000042,-0.000947,-0.000984,-0.000835,-0.000712,-0.000439,-0.000163,0.000047,0.000254,0.000347,0.000195,0.000082,0.000093,0.000115,0.000095,-0.000110,-0.000215,-0.000171,-0.000099,0.000062,0.000144,0.000005,-0.000087,-0.000163,-0.000176,-0.000069,0.000022,0.000153,0.000093,-0.000047,-0.000111,-0.000102,-0.000092,-0.000127,-0.000157,-0.000073,0.000012,0.000041,0.000045,0.000069,0.000153,0.000079,-0.000034,-0.000014,-0.000065,-0.000096,-0.000076,-0.000061,-0.000013,0.000017,0.000097,0.014610,0.007270,0.009050,0.012135,0.011723,0.009044,0.006284,0.003796,0.002735,0.003528,0.003903,0.002765,0.001568,0.000805,-0.000000,-0.000181,0.000394,0.000753,0.000706,0.000389,-0.000292,-0.000783,-0.000931,-0.000753,-0.000513,-0.000659,-0.000978,-0.001334,-0.001719,-0.001837,-0.001535,-0.001208,-0.000846,-0.000272,0.000309,0.000601,0.000584,0.000364,0.000087,-0.000220,-0.000203,-0.000020,0.000004,0.000054,-0.000019,-0.000114,-0.000090,-0.000130,-0.000132,-0.000047,0.000003,-0.000007,0.000105,0.000295,0.000248,0.000185,0.000352,0.000682,0.000522,-0.000183,-0.000313,0.000776,0.001902,0.001458,-0.000476,-0.001904,-0.002070,-0.001962,-0.001860,-0.001595,-0.001173,-0.000539,0.000219,0.000572,0.000173,-0.000464,-0.000702,-0.000347,0.000155,0.000320,0.000286,0.000202,0.000077,0.000084,0.000183,-0.000175,-0.000980,-0.001777,-0.002314,-0.002287,-0.001614,-0.000514,0.000255,0.000255,-0.000072,-0.000129,-0.000003,-0.000004,-0.000010,0.000005,-0.000054,-0.000092,-0.000003,0.000034,-0.000065,-0.000144,-0.000109,-0.000064,-0.000084,-0.000078,-0.000086,-0.000158,-0.000157,-0.000151,-0.000093,-0.000031,-0.000019,-0.000022,-0.000035,-0.000085,-0.000105,-0.000076,-0.000060,-0.000003,-0.000004,-0.000128,-0.000143,-0.000040,-0.000001,-0.000069,-0.000152,-0.000074,0.000033,-0.000001,-0.000060,-0.000086,-0.000060,-0.000028,
0.008487,0.009454,0.002365,0.000161,0.002912,0.006112,0.006217,0.003133,0.000247,0.000598,0.002919,0.003872,0.002557,0.000567,-0.000793,-0.001339,-0.000927,0.000139,0.001053,0.001371,0.001020,0.000405,-0.000054,-0.000728,-0.001419,-0.001563,-0.001191,-0.000517,0.000165,0.000426,0.000325,0.000131,-0.000315,-0.000702,-0.000655,-0.000137,0.000396,0.000469,-0.000073,-0.001029,-0.001435,-0.001025,-0.000341,0.000111,0.000261,0.000119,-0.000125,-0.000235,-0.000341,-0.000496,-0.000517,-0.000375,-0.000044,0.000228,0.000319,0.000340,0.000311,0.000258,0.000129,-0.000341,-0.001057,-0.001422,-0.001231,-0.000076,0.001616,0.002257,0.001537,0.000509,-0.000382,-0.000857,-0.000922,-0.000787,-0.000325,0.000203,0.000398,0.000297,-0.000000,-0.000266,-0.000237,-0.000118,-0.000097,0.000003,0.000138,0.000471,0.001193,0.001703,0.001296,0.000011,-0.001176,-0.001405,-0.001068,-0.000793,-0.000383,0.000087,0.000146,0.000035,0.000164,0.000167,0.000037,0.000040,0.000090,0.000066,-0.000108,-0.000253,-0.000221,-0.000215,-0.000165,-0.000049,0.000009,-0.000100,-0.000162,-0.000143,-0.000086,0.000114,0.000235,0.000133,-0.000018,-0.000097,-0.000080,-0.000035,-0.000100,-0.000188,-0.000206,-0.000097,0.000037,0.000117,0.000176,0.000167,0.000113,0.000034,-0.000049,-0.000112,-0.000175,-0.000111,-0.000091,-0.000030,0.000101,0.000083,0.015186,0.007789,0.009440,0.012265,0.011644,0.009009,0.006195,0.003647,0.002608,0.003364,0.003740,0.002628,0.001377,0.000574,-0.000257,-0.000378,0.000333,0.000732,0.000640,0.000211,-0.000446,-0.000836,-0.000882,-0.000692,-0.000459,-0.000667,-0.001182,-0.001358,-0.001559,-0.001794,-0.001620,-0.001276,-0.000980,-0.000548,-0.000021,0.000273,0.000376,0.000267,0.000128,-0.000026,-0.000123,-0.000076,-0.000018,0.000030,-0.000034,-0.000184,-0.000183,-0.000000,0.000085,0.000159,0.000179,0.000075,0.000193,0.000361,0.000249,0.000099,0.000241,0.000530,0.000435,-0.000157,-0.000482,0.000251,0.001318,0.001138,-0.000491,-0.002027,-0.002449,-0.002268,-0.002059,-0.001971,-0.001552,-0.000535,0.000466,0.000733,0.000195,-0.000617,-0.000799,-0.000354,0.000077,0.000269,0.000326,0.000283,0.000179,0.000150,0.000098,-0.000300,-0.001114,-0.002000,-0.002481,-0.002342,-0.001572,-0.000483,0.000251,0.000295,0.000049,-0.000017,0.000046,-0.000024,-0.000061,0.000032,-0.000039,-0.000128,-0.000049,-0.000018,-0.000033,-0.000116,-0.000177,-0.000111,-0.000040,-0.000047,-0.000050,0.000029,-0.000002,-0.000047,-0.000053,-0.000117,-0.000201,-0.000212,-0.000181,-0.000190,-0.000225,-0.000086,0.000103,-0.000002,-0.000169,-0.000189,-0.000233,-0.000183,0.000039,0.000047,-0.000075,-0.000076,-0.000052,0.000031,0.000086,0.000051,0.000133,0.000144,
0.007574,0.008757,0.001686,-0.000654,0.002168,0.005509,0.005750,0.002861,0.000097,0.000312,0.002679,0.003793,0.002377,0.000267,-0.001000,-0.001440,-0.000883,0.000098,0.000877,0.001289,0.000959,0.000354,-0.000099,-0.000797,-0.001432,-0.001506,-0.001313,-0.000680,0.000226,0.000526,0.000346,0.000136,-0.000301,-0.000754,-0.000722,-0.000238,0.000240,0.000290,-0.000152,-0.000962,-0.001429,-0.001003,-0.000274,0.000097,0.000275,0.000247,0.000069,-0.000146,-0.000407,-0.000558,-0.000545,-0.000548,-0.000393,-0.000090,0.000112,0.000222,0.000222,0.000230,0.000169,-0.000324,-0.000953,-0.001129,-0.000723,0.000064,0.000811,0.001054,0.000805,0.000333,-0.000248,-0.000559,-0.000541,-0.000539,-0.000328,0.000203,0.000701,0.000650,0.000183,-0.000043,-0.000100,-0.000250,-0.000191,0.000008,0.000168,0.000588,0.001269,0.001789,0.001496,0.000182,-0.000981,-0.001154,-0.001015,-0.001034,-0.000829,-0.000321,0.000005,0.000103,0.000150,0.000072,-0.000035,-0.000015,0.000108,0.000053,-0.000071,-0.000161,-0.000118,-0.000041,-0.000056,-0.000031,-0.000013,-0.000053,-0.000000,0.000099,0.000119,0.000083,-0.000005,-0.000040,-0.000014,0.000044,0.000006,-0.000043,0.000016,-0.000010,-0.000083,-0.000125,-0.000047,0.000044,0.000071,0.000051,-0.000018,-0.000019,-0.000114,-0.000315,-0.000270,-0.000122,-0.000041,0.000045,0.000109,0.000082,0.016153,0.008871,0.009845,0.012313,0.011853,0.009260,0.006487,0.003979,0.002828,0.003549,0.003950,0.002677,0.001399,0.000534,-0.000333,-0.000544,0.000051,0.000602,0.000694,0.000362,-0.000182,-0.000671,-0.000866,-0.000657,-0.000508,-0.000608,-0.000861,-0.001260,-0.001624,-0.001658,-0.001405,-0.001148,-0.000713,-0.000180,0.000123,0.000217,0.000284,0.000208,-0.000020,-0.000184,-0.000210,-0.000145,-0.000095,-0.000071,-0.000178,-0.000275,-0.000103,0.000112,0.000100,0.000013,0.000014,0.000036,0.000160,0.000364,0.000377,0.000178,0.000206,0.000538,0.000397,-0.000291,-0.000270,0.000953,0.001916,0.001318,-0.000268,-0.001470,-0.001765,-0.001744,-0.001698,-0.001517,-0.001127,-0.000471,0.000249,0.000482,0.000019,-0.000680,-0.000845,-0.000309,0.000240,0.000324,0.000265,0.000335,0.000301,0.000208,0.000108,-0.000324,-0.001092,-0.001874,-0.002393,-0.002420,-0.001837,-0.000711,0.000115,0.000189,-0.000015,-0.000121,-0.000114,-0.000150,-0.000158,-0.000153,-0.000134,-0.000143,-0.000103,-0.000040,-0.000098,-0.000134,-0.000140,-0.000128,-0.000099,-0.000086,-0.000023,-0.000097,-0.000198,-0.000107,-0.000053,-0.000100,-0.000118,-0.000107,-0.000113,-0.000127,-0.000177,-0.000211,-0.000166,-0.000069,-0.000103,-0.000240,-0.000287,-0.000146,-0.000086,-0.000067,-0.000003,-0.000055,-0.000101,-0.000049,-0.000033,0.000011,0.000136,0.000053,
0.006938,0.008238,0.001453,-0.000754,0.002036,0.005509,0.005989,0.003123,0.000186,0.000293,0.002568,0.003691,0.002481,0.000563,-0.000793,-0.001409,-0.000885,0.000282,0.001131,0.001419,0.001086,0.000477,0.000025,-0.000633,-0.001298,-0.001436,-0.001171,-0.000643,-0.000040,0.000274,0.000216,-0.000026,-0.000348,-0.000579,-0.000503,-0.000201,-0.000021,-0.000013,-0.000319,-0.001073,-0.001510,-0.001128,-0.000350,0.000146,0.000326,0.000202,-0.000079,-0.000290,-0.000460,-0.000615,-0.000647,-0.000494,-0.000328,-0.000153,0.000163,0.000283,0.000184,0.000136,0.000145,-0.000331,-0.001182,-0.001593,-0.001285,-0.000066,0.001377,0.001771,0.001162,0.000446,-0.000109,-0.000635,-0.000908,-0.000912,-0.000495,0.000209,0.000793,0.000883,0.000535,0.000236,0.000091,-0.000085,-0.000181,-0.000085,0.000086,0.000436,0.001103,0.001612,0.001303,0.000132,-0.000929,-0.001024,-0.000757,-0.000729,-0.000562,-0.000255,0.000082,0.000243,0.000166,0.000085,0.000039,0.000071,0.000120,0.000068,-0.000074,-0.000166,-0.000129,-0.000029,0.000048,0.000028,0.000044,0.000093,0.000018,-0.000041,0.000033,0.000076,0.000071,0.000064,-0.000005,-0.000079,0.000018,0.000079,-0.000016,-0.000076,-0.000094,-0.000033,0.000134,0.000257,0.000167,0.000017,-0.000038,-0.000012,-0.000048,-0.000102,-0.000039,-0.000011,0.000013,-0.000041,0.000022,0.000161,0.016964,0.009628,0.010263,0.012498,0.012067,0.009540,0.006520,0.003892,0.002799,0.003481,0.003943,0.002835,0.001346,0.000339,-0.000444,-0.000568,0.000126,0.000594,0.000573,0.000268,-0.000338,-0.000833,-0.001013,-0.000809,-0.000596,-0.000680,-0.001060,-0.001531,-0.001911,-0.001849,-0.001248,-0.000559,0.000002,0.000263,0.000220,0.000071,-0.000022,-0.000023,-0.000009,-0.000083,-0.000024,0.000019,-0.000201,-0.000285,-0.000223,-0.000243,-0.000244,-0.000031,0.000072,-0.000035,-0.000019,-0.000019,0.000089,0.000211,0.000197,0.000083,0.000159,0.000643,0.000591,-0.000202,-0.000365,0.000713,0.001863,0.001465,-0.000460,-0.001897,-0.001990,-0.001843,-0.002020,-0.002051,-0.001488,-0.000490,0.000377,0.000572,0.000133,-0.000519,-0.000815,-0.000365,0.000188,0.000331,0.000354,0.000319,0.000255,0.000330,0.000316,-0.000102,-0.000972,-0.001879,-0.002359,-0.002281,-0.001649,-0.000552,0.000311,0.000339,0.000017,-0.000111,-0.000086,-0.000136,-0.000140,-0.000096,-0.000070,-0.000057,-0.000058,-0.000110,-0.000147,-0.000122,-0.000090,-0.000171,-0.000206,-0.000174,-0.000209,-0.000287,-0.000263,-0.000173,-0.000153,-0.000131,-0.000118,-0.000076,-0.000082,-0.000121,-0.000162,-0.000150,-0.000035,-0.000035,-0.000079,-0.000156,-0.000160,0.000001,0.000058,-0.000078,-0.000125,-0.000105,-0.000117,0.000010,0.000032,0.000013,0.000097,0.000104,
0.006295,0.007688,0.001199,-0.000819,0.001896,0.005331,0.005772,0.002873,0.000046,0.000207,0.002376,0.003453,0.002267,0.000373,-0.000857,-0.001348,-0.000842,0.000197,0.000924,0.001238,0.001031,0.000591,0.000118,-0.000643,-0.001397,-0.001516,-0.001178,-0.000535,0.000268,0.000599,0.000413,0.000089,-0.000328,-0.000709,-0.000646,-0.000215,0.000079,0.000120,-0.000215,-0.000998,-0.001409,-0.000968,-0.000225,0.000180,0.000280,0.000186,-0.000106,-0.000405,-0.000614,-0.000696,-0.000642,-0.000418,-0.000327,-0.000170,0.000103,0.000222,0.000197,0.000129,0.000080,-0.000406,-0.001303,-0.001793,-0.001426,-0.000092,0.001291,0.001634,0.001136,0.000541,-0.000210,-0.000799,-0.000844,-0.000747,-0.000392,0.000291,0.000639,0.000462,0.000227,0.000003,-0.000107,-0.000104,-0.000124,-0.000057,0.000181,0.000517,0.001055,0.001679,0.001515,0.000311,-0.000657,-0.000853,-0.000765,-0.000624,-0.000513,-0.000305,-0.000032,0.000167,0.000252,0.000265,0.000185,0.000095,0.000065,-0.000016,-0.000125,-0.000185,-0.000244,-0.000209,-0.000152,-0.000109,0.000044,0.000097,0.000036,0.000082,0.000062,0.000017,0.000073,0.000057,-0.000097,-0.000135,-0.000095,0.000014,0.000046,-0.000128,-0.000233,-0.000070,0.000132,0.000184,0.000089,0.000088,0.000125,-0.000063,-0.000117,0.000004,-0.000062,-0.000225,-0.000270,-0.000163,-0.000033,0.000026,0.017480,0.010208,0.010514,0.012424,0.011907,0.009354,0.006541,0.004002,0.002743,0.003413,0.003921,0.002779,0.001464,0.000670,-0.000127,-0.000379,0.000120,0.000552,0.000701,0.000462,-0.000225,-0.000753,-0.000888,-0.000742,-0.000575,-0.000692,-0.001171,-0.001644,-0.001977,-0.001949,-0.001482,-0.000968,-0.000413,-0.000108,0.000013,0.000187,0.000284,0.000354,0.000254,0.000047,0.000039,-0.000026,-0.000112,-0.000041,-0.000038,-0.000074,0.000051,0.000123,0.000057,0.000096,0.000061,-0.000119,-0.000017,0.000302,0.000378,0.000166,0.000217,0.000596,0.000499,-0.000149,-0.000395,0.000632,0.001866,0.001661,0.000107,-0.001159,-0.001533,-0.001834,-0.002041,-0.001852,-0.001248,-0.000347,0.000464,0.000764,0.000222,-0.000607,-0.000775,-0.000358,-0.000005,0.000154,0.000224,0.000155,0.000113,0.000241,0.000247,-0.000158,-0.000907,-0.001706,-0.002329,-0.002368,-0.001751,-0.000594,0.000208,0.000146,-0.000125,-0.000121,-0.000007,-0.000090,-0.000075,0.000023,-0.000025,-0.000059,0.000013,0.000044,-0.000076,-0.000227,-0.000213,-0.000198,-0.000112,-0.000018,-0.000049,-0.000163,-0.000216,-0.000162,-0.000056,-0.000023,-0.000101,-0.000149,0.000007,0.000043,-0.000122,-0.000178,-0.000151,-0.000099,-0.000114,-0.000194,-0.000221,-0.000115,0.000014,-0.000033,-0.000079,-0.000042,-0.000031,0.000022,0.000086,0.000020,-0.000040,-0.000055,
0.006577,0.007741,0.001419,-0.000434,0.002246,0.005658,0.006036,0.002954,0.000081,0.000327,0.002580,0.003657,0.002438,0.000497,-0.000809,-0.001376,-0.000933,0.000081,0.001019,0.001280,0.000814,0.000220,-0.000168,-0.000829,-0.001442,-0.001498,-0.001182,-0.000498,0.000279,0.000657,0.000555,0.000175,-0.000236,-0.000493,-0.000460,-0.000094,0.000421,0.000624,0.000087,-0.000985,-0.001522,-0.001043,-0.000249,0.000188,0.000355,0.000157,-0.000214,-0.000394,-0.000497,-0.000585,-0.000591,-0.000451,-0.000270,-0.000060,0.000315,0.000457,0.000223,0.000038,-0.000015,-0.000492,-0.001085,-0.001261,-0.001111,-0.000297,0.000857,0.001373,0.000977,0.000337,-0.000313,-0.000758,-0.000947,-0.001238,-0.001062,-0.000234,0.000394,0.000473,0.000232,0.000006,-0.000080,-0.000115,-0.000140,-0.000123,0.000059,0.000534,0.001179,0.001660,0.001348,0.000121,-0.000876,-0.001019,-0.000887,-0.000905,-0.000725,-0.000260,0.000064,0.000224,0.000256,0.000133,-0.000053,-0.000081,0.000052,0.000092,-0.000051,-0.000195,-0.000185,-0.000150,-0.000151,-0.000020,0.000082,0.000005,-0.000117,-0.000069,-0.000014,-0.000052,0.000051,0.000106,-0.000010,-0.000101,-0.000011,0.000014,-0.000034,-0.000099,-0.000143,-0.000066,0.000167,0.000250,0.000201,0.000232,0.000224,0.000069,-0.000026,0.000030,0.000075,0.000070,-0.000009,0.000054,0.000210,0.000139,0.017642,0.010278,0.010744,0.012676,0.011950,0.009130,0.006168,0.003744,0.002733,0.003462,0.003847,0.002633,0.001268,0.000412,-0.000269,-0.000431,0.000079,0.000575,0.000705,0.000427,-0.000248,-0.000771,-0.000925,-0.000763,-0.000606,-0.000710,-0.001084,-0.001497,-0.001841,-0.001877,-0.001564,-0.001160,-0.000776,-0.000362,0.000113,0.000393,0.000403,0.000276,0.000162,0.000015,-0.000112,-0.000123,0.000030,0.000162,-0.000026,-0.000219,-0.000197,-0.000005,0.000108,0.000091,0.000147,0.000178,0.000110,0.000190,0.000257,0.000049,0.000090,0.000580,0.000606,-0.000060,-0.000233,0.000732,0.001618,0.001137,-0.000465,-0.001734,-0.001941,-0.001778,-0.001715,-0.001753,-0.001446,-0.000524,0.000476,0.000742,0.000076,-0.000768,-0.000958,-0.000664,-0.000203,0.000156,0.000260,0.000277,0.000259,0.000198,0.000073,-0.000348,-0.001068,-0.001870,-0.002342,-0.002269,-0.001707,-0.000603,0.000306,0.000283,0.000015,0.000059,0.000025,-0.000073,0.000019,0.000057,-0.000009,-0.000044,0.000012,0.000042,-0.000074,-0.000137,-0.000051,-0.000183,-0.000243,-0.000120,-0.000143,-0.000171,-0.000087,0.000014,0.000113,0.000080,0.000024,-0.000065,-0.000114,-0.000092,-0.000126,-0.000195,-0.000126,-0.000080,-0.000083,-0.000058,-0.000040,0.000005,0.000030,-0.000038,-0.000122,-0.000124,-0.000041,-0.000011,-0.000082,-0.000175,-0.000094,0.000002,
0.005848,0.007205,0.000980,-0.000905,0.001839,0.005389,0.005899,0.002872,0.000056,0.000320,0.002516,0.003543,0.002355,0.000494,-0.000945,-0.001586,-0.000946,0.000201,0.001061,0.001392,0.001029,0.000511,0.000048,-0.000817,-0.001523,-0.001533,-0.001248,-0.000638,0.000190,0.000602,0.000537,0.000219,-0.000280,-0.000654,-0.000438,0.000135,0.000508,0.000446,-0.000143,-0.001066,-0.001539,-0.001137,-0.000344,0.000231,0.000443,0.000257,-0.000135,-0.000370,-0.000425,-0.000536,-0.000599,-0.000500,-0.000307,-0.000119,0.000096,0.000223,0.000238,0.000253,0.000160,-0.000387,-0.001146,-0.001472,-0.001075,0.000068,0.001232,0.001523,0.001133,0.000527,-0.000240,-0.000874,-0.001084,-0.001140,-0.000910,-0.000163,0.000396,0.000486,0.000366,0.000204,0.000089,-0.000076,-0.000134,-0.000064,0.000093,0.000406,0.001000,0.001591,0.001320,0.000047,-0.000972,-0.001071,-0.000917,-0.000821,-0.000510,-0.000133,0.000081,0.000174,0.000270,0.000231,0.000098,0.000094,0.000032,-0.000058,-0.000129,-0.000155,-0.000160,-0.000152,-0.000063,-0.000021,0.000007,0.000019,-0.000048,-0.000121,-0.000065,0.000048,0.000140,0.000114,-0.000079,-0.000121,-0.000100,-0.000079,-0.000025,-0.000070,-0.000061,-0.000010,0.000022,0.000128,0.000191,0.000155,0.000073,0.000003,0.000004,0.000047,-0.000012,-0.000140,-0.000143,-0.000053,0.000015,0.000133,0.018299,0.010929,0.011016,0.012663,0.011908,0.009264,0.006333,0.003883,0.002851,0.003437,0.003874,0.002788,0.001373,0.000426,-0.000369,-0.000533,0.000032,0.000461,0.000610,0.000412,-0.000234,-0.000785,-0.000868,-0.000665,-0.000550,-0.000649,-0.000915,-0.001272,-0.001651,-0.001826,-0.001552,-0.001154,-0.000919,-0.000510,0.000015,0.000296,0.000363,0.000298,0.000103,-0.000064,-0.000006,0.000093,0.000011,0.000007,-0.000050,-0.000262,-0.000266,-0.000155,-0.000053,0.000097,0.000107,0.000019,0.000140,0.000380,0.000443,0.000265,0.000312,0.000633,0.000494,-0.000093,-0.000173,0.000865,0.001821,0.001221,-0.000589,-0.001843,-0.001892,-0.001740,-0.001714,-0.001511,-0.001202,-0.000593,0.000299,0.000666,0.000321,-0.000346,-0.000684,-0.000426,-0.000056,0.000132,0.000122,0.000050,0.000086,0.000147,0.000092,-0.000351,-0.001118,-0.001827,-0.002273,-0.002307,-0.001699,-0.000537,0.000205,0.000133,-0.000012,0.000051,0.000060,-0.000038,-0.000105,0.000007,0.000078,0.000053,0.000048,0.000062,0.000020,-0.000106,-0.000214,-0.000203,-0.000127,-0.000055,0.000047,0.000024,-0.000107,-0.000113,-0.000111,-0.000171,-0.000143,-0.000047,-0.000159,-0.000267,-0.000192,-0.000210,-0.000242,-0.000160,-0.000189,-0.000304,-0.000280,-0.000112,-0.000049,-0.000106,-0.000135,-0.000093,-0.000039,0.000041,0.000051,0.000041,0.000030,-0.000072,
0.005267,0.006694,0.000440,-0.001348,0.001484,0.005071,0.005635,0.002832,0.000058,0.000262,0.002514,0.003677,0.002443,0.000473,-0.000721,-0.001283,-0.000869,0.000181,0.001091,0.001429,0.001138,0.000549,0.000073,-0.000717,-0.001471,-0.001413,-0.000950,-0.000365,0.000323,0.000657,0.000420,0.000033,-0.000330,-0.000661,-0.000479,0.000135,0.000545,0.000556,-0.000021,-0.001030,-0.001518,-0.001008,-0.000331,0.000067,0.000328,0.000287,-0.000039,-0.000222,-0.000389,-0.000590,-0.000568,-0.000350,-0.000264,-0.000115,0.000212,0.000343,0.000283,0.000261,0.000184,-0.000383,-0.001262,-0.001758,-0.001524,-0.000223,0.001388,0.001754,0.001040,0.000287,-0.000440,-0.001010,-0.001093,-0.000885,-0.000461,0.000137,0.000486,0.000380,0.000140,0.000002,-0.000130,-0.000205,-0.000181,-0.000138,0.000037,0.000407,0.001073,0.001611,0.001296,0.000079,-0.000943,-0.001072,-0.000889,-0.000757,-0.000537,-0.000170,0.000066,0.000116,0.000155,0.000130,-0.000020,0.000014,0.000115,0.000058,0.000008,-0.000063,-0.000126,-0.000113,-0.000073,-0.000037,-0.000006,0.000045,-0.000017,-0.000068,-0.000067,-0.000038,0.000151,0.000233,0.000090,-0.000125,-0.000169,-0.000103,-0.000094,-0.000073,-0.000033,0.000017,0.000040,0.000097,0.000177,0.000164,0.000085,0.000031,-0.000011,-0.000042,-0.000035,-0.000095,-0.000091,0.000025,0.000139,0.000122,0.018777,0.011361,0.011295,0.012849,0.012153,0.009514,0.006539,0.004026,0.002891,0.003587,0.004087,0.002826,0.001355,0.000380,-0.000497,-0.000721,-0.000146,0.000421,0.000605,0.000370,-0.000168,-0.000630,-0.000815,-0.000543,-0.000418,-0.000665,-0.000886,-0.001207,-0.001652,-0.001779,-0.001527,-0.001155,-0.000772,-0.000434,-0.000017,0.000278,0.000355,0.000254,0.000096,0.000020,0.000010,0.000030,0.000045,0.000116,-0.000039,-0.000178,-0.000209,-0.000146,-0.000013,0.000054,-0.000049,-0.000240,-0.000127,0.000113,0.000188,0.000073,0.000315,0.000745,0.000667,-0.000089,-0.000472,0.000532,0.001742,0.001421,-0.000426,-0.002112,-0.002532,-0.002396,-0.002208,-0.001903,-0.001345,-0.000540,0.000273,0.000594,0.000141,-0.000547,-0.000679,-0.000275,0.000080,0.000161,0.000169,0.000239,0.000264,0.000287,0.000344,-0.000064,-0.001038,-0.001986,-0.002454,-0.002368,-0.001645,-0.000498,0.000314,0.000360,0.000077,-0.000076,-0.000018,0.000110,0.000028,-0.000021,0.000025,-0.000083,-0.000212,-0.000148,-0.000052,-0.000036,-0.000115,-0.000138,-0.000077,0.000006,0.000045,-0.000059,-0.000154,-0.000191,-0.000082,-0.000040,-0.000074,-0.000101,-0.000096,-0.000010,0.000061,0.000043,0.000049,0.000013,-0.000100,-0.000098,-0.000111,-0.000111,-0.000018,-0.000096,-0.000218,-0.000203,-0.000173,-0.000081,0.000017,0.000016,0.000002,0.000059,
0.005366,0.006569,0.000270,-0.001577,0.001253,0.004795,0.005259,0.002539,-0.000004,0.000204,0.002396,0.003498,0.002407,0.000503,-0.000866,-0.001401,-0.000911,0.000198,0.001057,0.001358,0.001148,0.000680,0.000128,-0.000772,-0.001572,-0.001648,-0.001344,-0.000641,0.000300,0.000733,0.000673,0.000364,-0.000238,-0.000720,-0.000635,-0.000182,0.000295,0.000476,0.000104,-0.000885,-0.001450,-0.000948,-0.000177,0.000184,0.000347,0.000234,-0.000165,-0.000360,-0.000409,-0.000520,-0.000484,-0.000363,-0.000244,-0.000112,0.000094,0.000321,0.000341,0.000266,0.000148,-0.000263,-0.000797,-0.001007,-0.000799,0.000068,0.001387,0.001965,0.001542,0.000814,0.000033,-0.000514,-0.000664,-0.000828,-0.000574,0.000223,0.000730,0.000650,0.000259,-0.000056,-0.000137,-0.000067,-0.000076,-0.000127,0.000023,0.000466,0.001229,0.001805,0.001531,0.000296,-0.000907,-0.001202,-0.001001,-0.000863,-0.000572,-0.000109,0.000082,0.000160,0.000217,0.000090,-0.000118,-0.000120,-0.000026,-0.000127,-0.000132,-0.000114,-0.000112,-0.000167,-0.000104,0.000098,0.000090,-0.000015,-0.000050,-0.000085,-0.000029,0.000120,0.000208,0.000216,0.000100,-0.000068,-0.000065,-0.000040,-0.000040,-0.000052,-0.000021,0.000086,0.000005,0.000006,0.000115,0.000053,-0.000087,-0.000123,-0.000089,-0.000138,-0.000098,-0.000065,-0.000068,0.000039,0.000120,0.000105,0.019176,0.011725,0.011380,0.012879,0.012219,0.009522,0.006523,0.003954,0.002850,0.003503,0.003986,0.002940,0.001434,0.000301,-0.000492,-0.000644,-0.000110,0.000420,0.000639,0.000475,-0.000160,-0.000780,-0.000924,-0.000729,-0.000554,-0.000672,-0.001045,-0.001407,-0.001659,-0.001741,-0.001563,-0.001294,-0.001012,-0.000563,-0.000009,0.000317,0.000326,0.000200,0.000072,-0.000086,-0.000019,0.000070,-0.000016,-0.000068,-0.000110,-0.000222,-0.000208,-0.000059,0.000030,0.000114,0.000103,0.000060,0.000183,0.000436,0.000441,0.000111,0.000097,0.000613,0.000566,-0.000238,-0.000475,0.000354,0.001267,0.001129,-0.000031,-0.001237,-0.001693,-0.001784,-0.001756,-0.001614,-0.001350,-0.000735,0.000153,0.000642,0.000217,-0.000560,-0.000812,-0.000396,0.000056,0.000145,0.000181,0.000220,0.000287,0.000470,0.000375,-0.000134,-0.001002,-0.001938,-0.002449,-0.002367,-0.001640,-0.000463,0.000311,0.000358,0.000096,-0.000112,-0.000228,-0.000289,-0.000160,0.000114,0.000146,0.000039,-0.000014,-0.000097,-0.000138,-0.000097,-0.000128,-0.000134,-0.000110,-0.000100,-0.000127,-0.000159,-0.000091,-0.000057,-0.000150,-0.000189,-0.000165,-0.000209,-0.000278,-0.000232,-0.000230,-0.000187,-0.000114,-0.000110,-0.000127,-0.000167,-0.000178,-0.000138,-0.000077,-0.000094,-0.000120,-0.000078,-0.000019,-0.000054,-0.000062,0.000039,0.000124,0.000028,
0.005247,0.006463,0.000314,-0.001606,0.000886,0.004286,0.004878,0.002251,-0.000279,0.000088,0.002358,0.003578,0.002480,0.000500,-0.000920,-0.001470,-0.000800,0.000436,0.001142,0.001339,0.001109,0.000547,0.000030,-0.000761,-0.001464,-0.001489,-0.001221,-0.000756,0.000016,0.000528,0.000427,-0.000005,-0.000501,-0.000757,-0.000514,-0.000149,0.000110,0.000212,-0.000080,-0.000909,-0.001437,-0.000921,-0.000167,0.000141,0.000265,0.000254,0.000000,-0.000259,-0.000389,-0.000500,-0.000621,-0.000481,-0.000251,-0.000048,0.000171,0.000274,0.000194,0.000174,0.000122,-0.000429,-0.001256,-0.001601,-0.001147,-0.000018,0.001115,0.001420,0.000963,0.000353,-0.000187,-0.000612,-0.000781,-0.000717,-0.000401,0.000211,0.000753,0.000839,0.000411,-0.000077,-0.000220,-0.000208,-0.000195,-0.000115,0.000124,0.000484,0.001092,0.001618,0.001431,0.000272,-0.000694,-0.000876,-0.000860,-0.000811,-0.000634,-0.000323,-0.000044,0.000116,0.000210,0.000201,0.000116,0.000045,0.000059,0.000065,0.000006,-0.000109,-0.000120,-0.000023,0.000036,0.000048,-0.000003,-0.000112,-0.000189,-0.000094,0.000040,-0.000011,0.000003,0.000021,-0.000067,-0.000151,-0.000109,-0.000071,-0.000103,-0.000161,-0.000122,-0.000007,0.000185,0.000280,0.000105,0.000068,0.000132,0.000111,0.000052,-0.000031,-0.000120,-0.000160,-0.000113,-0.000091,-0.000046,0.000005,0.019148,0.011910,0.011684,0.013097,0.012214,0.009351,0.006369,0.003917,0.002812,0.003318,0.003782,0.002817,0.001417,0.000327,-0.000635,-0.000811,-0.000141,0.000447,0.000632,0.000413,-0.000218,-0.000773,-0.000929,-0.000692,-0.000453,-0.000554,-0.000959,-0.001484,-0.001937,-0.001852,-0.001407,-0.000978,-0.000561,-0.000216,0.000070,0.000147,0.000135,0.000176,0.000109,-0.000057,-0.000027,0.000034,0.000037,0.000113,0.000109,0.000037,0.000058,0.000123,0.000158,0.000091,0.000012,0.000094,0.000208,0.000335,0.000350,0.000266,0.000417,0.000762,0.000605,-0.000073,-0.000112,0.001042,0.001950,0.001113,-0.000821,-0.002005,-0.001946,-0.001816,-0.001934,-0.001765,-0.001240,-0.000460,0.000368,0.000691,0.000179,-0.000578,-0.000878,-0.000534,-0.000029,0.000192,0.000255,0.000177,0.000133,0.000271,0.000370,0.000007,-0.000875,-0.001772,-0.002384,-0.002378,-0.001655,-0.000570,0.000130,0.000242,0.000023,-0.000145,-0.000111,-0.000166,-0.000182,-0.000055,0.000020,0.000025,-0.000034,-0.000100,-0.000157,-0.000177,-0.000155,-0.000133,0.000021,0.000119,-0.000017,-0.000109,-0.000008,-0.000030,-0.000095,-0.000105,-0.000102,-0.000050,-0.000011,-0.000078,-0.000103,-0.000183,-0.000157,-0.000039,-0.000076,-0.000085,-0.000075,-0.000147,-0.000102,-0.000070,-0.000184,-0.000166,-0.000082,-0.000045,0.000017,0.000027,-0.000005,-0.000046,
0.005679,0.006755,0.000545,-0.001412,0.001041,0.004299,0.004847,0.002375,-0.000052,0.000281,0.002654,0.003809,0.002528,0.000577,-0.000661,-0.001214,-0.000715,0.000398,0.001186,0.001449,0.001187,0.000549,-0.000113,-0.000836,-0.001390,-0.001507,-0.001309,-0.000771,0.000090,0.000433,0.000154,-0.000287,-0.000702,-0.000791,-0.000486,-0.000080,0.000138,0.000176,-0.000216,-0.001115,-0.001562,-0.000975,-0.000194,0.000131,0.000192,0.000090,-0.000188,-0.000379,-0.000545,-0.000779,-0.000754,-0.000598,-0.000434,-0.000090,0.000218,0.000220,0.000094,0.000225,0.000262,-0.000359,-0.001211,-0.001633,-0.001405,-0.000049,0.001439,0.001703,0.001085,0.000393,-0.000119,-0.000471,-0.000683,-0.000619,-0.000320,0.000272,0.000779,0.000762,0.000432,0.000022,-0.000124,-0.000043,-0.000030,-0.000046,0.000101,0.000480,0.001107,0.001693,0.001482,0.000294,-0.000816,-0.001084,-0.000956,-0.000790,-0.000461,-0.000131,0.000079,0.000158,0.000156,0.000182,0.000125,0.000091,0.000059,-0.000012,-0.000141,-0.000239,-0.000066,0.000044,-0.000029,-0.000036,-0.000032,-0.000016,-0.000035,0.000008,0.000037,0.000052,0.000148,0.000165,0.000015,-0.000181,-0.000181,-0.000037,-0.000098,-0.000197,-0.000184,-0.000066,0.000129,0.000203,0.000127,0.000094,0.000193,0.000142,-0.000023,-0.000112,-0.000179,-0.000181,-0.000123,-0.000052,0.000053,0.000121,0.018896,0.011614,0.011522,0.013078,0.012234,0.009117,0.005885,0.003665,0.002931,0.003436,0.003753,0.002803,0.001389,0.000338,-0.000471,-0.000654,-0.000151,0.000336,0.000563,0.000363,-0.000240,-0.000721,-0.000929,-0.000785,-0.000601,-0.000675,-0.000977,-0.001473,-0.001829,-0.001726,-0.001253,-0.000453,0.000208,0.000398,0.000276,0.000007,-0.000142,-0.000064,-0.000010,-0.000130,-0.000060,0.000024,-0.000111,-0.000147,-0.000076,-0.000048,-0.000021,-0.000004,0.000008,0.000025,-0.000045,-0.000035,0.000063,0.000164,0.000219,0.000219,0.000349,0.000741,0.000800,0.000100,-0.000268,0.000776,0.001978,0.001536,-0.000319,-0.001669,-0.001703,-0.001681,-0.001753,-0.001635,-0.001354,-0.000639,0.000226,0.000516,0.000059,-0.000536,-0.000759,-0.000505,-0.000088,0.000132,0.000134,0.000165,0.000237,0.000274,0.000198,-0.000263,-0.001009,-0.001833,-0.002368,-0.002357,-0.001735,-0.000550,0.000302,0.000227,-0.000079,-0.000179,-0.000146,-0.000046,-0.000070,-0.000047,0.000007,-0.000041,-0.000097,-0.000143,-0.000021,0.000125,0.000001,-0.000128,-0.000177,-0.000089,-0.000080,-0.000111,-0.000037,-0.000037,-0.000109,-0.000161,-0.000121,-0.000036,-0.000041,-0.000094,-0.000114,-0.000130,-0.000169,-0.000096,-0.000008,-0.000127,-0.000153,0.000018,0.000024,-0.000107,-0.000115,-0.000125,-0.000121,-0.000033,0.000071,0.000061,-0.000025,-0.000021,
0.005956,0.006902,0.000607,-0.001531,0.000668,0.003655,0.004141,0.001899,-0.000094,0.000377,0.002551,0.003774,0.002770,0.000753,-0.000681,-0.001241,-0.000733,0.000264,0.001004,0.001335,0.001095,0.000563,0.000009,-0.000777,-0.001493,-0.001552,-0.001252,-0.000669,0.000061,0.000501,0.000356,0.000030,-0.000350,-0.000705,-0.000500,-0.000055,0.000308,0.000457,0.000031,-0.000900,-0.001437,-0.001021,-0.000346,0.000126,0.000466,0.000347,-0.000154,-0.000389,-0.000487,-0.000658,-0.000693,-0.000464,-0.000171,0.000085,0.000278,0.000409,0.000311,0.000196,0.000114,-0.000377,-0.001162,-0.001638,-0.001465,-0.000427,0.000942,0.001378,0.000905,0.000260,-0.000352,-0.000772,-0.000965,-0.001009,-0.000612,0.000124,0.000568,0.000563,0.000246,-0.000142,-0.000307,-0.000181,-0.000035,0.000028,0.000164,0.000639,0.001293,0.001706,0.001389,0.000166,-0.000875,-0.001046,-0.000873,-0.000803,-0.000599,-0.000174,0.000084,0.000180,0.000266,0.000180,0.000039,0.000126,0.000121,-0.000054,-0.000119,-0.000144,-0.000153,-0.000060,-0.000028,0.000052,0.000117,-0.000044,-0.000192,-0.000102,0.000059,0.000146,0.000123,-0.000020,-0.000156,-0.000225,-0.000124,-0.000038,-0.000131,-0.000143,-0.000042,0.000044,0.000112,0.000116,0.000170,0.000189,0.000117,0.000014,0.000014,0.000028,-0.000035,0.000008,0.000098,0.000185,0.000275,0.000149,0.018880,0.011677,0.011621,0.013038,0.012110,0.009019,0.005935,0.003834,0.002972,0.003475,0.003740,0.002656,0.001288,0.000276,-0.000544,-0.000731,-0.000176,0.000366,0.000684,0.000553,-0.000228,-0.000862,-0.000968,-0.000667,-0.000396,-0.000549,-0.000976,-0.001348,-0.001718,-0.001915,-0.001542,-0.001096,-0.000706,-0.000329,0.000044,0.000273,0.000334,0.000371,0.000342,0.000060,-0.000076,-0.000044,-0.000013,0.000069,-0.000034,-0.000195,-0.000190,0.000015,0.000119,0.000029,0.000026,0.000031,0.000162,0.000388,0.000363,0.000149,0.000260,0.000676,0.000578,-0.000118,-0.000322,0.000650,0.001805,0.001556,-0.000110,-0.001413,-0.001671,-0.001712,-0.001695,-0.001640,-0.001331,-0.000387,0.000588,0.000757,0.000106,-0.000706,-0.000889,-0.000429,-0.000016,0.000185,0.000279,0.000293,0.000259,0.000273,0.000233,-0.000195,-0.000966,-0.001820,-0.002308,-0.002281,-0.001700,-0.000616,0.000133,0.000147,-0.000123,-0.000142,-0.000057,-0.000113,-0.000117,-0.000052,-0.000076,-0.000084,-0.000098,-0.000063,-0.000075,-0.000156,-0.000051,-0.000014,-0.000073,0.000040,-0.000013,-0.000253,-0.000299,-0.000199,-0.000135,-0.000106,-0.000064,-0.000038,-0.000075,-0.000122,-0.000190,-0.000234,-0.000197,-0.000116,-0.000052,-0.000094,-0.000139,-0.000005,0.000099,-0.000019,-0.000152,-0.000190,-0.000121,-0.000046,-0.000022,-0.000052,0.000010,0.000058,
0.005454,0.006597,0.000337,-0.001741,0.000451,0.003155,0.003595,0.001482,-0.000485,0.000173,0.002566,0.003749,0.002663,0.000725,-0.000720,-0.001277,-0.000757,0.000307,0.001136,0.001399,0.001073,0.000594,0.000150,-0.000704,-0.001520,-0.001656,-0.001380,-0.000768,0.000056,0.000572,0.000445,0.000064,-0.000375,-0.000624,-0.000438,0.000045,0.000419,0.000430,-0.000079,-0.001043,-0.001598,-0.001080,-0.000245,0.000220,0.000470,0.000331,-0.000109,-0.000346,-0.000470,-0.000560,-0.000499,-0.000313,-0.000203,-0.000127,0.000056,0.000184,0.000160,0.000232,0.000235,-0.000291,-0.001042,-0.001373,-0.001053,0.000043,0.001235,0.001633,0.001335,0.000715,-0.000035,-0.000598,-0.000945,-0.001217,-0.001034,-0.000275,0.000475,0.000579,0.000311,0.000187,0.000169,0.000108,-0.000089,-0.000244,-0.000125,0.000367,0.001058,0.001575,0.001400,0.000260,-0.000739,-0.000993,-0.001035,-0.001006,-0.000657,-0.000178,0.000037,0.000146,0.000174,0.000108,0.000039,0.000034,0.000053,-0.000030,-0.000102,-0.000137,-0.000110,-0.000010,0.000081,0.000132,0.000165,0.000059,-0.000019,-0.000032,-0.000027,-0.000022,0.000016,0.000049,-0.000119,-0.000206,-0.000055,0.000062,0.000051,-0.000056,-0.000116,0.000008,0.000145,0.000142,0.000175,0.000229,0.000127,-0.000047,-0.000102,-0.000129,-0.000188,-0.000182,-0.000180,-0.000119,0.000070,0.000146,0.018995,0.011879,0.011716,0.013087,0.012342,0.009255,0.006034,0.003907,0.003107,0.003495,0.003750,0.002714,0.001232,0.000131,-0.000672,-0.000796,-0.000235,0.000323,0.000658,0.000499,-0.000193,-0.000714,-0.000851,-0.000602,-0.000462,-0.000695,-0.001058,-0.001406,-0.001687,-0.001840,-0.001724,-0.001370,-0.000889,-0.000422,-0.000014,0.000316,0.000401,0.000207,-0.000061,-0.000097,0.000095,0.000151,0.000154,0.000105,-0.000029,-0.000182,-0.000178,-0.000024,0.000060,0.000081,0.000031,0.000019,0.000068,0.000203,0.000290,0.000190,0.000279,0.000605,0.000518,-0.000143,-0.000302,0.000773,0.001709,0.001171,-0.000553,-0.001816,-0.001877,-0.001709,-0.001826,-0.001840,-0.001417,-0.000619,0.000388,0.000818,0.000274,-0.000446,-0.000741,-0.000477,-0.000038,0.000119,0.000155,0.000204,0.000251,0.000297,0.000171,-0.000295,-0.001100,-0.001940,-0.002403,-0.002269,-0.001616,-0.000619,0.000148,0.000294,0.000172,0.000100,-0.000039,-0.000132,-0.000053,0.000061,0.000106,0.000145,0.000064,-0.000029,0.000028,0.000008,-0.000079,-0.000162,-0.000148,-0.000073,-0.000095,-0.000173,-0.000237,-0.000160,-0.000128,-0.000110,-0.000039,-0.000092,-0.000071,0.000037,0.000024,-0.000020,-0.000022,0.000006,0.000074,-0.000012,-0.000093,-0.000079,-0.000049,-0.000103,-0.000148,-0.000097,0.000015,0.000022,-0.000015,-0.000030,-0.000047,-0.000064,
0.005465,0.006507,0.000109,-0.002013,-0.000053,0.002600,0.003096,0.001118,-0.000541,0.000185,0.002428,0.003681,0.002821,0.000920,-0.000534,-0.001121,-0.000684,0.000346,0.001126,0.001271,0.000945,0.000482,0.000079,-0.000681,-0.001502,-0.001627,-0.001276,-0.000598,0.000205,0.000596,0.000420,-0.000051,-0.000548,-0.000867,-0.000597,-0.000039,0.000348,0.000449,-0.000057,-0.001081,-0.001543,-0.001059,-0.000335,0.000129,0.000313,0.000310,0.000055,-0.000253,-0.000392,-0.000481,-0.000414,-0.000250,-0.000132,0.000008,0.000198,0.000304,0.000275,0.000236,0.000225,-0.000300,-0.001250,-0.001845,-0.001650,-0.000313,0.001150,0.001375,0.000831,0.000220,-0.000454,-0.001011,-0.001227,-0.001088,-0.000573,0.000074,0.000454,0.000464,0.000292,0.000182,0.000050,-0.000042,-0.000106,-0.000029,0.000175,0.000484,0.001096,0.001649,0.001315,0.000026,-0.000929,-0.001063,-0.000992,-0.000945,-0.000679,-0.000164,0.000158,0.000198,0.000162,0.000091,-0.000054,-0.000066,-0.000019,-0.000016,-0.000087,-0.000133,-0.000045,-0.000003,0.000058,0.000153,0.000061,-0.000052,-0.000097,-0.000114,-0.000064,-0.000014,0.000105,0.000148,-0.000019,-0.000167,-0.000126,0.000065,0.000087,-0.000057,-0.000108,-0.000036,0.000026,0.000134,0.000197,0.000186,0.000182,0.000108,-0.000010,-0.000135,-0.000227,-0.000247,-0.000163,-0.000086,0.000005,0.000073,0.019005,0.011942,0.011741,0.013188,0.012391,0.009301,0.006078,0.003885,0.003048,0.003451,0.003857,0.002934,0.001518,0.000323,-0.000638,-0.000841,-0.000288,0.000242,0.000540,0.000386,-0.000263,-0.000767,-0.000884,-0.000643,-0.000481,-0.000667,-0.000951,-0.001218,-0.001543,-0.001792,-0.001687,-0.001400,-0.000968,-0.000334,0.000188,0.000342,0.000353,0.000250,0.000080,-0.000030,-0.000002,0.000177,0.000193,0.000129,0.000015,-0.000144,-0.000185,-0.000100,-0.000013,0.000033,0.000050,-0.000066,-0.000026,0.000224,0.000261,0.000112,0.000274,0.000690,0.000606,-0.000026,-0.000173,0.000842,0.001848,0.001357,-0.000449,-0.001822,-0.002007,-0.001901,-0.001837,-0.001608,-0.001091,-0.000331,0.000338,0.000610,0.000256,-0.000371,-0.000631,-0.000441,-0.000014,0.000210,0.000193,0.000151,0.000085,0.000115,0.000235,-0.000063,-0.000764,-0.001624,-0.002291,-0.002331,-0.001683,-0.000613,0.000111,0.000089,-0.000174,-0.000264,-0.000176,-0.000042,-0.000056,-0.000061,0.000020,0.000044,-0.000096,-0.000140,-0.000004,-0.000039,-0.000118,-0.000156,-0.000117,-0.000112,-0.000173,-0.000205,-0.000175,-0.000154,-0.000160,-0.000155,-0.000171,-0.000086,-0.000055,-0.000118,-0.000192,-0.000168,-0.000099,-0.000043,-0.000071,-0.000202,-0.000159,-0.000069,-0.000016,-0.000014,-0.000056,-0.000057,-0.000019,0.000042,0.000030,-0.000082,-0.000096,0.000011,
0.005601,0.006629,0.000133,-0.002245,-0.000430,0.002148,0.002689,0.000855,-0.000540,0.000440,0.002706,0.003796,0.002755,0.000750,-0.000620,-0.001132,-0.000707,0.000330,0.001071,0.001313,0.000993,0.000401,0.000011,-0.000655,-0.001464,-0.001671,-0.001351,-0.000699,0.000049,0.000451,0.000342,-0.000032,-0.000433,-0.000671,-0.000483,-0.000008,0.000416,0.000531,0.000004,-0.000919,-0.001367,-0.000976,-0.000263,0.000101,0.000278,0.000214,-0.000142,-0.000300,-0.000363,-0.000427,-0.000387,-0.000299,-0.000197,0.000030,0.000290,0.000408,0.000318,0.000125,0.000055,-0.000308,-0.000962,-0.001482,-0.001407,-0.000082,0.001765,0.002411,0.001634,0.000572,-0.000191,-0.000585,-0.000742,-0.000798,-0.000515,0.000077,0.000526,0.000477,0.000160,-0.000078,-0.000057,-0.000024,-0.000149,-0.000068,0.000160,0.000522,0.001135,0.001657,0.001384,0.000115,-0.001028,-0.001249,-0.001040,-0.000800,-0.000455,-0.000042,0.000181,0.000275,0.000326,0.000195,-0.000038,-0.000092,0.000072,0.000063,-0.000060,-0.000131,-0.000160,-0.000139,-0.000192,-0.000089,0.000122,0.000049,-0.000072,-0.000102,-0.000027,0.000079,0.000063,-0.000016,-0.000162,-0.000253,-0.000129,0.000004,0.000008,-0.000011,-0.000057,-0.000105,0.000025,0.000109,0.000021,0.000003,0.000069,0.000055,-0.000016,-0.000067,-0.000120,-0.000138,0.000027,0.000126,0.000160,0.000108,0.019039,0.011988,0.011854,0.013243,0.012631,0.009689,0.006377,0.004012,0.003129,0.003672,0.003990,0.002941,0.001397,0.000202,-0.000685,-0.000782,-0.000218,0.000301,0.000703,0.000583,-0.000204,-0.000840,-0.001065,-0.000849,-0.000505,-0.000615,-0.000904,-0.001194,-0.001497,-0.001617,-0.001499,-0.001358,-0.001138,-0.000651,-0.000059,0.000322,0.000484,0.000504,0.000294,0.000071,0.000111,0.000214,0.000176,0.000160,-0.000155,-0.000472,-0.000341,-0.000075,0.000005,0.000037,0.000104,0.000085,0.000170,0.000298,0.000244,0.000060,0.000219,0.000712,0.000627,-0.000166,-0.000556,0.000219,0.001247,0.001031,-0.000560,-0.002112,-0.002534,-0.002380,-0.002288,-0.002117,-0.001565,-0.000641,0.000375,0.000786,0.000183,-0.000644,-0.000890,-0.000489,-0.000016,0.000140,0.000084,0.000073,0.000190,0.000269,0.000290,-0.000192,-0.001150,-0.002005,-0.002434,-0.002254,-0.001457,-0.000344,0.000340,0.000250,-0.000101,-0.000171,-0.000015,0.000045,0.000001,0.000007,-0.000024,-0.000055,-0.000096,-0.000137,-0.000170,-0.000242,-0.000279,-0.000262,-0.000087,0.000075,0.000008,-0.000187,-0.000196,-0.000118,-0.000140,-0.000139,-0.000188,-0.000222,-0.000130,-0.000052,-0.000070,-0.000065,-0.000021,-0.000092,-0.000200,-0.000111,-0.000060,-0.000073,-0.000052,-0.000091,-0.000112,-0.000041,-0.000041,-0.000083,-0.000042,0.000063,0.000117,0.000050,
0.005367,0.006547,0.000416,-0.001870,-0.000242,0.002151,0.002574,0.000804,-0.000548,0.000299,0.002548,0.003756,0.002753,0.000919,-0.000470,-0.001168,-0.000716,0.000207,0.000862,0.001313,0.001164,0.000572,0.000113,-0.000663,-0.001465,-0.001602,-0.001329,-0.000768,-0.000065,0.000356,0.000339,0.000058,-0.000491,-0.000870,-0.000607,-0.000122,0.000124,0.000230,-0.000154,-0.001086,-0.001439,-0.000967,-0.000310,0.000182,0.000399,0.000388,0.000106,-0.000227,-0.000386,-0.000500,-0.000541,-0.000515,-0.000379,-0.000076,0.000166,0.000219,0.000067,0.000046,0.000123,-0.000333,-0.000891,-0.000947,-0.000689,0.000092,0.000891,0.001080,0.000869,0.000358,-0.000277,-0.000612,-0.000594,-0.000586,-0.000357,0.000225,0.000661,0.000599,0.000185,-0.000131,-0.000190,-0.000184,-0.000085,0.000070,0.000214,0.000547,0.001134,0.001680,0.001561,0.000276,-0.001026,-0.001312,-0.001127,-0.000915,-0.000540,-0.000138,0.000046,0.000263,0.000370,0.000185,-0.000066,-0.000107,-0.000105,-0.000116,-0.000091,-0.000134,-0.000104,-0.000006,-0.000025,-0.000029,0.000067,0.000013,-0.000098,0.000065,0.000165,0.000157,0.000161,0.000086,-0.000006,0.000018,0.000074,0.000012,-0.000008,-0.000057,-0.000068,0.000069,0.000087,0.000226,0.000300,0.000123,0.000094,0.000185,0.000091,-0.000032,0.000014,0.000039,0.000129,0.000135,0.000124,0.000104,0.018882,0.011866,0.011845,0.013354,0.012831,0.009940,0.006631,0.004343,0.003408,0.003644,0.003804,0.002790,0.001397,0.000324,-0.000515,-0.000758,-0.000249,0.000246,0.000587,0.000512,-0.000115,-0.000757,-0.001064,-0.000814,-0.000469,-0.000550,-0.000955,-0.001377,-0.001745,-0.001873,-0.001615,-0.001183,-0.000839,-0.000517,-0.000119,0.000054,0.000164,0.000284,0.000177,0.000011,0.000103,0.000178,0.000041,0.000090,0.000053,-0.000026,0.000050,0.000035,0.000031,0.000045,-0.000073,-0.000113,0.000039,0.000249,0.000274,0.000179,0.000245,0.000607,0.000655,-0.000016,-0.000215,0.000929,0.001891,0.001238,-0.000363,-0.001538,-0.001893,-0.001868,-0.001834,-0.001780,-0.001236,-0.000332,0.000385,0.000574,0.000005,-0.000792,-0.000892,-0.000322,0.000130,0.000287,0.000233,0.000195,0.000262,0.000296,0.000334,0.000014,-0.000861,-0.001758,-0.002321,-0.002392,-0.001813,-0.000641,0.000218,0.000251,-0.000012,-0.000159,-0.000192,-0.000178,-0.000129,-0.000070,-0.000027,-0.000040,-0.000020,0.000021,-0.000032,-0.000104,-0.000166,-0.000233,-0.000159,0.000022,0.000072,-0.000145,-0.000225,-0.000095,-0.000012,-0.000065,-0.000115,-0.000128,-0.000084,-0.000003,-0.000105,-0.000163,0.000027,0.000040,-0.000112,-0.000130,-0.000055,0.000000,-0.000036,-0.000136,-0.000153,-0.000073,-0.000082,-0.000144,-0.000044,0.000030,-0.000028,-0.000107,
0.005492,0.006426,0.000326,-0.001808,-0.000226,0.001985,0.002570,0.000937,-0.000422,0.000544,0.002796,0.003885,0.002823,0.000922,-0.000552,-0.001288,-0.000766,0.000290,0.001056,0.001389,0.001078,0.000541,0.000099,-0.000605,-0.001289,-0.001449,-0.001385,-0.000939,-0.000162,0.000251,0.000194,-0.000115,-0.000483,-0.000555,-0.000259,-0.000004,0.000081,0.000121,-0.000223,-0.001000,-0.001444,-0.000985,-0.000268,0.000164,0.000420,0.000280,-0.000066,-0.000336,-0.000554,-0.000577,-0.000539,-0.000517,-0.000311,-0.000019,0.000282,0.000401,0.000310,0.000342,0.000308,-0.000348,-0.001295,-0.001727,-0.001307,-0.000080,0.001205,0.001491,0.000927,0.000381,-0.000133,-0.000617,-0.000746,-0.000674,-0.000379,0.000208,0.000619,0.000586,0.000282,0.000004,-0.000132,-0.000129,-0.000041,0.000000,0.000134,0.000461,0.001044,0.001639,0.001417,0.000167,-0.000925,-0.001070,-0.000880,-0.000786,-0.000544,-0.000325,-0.000097,0.000141,0.000291,0.000196,-0.000066,-0.000105,0.000027,0.000011,-0.000116,-0.000124,-0.000096,-0.000096,0.000017,0.000065,-0.000050,-0.000064,0.000034,0.000061,0.000041,0.000166,0.000248,0.000155,0.000033,-0.000014,-0.000037,-0.000107,-0.000081,-0.000067,-0.000069,-0.000023,0.000055,0.000189,0.000132,0.000018,0.000024,0.000029,-0.000034,-0.000119,-0.000203,-0.000145,0.000022,0.000132,0.000214,0.000304,0.019380,0.012271,0.012058,0.013563,0.013231,0.010424,0.007018,0.004663,0.003660,0.003697,0.003593,0.002593,0.001337,0.000201,-0.000633,-0.000653,-0.000135,0.000304,0.000564,0.000409,-0.000217,-0.000836,-0.001081,-0.000824,-0.000458,-0.000566,-0.001064,-0.001521,-0.001823,-0.001797,-0.001357,-0.000890,-0.000485,-0.000030,0.000213,0.000055,-0.000100,-0.000082,-0.000076,-0.000071,0.000155,0.000232,0.000030,-0.000054,-0.000151,-0.000163,-0.000091,-0.000020,-0.000036,-0.000179,-0.000223,-0.000136,0.000033,0.000296,0.000312,0.000049,0.000133,0.000662,0.000649,-0.000101,-0.000310,0.000811,0.001930,0.001322,-0.000605,-0.001934,-0.001926,-0.001772,-0.001961,-0.001887,-0.001283,-0.000502,0.000387,0.000756,0.000063,-0.000649,-0.000750,-0.000429,-0.000033,0.000119,0.000040,0.000010,0.000153,0.000292,0.000147,-0.000383,-0.001149,-0.001861,-0.002265,-0.002328,-0.001727,-0.000536,0.000336,0.000299,-0.000014,-0.000101,-0.000067,-0.000113,-0.000265,-0.000171,0.000079,0.000106,0.000012,-0.000038,-0.000098,-0.000142,-0.000080,-0.000045,-0.000061,-0.000052,-0.000105,-0.000164,-0.000215,-0.000174,-0.000159,-0.000197,-0.000089,-0.000114,-0.000243,-0.000228,-0.000177,-0.000127,-0.000097,-0.000045,-0.000124,-0.000268,-0.000219,-0.000069,-0.000085,-0.000125,-0.000147,-0.000148,-0.000107,-0.000119,-0.000079,-0.000000,0.000054,0.000048,
0.004608,0.005741,-0.000194,-0.002464,-0.001117,0.001407,0.002221,0.000632,-0.000604,0.000328,0.002533,0.003664,0.002564,0.000661,-0.000679,-0.001358,-0.000970,0.000032,0.000902,0.001279,0.001031,0.000497,-0.000076,-0.000845,-0.001546,-0.001635,-0.001364,-0.000817,-0.000087,0.000322,0.000268,-0.000115,-0.000489,-0.000641,-0.000547,-0.000255,0.000093,0.000172,-0.000194,-0.000988,-0.001460,-0.001052,-0.000392,-0.000025,0.000238,0.000260,-0.000053,-0.000321,-0.000468,-0.000617,-0.000599,-0.000442,-0.000368,-0.000197,0.000192,0.000371,0.000283,0.000273,0.000153,-0.000347,-0.001095,-0.001552,-0.001232,-0.000048,0.001262,0.001564,0.001049,0.000518,0.000001,-0.000487,-0.000744,-0.000710,-0.000300,0.000254,0.000617,0.000672,0.000325,-0.000000,-0.000080,-0.000157,-0.000091,0.000107,0.000278,0.000612,0.001139,0.001648,0.001545,0.000341,-0.000807,-0.001103,-0.000972,-0.000800,-0.000506,-0.000047,0.000210,0.000231,0.000251,0.000149,0.000008,0.000055,0.000062,-0.000033,-0.000061,-0.000068,-0.000124,-0.000159,0.000010,0.000151,0.000212,0.000041,-0.000141,-0.000190,-0.000038,0.000170,0.000307,0.000309,0.000044,-0.000101,0.000011,0.000060,-0.000003,-0.000021,-0.000075,-0.000111,0.000034,0.000086,0.000156,0.000293,0.000227,-0.000001,-0.000115,-0.000062,-0.000071,-0.000073,-0.000036,-0.000000,0.000071,0.000127,0.019933,0.012933,0.012383,0.013808,0.013771,0.011315,0.007821,0.005089,0.003864,0.003937,0.003903,0.002883,0.001603,0.000405,-0.000540,-0.000796,-0.000181,0.000429,0.000720,0.000489,-0.000294,-0.000908,-0.001097,-0.000805,-0.000534,-0.000658,-0.001005,-0.001443,-0.001722,-0.001661,-0.001289,-0.000729,-0.000318,-0.000095,0.000036,0.000106,0.000203,0.000287,0.000178,0.000089,0.000280,0.000305,0.000052,0.000006,0.000111,0.000082,0.000030,0.000128,0.000157,0.000077,-0.000021,0.000011,0.000207,0.000347,0.000313,0.000119,0.000275,0.000816,0.000768,0.000009,-0.000175,0.000879,0.002089,0.001802,0.000060,-0.001318,-0.001408,-0.001388,-0.001636,-0.001630,-0.001148,-0.000288,0.000511,0.000689,0.000098,-0.000643,-0.000826,-0.000426,0.000035,0.000176,0.000157,0.000171,0.000204,0.000258,0.000239,-0.000108,-0.000700,-0.001484,-0.002159,-0.002232,-0.001567,-0.000551,0.000228,0.000373,0.000110,-0.000034,-0.000008,-0.000047,-0.000063,0.000046,0.000036,-0.000023,-0.000037,0.000107,0.000117,-0.000068,-0.000187,-0.000127,-0.000044,-0.000021,-0.000019,-0.000147,-0.000335,-0.000286,-0.000091,-0.000013,0.000034,-0.000038,-0.000234,-0.000272,-0.000227,-0.000197,-0.000051,-0.000025,-0.000267,-0.000349,-0.000151,0.000089,0.000154,-0.000010,-0.000163,-0.000111,-0.000045,-0.000032,-0.000050,-0.000032,-0.000038,-0.000026,
0.004078,0.005167,-0.000746,-0.002838,-0.001272,0.001212,0.002042,0.000624,-0.000566,0.000405,0.002661,0.003803,0.002667,0.000771,-0.000565,-0.001253,-0.000935,0.000049,0.000944,0.001391,0.001218,0.000705,0.000178,-0.000597,-0.001365,-0.001464,-0.001232,-0.000663,0.000046,0.000462,0.000448,-0.000006,-0.000595,-0.000774,-0.000390,0.000092,0.000374,0.000441,0.000086,-0.000831,-0.001391,-0.000962,-0.000224,0.000096,0.000200,0.000164,-0.000001,-0.000184,-0.000449,-0.000697,-0.000624,-0.000362,-0.000198,-0.000043,0.000176,0.000269,0.000237,0.000201,0.000173,-0.000248,-0.001012,-0.001447,-0.001308,-0.000326,0.000995,0.001450,0.001008,0.000455,-0.000220,-0.000741,-0.000936,-0.001105,-0.000981,-0.000283,0.000368,0.000487,0.000247,-0.000000,-0.000185,-0.000244,-0.000245,-0.000180,-0.000014,0.000350,0.001058,0.001682,0.001450,0.000226,-0.000863,-0.001070,-0.000942,-0.000826,-0.000535,-0.000115,0.000203,0.000249,0.000198,0.000115,-0.000052,-0.000118,-0.000055,0.000029,0.000032,0.000003,-0.000059,-0.000078,0.000014,0.000123,0.000044,-0.000053,-0.000070,-0.000026,-0.000025,0.000021,0.000030,-0.000119,-0.000176,-0.000102,-0.000006,0.000026,-0.000029,-0.000145,-0.000089,0.000040,0.000058,0.000074,0.000174,0.000120,-0.000040,-0.000036,0.000004,-0.000026,-0.000021,0.000097,0.000162,0.000129,0.000093,0.000124,0.020542,0.013530,0.012627,0.013895,0.014062,0.012059,0.008767,0.005690,0.004173,0.004140,0.004085,0.003108,0.001699,0.000503,-0.000422,-0.000697,-0.000135,0.000513,0.000791,0.000565,-0.000101,-0.000711,-0.001047,-0.000963,-0.000745,-0.000723,-0.001052,-0.001452,-0.001790,-0.001915,-0.001632,-0.001337,-0.001003,-0.000531,-0.000048,0.000217,0.000274,0.000324,0.000283,0.000018,-0.000101,0.000049,0.000034,0.000071,0.000097,-0.000084,-0.000204,-0.000182,-0.000059,0.000093,0.000135,0.000033,0.000063,0.000168,0.000149,0.000053,0.000180,0.000560,0.000579,0.000033,-0.000230,0.000536,0.001405,0.001055,-0.000461,-0.001658,-0.001828,-0.001787,-0.001803,-0.001744,-0.001432,-0.000508,0.000526,0.000821,0.000167,-0.000677,-0.000870,-0.000514,-0.000098,0.000139,0.000187,0.000136,0.000208,0.000295,0.000229,-0.000162,-0.000979,-0.001891,-0.002406,-0.002398,-0.001789,-0.000607,0.000238,0.000138,-0.000156,-0.000005,0.000128,-0.000002,-0.000096,-0.000045,0.000090,0.000098,0.000017,0.000065,0.000080,-0.000019,-0.000077,-0.000094,-0.000182,-0.000281,-0.000194,-0.000120,-0.000154,-0.000121,-0.000040,-0.000075,-0.000089,-0.000011,-0.000071,-0.000127,-0.000212,-0.000229,-0.000084,0.000049,-0.000037,-0.000246,-0.000184,-0.000057,-0.000106,-0.000167,-0.000126,-0.000036,0.000031,0.000112,0.000097,0.000018,-0.000050,-0.000102,
0.004070,0.005028,-0.000663,-0.002623,-0.000994,0.001546,0.002372,0.001028,-0.000309,0.000478,0.002782,0.003841,0.002619,0.000673,-0.000867,-0.001527,-0.000912,0.000197,0.001034,0.001391,0.001214,0.000752,0.000170,-0.000625,-0.001392,-0.001541,-0.001267,-0.000645,0.000072,0.000395,0.000256,-0.000127,-0.000479,-0.000734,-0.000633,-0.000113,0.000413,0.000467,-0.000071,-0.000926,-0.001344,-0.000976,-0.000336,-0.000026,0.000169,0.000177,-0.000116,-0.000348,-0.000631,-0.000833,-0.000668,-0.000403,-0.000321,-0.000173,0.000214,0.000412,0.000311,0.000251,0.000155,-0.000474,-0.001157,-0.001461,-0.001047,0.000178,0.001309,0.001643,0.001301,0.000596,-0.000228,-0.000881,-0.001173,-0.001188,-0.000949,-0.000255,0.000428,0.000643,0.000463,0.000177,0.000096,0.000078,0.000042,0.000047,0.000161,0.000535,0.001153,0.001622,0.001300,0.000086,-0.000948,-0.001190,-0.001028,-0.000892,-0.000603,-0.000187,-0.000021,0.000100,0.000231,0.000230,0.000126,0.000072,0.000102,0.000088,0.000034,-0.000090,-0.000018,0.000091,0.000092,0.000071,-0.000011,-0.000052,-0.000004,-0.000047,-0.000104,-0.000022,0.000052,0.000089,0.000032,-0.000105,-0.000078,-0.000020,0.000044,-0.000007,-0.000058,0.000023,0.000080,0.000101,0.000139,0.000145,0.000087,0.000085,0.000076,-0.000090,-0.000152,-0.000096,-0.000026,0.000015,0.000017,0.000152,0.021018,0.013958,0.012978,0.014184,0.014480,0.012600,0.009303,0.006048,0.004232,0.004045,0.003948,0.002840,0.001578,0.000590,-0.000461,-0.000823,-0.000193,0.000485,0.000788,0.000504,-0.000196,-0.000884,-0.001200,-0.000966,-0.000662,-0.000734,-0.001007,-0.001366,-0.001681,-0.001792,-0.001625,-0.001349,-0.001068,-0.000604,-0.000036,0.000265,0.000298,0.000352,0.000271,0.000055,0.000105,0.000226,0.000091,-0.000010,-0.000050,-0.000157,-0.000262,-0.000229,-0.000109,-0.000040,-0.000054,-0.000084,0.000022,0.000214,0.000229,0.000143,0.000314,0.000657,0.000690,0.000038,-0.000182,0.000806,0.001748,0.001188,-0.000507,-0.001711,-0.001837,-0.001752,-0.001735,-0.001599,-0.001287,-0.000632,0.000222,0.000631,0.000145,-0.000609,-0.000897,-0.000569,0.000006,0.000216,0.000186,0.000126,0.000126,0.000212,0.000300,-0.000038,-0.000925,-0.001859,-0.002318,-0.002339,-0.001733,-0.000576,0.000120,0.000092,-0.000072,-0.000191,-0.000131,-0.000172,-0.000266,-0.000142,0.000052,0.000024,-0.000069,-0.000025,0.000004,-0.000039,-0.000132,-0.000208,-0.000244,-0.000183,-0.000126,-0.000218,-0.000212,-0.000058,-0.000013,-0.000107,-0.000074,-0.000050,-0.000081,-0.000079,-0.000080,-0.000194,-0.000195,-0.000017,-0.000024,-0.000156,-0.000192,-0.000063,0.000064,-0.000013,-0.000133,-0.000176,-0.000123,0.000004,0.000086,0.000112,0.000185,0.000057,
0.003604,0.004376,-0.001321,-0.003173,-0.001394,0.001527,0.002604,0.001148,-0.000367,0.000376,0.002629,0.003636,0.002579,0.000704,-0.000812,-0.001429,-0.000995,0.000032,0.000979,0.001396,0.001167,0.000713,0.000212,-0.000599,-0.001415,-0.001711,-0.001552,-0.000780,0.000172,0.000445,0.000247,-0.000036,-0.000458,-0.000713,-0.000493,-0.000007,0.000280,0.000295,-0.000098,-0.000936,-0.001375,-0.001017,-0.000322,0.000236,0.000306,0.000069,-0.000226,-0.000448,-0.000477,-0.000633,-0.000662,-0.000382,-0.000271,-0.000187,0.000085,0.000289,0.000254,0.000261,0.000199,-0.000399,-0.001147,-0.001564,-0.001425,-0.000015,0.001720,0.002204,0.001512,0.000578,-0.000235,-0.000779,-0.000881,-0.000885,-0.000501,0.000148,0.000446,0.000483,0.000272,-0.000018,-0.000008,0.000103,0.000074,0.000149,0.000365,0.000589,0.001101,0.001714,0.001462,0.000125,-0.001051,-0.001308,-0.001131,-0.000966,-0.000614,-0.000128,0.000212,0.000358,0.000286,0.000173,0.000055,-0.000034,-0.000044,-0.000060,-0.000106,-0.000132,-0.000175,-0.000136,0.000018,0.000121,0.000161,0.000058,-0.000105,-0.000072,0.000031,-0.000010,-0.000020,0.000048,0.000035,-0.000020,-0.000067,-0.000121,-0.000107,-0.000147,-0.000096,0.000027,0.000035,0.000046,0.000018,0.000066,0.000006,-0.000087,-0.000085,-0.000063,-0.000024,-0.000087,-0.000182,0.000034,0.000189,0.000155,0.021818,0.014878,0.013369,0.014166,0.014713,0.013562,0.010577,0.006811,0.004416,0.004086,0.003992,0.002907,0.001587,0.000624,-0.000358,-0.000631,0.000109,0.000632,0.000886,0.000745,-0.000142,-0.000882,-0.001076,-0.000840,-0.000534,-0.000625,-0.000981,-0.001285,-0.001489,-0.001614,-0.001528,-0.001348,-0.001076,-0.000548,0.000042,0.000314,0.000444,0.000573,0.000386,0.000165,0.000212,0.000201,0.000107,0.000139,0.000111,-0.000036,-0.000111,-0.000131,-0.000101,0.000016,0.000085,0.000000,0.000043,0.000301,0.000363,0.000138,0.000250,0.000812,0.000812,-0.000089,-0.000504,0.000384,0.001408,0.001134,-0.000621,-0.002195,-0.002517,-0.002373,-0.002196,-0.001966,-0.001454,-0.000546,0.000409,0.000805,0.000233,-0.000581,-0.000710,-0.000356,-0.000001,0.000214,0.000198,0.000081,0.000141,0.000283,0.000333,-0.000114,-0.000931,-0.001737,-0.002264,-0.002238,-0.001570,-0.000409,0.000264,0.000152,-0.000041,0.000058,0.000161,0.000090,0.000035,0.000051,0.000079,0.000028,-0.000097,-0.000098,-0.000067,-0.000198,-0.000220,-0.000186,-0.000158,-0.000135,-0.000111,-0.000073,-0.000084,-0.000192,-0.000207,-0.000150,-0.000099,-0.000038,-0.000034,-0.000115,-0.000169,-0.000195,-0.000160,-0.000069,-0.000120,-0.000197,-0.000222,-0.000137,-0.000088,-0.000109,-0.000187,-0.000266,-0.000316,-0.000274,-0.000094,-0.000010,0.000011,-0.000009,
0.003099,0.003718,-0.001599,-0.003126,-0.001176,0.001899,0.003111,0.001579,-0.000180,0.000478,0.002764,0.003697,0.002419,0.000533,-0.000830,-0.001500,-0.001188,-0.000123,0.000944,0.001448,0.001248,0.000791,0.000323,-0.000506,-0.001260,-0.001467,-0.001345,-0.000934,-0.000144,0.000358,0.000213,-0.000128,-0.000548,-0.000890,-0.000697,-0.000165,0.000117,0.000132,-0.000053,-0.000809,-0.001282,-0.000830,-0.000133,0.000141,0.000218,0.000172,-0.000060,-0.000305,-0.000390,-0.000457,-0.000504,-0.000441,-0.000324,-0.000082,0.000153,0.000316,0.000366,0.000299,0.000239,-0.000239,-0.000924,-0.001236,-0.000880,0.000134,0.001036,0.001292,0.000950,0.000491,-0.000104,-0.000580,-0.000714,-0.000821,-0.000546,0.000130,0.000612,0.000668,0.000381,0.000021,-0.000140,-0.000172,-0.000103,0.000077,0.000209,0.000474,0.000947,0.001468,0.001324,0.000221,-0.000816,-0.001038,-0.000907,-0.000812,-0.000580,-0.000228,-0.000032,0.000113,0.000295,0.000273,0.000035,-0.000088,0.000020,0.000076,0.000014,-0.000025,-0.000030,0.000026,0.000039,0.000137,0.000157,0.000038,0.000018,-0.000002,-0.000009,0.000061,0.000161,0.000163,0.000017,-0.000145,-0.000134,-0.000075,-0.000029,-0.000030,-0.000096,-0.000095,0.000014,0.000050,0.000075,0.000041,-0.000048,-0.000009,0.000037,0.000009,0.000009,-0.000029,0.000009,0.000153,0.000229,0.000242,0.022372,0.015422,0.013757,0.014457,0.015204,0.014274,0.011293,0.007308,0.004665,0.004132,0.003928,0.002881,0.001678,0.000640,-0.000289,-0.000514,0.000064,0.000702,0.000983,0.000662,-0.000186,-0.000831,-0.001105,-0.000968,-0.000818,-0.000965,-0.001262,-0.001604,-0.001988,-0.002029,-0.001627,-0.001185,-0.000757,-0.000212,0.000088,0.000025,0.000006,0.000094,0.000102,-0.000000,0.000090,0.000127,-0.000087,-0.000213,-0.000140,-0.000043,-0.000032,0.000049,-0.000001,-0.000025,0.000045,0.000072,0.000179,0.000331,0.000336,0.000186,0.000357,0.000801,0.000728,0.000067,0.000005,0.001103,0.001954,0.001170,-0.000800,-0.002134,-0.002100,-0.001830,-0.001761,-0.001559,-0.001143,-0.000449,0.000314,0.000547,-0.000009,-0.000728,-0.000927,-0.000532,-0.000038,0.000167,0.000231,0.000275,0.000245,0.000279,0.000318,-0.000008,-0.000868,-0.001730,-0.002288,-0.002345,-0.001675,-0.000488,0.000310,0.000277,0.000075,0.000081,0.000106,0.000027,-0.000059,-0.000138,-0.000047,0.000055,-0.000005,-0.000050,-0.000157,-0.000196,-0.000205,-0.000146,-0.000112,-0.000051,0.000081,-0.000066,-0.000186,-0.000098,-0.000013,-0.000048,-0.000063,-0.000080,-0.000048,-0.000094,-0.000150,-0.000127,-0.000110,-0.000161,-0.000201,-0.000202,-0.000156,-0.000003,-0.000037,-0.000108,-0.000066,-0.000039,-0.000012,-0.000002,-0.000041,-0.000045,0.000003,0.000016,
0.003425,0.003651,-0.001552,-0.002887,-0.000878,0.002260,0.003680,0.002033,-0.000084,0.000474,0.002751,0.003662,0.002444,0.000558,-0.000785,-0.001436,-0.001060,0.000052,0.001005,0.001470,0.001314,0.000763,0.000263,-0.000518,-0.001292,-0.001483,-0.001312,-0.000752,0.000004,0.000331,0.000168,-0.000219,-0.000700,-0.000828,-0.000566,-0.000335,-0.000157,-0.000005,-0.000225,-0.000975,-0.001376,-0.000877,-0.000171,0.000160,0.000258,0.000173,-0.000109,-0.000422,-0.000598,-0.000754,-0.000704,-0.000462,-0.000289,-0.000134,0.000153,0.000358,0.000320,0.000199,-0.000005,-0.000479,-0.001044,-0.001348,-0.001097,0.000064,0.001422,0.001710,0.001238,0.000652,-0.000014,-0.000495,-0.000697,-0.000658,-0.000365,0.000258,0.000718,0.000568,0.000197,-0.000030,-0.000074,-0.000014,0.000009,0.000020,0.000161,0.000419,0.000982,0.001556,0.001337,0.000212,-0.000893,-0.001219,-0.001055,-0.000837,-0.000596,-0.000263,0.000083,0.000276,0.000276,0.000184,0.000084,0.000044,0.000116,0.000096,-0.000062,-0.000132,-0.000057,-0.000013,0.000011,0.000148,0.000108,-0.000079,-0.000128,-0.000079,0.000015,0.000085,0.000131,0.000103,0.000011,-0.000075,-0.000085,0.000027,-0.000042,-0.000168,-0.000125,-0.000110,-0.000001,0.000114,0.000072,-0.000027,-0.000090,-0.000053,-0.000101,-0.000116,-0.000079,-0.000029,0.000066,0.000122,0.000057,0.000050,0.022747,0.015964,0.014264,0.014672,0.015285,0.014611,0.011785,0.007725,0.004905,0.004267,0.003932,0.002837,0.001817,0.000827,-0.000225,-0.000483,0.000220,0.000864,0.001050,0.000698,-0.000094,-0.000898,-0.001259,-0.001045,-0.000742,-0.000838,-0.001163,-0.001526,-0.001870,-0.001839,-0.001297,-0.000663,-0.000219,0.000046,0.000168,0.000136,0.000100,0.000183,0.000220,0.000063,0.000000,-0.000075,-0.000207,-0.000156,-0.000125,-0.000138,-0.000026,-0.000012,0.000017,0.000037,0.000020,0.000096,0.000176,0.000247,0.000274,0.000172,0.000290,0.000732,0.000736,0.000003,-0.000265,0.000716,0.001890,0.001645,-0.000067,-0.001392,-0.001544,-0.001557,-0.001769,-0.001722,-0.001250,-0.000371,0.000518,0.000714,0.000164,-0.000585,-0.000890,-0.000502,0.000043,0.000246,0.000204,0.000083,-0.000037,0.000010,0.000082,-0.000278,-0.001000,-0.001697,-0.002115,-0.002254,-0.001835,-0.000676,0.000259,0.000332,0.000064,-0.000016,0.000031,0.000007,0.000020,-0.000028,-0.000078,-0.000026,0.000049,0.000044,0.000003,-0.000078,-0.000073,-0.000025,0.000032,0.000075,0.000116,-0.000074,-0.000259,-0.000217,-0.000127,-0.000085,-0.000171,-0.000141,-0.000097,-0.000122,-0.000163,-0.000243,-0.000246,-0.000106,-0.000101,-0.000258,-0.000345,-0.000181,-0.000078,-0.000117,-0.000122,-0.000008,0.000088,0.000091,0.000071,0.000052,0.000107,0.000028,
0.002903,0.002842,-0.002157,-0.003221,-0.001058,0.002356,0.004005,0.002227,-0.000171,0.000251,0.002471,0.003364,0.002214,0.000334,-0.001006,-0.001541,-0.001044,0.000058,0.001040,0.001521,0.001279,0.000804,0.000360,-0.000378,-0.001214,-0.001604,-0.001380,-0.000653,0.000198,0.000571,0.000409,-0.000072,-0.000712,-0.000983,-0.000638,-0.000098,0.000229,0.000296,-0.000078,-0.000884,-0.001350,-0.000919,-0.000180,0.000193,0.000315,0.000186,-0.000106,-0.000275,-0.000461,-0.000680,-0.000679,-0.000463,-0.000312,-0.000189,0.000067,0.000261,0.000245,0.000175,0.000076,-0.000382,-0.001029,-0.001293,-0.000946,0.000104,0.001253,0.001661,0.001213,0.000517,-0.000126,-0.000588,-0.000921,-0.001307,-0.001128,-0.000224,0.000483,0.000523,0.000195,-0.000039,-0.000137,-0.000096,-0.000014,0.000058,0.000147,0.000466,0.001050,0.001524,0.001345,0.000218,-0.000949,-0.001228,-0.001066,-0.001014,-0.000780,-0.000233,0.000079,0.000086,0.000070,0.000173,0.000152,0.000055,0.000043,0.000043,-0.000070,-0.000110,-0.000067,-0.000094,-0.000013,0.000155,0.000266,0.000125,-0.000111,-0.000147,-0.000046,0.000119,0.000072,-0.000004,-0.000037,-0.000107,-0.000112,-0.000025,0.000052,-0.000048,-0.000179,-0.000166,-0.000067,0.000114,0.000131,0.000014,-0.000051,-0.000109,-0.000165,-0.000097,-0.000041,-0.000021,0.000048,0.000105,0.000138,0.000075,0.023395,0.016524,0.014441,0.014652,0.015479,0.014968,0.012144,0.007909,0.004750,0.004088,0.003996,0.002868,0.001757,0.000902,-0.000146,-0.000502,0.000130,0.000849,0.001092,0.000665,-0.000193,-0.000927,-0.001254,-0.001007,-0.000612,-0.000755,-0.001233,-0.001658,-0.001959,-0.001951,-0.001609,-0.001360,-0.001049,-0.000485,-0.000017,0.000171,0.000301,0.000397,0.000314,0.000118,0.000056,0.000054,0.000071,0.000090,-0.000052,-0.000179,-0.000087,0.000016,0.000056,0.000136,0.000105,-0.000013,-0.000002,0.000176,0.000268,0.000155,0.000274,0.000744,0.000737,0.000059,-0.000224,0.000718,0.001668,0.001072,-0.000661,-0.001876,-0.001928,-0.001740,-0.001770,-0.001783,-0.001492,-0.000732,0.000275,0.000690,0.000166,-0.000620,-0.000949,-0.000569,0.000060,0.000267,0.000123,0.000090,0.000148,0.000304,0.000393,-0.000042,-0.000966,-0.001830,-0.002230,-0.002226,-0.001629,-0.000449,0.000362,0.000393,0.000173,0.000017,-0.000082,-0.000231,-0.000233,-0.000092,-0.000018,0.000076,0.000099,0.000096,0.000039,-0.000054,-0.000107,-0.000085,-0.000015,-0.000026,-0.000152,-0.000338,-0.000353,-0.000232,-0.000133,-0.000071,-0.000058,-0.000094,-0.000111,-0.000098,-0.000186,-0.000217,-0.000118,-0.000040,-0.000042,-0.000171,-0.000168,0.000017,-0.000041,-0.000166,-0.000138,-0.000070,0.000011,0.000047,0.000075,0.000143,0.000150,0.000092,
0.002544,0.002488,-0.002431,-0.003340,-0.001183,0.002253,0.003930,0.002314,-0.000081,0.000238,0.002555,0.003368,0.002064,0.000383,-0.000831,-0.001553,-0.001207,-0.000064,0.000907,0.001401,0.001334,0.000921,0.000365,-0.000460,-0.001276,-0.001705,-0.001530,-0.000605,0.000234,0.000349,0.000152,-0.000096,-0.000604,-0.000927,-0.000595,-0.000016,0.000220,0.000276,-0.000011,-0.000925,-0.001453,-0.001052,-0.000313,0.000097,0.000247,0.000221,-0.000060,-0.000335,-0.000495,-0.000617,-0.000646,-0.000368,-0.000085,0.000080,0.000248,0.000269,0.000179,0.000222,0.000212,-0.000327,-0.001146,-0.001616,-0.001362,-0.000238,0.001063,0.001355,0.000838,0.000216,-0.000566,-0.001049,-0.001062,-0.000990,-0.000646,-0.000141,0.000260,0.000314,0.000103,-0.000057,-0.000126,-0.000081,-0.000148,-0.000086,0.000121,0.000475,0.001090,0.001573,0.001168,-0.000069,-0.000983,-0.001163,-0.001073,-0.000861,-0.000485,-0.000168,0.000087,0.000232,0.000276,0.000205,0.000030,-0.000009,0.000013,-0.000005,-0.000036,-0.000067,-0.000075,-0.000044,-0.000010,-0.000003,0.000071,0.000007,-0.000128,-0.000123,-0.000042,-0.000014,0.000103,0.000122,-0.000055,-0.000008,0.000090,0.000081,-0.000028,-0.000144,-0.000152,0.000058,0.000121,0.000070,0.000132,0.000080,0.000012,0.000028,0.000044,0.000032,0.000047,0.000018,-0.000022,0.000049,0.000157,0.000254,0.023541,0.016805,0.014675,0.014725,0.015486,0.015074,0.012213,0.007764,0.004660,0.004134,0.003988,0.002911,0.001754,0.000866,-0.000062,-0.000416,0.000204,0.000870,0.001099,0.000660,-0.000255,-0.000988,-0.001158,-0.000775,-0.000516,-0.000793,-0.001176,-0.001416,-0.001658,-0.001831,-0.001656,-0.001330,-0.000972,-0.000462,0.000080,0.000336,0.000286,0.000293,0.000299,0.000093,0.000062,0.000109,-0.000000,-0.000032,-0.000057,-0.000048,-0.000019,0.000017,-0.000012,-0.000021,0.000096,0.000112,0.000185,0.000366,0.000455,0.000258,0.000271,0.000590,0.000501,-0.000112,-0.000240,0.000876,0.002057,0.001567,-0.000349,-0.001902,-0.002137,-0.001858,-0.001774,-0.001643,-0.001181,-0.000586,0.000085,0.000512,0.000189,-0.000441,-0.000667,-0.000330,0.000170,0.000371,0.000295,0.000133,0.000108,0.000242,0.000254,-0.000106,-0.000777,-0.001606,-0.002147,-0.002185,-0.001608,-0.000520,0.000161,0.000094,-0.000017,-0.000040,-0.000119,-0.000108,-0.000103,-0.000010,0.000117,0.000089,0.000021,0.000071,0.000035,-0.000118,-0.000113,-0.000062,-0.000020,0.000110,0.000006,-0.000125,-0.000075,-0.000007,-0.000001,-0.000068,-0.000086,-0.000088,-0.000114,-0.000147,-0.000159,-0.000202,-0.000174,-0.000091,-0.000120,-0.000208,-0.000214,-0.000056,0.000042,-0.000103,-0.000151,-0.000097,-0.000091,-0.000111,-0.000160,-0.000173,-0.000068,0.000006,
0.001918,0.001749,-0.002866,-0.003490,-0.001287,0.002082,0.003741,0.001950,-0.000432,0.000019,0.002331,0.003228,0.001933,0.000183,-0.000939,-0.001594,-0.001318,-0.000238,0.000849,0.001398,0.001276,0.000875,0.000500,-0.000273,-0.001206,-0.001539,-0.001324,-0.000598,0.000209,0.000457,0.000282,-0.000072,-0.000588,-0.000900,-0.000660,-0.000004,0.000535,0.000612,0.000212,-0.000610,-0.001168,-0.000942,-0.000347,0.000150,0.000318,0.000186,-0.000117,-0.000333,-0.000467,-0.000622,-0.000580,-0.000393,-0.000238,-0.000142,0.000011,0.000227,0.000214,0.000106,-0.000040,-0.000442,-0.001076,-0.001529,-0.001263,0.000074,0.001747,0.002275,0.001620,0.000628,-0.000205,-0.000709,-0.000956,-0.000941,-0.000592,0.000050,0.000502,0.000439,0.000075,-0.000104,-0.000089,-0.000100,-0.000064,0.000127,0.000310,0.000623,0.001209,0.001712,0.001395,0.000085,-0.001026,-0.001234,-0.001024,-0.000892,-0.000585,-0.000076,0.000108,0.000138,0.000276,0.000329,0.000188,0.000105,0.000082,-0.000055,-0.000149,-0.000088,0.000017,0.000007,-0.000034,-0.000001,0.000102,0.000062,-0.000010,-0.000032,-0.000027,0.000100,0.000204,0.000148,0.000044,-0.000052,-0.000056,-0.000049,-0.000095,-0.000152,-0.000170,-0.000047,0.000022,0.000015,0.000102,0.000085,-0.000013,-0.000001,-0.000045,-0.000186,-0.000248,-0.000102,0.000061,0.000152,0.000185,0.000077,0.023853,0.017157,0.014740,0.014613,0.015299,0.014869,0.012187,0.007783,0.004615,0.004065,0.003886,0.002794,0.001735,0.000882,-0.000132,-0.000534,0.000132,0.000879,0.001120,0.000708,-0.000128,-0.000838,-0.001155,-0.000939,-0.000664,-0.000854,-0.001253,-0.001556,-0.001815,-0.001822,-0.001533,-0.001288,-0.001017,-0.000599,-0.000068,0.000290,0.000493,0.000580,0.000434,0.000149,0.000112,0.000133,-0.000056,-0.000131,-0.000192,-0.000291,-0.000346,-0.000176,-0.000010,0.000002,0.000051,0.000070,0.000019,0.000188,0.000238,0.000063,0.000154,0.000572,0.000590,-0.000143,-0.000545,0.000296,0.001439,0.001197,-0.000555,-0.002084,-0.002366,-0.002155,-0.001914,-0.001828,-0.001537,-0.000654,0.000321,0.000644,0.000127,-0.000643,-0.000844,-0.000405,0.000095,0.000296,0.000257,0.000196,0.000053,0.000120,0.000257,-0.000223,-0.001119,-0.001860,-0.002268,-0.002295,-0.001682,-0.000487,0.000299,0.000250,0.000027,0.000005,0.000124,0.000116,0.000034,0.000078,0.000061,-0.000125,-0.000119,-0.000081,-0.000162,-0.000177,-0.000163,-0.000117,-0.000110,-0.000084,-0.000054,-0.000119,-0.000101,-0.000011,-0.000008,-0.000085,-0.000104,-0.000088,-0.000086,-0.000217,-0.000221,-0.000077,-0.000098,-0.000206,-0.000212,-0.000255,-0.000276,-0.000236,-0.000133,-0.000086,-0.000195,-0.000267,-0.000187,-0.000106,-0.000015,0.000104,0.000093,-0.000014,
0.001355,0.001174,-0.003317,-0.003808,-0.001624,0.001849,0.003609,0.001962,-0.000408,0.000006,0.002344,0.003230,0.001939,0.000230,-0.000823,-0.001426,-0.001122,-0.000064,0.000954,0.001494,0.001325,0.000890,0.000450,-0.000291,-0.001119,-0.001478,-0.001321,-0.000706,-0.000043,0.000139,-0.000038,-0.000319,-0.000740,-0.000971,-0.000704,-0.000238,0.000075,0.000222,-0.000016,-0.000750,-0.001250,-0.000934,-0.000280,0.000150,0.000346,0.000220,-0.000121,-0.000343,-0.000510,-0.000644,-0.000601,-0.000432,-0.000290,-0.000208,0.000004,0.000210,0.000173,0.000130,0.000146,-0.000165,-0.000697,-0.001001,-0.000763,0.000155,0.001027,0.001315,0.001101,0.000582,-0.000042,-0.000438,-0.000497,-0.000554,-0.000500,0.000062,0.000558,0.000514,0.000152,-0.000211,-0.000241,-0.000244,-0.000145,0.000037,0.000200,0.000571,0.001202,0.001753,0.001494,0.000207,-0.000909,-0.001140,-0.001079,-0.000974,-0.000718,-0.000397,-0.000122,0.000103,0.000313,0.000386,0.000152,0.000014,0.000068,0.000035,-0.000023,-0.000098,-0.000190,-0.000137,-0.000035,0.000070,0.000081,-0.000002,-0.000047,-0.000114,-0.000074,-0.000023,0.000005,0.000064,-0.000040,-0.000168,-0.000091,-0.000075,-0.000129,-0.000188,-0.000124,-0.000058,0.000062,0.000178,0.000120,0.000115,0.000133,0.000120,0.000053,-0.000058,-0.000129,-0.000099,0.000029,0.000151,0.000177,0.000224,0.024435,0.017542,0.014807,0.014528,0.015094,0.014691,0.012167,0.007866,0.004637,0.004052,0.004017,0.002963,0.001853,0.000998,0.000063,-0.000370,0.000151,0.000940,0.001226,0.000780,-0.000181,-0.000994,-0.001318,-0.001042,-0.000711,-0.000894,-0.001334,-0.001645,-0.001897,-0.001997,-0.001630,-0.001281,-0.001022,-0.000598,-0.000195,0.000080,0.000251,0.000339,0.000215,-0.000052,0.000017,0.000183,0.000119,0.000060,0.000002,-0.000160,-0.000199,-0.000153,-0.000144,-0.000173,-0.000186,-0.000114,0.000088,0.000354,0.000339,0.000176,0.000341,0.000830,0.000817,0.000152,0.000012,0.001043,0.001928,0.001314,-0.000312,-0.001573,-0.001926,-0.001899,-0.001852,-0.001750,-0.001443,-0.000644,0.000334,0.000613,0.000173,-0.000444,-0.000640,-0.000306,0.000209,0.000417,0.000308,0.000099,-0.000002,0.000099,0.000132,-0.000117,-0.000784,-0.001707,-0.002366,-0.002488,-0.001875,-0.000637,0.000216,0.000144,-0.000058,0.000007,-0.000083,-0.000211,-0.000224,-0.000228,-0.000177,-0.000167,-0.000139,-0.000081,-0.000098,-0.000093,-0.000089,-0.000184,-0.000160,0.000041,0.000120,-0.000037,-0.000065,0.000011,-0.000024,-0.000027,-0.000105,-0.000225,-0.000187,-0.000132,-0.000154,-0.000178,-0.000107,-0.000108,-0.000262,-0.000336,-0.000318,-0.000127,0.000034,-0.000046,-0.000103,-0.000075,-0.000006,0.000127,0.000176,0.000097,0.000063,0.000044,
0.001112,0.001025,-0.003319,-0.003747,-0.001520,0.002000,0.003892,0.002069,-0.000433,-0.000047,0.002337,0.003155,0.001822,0.000241,-0.000880,-0.001479,-0.001066,0.000052,0.000945,0.001361,0.001289,0.000954,0.000512,-0.000293,-0.001131,-0.001446,-0.001267,-0.000619,0.000051,0.000255,0.000165,-0.000064,-0.000566,-0.000778,-0.000529,-0.000214,-0.000052,-0.000055,-0.000289,-0.000959,-0.001342,-0.000832,-0.000118,0.000123,0.000077,-0.000031,-0.000241,-0.000433,-0.000509,-0.000525,-0.000469,-0.000393,-0.000388,-0.000246,-0.000026,0.000165,0.000217,0.000155,0.000123,-0.000380,-0.001265,-0.001725,-0.001354,0.000036,0.001434,0.001601,0.001005,0.000466,-0.000016,-0.000423,-0.000730,-0.000917,-0.000614,0.000141,0.000741,0.000766,0.000426,0.000199,0.000012,-0.000148,-0.000167,0.000033,0.000211,0.000488,0.001040,0.001564,0.001345,0.000110,-0.001005,-0.001109,-0.000917,-0.000761,-0.000473,-0.000089,0.000145,0.000284,0.000448,0.000438,0.000211,0.000047,0.000034,0.000058,0.000023,-0.000044,0.000001,0.000001,-0.000022,0.000032,0.000086,0.000009,0.000002,0.000136,0.000210,0.000189,0.000111,0.000060,-0.000001,-0.000111,-0.000120,-0.000042,-0.000055,-0.000085,-0.000150,-0.000125,0.000011,0.000071,0.000087,0.000031,0.000009,0.000072,0.000051,-0.000111,-0.000222,-0.000244,-0.000119,0.000096,0.000166,0.000115,0.024557,0.017738,0.015024,0.014528,0.014907,0.014427,0.011857,0.007595,0.004463,0.004025,0.003941,0.002870,0.001732,0.000853,-0.000022,-0.000406,0.000282,0.001042,0.001216,0.000805,-0.000079,-0.000873,-0.001243,-0.000945,-0.000644,-0.000924,-0.001376,-0.001677,-0.002002,-0.001972,-0.001398,-0.000809,-0.000315,0.000088,0.000269,0.000044,-0.000159,0.000019,0.000148,0.000080,0.000111,0.000098,-0.000173,-0.000323,-0.000344,-0.000317,-0.000171,-0.000022,-0.000051,-0.000150,-0.000192,-0.000106,0.000151,0.000390,0.000349,0.000074,0.000195,0.000742,0.000719,0.000000,-0.000189,0.000903,0.002011,0.001453,-0.000528,-0.001988,-0.002003,-0.001773,-0.001813,-0.001708,-0.001208,-0.000419,0.000434,0.000835,0.000291,-0.000553,-0.000846,-0.000476,0.000069,0.000341,0.000310,0.000123,0.000048,0.000131,0.000127,-0.000208,-0.000924,-0.001724,-0.002303,-0.002411,-0.001679,-0.000467,0.000290,0.000322,0.000012,-0.000124,-0.000100,-0.000134,-0.000027,0.000075,0.000081,0.000076,0.000021,0.000066,0.000034,-0.000025,-0.000015,-0.000105,-0.000144,-0.000032,-0.000070,-0.000240,-0.000280,-0.000168,-0.000087,-0.000074,-0.000069,-0.000010,-0.000020,-0.000082,-0.000089,-0.000064,0.000002,-0.000056,-0.000217,-0.000254,-0.000095,-0.000005,-0.000053,-0.000154,-0.000184,-0.000076,-0.000032,-0.000100,-0.000062,0.000089,0.000138,0.000035,
0.001123,0.000600,-0.003666,-0.003837,-0.001428,0.002058,0.003683,0.001778,-0.000652,-0.000173,0.002110,0.002933,0.001728,0.000126,-0.000929,-0.001489,-0.001179,-0.000197,0.000776,0.001415,0.001385,0.001011,0.000549,-0.000217,-0.001141,-0.001535,-0.001208,-0.000382,0.000298,0.000427,0.000284,-0.000050,-0.000559,-0.000804,-0.000548,-0.000182,0.000028,0.000110,-0.000225,-0.001020,-0.001420,-0.000888,-0.000056,0.000319,0.000323,0.000106,-0.000172,-0.000410,-0.000657,-0.000822,-0.000798,-0.000498,-0.000301,-0.000147,0.000251,0.000426,0.000299,0.000166,0.000023,-0.000440,-0.001169,-0.001570,-0.001301,0.000024,0.001608,0.001895,0.001228,0.000695,0.000120,-0.000410,-0.000657,-0.000797,-0.000443,0.000239,0.000581,0.000491,0.000185,-0.000113,-0.000096,0.000005,0.000098,0.000158,0.000238,0.000492,0.001126,0.001807,0.001525,0.000181,-0.000926,-0.001072,-0.000882,-0.000730,-0.000457,-0.000080,0.000132,0.000140,0.000245,0.000272,0.000108,0.000041,0.000061,0.000001,-0.000134,-0.000112,-0.000002,-0.000047,-0.000092,-0.000066,-0.000006,-0.000034,-0.000082,-0.000040,0.000096,0.000201,0.000182,0.000126,0.000016,-0.000119,-0.000034,0.000032,-0.000054,-0.000037,-0.000057,-0.000094,-0.000045,0.000016,0.000071,0.000113,0.000061,0.000027,0.000064,0.000010,-0.000070,-0.000022,-0.000078,-0.000090,0.000095,0.000221,0.024732,0.018045,0.015219,0.014472,0.014737,0.014061,0.011454,0.007287,0.004351,0.004066,0.003998,0.002829,0.001861,0.001123,0.000095,-0.000282,0.000306,0.001040,0.001271,0.000779,-0.000167,-0.000874,-0.001146,-0.000920,-0.000704,-0.000921,-0.001190,-0.001477,-0.001923,-0.001984,-0.001388,-0.000845,-0.000455,-0.000157,-0.000015,0.000090,0.000089,0.000214,0.000409,0.000350,0.000159,-0.000066,-0.000259,-0.000207,-0.000022,-0.000035,-0.000055,-0.000019,-0.000024,0.000029,0.000104,0.000090,0.000066,0.000262,0.000318,0.000131,0.000333,0.000710,0.000611,-0.000085,-0.000275,0.000802,0.001958,0.001761,0.000106,-0.001269,-0.001483,-0.001554,-0.001802,-0.001790,-0.001337,-0.000508,0.000467,0.000712,0.000108,-0.000675,-0.000886,-0.000402,0.000079,0.000157,0.000138,0.000178,0.000185,0.000185,0.000187,-0.000104,-0.000847,-0.001666,-0.002180,-0.002128,-0.001553,-0.000524,0.000360,0.000408,0.000104,-0.000044,-0.000111,-0.000108,-0.000110,-0.000109,-0.000057,0.000022,0.000059,0.000053,0.000042,0.000023,-0.000014,-0.000036,0.000034,0.000010,-0.000150,-0.000242,-0.000258,-0.000117,0.000036,-0.000002,-0.000014,-0.000012,-0.000037,-0.000094,-0.000176,-0.000172,-0.000016,0.000098,0.000075,-0.000093,-0.000156,0.000031,0.000069,-0.000052,-0.000143,-0.000071,0.000071,0.000103,0.000011,-0.000019,0.000077,0.000068,
0.001271,0.000567,-0.003399,-0.003323,-0.000899,0.002505,0.003910,0.001793,-0.000750,-0.000221,0.002253,0.003129,0.001832,0.000125,-0.001019,-0.001417,-0.000963,-0.000026,0.000915,0.001500,0.001427,0.000960,0.000552,-0.000198,-0.001038,-0.001435,-0.001351,-0.000652,0.000128,0.000295,0.000149,-0.000134,-0.000691,-0.000960,-0.000416,0.000243,0.000523,0.000552,0.000126,-0.000828,-0.001354,-0.000828,-0.000161,0.000113,0.000221,0.000117,-0.000253,-0.000509,-0.000628,-0.000757,-0.000699,-0.000437,-0.000156,0.000100,0.000273,0.000266,0.000141,0.000065,0.000074,-0.000278,-0.000969,-0.001236,-0.000948,-0.000121,0.001024,0.001431,0.001054,0.000519,-0.000163,-0.000763,-0.001005,-0.001215,-0.001108,-0.000380,0.000255,0.000389,0.000246,-0.000071,-0.000333,-0.000287,-0.000156,0.000017,0.000313,0.000672,0.001138,0.001665,0.001406,0.000144,-0.000892,-0.001078,-0.000957,-0.000840,-0.000561,-0.000160,0.000066,0.000135,0.000304,0.000375,0.000249,0.000106,0.000063,0.000063,0.000051,-0.000019,-0.000059,0.000019,0.000059,0.000012,0.000053,0.000019,-0.000125,-0.000169,-0.000150,-0.000100,0.000078,0.000157,0.000056,-0.000053,-0.000045,-0.000024,-0.000012,-0.000044,-0.000169,-0.000087,0.000087,0.000241,0.000262,0.000120,-0.000046,-0.000026,-0.000001,-0.000045,-0.000081,-0.000127,-0.000092,0.000009,0.000111,0.000072,0.024952,0.018163,0.015338,0.014400,0.014271,0.013435,0.010720,0.006725,0.004182,0.004001,0.003950,0.002807,0.001837,0.001186,0.000183,-0.000309,0.000220,0.000891,0.001134,0.000743,-0.000067,-0.000776,-0.001141,-0.000873,-0.000565,-0.000782,-0.001161,-0.001581,-0.001939,-0.001909,-0.001541,-0.001183,-0.000849,-0.000452,0.000022,0.000345,0.000396,0.000442,0.000420,0.000171,0.000080,0.000167,0.000067,-0.000178,-0.000279,-0.000295,-0.000198,-0.000146,-0.000099,0.000038,0.000176,0.000182,0.000256,0.000413,0.000410,0.000200,0.000217,0.000635,0.000667,-0.000010,-0.000278,0.000592,0.001676,0.001331,-0.000348,-0.001691,-0.001788,-0.001629,-0.001626,-0.001674,-0.001481,-0.000611,0.000503,0.000836,0.000195,-0.000584,-0.000734,-0.000376,0.000010,0.000177,0.000185,0.000284,0.000374,0.000378,0.000246,-0.000211,-0.000866,-0.001576,-0.002076,-0.002181,-0.001776,-0.000726,0.000161,0.000257,0.000066,0.000019,0.000031,-0.000012,-0.000044,-0.000029,0.000038,0.000001,0.000010,0.000040,-0.000016,-0.000069,-0.000085,-0.000131,-0.000146,-0.000045,-0.000034,-0.000198,-0.000265,-0.000173,-0.000118,-0.000212,-0.000210,-0.000055,0.000036,-0.000033,-0.000097,-0.000160,-0.000298,-0.000300,-0.000209,-0.000174,-0.000121,-0.000158,-0.000163,-0.000093,-0.000126,-0.000066,-0.000002,-0.000006,0.000012,0.000040,0.000040,-0.000022,
0.000410,-0.000146,-0.003983,-0.003676,-0.000994,0.002314,0.003479,0.001461,-0.000842,-0.000276,0.002048,0.002867,0.001611,0.000057,-0.000903,-0.001277,-0.000871,0.000001,0.000821,0.001325,0.001420,0.001092,0.000624,-0.000147,-0.001046,-0.001481,-0.001288,-0.000438,0.000395,0.000541,0.000262,-0.000091,-0.000549,-0.000807,-0.000572,-0.000061,0.000356,0.000459,0.000049,-0.000778,-0.001207,-0.000852,-0.000198,0.000150,0.000301,0.000139,-0.000190,-0.000455,-0.000660,-0.000688,-0.000582,-0.000459,-0.000303,-0.000089,0.000171,0.000331,0.000190,0.000104,0.000055,-0.000474,-0.001131,-0.001301,-0.000917,0.000175,0.001326,0.001707,0.001289,0.000602,-0.000157,-0.000766,-0.001124,-0.001344,-0.001057,-0.000264,0.000348,0.000329,0.000105,0.000011,-0.000029,-0.000021,-0.000047,0.000010,0.000215,0.000589,0.001064,0.001446,0.001186,0.000094,-0.000917,-0.001193,-0.001044,-0.000829,-0.000520,-0.000250,-0.000002,0.000250,0.000370,0.000363,0.000219,0.000133,0.000185,0.000099,0.000028,-0.000038,-0.000120,-0.000123,-0.000080,0.000001,0.000046,0.000037,-0.000049,-0.000120,-0.000052,0.000129,0.000189,0.000060,-0.000072,-0.000118,-0.000063,0.000026,0.000064,-0.000036,-0.000081,-0.000005,0.000025,0.000113,0.000155,0.000092,-0.000005,-0.000041,-0.000048,-0.000139,-0.000190,-0.000177,-0.000172,-0.000039,0.000134,0.000264,0.024929,0.018230,0.015191,0.014193,0.014105,0.013188,0.010469,0.006626,0.004201,0.004063,0.003986,0.002808,0.001834,0.001196,0.000134,-0.000481,0.000094,0.000936,0.001212,0.000823,-0.000045,-0.000778,-0.001084,-0.000879,-0.000565,-0.000680,-0.001027,-0.001382,-0.001758,-0.001784,-0.001375,-0.000994,-0.000775,-0.000385,0.000074,0.000254,0.000360,0.000417,0.000317,0.000129,0.000094,-0.000006,-0.000187,-0.000150,-0.000151,-0.000226,-0.000246,-0.000231,-0.000133,0.000055,0.000177,0.000190,0.000241,0.000326,0.000279,0.000089,0.000204,0.000654,0.000603,-0.000053,-0.000214,0.000804,0.001832,0.001200,-0.000601,-0.001784,-0.001823,-0.001603,-0.001482,-0.001358,-0.001180,-0.000711,0.000044,0.000485,0.000199,-0.000453,-0.000739,-0.000327,0.000189,0.000355,0.000191,0.000040,0.000093,0.000269,0.000299,-0.000200,-0.000972,-0.001647,-0.002159,-0.002265,-0.001717,-0.000672,0.000180,0.000333,-0.000058,-0.000242,-0.000095,-0.000122,-0.000210,-0.000152,-0.000048,0.000054,0.000013,-0.000081,-0.000048,-0.000027,-0.000086,-0.000041,0.000113,0.000157,0.000038,-0.000101,-0.000080,-0.000042,-0.000039,0.000000,0.000005,-0.000030,-0.000009,-0.000025,-0.000090,-0.000073,-0.000102,-0.000186,-0.000240,-0.000237,-0.000216,-0.000170,-0.000101,-0.000152,-0.000116,-0.000017,0.000076,0.000115,0.000055,0.000012,0.000003,0.000024,
-0.000485,-0.001008,-0.004448,-0.003812,-0.001189,0.001958,0.003066,0.001074,-0.001190,-0.000569,0.001965,0.002794,0.001469,-0.000040,-0.000986,-0.001306,-0.000807,0.000056,0.000923,0.001476,0.001452,0.001101,0.000712,-0.000041,-0.001020,-0.001551,-0.001367,-0.000442,0.000467,0.000630,0.000327,-0.000130,-0.000648,-0.000883,-0.000506,0.000039,0.000450,0.000508,0.000066,-0.000826,-0.001262,-0.000789,-0.000143,0.000154,0.000242,0.000108,-0.000221,-0.000407,-0.000488,-0.000557,-0.000521,-0.000275,-0.000145,-0.000100,0.000213,0.000353,0.000202,0.000116,0.000115,-0.000373,-0.001252,-0.001837,-0.001495,-0.000040,0.001456,0.001790,0.001035,0.000310,-0.000310,-0.000909,-0.001134,-0.000963,-0.000476,0.000069,0.000391,0.000243,0.000017,-0.000141,-0.000203,-0.000119,-0.000096,0.000005,0.000168,0.000403,0.000939,0.001534,0.001321,0.000097,-0.000947,-0.001096,-0.000887,-0.000711,-0.000480,-0.000166,0.000097,0.000266,0.000314,0.000259,0.000144,0.000053,0.000105,0.000102,0.000027,-0.000088,-0.000174,-0.000032,0.000084,0.000140,0.000145,0.000017,-0.000084,-0.000122,-0.000121,-0.000034,0.000015,0.000039,-0.000001,-0.000130,-0.000056,-0.000003,-0.000077,-0.000145,-0.000169,-0.000028,0.000143,0.000149,0.000127,0.000170,0.000111,-0.000016,-0.000123,-0.000231,-0.000203,-0.000171,-0.000096,0.000119,0.000193,0.000134,0.025544,0.018655,0.015387,0.014208,0.013909,0.012843,0.010153,0.006375,0.004106,0.004031,0.003964,0.002896,0.001887,0.001202,0.000288,-0.000308,0.000217,0.001018,0.001284,0.000842,-0.000075,-0.000851,-0.001216,-0.001000,-0.000694,-0.000840,-0.001138,-0.001271,-0.001542,-0.001765,-0.001544,-0.001257,-0.000917,-0.000469,-0.000051,0.000101,0.000205,0.000369,0.000356,0.000179,0.000157,0.000085,-0.000082,-0.000053,-0.000060,-0.000191,-0.000287,-0.000258,-0.000130,0.000001,0.000042,-0.000032,0.000065,0.000281,0.000354,0.000289,0.000433,0.000770,0.000553,-0.000193,-0.000420,0.000478,0.001639,0.001447,-0.000570,-0.002316,-0.002410,-0.002127,-0.002053,-0.001790,-0.001340,-0.000600,0.000287,0.000589,0.000154,-0.000519,-0.000773,-0.000386,0.000077,0.000296,0.000249,0.000132,0.000146,0.000230,0.000242,-0.000137,-0.000980,-0.001863,-0.002446,-0.002554,-0.001787,-0.000401,0.000315,0.000200,0.000051,0.000029,0.000098,0.000098,-0.000039,-0.000070,0.000033,0.000136,0.000146,0.000029,-0.000021,0.000048,-0.000049,-0.000158,-0.000070,-0.000050,-0.000107,-0.000176,-0.000259,-0.000220,-0.000019,-0.000022,-0.000132,-0.000154,-0.000123,-0.000117,-0.000134,-0.000152,-0.000201,-0.000168,-0.000181,-0.000296,-0.000300,-0.000154,-0.000035,0.000002,-0.000064,-0.000107,-0.000098,0.000012,0.000083,0.000005,-0.000060,-0.000061,
-0.001706,-0.002126,-0.005076,-0.004035,-0.001200,0.001800,0.002731,0.000712,-0.001317,-0.000518,0.001850,0.002716,0.001451,-0.000190,-0.001098,-0.001320,-0.000903,-0.000112,0.000742,0.001357,0.001369,0.001026,0.000681,-0.000124,-0.001126,-0.001470,-0.001215,-0.000507,0.000251,0.000506,0.000383,0.000058,-0.000438,-0.000890,-0.000778,-0.000159,0.000287,0.000395,0.000043,-0.000794,-0.001231,-0.000706,-0.000074,0.000111,0.000179,0.000159,-0.000110,-0.000414,-0.000589,-0.000644,-0.000472,-0.000138,0.000026,0.000053,0.000161,0.000196,0.000090,0.000034,0.000086,-0.000266,-0.000773,-0.000962,-0.000836,0.000234,0.001754,0.002284,0.001713,0.000859,0.000145,-0.000336,-0.000521,-0.000683,-0.000603,0.000001,0.000411,0.000335,0.000066,-0.000108,-0.000128,-0.000144,-0.000029,0.000112,0.000202,0.000503,0.001182,0.001777,0.001498,0.000259,-0.000900,-0.001238,-0.001153,-0.000951,-0.000502,-0.000130,0.000093,0.000199,0.000206,0.000166,0.000039,0.000103,0.000184,0.000034,-0.000098,-0.000179,-0.000124,-0.000008,0.000101,0.000177,0.000037,-0.000076,-0.000064,-0.000093,-0.000091,0.000014,0.000062,0.000025,0.000026,-0.000041,-0.000095,0.000043,-0.000013,-0.000241,-0.000246,-0.000084,0.000017,0.000069,0.000137,0.000099,-0.000047,-0.000103,-0.000131,-0.000130,-0.000033,0.000021,-0.000010,-0.000068,0.000015,0.000155,0.025440,0.018836,0.015534,0.014074,0.013746,0.012549,0.009763,0.006134,0.003805,0.003859,0.004057,0.002888,0.001861,0.001141,0.000168,-0.000343,0.000180,0.001007,0.001369,0.000994,0.000053,-0.000790,-0.001126,-0.000928,-0.000801,-0.000941,-0.001045,-0.001222,-0.001525,-0.001754,-0.001550,-0.001187,-0.000926,-0.000491,0.000049,0.000323,0.000427,0.000451,0.000316,0.000164,0.000240,0.000199,-0.000069,-0.000076,-0.000074,-0.000257,-0.000151,-0.000131,-0.000133,0.000022,0.000136,0.000148,0.000089,0.000243,0.000348,0.000202,0.000307,0.000730,0.000646,-0.000045,-0.000346,0.000424,0.001359,0.001207,-0.000168,-0.001446,-0.001841,-0.002047,-0.002053,-0.001839,-0.001461,-0.000775,0.000086,0.000579,0.000225,-0.000451,-0.000633,-0.000263,0.000192,0.000411,0.000355,0.000243,0.000225,0.000311,0.000298,-0.000118,-0.000946,-0.001778,-0.002352,-0.002309,-0.001537,-0.000339,0.000406,0.000293,-0.000067,-0.000173,-0.000149,-0.000223,-0.000290,-0.000165,-0.000003,0.000071,-0.000045,-0.000089,-0.000090,-0.000203,-0.000170,-0.000035,0.000045,0.000025,-0.000067,-0.000202,-0.000193,-0.000168,-0.000172,-0.000175,-0.000204,-0.000156,-0.000077,-0.000069,-0.000183,-0.000197,-0.000126,-0.000123,-0.000202,-0.000270,-0.000215,-0.000106,-0.000154,-0.000211,-0.000247,-0.000280,-0.000211,-0.000048,0.000104,0.000153,0.000133,0.000076,
-0.002282,-0.002678,-0.005396,-0.004026,-0.001159,0.001769,0.002615,0.000496,-0.001589,-0.000741,0.001763,0.002620,0.001471,-0.000035,-0.000923,-0.001266,-0.000895,-0.000004,0.000913,0.001467,0.001379,0.001067,0.000670,-0.000145,-0.001089,-0.001507,-0.001294,-0.000522,0.000234,0.000400,0.000149,-0.000153,-0.000480,-0.000675,-0.000417,-0.000044,0.000074,0.000132,-0.000077,-0.000829,-0.001183,-0.000727,-0.000136,0.000130,0.000219,0.000156,-0.000056,-0.000263,-0.000456,-0.000573,-0.000635,-0.000464,-0.000171,-0.000075,0.000060,0.000299,0.000316,0.000345,0.000327,-0.000217,-0.000992,-0.001397,-0.001052,0.000121,0.001261,0.001589,0.001198,0.000740,0.000184,-0.000392,-0.000607,-0.000683,-0.000433,0.000207,0.000645,0.000571,0.000130,-0.000247,-0.000306,-0.000241,-0.000143,0.000072,0.000267,0.000513,0.000954,0.001461,0.001348,0.000113,-0.001006,-0.001148,-0.000972,-0.000831,-0.000638,-0.000345,-0.000043,0.000237,0.000370,0.000270,0.000117,0.000004,-0.000064,-0.000048,0.000010,-0.000023,-0.000027,-0.000041,0.000018,0.000148,0.000246,0.000169,0.000029,-0.000073,-0.000137,-0.000022,0.000206,0.000217,-0.000038,-0.000112,-0.000047,0.000063,0.000087,-0.000055,-0.000167,-0.000112,0.000006,0.000014,-0.000034,-0.000050,-0.000011,0.000030,-0.000005,-0.000089,-0.000136,-0.000097,-0.000057,0.000002,0.000168,0.000266,0.025741,0.019027,0.015674,0.014177,0.013613,0.012198,0.009394,0.005927,0.003900,0.003944,0.004090,0.002991,0.001865,0.001197,0.000280,-0.000257,0.000199,0.000973,0.001356,0.000961,0.000012,-0.000740,-0.000989,-0.000735,-0.000548,-0.000836,-0.001243,-0.001577,-0.001991,-0.002059,-0.001399,-0.000846,-0.000634,-0.000270,0.000211,0.000228,0.000048,0.000123,0.000173,0.000086,0.000008,-0.000081,-0.000203,-0.000140,-0.000097,-0.000126,-0.000081,-0.000042,0.000048,0.000088,0.000009,-0.000076,0.000119,0.000413,0.000401,0.000252,0.000337,0.000738,0.000632,-0.000089,-0.000089,0.001112,0.002079,0.001359,-0.000722,-0.002133,-0.002098,-0.001831,-0.001822,-0.001653,-0.001193,-0.000459,0.000460,0.000883,0.000313,-0.000570,-0.000836,-0.000349,0.000247,0.000359,0.000248,0.000133,0.000021,0.000137,0.000228,-0.000100,-0.000832,-0.001744,-0.002361,-0.002434,-0.001817,-0.000608,0.000188,0.000207,0.000007,-0.000072,-0.000091,-0.000135,-0.000206,-0.000085,0.000035,-0.000009,-0.000063,-0.000039,0.000063,0.000069,0.000001,0.000063,0.000004,-0.000038,0.000099,-0.000083,-0.000241,-0.000065,-0.000034,-0.000163,-0.000210,-0.000109,-0.000015,-0.000084,-0.000132,-0.000111,-0.000147,-0.000176,-0.000138,-0.000158,-0.000147,-0.000056,-0.000104,-0.000132,-0.000113,-0.000062,0.000069,0.000085,-0.000022,-0.000013,0.000048,0.000083,
-0.002878,-0.003396,-0.005818,-0.004091,-0.001112,0.001670,0.002282,0.000274,-0.001691,-0.000844,0.001683,0.002500,0.001248,-0.000260,-0.001011,-0.001128,-0.000705,-0.000003,0.000786,0.001443,0.001458,0.001148,0.000759,-0.000115,-0.001045,-0.001428,-0.001229,-0.000439,0.000358,0.000401,0.000101,-0.000286,-0.000708,-0.000726,-0.000391,-0.000036,0.000139,0.000037,-0.000303,-0.000984,-0.001285,-0.000738,-0.000080,0.000288,0.000404,0.000233,-0.000135,-0.000421,-0.000541,-0.000534,-0.000488,-0.000390,-0.000230,-0.000062,0.000127,0.000304,0.000230,0.000100,0.000129,-0.000325,-0.001129,-0.001568,-0.001214,0.000191,0.001725,0.002015,0.001334,0.000768,0.000234,-0.000260,-0.000506,-0.000572,-0.000438,0.000091,0.000597,0.000600,0.000230,0.000003,0.000025,-0.000035,-0.000042,0.000104,0.000265,0.000541,0.001075,0.001682,0.001435,0.000128,-0.000957,-0.001188,-0.000984,-0.000699,-0.000461,-0.000184,0.000075,0.000198,0.000300,0.000279,0.000159,0.000140,0.000178,0.000103,-0.000084,-0.000125,-0.000002,0.000056,0.000008,0.000022,0.000107,0.000061,0.000057,0.000109,0.000024,-0.000114,-0.000037,0.000088,0.000005,-0.000075,-0.000055,-0.000026,-0.000095,-0.000057,-0.000043,-0.000132,0.000063,0.000177,0.000096,0.000061,0.000140,0.000176,0.000047,-0.000067,-0.000068,-0.000018,-0.000039,-0.000012,0.000089,0.000123,0.025864,0.019008,0.015649,0.014127,0.013416,0.011853,0.009033,0.005850,0.004022,0.004032,0.003929,0.002722,0.001742,0.001195,0.000292,-0.000253,0.000202,0.000948,0.001247,0.000859,-0.000093,-0.000886,-0.001115,-0.000898,-0.000623,-0.000708,-0.001018,-0.001404,-0.001796,-0.001783,-0.001069,-0.000233,0.000245,0.000372,0.000207,-0.000124,-0.000250,0.000024,0.000302,0.000264,0.000186,-0.000041,-0.000411,-0.000397,-0.000207,-0.000164,-0.000103,0.000016,0.000065,0.000098,0.000040,-0.000057,0.000029,0.000263,0.000353,0.000124,0.000118,0.000651,0.000686,-0.000050,-0.000341,0.000665,0.001854,0.001640,-0.000120,-0.001562,-0.001755,-0.001658,-0.001664,-0.001602,-0.001368,-0.000720,0.000168,0.000608,0.000190,-0.000560,-0.000746,-0.000342,0.000152,0.000392,0.000303,0.000262,0.000217,0.000177,0.000208,-0.000105,-0.000826,-0.001625,-0.002155,-0.002261,-0.001652,-0.000472,0.000434,0.000473,0.000116,0.000034,0.000094,-0.000152,-0.000358,-0.000139,0.000075,0.000096,0.000032,0.000017,0.000029,-0.000029,-0.000147,-0.000181,-0.000103,-0.000076,-0.000115,-0.000104,-0.000056,-0.000079,-0.000046,-0.000064,-0.000186,-0.000129,-0.000091,-0.000083,-0.000041,-0.000122,-0.000177,-0.000205,-0.000244,-0.000173,-0.000103,-0.000134,-0.000177,-0.000201,-0.000208,-0.000176,-0.000083,-0.000005,-0.000014,-0.000044,-0.000038,-0.000039,
-0.002700,-0.003381,-0.005567,-0.003574,-0.000615,0.002033,0.002407,0.000262,-0.001559,-0.000759,0.001607,0.002511,0.001311,-0.000166,-0.000913,-0.001137,-0.000735,0.000037,0.000795,0.001308,0.001297,0.000958,0.000546,-0.000296,-0.001186,-0.001507,-0.001251,-0.000437,0.000370,0.000497,0.000238,-0.000059,-0.000435,-0.000662,-0.000401,0.000036,0.000204,0.000225,-0.000066,-0.000846,-0.001263,-0.000800,-0.000110,0.000217,0.000245,0.000159,-0.000162,-0.000398,-0.000572,-0.000766,-0.000715,-0.000382,-0.000067,0.000059,0.000246,0.000259,0.000065,0.000086,0.000103,-0.000374,-0.001035,-0.001375,-0.001232,-0.000285,0.000955,0.001339,0.000926,0.000487,-0.000035,-0.000610,-0.000907,-0.001028,-0.000673,0.000203,0.000808,0.000562,0.000021,-0.000211,-0.000231,-0.000162,0.000025,0.000121,0.000216,0.000584,0.001173,0.001715,0.001500,0.000333,-0.000730,-0.000943,-0.000793,-0.000672,-0.000415,-0.000168,-0.000067,0.000055,0.000321,0.000346,0.000175,0.000125,0.000099,0.000026,-0.000062,-0.000049,-0.000044,-0.000089,-0.000089,-0.000045,0.000035,0.000011,-0.000012,-0.000063,-0.000045,0.000057,0.000102,0.000178,0.000130,0.000076,0.000135,0.000125,-0.000024,-0.000116,-0.000106,-0.000040,0.000066,0.000173,0.000093,0.000053,0.000183,0.000054,-0.000113,-0.000097,-0.000005,0.000069,0.000058,0.000133,0.000153,0.000069,0.025840,0.019142,0.015739,0.014005,0.013144,0.011524,0.008796,0.005651,0.003851,0.003914,0.003840,0.002704,0.001640,0.000977,0.000143,-0.000290,0.000162,0.000921,0.001419,0.001033,-0.000004,-0.000891,-0.001219,-0.000932,-0.000667,-0.000845,-0.001077,-0.001222,-0.001646,-0.001870,-0.001367,-0.000803,-0.000542,-0.000276,0.000028,0.000212,0.000284,0.000384,0.000373,0.000187,0.000025,-0.000052,-0.000166,-0.000038,0.000015,-0.000150,-0.000128,-0.000016,0.000010,-0.000021,0.000067,0.000165,0.000172,0.000246,0.000318,0.000178,0.000200,0.000569,0.000589,-0.000045,-0.000260,0.000739,0.001910,0.001706,0.000066,-0.001379,-0.001705,-0.001662,-0.001690,-0.001584,-0.001182,-0.000385,0.000516,0.000865,0.000288,-0.000502,-0.000716,-0.000326,0.000175,0.000322,0.000260,0.000243,0.000208,0.000131,0.000063,-0.000202,-0.000905,-0.001714,-0.002141,-0.002120,-0.001653,-0.000607,0.000224,0.000260,-0.000027,-0.000068,0.000063,-0.000003,-0.000043,0.000052,0.000032,0.000054,0.000171,0.000132,0.000073,0.000007,-0.000103,-0.000209,-0.000086,0.000043,0.000021,-0.000090,-0.000111,0.000004,0.000045,0.000033,0.000091,0.000026,-0.000094,-0.000174,-0.000205,-0.000109,-0.000109,-0.000175,-0.000147,-0.000195,-0.000261,-0.000101,0.000060,-0.000032,-0.000098,-0.000023,0.000004,0.000064,0.000044,-0.000036,-0.000024,-0.000040,
-0.003517,-0.004183,-0.006151,-0.004026,-0.000887,0.001758,0.001917,-0.000301,-0.001901,-0.000877,0.001539,0.002470,0.001369,-0.000143,-0.000963,-0.001130,-0.000789,-0.000105,0.000790,0.001497,0.001592,0.001179,0.000658,-0.000160,-0.001001,-0.001364,-0.001157,-0.000291,0.000565,0.000752,0.000584,0.000173,-0.000328,-0.000557,-0.000366,0.000071,0.000414,0.000546,0.000116,-0.000896,-0.001471,-0.000998,-0.000281,0.000119,0.000258,0.000136,-0.000151,-0.000377,-0.000591,-0.000715,-0.000615,-0.000324,-0.000118,-0.000025,0.000169,0.000300,0.000261,0.000247,0.000196,-0.000313,-0.000993,-0.001217,-0.000818,0.000310,0.001538,0.001959,0.001500,0.000756,-0.000014,-0.000650,-0.001058,-0.001404,-0.001317,-0.000434,0.000422,0.000408,0.000026,-0.000188,-0.000184,-0.000134,-0.000054,0.000116,0.000287,0.000534,0.001012,0.001611,0.001495,0.000331,-0.000750,-0.001139,-0.001105,-0.000925,-0.000640,-0.000218,0.000016,0.000268,0.000439,0.000286,0.000070,-0.000004,0.000012,0.000046,-0.000043,-0.000179,-0.000172,-0.000014,0.000171,0.000242,0.000213,0.000026,-0.000075,-0.000087,-0.000113,-0.000077,-0.000036,-0.000030,-0.000063,-0.000128,-0.000085,-0.000056,-0.000042,-0.000035,-0.000103,-0.000079,0.000015,0.000138,0.000178,0.000055,0.000035,-0.000004,-0.000119,-0.000108,-0.000087,-0.000088,0.000021,0.000107,0.000173,0.000174,0.025921,0.019223,0.015794,0.013960,0.013050,0.011536,0.008711,0.005632,0.004024,0.004062,0.003866,0.002636,0.001691,0.001119,0.000254,-0.000355,0.000103,0.000964,0.001368,0.000910,-0.000111,-0.000895,-0.001124,-0.000833,-0.000566,-0.000727,-0.000910,-0.001114,-0.001528,-0.001742,-0.001356,-0.000904,-0.000765,-0.000423,0.000070,0.000158,0.000146,0.000295,0.000327,0.000226,0.000128,-0.000013,-0.000098,-0.000031,-0.000116,-0.000247,-0.000241,-0.000179,-0.000044,0.000073,0.000100,-0.000015,0.000084,0.000365,0.000373,0.000142,0.000257,0.000694,0.000639,0.000020,-0.000173,0.000783,0.001827,0.001346,-0.000475,-0.001738,-0.001797,-0.001737,-0.001776,-0.001654,-0.001351,-0.000637,0.000306,0.000729,0.000340,-0.000446,-0.000713,-0.000278,0.000195,0.000351,0.000323,0.000247,0.000145,0.000134,0.000151,-0.000212,-0.000964,-0.001771,-0.002293,-0.002376,-0.001791,-0.000592,0.000164,0.000149,-0.000056,-0.000138,-0.000083,-0.000044,-0.000092,0.000029,0.000144,0.000183,0.000185,0.000076,-0.000012,-0.000017,-0.000025,-0.000080,-0.000094,-0.000029,-0.000047,-0.000204,-0.000200,-0.000096,-0.000148,-0.000192,-0.000086,-0.000145,-0.000205,-0.000062,0.000045,0.000009,-0.000106,-0.000180,-0.000182,-0.000157,-0.000118,-0.000046,-0.000017,-0.000157,-0.000140,-0.000067,0.000010,0.000100,0.000142,0.000190,0.000174,0.000014,
-0.003619,-0.004331,-0.006220,-0.003742,-0.000319,0.002161,0.001985,-0.000315,-0.001877,-0.000825,0.001483,0.002395,0.001314,-0.000210,-0.000984,-0.001172,-0.000786,-0.000020,0.000800,0.001374,0.001426,0.001192,0.000778,-0.000088,-0.001022,-0.001375,-0.001081,-0.000147,0.000751,0.000879,0.000526,0.000119,-0.000400,-0.000662,-0.000323,0.000141,0.000374,0.000392,0.000068,-0.000746,-0.001222,-0.000867,-0.000173,0.000161,0.000230,0.000171,-0.000136,-0.000404,-0.000593,-0.000615,-0.000469,-0.000308,-0.000185,-0.000040,0.000066,0.000161,0.000164,0.000102,0.000079,-0.000402,-0.001142,-0.001506,-0.001186,-0.000084,0.001137,0.001560,0.001172,0.000522,-0.000187,-0.000739,-0.000970,-0.000999,-0.000742,-0.000161,0.000323,0.000296,0.000022,-0.000089,-0.000089,-0.000054,0.000028,0.000163,0.000312,0.000591,0.001148,0.001695,0.001371,0.000083,-0.000993,-0.001226,-0.000994,-0.000700,-0.000396,-0.000089,0.000152,0.000247,0.000315,0.000253,0.000150,0.000114,0.000150,0.000152,0.000002,-0.000042,0.000038,0.000122,0.000144,0.000169,0.000123,-0.000008,-0.000134,-0.000182,-0.000160,-0.000111,0.000039,0.000058,-0.000069,-0.000171,-0.000192,-0.000035,0.000036,-0.000054,-0.000049,-0.000009,0.000051,0.000100,0.000148,0.000112,-0.000004,-0.000088,-0.000127,-0.000126,-0.000185,-0.000134,0.000017,0.000074,0.000138,0.000157,0.025642,0.018960,0.015765,0.014042,0.012996,0.011268,0.008516,0.005729,0.004139,0.004062,0.003850,0.002597,0.001662,0.001122,0.000157,-0.000446,0.000014,0.000839,0.001423,0.001115,0.000001,-0.000833,-0.001153,-0.000934,-0.000648,-0.000705,-0.000818,-0.000993,-0.001355,-0.001587,-0.001348,-0.001012,-0.000732,-0.000454,-0.000091,0.000199,0.000192,0.000242,0.000275,0.000183,0.000185,0.000048,-0.000106,0.000071,0.000101,-0.000089,-0.000173,-0.000043,0.000019,0.000032,0.000097,0.000110,0.000163,0.000285,0.000271,0.000185,0.000339,0.000769,0.000765,0.000017,-0.000238,0.000796,0.001900,0.001397,-0.000512,-0.001879,-0.001888,-0.001699,-0.001624,-0.001413,-0.001179,-0.000688,0.000068,0.000509,0.000213,-0.000430,-0.000621,-0.000259,0.000181,0.000461,0.000455,0.000261,0.000116,0.000149,0.000211,-0.000169,-0.000992,-0.001761,-0.002264,-0.002393,-0.001853,-0.000700,0.000206,0.000275,-0.000070,-0.000130,-0.000018,-0.000037,-0.000067,0.000102,0.000141,0.000137,0.000095,-0.000024,0.000001,-0.000054,-0.000120,-0.000074,-0.000054,0.000022,0.000064,-0.000057,-0.000101,-0.000034,-0.000124,-0.000172,-0.000030,0.000051,0.000004,-0.000044,-0.000156,-0.000141,-0.000061,-0.000108,-0.000081,-0.000050,-0.000196,-0.000257,-0.000167,-0.000096,-0.000080,-0.000150,-0.000101,0.000133,0.000151,-0.000009,0.000014,0.000057,
-0.004118,-0.005158,-0.006724,-0.003940,-0.000583,0.001828,0.001709,-0.000605,-0.002067,-0.001001,0.001227,0.002200,0.001164,-0.000323,-0.001001,-0.001045,-0.000586,0.000005,0.000605,0.001280,0.001442,0.001171,0.000749,-0.000144,-0.001169,-0.001548,-0.001171,-0.000235,0.000604,0.000781,0.000534,0.000229,-0.000229,-0.000486,-0.000347,0.000010,0.000287,0.000384,0.000052,-0.000819,-0.001276,-0.000824,-0.000182,0.000175,0.000282,0.000163,-0.000102,-0.000423,-0.000568,-0.000576,-0.000470,-0.000198,0.000037,0.000178,0.000268,0.000290,0.000179,0.000099,0.000059,-0.000395,-0.001104,-0.001488,-0.001231,0.000153,0.001942,0.002575,0.001921,0.000873,-0.000140,-0.000736,-0.000897,-0.000913,-0.000669,-0.000071,0.000355,0.000297,0.000052,-0.000116,-0.000125,-0.000049,-0.000002,0.000126,0.000286,0.000531,0.001129,0.001707,0.001431,0.000090,-0.001044,-0.001242,-0.001075,-0.000813,-0.000478,-0.000083,0.000194,0.000295,0.000382,0.000294,0.000075,0.000006,0.000069,0.000001,-0.000074,-0.000020,0.000112,0.000142,0.000079,0.000118,0.000104,0.000094,0.000115,0.000082,-0.000062,-0.000101,0.000035,0.000053,0.000031,-0.000076,-0.000120,-0.000021,-0.000108,-0.000260,-0.000205,-0.000087,0.000140,0.000335,0.000225,0.000007,-0.000027,0.000001,-0.000049,-0.000162,-0.000214,-0.000178,-0.000156,-0.000017,0.000177,0.000185,0.025614,0.018891,0.015569,0.013824,0.012916,0.011264,0.008415,0.005518,0.003938,0.003946,0.003887,0.002749,0.001666,0.001027,0.000095,-0.000563,-0.000054,0.000821,0.001274,0.000993,0.000037,-0.000803,-0.001109,-0.000910,-0.000534,-0.000570,-0.000803,-0.000969,-0.001346,-0.001601,-0.001255,-0.000843,-0.000772,-0.000580,-0.000162,0.000101,0.000281,0.000510,0.000553,0.000333,0.000165,0.000070,0.000042,-0.000001,-0.000130,-0.000226,-0.000198,-0.000077,-0.000015,0.000070,0.000159,0.000121,0.000136,0.000304,0.000384,0.000124,0.000181,0.000811,0.000787,-0.000116,-0.000557,0.000295,0.001461,0.001315,-0.000540,-0.002313,-0.002608,-0.002375,-0.002303,-0.002073,-0.001496,-0.000647,0.000292,0.000755,0.000442,-0.000318,-0.000667,-0.000317,0.000176,0.000445,0.000443,0.000267,0.000092,0.000189,0.000249,-0.000136,-0.000937,-0.001813,-0.002321,-0.002284,-0.001640,-0.000482,0.000276,0.000279,0.000087,0.000036,0.000118,0.000050,-0.000011,0.000010,0.000010,0.000072,0.000076,0.000104,0.000066,-0.000148,-0.000118,0.000043,0.000029,-0.000050,-0.000087,-0.000108,-0.000093,-0.000018,-0.000064,-0.000156,-0.000154,-0.000077,-0.000068,-0.000116,-0.000095,-0.000065,-0.000144,-0.000174,-0.000171,-0.000140,-0.000072,-0.000164,-0.000167,-0.000177,-0.000219,-0.000154,-0.000105,0.000073,0.000184,0.000108,0.000065,0.000080,
-0.003505,-0.004744,-0.006230,-0.003301,0.000265,0.002514,0.001961,-0.000344,-0.001647,-0.000619,0.001580,0.002457,0.001249,-0.000301,-0.000977,-0.001080,-0.000714,0.000040,0.000837,0.001362,0.001389,0.001032,0.000639,-0.000136,-0.001005,-0.001397,-0.001208,-0.000352,0.000523,0.000675,0.000312,-0.000086,-0.000455,-0.000644,-0.000404,-0.000071,0.000202,0.000353,0.000059,-0.000775,-0.001225,-0.000779,-0.000094,0.000232,0.000348,0.000265,-0.000030,-0.000249,-0.000461,-0.000537,-0.000504,-0.000217,-0.000011,0.000081,0.000227,0.000196,0.000092,0.000140,0.000141,-0.000256,-0.000704,-0.000733,-0.000341,0.000322,0.001055,0.001409,0.001242,0.000792,0.000089,-0.000510,-0.000675,-0.000678,-0.000400,0.000154,0.000521,0.000377,-0.000040,-0.000153,-0.000074,-0.000107,-0.000075,0.000155,0.000255,0.000505,0.001162,0.001736,0.001489,0.000267,-0.000900,-0.001328,-0.001199,-0.000950,-0.000595,-0.000183,0.000071,0.000267,0.000336,0.000242,0.000021,-0.000105,-0.000116,-0.000147,-0.000106,-0.000057,0.000001,0.000015,0.000100,0.000110,0.000045,-0.000035,-0.000104,-0.000131,-0.000158,-0.000006,0.000167,0.000113,-0.000097,-0.000170,-0.000134,-0.000132,-0.000077,-0.000044,-0.000112,-0.000075,0.000101,0.000207,0.000124,0.000073,0.000141,0.000047,-0.000073,-0.000035,0.000053,0.000020,0.000004,0.000127,0.000154,0.000128,0.025722,0.019132,0.015740,0.013759,0.012783,0.011204,0.008502,0.005780,0.004191,0.004032,0.003765,0.002497,0.001496,0.000970,0.000221,-0.000346,-0.000016,0.000762,0.001204,0.000873,-0.000064,-0.000886,-0.001172,-0.000839,-0.000512,-0.000616,-0.000764,-0.001013,-0.001495,-0.001672,-0.001256,-0.000930,-0.000762,-0.000433,-0.000082,0.000098,0.000139,0.000215,0.000241,0.000186,0.000200,0.000107,-0.000120,-0.000196,-0.000125,-0.000116,-0.000087,0.000009,0.000028,0.000119,0.000259,0.000224,0.000157,0.000206,0.000151,-0.000029,0.000195,0.000649,0.000530,-0.000130,-0.000253,0.000785,0.001798,0.001358,-0.000179,-0.001329,-0.001582,-0.001661,-0.001710,-0.001576,-0.001284,-0.000555,0.000363,0.000683,0.000254,-0.000488,-0.000701,-0.000156,0.000433,0.000598,0.000444,0.000247,0.000156,0.000184,0.000146,-0.000278,-0.000988,-0.001654,-0.002249,-0.002308,-0.001694,-0.000620,0.000176,0.000249,-0.000007,-0.000182,-0.000171,-0.000185,-0.000212,-0.000112,0.000030,0.000111,0.000099,0.000040,-0.000030,-0.000082,-0.000131,-0.000073,0.000003,0.000026,0.000029,-0.000030,-0.000132,-0.000156,-0.000179,-0.000199,-0.000060,-0.000037,-0.000064,-0.000055,-0.000041,-0.000045,-0.000176,-0.000170,-0.000162,-0.000271,-0.000226,-0.000172,-0.000111,-0.000006,-0.000028,-0.000124,-0.000067,0.000066,0.000141,0.000150,0.000048,-0.000077,
-0.004160,-0.005370,-0.006688,-0.003552,0.000170,0.002358,0.001657,-0.000696,-0.001937,-0.000834,0.001339,0.002177,0.001200,-0.000275,-0.001044,-0.001116,-0.000581,0.000126,0.000659,0.001170,0.001331,0.001118,0.000719,-0.000069,-0.001010,-0.001385,-0.001223,-0.000555,0.000294,0.000436,0.000105,-0.000168,-0.000413,-0.000497,-0.000210,0.000111,0.000195,0.000187,-0.000120,-0.000832,-0.001196,-0.000702,-0.000052,0.000121,0.000162,0.000089,-0.000226,-0.000470,-0.000571,-0.000570,-0.000375,-0.000132,0.000021,0.000011,0.000088,0.000218,0.000181,0.000153,0.000133,-0.000311,-0.001085,-0.001534,-0.001114,0.000240,0.001499,0.001731,0.001194,0.000596,0.000015,-0.000500,-0.000804,-0.000918,-0.000649,-0.000039,0.000481,0.000639,0.000349,-0.000022,-0.000194,-0.000254,-0.000184,-0.000016,0.000256,0.000569,0.001121,0.001673,0.001394,0.000190,-0.000857,-0.001020,-0.000867,-0.000818,-0.000604,-0.000159,0.000137,0.000314,0.000471,0.000379,0.000098,-0.000097,-0.000045,0.000106,0.000134,0.000049,-0.000044,-0.000042,-0.000042,0.000019,0.000096,-0.000053,-0.000123,-0.000081,-0.000005,0.000122,0.000159,0.000096,0.000025,-0.000075,-0.000163,-0.000091,-0.000022,-0.000116,-0.000258,-0.000129,0.000054,0.000045,0.000067,0.000098,-0.000000,-0.000050,-0.000031,0.000026,0.000007,0.000005,0.000053,0.000073,0.000194,0.000206,0.025367,0.018981,0.015868,0.013938,0.012905,0.011179,0.008410,0.005784,0.004218,0.003913,0.003622,0.002444,0.001463,0.000873,0.000051,-0.000445,-0.000135,0.000628,0.001278,0.000949,-0.000187,-0.001080,-0.001276,-0.000862,-0.000561,-0.000686,-0.000830,-0.001174,-0.001773,-0.001824,-0.001175,-0.000527,-0.000170,-0.000012,0.000041,-0.000101,-0.000251,-0.000082,0.000224,0.000286,0.000213,0.000023,-0.000256,-0.000268,-0.000230,-0.000205,-0.000149,-0.000083,-0.000047,0.000046,0.000093,0.000027,0.000061,0.000306,0.000341,0.000112,0.000335,0.000859,0.000776,0.000092,-0.000073,0.001019,0.002103,0.001455,-0.000639,-0.002075,-0.002066,-0.001834,-0.001889,-0.001702,-0.001146,-0.000368,0.000442,0.000740,0.000281,-0.000353,-0.000548,-0.000234,0.000170,0.000377,0.000396,0.000242,0.000142,0.000205,0.000111,-0.000334,-0.001069,-0.001784,-0.002280,-0.002273,-0.001611,-0.000486,0.000291,0.000200,-0.000060,-0.000081,-0.000106,-0.000158,-0.000086,0.000048,0.000052,0.000042,0.000023,-0.000017,0.000021,0.000003,-0.000087,-0.000117,-0.000042,0.000048,0.000044,-0.000091,-0.000271,-0.000237,-0.000080,-0.000027,0.000026,0.000049,-0.000062,-0.000193,-0.000101,-0.000045,-0.000178,-0.000209,-0.000183,-0.000212,-0.000101,0.000049,-0.000112,-0.000272,-0.000227,-0.000160,-0.000125,-0.000035,0.000103,0.000173,0.000104,-0.000008,
-0.005105,-0.006252,-0.007120,-0.003623,0.000229,0.002304,0.001420,-0.000800,-0.001824,-0.000809,0.001240,0.002124,0.001168,-0.000254,-0.001004,-0.001053,-0.000592,0.000002,0.000702,0.001374,0.001508,0.001137,0.000612,-0.000139,-0.000978,-0.001371,-0.001136,-0.000319,0.000537,0.000673,0.000289,-0.000149,-0.000533,-0.000600,-0.000309,-0.000033,0.000066,0.000162,-0.000099,-0.000854,-0.001183,-0.000640,0.000037,0.000314,0.000419,0.000253,-0.000182,-0.000486,-0.000666,-0.000718,-0.000616,-0.000383,-0.000245,-0.000171,0.000073,0.000237,0.000151,0.000157,0.000151,-0.000350,-0.001046,-0.001371,-0.001124,0.000162,0.001646,0.002032,0.001486,0.000825,0.000123,-0.000504,-0.000848,-0.000910,-0.000629,-0.000043,0.000426,0.000382,0.000048,-0.000098,-0.000061,-0.000017,0.000126,0.000233,0.000204,0.000416,0.001022,0.001609,0.001423,0.000210,-0.000919,-0.001126,-0.000935,-0.000758,-0.000480,-0.000103,0.000063,0.000169,0.000386,0.000444,0.000287,0.000126,0.000048,0.000002,-0.000100,-0.000199,-0.000101,0.000026,0.000084,0.000144,0.000104,0.000036,-0.000022,-0.000117,-0.000150,0.000051,0.000214,0.000123,-0.000056,-0.000166,-0.000108,0.000053,-0.000013,-0.000121,-0.000089,-0.000101,-0.000041,0.000033,0.000011,-0.000038,-0.000034,-0.000072,-0.000162,-0.000106,-0.000012,-0.000012,-0.000028,0.000158,0.000249,0.000149,0.025447,0.018941,0.015771,0.013856,0.012860,0.011177,0.008488,0.005910,0.004383,0.004000,0.003525,0.002370,0.001483,0.000893,0.000080,-0.000466,-0.000147,0.000675,0.001337,0.001050,-0.000008,-0.000870,-0.001217,-0.000940,-0.000523,-0.000516,-0.000745,-0.000949,-0.001389,-0.001523,-0.000844,-0.000245,0.000053,0.000194,0.000201,0.000182,0.000107,0.000159,0.000236,0.000221,0.000294,0.000212,-0.000064,-0.000196,-0.000193,-0.000156,-0.000072,-0.000011,0.000017,0.000102,0.000167,0.000037,-0.000007,0.000244,0.000240,-0.000047,0.000130,0.000688,0.000711,-0.000006,-0.000294,0.000798,0.002026,0.001780,0.000138,-0.001279,-0.001610,-0.001739,-0.001955,-0.001844,-0.001350,-0.000529,0.000381,0.000823,0.000415,-0.000459,-0.000793,-0.000340,0.000224,0.000417,0.000373,0.000134,0.000061,0.000233,0.000266,-0.000110,-0.000802,-0.001605,-0.002364,-0.002424,-0.001699,-0.000633,0.000170,0.000236,0.000053,0.000070,0.000018,-0.000161,-0.000255,-0.000136,0.000097,0.000244,0.000130,-0.000007,-0.000057,-0.000119,-0.000064,0.000027,0.000090,0.000043,-0.000119,-0.000200,-0.000140,-0.000150,-0.000123,-0.000038,-0.000083,-0.000086,-0.000171,-0.000266,-0.000141,-0.000187,-0.000203,-0.000079,-0.000104,-0.000233,-0.000167,-0.000036,0.000034,-0.000018,-0.000182,-0.000134,0.000058,0.000117,0.000013,-0.000066,-0.000045,-0.000021,
-0.005572,-0.007022,-0.007706,-0.003757,0.000269,0.002418,0.001526,-0.000877,-0.001857,-0.000650,0.001340,0.002159,0.001164,-0.000248,-0.000914,-0.000995,-0.000481,0.000214,0.000758,0.001304,0.001425,0.001050,0.000534,-0.000350,-0.001232,-0.001511,-0.001184,-0.000339,0.000587,0.000747,0.000358,0.000015,-0.000316,-0.000436,-0.000224,0.000155,0.000416,0.000481,0.000108,-0.000815,-0.001269,-0.000839,-0.000210,0.000176,0.000266,0.000189,-0.000103,-0.000391,-0.000586,-0.000748,-0.000602,-0.000308,-0.000183,-0.000067,0.000127,0.000188,0.000204,0.000266,0.000197,-0.000284,-0.000973,-0.001343,-0.001170,-0.000111,0.001267,0.001708,0.001216,0.000581,-0.000027,-0.000564,-0.000825,-0.001087,-0.001010,-0.000325,0.000211,0.000365,0.000130,-0.000163,-0.000150,-0.000094,0.000022,0.000145,0.000225,0.000464,0.001063,0.001716,0.001462,0.000275,-0.000829,-0.001142,-0.000983,-0.000857,-0.000506,-0.000008,0.000197,0.000225,0.000269,0.000302,0.000122,0.000005,-0.000064,-0.000102,-0.000089,-0.000100,0.000045,0.000118,0.000082,0.000009,-0.000017,0.000027,-0.000054,-0.000110,-0.000044,0.000000,-0.000042,-0.000013,-0.000064,-0.000208,-0.000121,-0.000010,-0.000102,-0.000183,-0.000146,-0.000031,0.000068,0.000077,0.000059,0.000012,0.000040,0.000117,0.000076,0.000026,-0.000029,-0.000045,-0.000063,0.000031,0.000173,0.000206,0.025309,0.018791,0.015596,0.013796,0.012930,0.011320,0.008667,0.006065,0.004466,0.003972,0.003465,0.002275,0.001309,0.000773,-0.000008,-0.000581,-0.000247,0.000577,0.001224,0.001041,-0.000006,-0.000873,-0.001084,-0.000782,-0.000475,-0.000581,-0.000785,-0.001007,-0.001446,-0.001661,-0.001295,-0.000880,-0.000706,-0.000483,-0.000113,0.000130,0.000187,0.000301,0.000487,0.000320,0.000074,-0.000050,-0.000127,-0.000052,-0.000037,-0.000111,-0.000140,-0.000053,-0.000058,0.000015,0.000240,0.000231,0.000175,0.000357,0.000391,0.000183,0.000261,0.000746,0.000722,-0.000063,-0.000352,0.000631,0.001683,0.001338,-0.000230,-0.001567,-0.001844,-0.001789,-0.001736,-0.001624,-0.001361,-0.000644,0.000377,0.000897,0.000445,-0.000416,-0.000738,-0.000294,0.000231,0.000352,0.000319,0.000313,0.000214,0.000086,0.000019,-0.000278,-0.000961,-0.001719,-0.002246,-0.002355,-0.001739,-0.000524,0.000202,0.000195,0.000012,-0.000084,-0.000053,-0.000127,-0.000179,-0.000039,0.000066,0.000111,0.000118,0.000030,0.000005,-0.000009,-0.000078,-0.000062,-0.000014,0.000081,0.000046,-0.000171,-0.000210,-0.000110,-0.000134,-0.000146,-0.000082,-0.000147,-0.000270,-0.000230,-0.000225,-0.000208,-0.000120,-0.000164,-0.000195,-0.000312,-0.000362,-0.000161,-0.000097,-0.000153,-0.000072,-0.000079,-0.000055,0.000059,0.000066,0.000047,0.000089,0.000052,
-0.006328,-0.007767,-0.008143,-0.003959,0.000152,0.002305,0.001311,-0.001072,-0.001951,-0.000782,0.001164,0.001986,0.001054,-0.000316,-0.001089,-0.001144,-0.000603,0.000022,0.000618,0.001209,0.001405,0.001184,0.000673,-0.000172,-0.001090,-0.001461,-0.001126,-0.000196,0.000625,0.000725,0.000445,0.000131,-0.000268,-0.000535,-0.000333,0.000091,0.000471,0.000577,0.000107,-0.000812,-0.001202,-0.000740,-0.000077,0.000360,0.000418,0.000114,-0.000192,-0.000317,-0.000505,-0.000552,-0.000368,-0.000135,0.000022,0.000161,0.000239,0.000278,0.000226,0.000195,0.000149,-0.000286,-0.000898,-0.001225,-0.000930,0.000276,0.001625,0.002089,0.001608,0.000802,-0.000014,-0.000710,-0.001037,-0.001178,-0.001055,-0.000419,0.000180,0.000302,0.000127,0.000030,0.000061,0.000142,0.000222,0.000248,0.000202,0.000372,0.001007,0.001621,0.001308,0.000057,-0.001023,-0.001199,-0.000971,-0.000809,-0.000513,-0.000101,0.000145,0.000267,0.000401,0.000407,0.000149,-0.000030,0.000001,0.000033,-0.000022,-0.000014,0.000051,0.000061,0.000039,0.000095,0.000097,-0.000067,-0.000152,-0.000058,0.000052,0.000115,0.000171,0.000059,-0.000108,-0.000047,0.000080,0.000055,0.000034,0.000013,-0.000042,-0.000091,0.000022,0.000255,0.000245,0.000165,0.000103,-0.000032,-0.000157,-0.000081,0.000008,-0.000122,-0.000136,-0.000005,0.000132,0.000228,0.025219,0.018542,0.015364,0.013686,0.012974,0.011478,0.008844,0.006281,0.004545,0.004022,0.003664,0.002386,0.001270,0.000722,0.000025,-0.000569,-0.000315,0.000507,0.001161,0.000960,0.000037,-0.000794,-0.001073,-0.000783,-0.000503,-0.000567,-0.000707,-0.000877,-0.001184,-0.001379,-0.001115,-0.000791,-0.000624,-0.000355,0.000026,0.000196,0.000089,0.000076,0.000157,0.000139,0.000051,-0.000030,-0.000112,-0.000055,-0.000096,-0.000241,-0.000259,-0.000203,-0.000166,0.000109,0.000301,0.000189,0.000206,0.000386,0.000324,0.000134,0.000236,0.000684,0.000800,0.000126,-0.000177,0.000860,0.001839,0.001291,-0.000491,-0.001686,-0.001685,-0.001716,-0.001767,-0.001611,-0.001397,-0.000851,0.000091,0.000667,0.000390,-0.000256,-0.000544,-0.000157,0.000336,0.000529,0.000447,0.000172,0.000114,0.000186,0.000112,-0.000224,-0.000946,-0.001802,-0.002335,-0.002391,-0.001801,-0.000709,0.000031,0.000065,-0.000104,-0.000150,-0.000113,-0.000059,-0.000103,-0.000032,0.000157,0.000118,0.000029,0.000057,-0.000013,-0.000052,-0.000067,-0.000075,0.000037,0.000106,0.000024,-0.000033,-0.000043,0.000000,0.000066,-0.000014,-0.000079,-0.000043,-0.000005,-0.000007,-0.000082,-0.000081,-0.000016,-0.000052,-0.000171,-0.000236,-0.000210,-0.000161,-0.000139,-0.000125,-0.000146,-0.000056,0.000087,0.000125,0.000050,0.000029,0.000073,0.000051,
-0.006737,-0.008108,-0.008148,-0.003681,0.000607,0.002663,0.001507,-0.000838,-0.001676,-0.000582,0.001312,0.002116,0.001226,-0.000272,-0.001083,-0.001137,-0.000560,0.000060,0.000563,0.001160,0.001401,0.001186,0.000707,-0.000128,-0.001028,-0.001431,-0.001210,-0.000268,0.000648,0.000784,0.000434,0.000032,-0.000364,-0.000622,-0.000426,-0.000017,0.000291,0.000498,0.000148,-0.000811,-0.001308,-0.000833,-0.000112,0.000286,0.000371,0.000152,-0.000147,-0.000290,-0.000426,-0.000552,-0.000410,-0.000152,-0.000029,-0.000008,0.000112,0.000168,0.000090,0.000185,0.000256,-0.000237,-0.001168,-0.001671,-0.001265,0.000183,0.001609,0.001765,0.001113,0.000406,-0.000260,-0.000758,-0.000991,-0.000970,-0.000637,-0.000143,0.000156,0.000134,-0.000038,-0.000146,-0.000079,0.000033,0.000066,0.000184,0.000269,0.000533,0.001130,0.001625,0.001366,0.000158,-0.001014,-0.001268,-0.001044,-0.000831,-0.000505,-0.000139,0.000049,0.000157,0.000163,0.000217,0.000207,0.000046,0.000028,0.000038,-0.000076,-0.000087,0.000078,0.000094,0.000069,0.000120,0.000093,-0.000045,-0.000098,-0.000046,0.000021,0.000009,0.000013,0.000005,-0.000050,-0.000006,0.000014,-0.000082,-0.000183,-0.000209,-0.000186,-0.000093,0.000057,0.000151,0.000141,0.000041,0.000029,0.000085,0.000014,-0.000120,-0.000179,-0.000155,-0.000061,0.000088,0.000125,0.000145,0.025029,0.018435,0.015532,0.013962,0.013211,0.011605,0.008861,0.006259,0.004491,0.003902,0.003390,0.002124,0.001158,0.000554,-0.000275,-0.000739,-0.000356,0.000492,0.001233,0.001098,0.000019,-0.000914,-0.001112,-0.000651,-0.000327,-0.000516,-0.000711,-0.000796,-0.001097,-0.001381,-0.001200,-0.000843,-0.000620,-0.000327,0.000111,0.000341,0.000285,0.000238,0.000332,0.000306,0.000125,0.000053,0.000021,0.000026,-0.000013,-0.000124,-0.000177,-0.000242,-0.000178,0.000075,0.000206,-0.000018,-0.000054,0.000247,0.000291,0.000139,0.000290,0.000779,0.000784,-0.000020,-0.000367,0.000644,0.001925,0.001677,-0.000240,-0.001909,-0.002207,-0.002108,-0.002058,-0.001656,-0.001115,-0.000487,0.000287,0.000650,0.000221,-0.000407,-0.000620,-0.000244,0.000234,0.000355,0.000279,0.000216,0.000175,0.000228,0.000208,-0.000142,-0.000797,-0.001624,-0.002167,-0.002246,-0.001691,-0.000532,0.000202,0.000211,0.000004,-0.000046,-0.000013,-0.000070,-0.000052,0.000055,0.000176,0.000192,0.000044,-0.000042,-0.000006,-0.000012,-0.000066,-0.000101,0.000016,0.000136,0.000058,-0.000046,-0.000004,0.000001,0.000003,-0.000017,-0.000165,-0.000189,-0.000065,0.000062,0.000087,-0.000046,-0.000035,0.000000,-0.000140,-0.000241,-0.000153,-0.000014,0.000022,-0.000090,-0.000267,-0.000314,-0.000140,0.000047,0.000067,0.000025,0.000030,-0.000017,
-0.007191,-0.008872,-0.008642,-0.003778,0.000628,0.002855,0.001665,-0.000798,-0.001487,-0.000347,0.001322,0.001991,0.001159,-0.000135,-0.000902,-0.001063,-0.000548,0.000137,0.000670,0.001291,0.001450,0.001062,0.000503,-0.000287,-0.001093,-0.001391,-0.001113,-0.000319,0.000431,0.000477,0.000185,-0.000037,-0.000416,-0.000705,-0.000453,-0.000088,0.000205,0.000385,0.000109,-0.000719,-0.001234,-0.000833,-0.000107,0.000277,0.000348,0.000215,-0.000086,-0.000364,-0.000605,-0.000702,-0.000484,-0.000208,-0.000044,0.000062,0.000181,0.000281,0.000182,0.000087,0.000119,-0.000217,-0.000717,-0.000881,-0.000735,0.000225,0.001731,0.002392,0.001885,0.001013,0.000097,-0.000468,-0.000567,-0.000682,-0.000569,-0.000112,0.000175,0.000104,-0.000169,-0.000256,-0.000104,-0.000032,0.000165,0.000258,0.000292,0.000584,0.001091,0.001588,0.001344,0.000131,-0.001035,-0.001359,-0.001157,-0.000895,-0.000502,-0.000089,0.000126,0.000167,0.000185,0.000166,0.000021,-0.000120,-0.000039,0.000061,0.000074,0.000021,0.000006,0.000082,0.000100,0.000007,0.000040,0.000086,-0.000038,-0.000095,-0.000129,-0.000039,0.000218,0.000296,0.000148,-0.000060,-0.000084,-0.000069,-0.000146,-0.000191,-0.000184,0.000001,0.000214,0.000194,0.000092,0.000030,-0.000006,-0.000019,-0.000083,-0.000146,-0.000122,0.000000,0.000134,0.000126,0.000076,0.000038,0.024783,0.018108,0.015334,0.013978,0.013302,0.011825,0.009174,0.006512,0.004603,0.003871,0.003271,0.002051,0.001086,0.000502,-0.000228,-0.000815,-0.000587,0.000330,0.001139,0.001059,0.000034,-0.000871,-0.001121,-0.000877,-0.000504,-0.000457,-0.000546,-0.000711,-0.001190,-0.001509,-0.001120,-0.000631,-0.000394,-0.000259,-0.000031,0.000205,0.000248,0.000279,0.000285,0.000171,0.000119,-0.000008,-0.000139,-0.000073,-0.000097,-0.000215,-0.000166,-0.000026,-0.000000,0.000059,0.000228,0.000216,0.000233,0.000402,0.000202,0.000020,0.000370,0.000839,0.000756,-0.000006,-0.000430,0.000282,0.001303,0.001149,-0.000200,-0.001431,-0.001871,-0.001916,-0.001865,-0.001745,-0.001375,-0.000615,0.000296,0.000709,0.000344,-0.000348,-0.000574,-0.000195,0.000257,0.000474,0.000474,0.000312,0.000041,0.000040,0.000229,-0.000106,-0.000909,-0.001779,-0.002412,-0.002474,-0.001718,-0.000448,0.000294,0.000148,-0.000127,-0.000110,-0.000134,-0.000259,-0.000161,-0.000009,0.000006,-0.000030,0.000009,0.000087,0.000006,-0.000084,-0.000113,-0.000057,0.000073,0.000090,0.000050,-0.000043,-0.000147,-0.000148,-0.000112,-0.000152,-0.000111,-0.000067,-0.000202,-0.000230,-0.000112,-0.000107,-0.000148,-0.000167,-0.000258,-0.000247,-0.000157,-0.000108,-0.000087,-0.000096,-0.000174,-0.000259,-0.000173,-0.000040,-0.000009,0.000025,0.000088,0.000093,
-0.007959,-0.009631,-0.008993,-0.003818,0.000711,0.002829,0.001601,-0.000854,-0.001682,-0.000634,0.001137,0.001962,0.001174,-0.000207,-0.000989,-0.001050,-0.000507,0.000099,0.000671,0.001261,0.001381,0.001123,0.000657,-0.000282,-0.001176,-0.001463,-0.001201,-0.000360,0.000390,0.000463,0.000153,-0.000127,-0.000390,-0.000479,-0.000243,0.000130,0.000270,0.000241,-0.000018,-0.000828,-0.001254,-0.000767,-0.000165,0.000046,0.000135,0.000185,0.000075,-0.000124,-0.000317,-0.000514,-0.000421,-0.000138,-0.000084,-0.000081,0.000062,0.000143,0.000165,0.000182,0.000104,-0.000295,-0.000846,-0.001006,-0.000666,0.000267,0.001281,0.001616,0.001316,0.000846,0.000180,-0.000484,-0.000795,-0.000790,-0.000461,0.000104,0.000539,0.000514,0.000138,-0.000244,-0.000318,-0.000137,0.000051,0.000240,0.000351,0.000488,0.000988,0.001623,0.001495,0.000259,-0.000971,-0.001302,-0.001112,-0.000868,-0.000512,-0.000118,0.000095,0.000241,0.000384,0.000387,0.000222,-0.000005,-0.000131,-0.000130,-0.000135,-0.000057,0.000102,0.000103,0.000021,0.000075,0.000091,0.000016,-0.000096,-0.000124,-0.000040,0.000017,0.000039,0.000021,0.000002,-0.000032,0.000001,0.000107,0.000096,0.000024,-0.000008,-0.000010,0.000127,0.000193,0.000119,0.000056,0.000069,0.000045,-0.000025,-0.000040,-0.000009,0.000018,0.000014,0.000045,0.000108,0.000098,0.024544,0.017871,0.015214,0.013899,0.013344,0.012010,0.009280,0.006583,0.004835,0.003989,0.003353,0.002141,0.001044,0.000369,-0.000386,-0.000841,-0.000519,0.000284,0.000976,0.000880,-0.000007,-0.000779,-0.000988,-0.000626,-0.000259,-0.000329,-0.000618,-0.000948,-0.001494,-0.001739,-0.001201,-0.000526,-0.000250,-0.000150,0.000006,0.000037,-0.000005,0.000034,0.000171,0.000202,0.000185,0.000069,-0.000043,0.000011,-0.000051,-0.000183,-0.000197,-0.000105,0.000031,0.000205,0.000228,0.000159,0.000218,0.000386,0.000335,0.000163,0.000322,0.000722,0.000717,0.000131,0.000109,0.001267,0.002205,0.001448,-0.000564,-0.001870,-0.001865,-0.001713,-0.001704,-0.001525,-0.001114,-0.000485,0.000277,0.000772,0.000439,-0.000262,-0.000534,-0.000099,0.000505,0.000664,0.000494,0.000371,0.000379,0.000399,0.000282,-0.000173,-0.000891,-0.001719,-0.002257,-0.002341,-0.001801,-0.000669,0.000145,0.000207,0.000030,-0.000023,-0.000009,-0.000067,-0.000063,0.000073,0.000125,0.000085,0.000023,-0.000013,0.000029,0.000071,-0.000016,-0.000048,0.000130,0.000194,-0.000005,-0.000210,-0.000238,-0.000134,0.000004,0.000026,-0.000044,-0.000098,-0.000196,-0.000211,-0.000151,-0.000150,-0.000013,-0.000024,-0.000175,-0.000246,-0.000221,-0.000013,0.000093,-0.000025,-0.000152,-0.000064,0.000108,0.000127,0.000094,0.000017,-0.000021,0.000060,
-0.008824,-0.010636,-0.009593,-0.003911,0.000779,0.002862,0.001447,-0.000980,-0.001503,-0.000397,0.001171,0.001919,0.001163,-0.000253,-0.001133,-0.001228,-0.000650,0.000031,0.000553,0.001219,0.001525,0.001175,0.000617,-0.000220,-0.001067,-0.001396,-0.001208,-0.000348,0.000552,0.000548,0.000072,-0.000276,-0.000616,-0.000585,-0.000187,0.000074,0.000162,0.000185,-0.000077,-0.000891,-0.001337,-0.000760,-0.000055,0.000188,0.000146,-0.000084,-0.000295,-0.000408,-0.000559,-0.000534,-0.000442,-0.000289,-0.000160,-0.000053,0.000247,0.000410,0.000325,0.000196,0.000138,-0.000194,-0.000873,-0.001364,-0.001029,0.000349,0.001720,0.002052,0.001550,0.000937,0.000366,-0.000153,-0.000475,-0.000651,-0.000579,-0.000083,0.000515,0.000540,0.000115,-0.000083,0.000004,0.000076,0.000048,0.000062,0.000116,0.000434,0.000994,0.001536,0.001301,0.000082,-0.000989,-0.001173,-0.000931,-0.000790,-0.000546,-0.000202,0.000074,0.000268,0.000355,0.000318,0.000054,-0.000124,-0.000040,-0.000020,-0.000059,-0.000026,0.000024,0.000004,0.000009,0.000062,0.000034,-0.000022,-0.000133,-0.000127,-0.000006,0.000072,0.000068,0.000064,0.000008,-0.000072,-0.000008,0.000072,0.000030,-0.000134,-0.000115,0.000046,0.000198,0.000274,0.000118,0.000036,0.000074,-0.000010,-0.000092,-0.000017,0.000055,0.000001,-0.000064,-0.000018,0.000109,0.000223,0.024313,0.017588,0.015045,0.013881,0.013512,0.012229,0.009595,0.006901,0.004873,0.003954,0.003257,0.001933,0.000920,0.000301,-0.000400,-0.000875,-0.000463,0.000486,0.001239,0.001112,0.000081,-0.000851,-0.001144,-0.000783,-0.000371,-0.000453,-0.000624,-0.000861,-0.001356,-0.001477,-0.000780,0.000051,0.000527,0.000482,0.000239,-0.000060,-0.000231,-0.000120,0.000136,0.000306,0.000352,0.000211,-0.000108,-0.000274,-0.000265,-0.000212,-0.000200,-0.000142,-0.000058,0.000104,0.000172,0.000165,0.000131,0.000170,0.000268,0.000145,0.000239,0.000759,0.000779,0.000046,-0.000191,0.000817,0.001976,0.001610,-0.000227,-0.001627,-0.001812,-0.001657,-0.001687,-0.001639,-0.001285,-0.000620,0.000208,0.000690,0.000372,-0.000404,-0.000653,-0.000121,0.000414,0.000473,0.000389,0.000247,0.000116,0.000218,0.000237,-0.000053,-0.000736,-0.001673,-0.002321,-0.002426,-0.001807,-0.000610,0.000234,0.000260,-0.000047,-0.000158,-0.000133,-0.000159,-0.000170,-0.000040,0.000032,0.000051,0.000042,-0.000007,-0.000057,-0.000135,-0.000106,-0.000031,0.000002,0.000052,0.000040,-0.000151,-0.000254,-0.000110,-0.000045,-0.000022,-0.000055,-0.000057,0.000006,0.000034,-0.000049,-0.000081,-0.000032,-0.000067,-0.000173,-0.000254,-0.000210,-0.000132,-0.000101,-0.000122,-0.000192,-0.000187,-0.000124,0.000015,0.000087,0.000072,0.000112,0.000127,
-0.010134,-0.011619,-0.010092,-0.004129,0.000928,0.002959,0.001524,-0.000792,-0.001323,-0.000201,0.001400,0.002110,0.001285,-0.000047,-0.000853,-0.000960,-0.000488,0.000025,0.000522,0.001139,0.001360,0.001076,0.000583,-0.000253,-0.001117,-0.001433,-0.001208,-0.000290,0.000625,0.000621,0.000246,-0.000023,-0.000411,-0.000683,-0.000370,0.000071,0.000278,0.000294,-0.000057,-0.000854,-0.001181,-0.000599,0.000014,0.000321,0.000346,0.000144,-0.000119,-0.000370,-0.000564,-0.000648,-0.000528,-0.000319,-0.000182,-0.000009,0.000200,0.000240,0.000043,0.000004,0.000119,-0.000226,-0.000958,-0.001371,-0.001240,-0.000187,0.001194,0.001707,0.001287,0.000691,0.000082,-0.000526,-0.000847,-0.001058,-0.000804,-0.000169,0.000216,0.000205,-0.000064,-0.000249,-0.000201,-0.000097,0.000053,0.000203,0.000279,0.000518,0.001056,0.001617,0.001455,0.000335,-0.000718,-0.000931,-0.000784,-0.000680,-0.000535,-0.000200,0.000069,0.000230,0.000338,0.000335,0.000115,-0.000027,-0.000027,-0.000086,-0.000099,-0.000027,0.000107,0.000161,0.000097,0.000129,0.000149,0.000059,-0.000068,-0.000135,-0.000032,0.000120,0.000147,0.000014,-0.000125,-0.000212,-0.000138,0.000048,0.000022,-0.000157,-0.000143,0.000047,0.000168,0.000086,0.000037,0.000059,0.000105,0.000098,-0.000017,-0.000135,-0.000145,-0.000051,0.000015,0.000025,0.000044,0.000121,0.023662,0.016871,0.014691,0.013756,0.013626,0.012592,0.009921,0.007003,0.004866,0.003871,0.003139,0.001921,0.000829,0.000131,-0.000631,-0.001028,-0.000584,0.000362,0.001158,0.001088,0.000058,-0.000841,-0.001018,-0.000654,-0.000353,-0.000474,-0.000687,-0.000852,-0.001131,-0.001269,-0.000821,-0.000418,-0.000316,-0.000253,-0.000094,0.000015,0.000035,0.000250,0.000475,0.000534,0.000460,0.000191,-0.000023,-0.000009,-0.000037,-0.000195,-0.000224,-0.000128,-0.000113,0.000048,0.000229,0.000139,0.000135,0.000347,0.000392,0.000106,0.000168,0.000770,0.000770,-0.000057,-0.000361,0.000674,0.001925,0.001811,0.000278,-0.001084,-0.001361,-0.001372,-0.001487,-0.001523,-0.001237,-0.000436,0.000502,0.000982,0.000612,-0.000243,-0.000569,-0.000213,0.000276,0.000556,0.000479,0.000266,0.000195,0.000252,0.000241,-0.000122,-0.000798,-0.001530,-0.002156,-0.002307,-0.001712,-0.000656,0.000058,0.000103,-0.000080,-0.000173,-0.000152,-0.000098,-0.000031,0.000078,0.000169,0.000111,0.000093,0.000082,-0.000026,-0.000161,-0.000235,-0.000058,0.000100,0.000057,-0.000093,-0.000205,-0.000171,-0.000077,-0.000006,-0.000010,-0.000041,-0.000048,-0.000069,-0.000053,-0.000009,-0.000087,-0.000120,-0.000111,-0.000112,-0.000137,-0.000170,-0.000144,-0.000175,-0.000246,-0.000239,-0.000135,0.000028,0.000102,0.000082,0.000091,0.000053,-0.000025,
-0.010843,-0.012503,-0.010719,-0.004305,0.000928,0.003074,0.001568,-0.000695,-0.001145,-0.000139,0.001516,0.002352,0.001507,0.000036,-0.000941,-0.001116,-0.000556,0.000009,0.000435,0.001108,0.001469,0.001150,0.000540,-0.000350,-0.001237,-0.001538,-0.001207,-0.000288,0.000608,0.000743,0.000339,0.000043,-0.000236,-0.000473,-0.000364,0.000004,0.000400,0.000462,-0.000076,-0.000989,-0.001377,-0.000854,-0.000153,0.000172,0.000293,0.000135,-0.000150,-0.000369,-0.000550,-0.000615,-0.000490,-0.000171,-0.000008,-0.000002,0.000142,0.000209,0.000085,0.000081,0.000169,-0.000152,-0.000754,-0.001036,-0.000721,0.000354,0.001556,0.001888,0.001427,0.000797,0.000045,-0.000641,-0.001134,-0.001431,-0.001195,-0.000552,0.000060,0.000251,0.000099,-0.000010,0.000058,0.000104,0.000182,0.000350,0.000416,0.000512,0.000976,0.001619,0.001574,0.000376,-0.000821,-0.001182,-0.001090,-0.000848,-0.000479,-0.000227,-0.000027,0.000296,0.000376,0.000285,0.000077,-0.000110,-0.000033,0.000105,0.000128,0.000037,0.000094,0.000162,0.000149,0.000141,0.000147,0.000042,-0.000039,0.000077,0.000094,0.000057,0.000037,0.000023,-0.000070,-0.000192,-0.000126,0.000016,0.000000,-0.000068,-0.000015,0.000019,0.000061,0.000146,0.000286,0.000256,0.000004,-0.000111,-0.000074,-0.000085,-0.000121,-0.000044,-0.000029,0.000016,0.000210,0.000300,0.023122,0.016305,0.014320,0.013761,0.013689,0.012594,0.009961,0.007069,0.004952,0.003916,0.003153,0.001881,0.000881,0.000175,-0.000597,-0.001087,-0.000713,0.000257,0.001058,0.001036,0.000094,-0.000785,-0.001030,-0.000702,-0.000404,-0.000498,-0.000567,-0.000598,-0.001083,-0.001490,-0.001179,-0.000789,-0.000619,-0.000443,-0.000187,-0.000033,0.000133,0.000265,0.000373,0.000313,0.000139,-0.000045,-0.000162,-0.000018,-0.000049,-0.000226,-0.000188,-0.000148,-0.000110,0.000122,0.000225,0.000058,0.000097,0.000370,0.000277,0.000042,0.000194,0.000694,0.000733,-0.000016,-0.000230,0.000840,0.001764,0.001222,-0.000424,-0.001669,-0.001815,-0.001790,-0.001891,-0.001847,-0.001566,-0.000929,0.000020,0.000759,0.000582,-0.000167,-0.000519,-0.000248,0.000237,0.000416,0.000375,0.000305,0.000227,0.000203,0.000141,-0.000235,-0.000892,-0.001631,-0.002232,-0.002390,-0.001808,-0.000621,0.000149,0.000195,-0.000017,-0.000049,-0.000085,-0.000207,-0.000047,0.000116,0.000132,0.000176,0.000231,0.000194,0.000082,-0.000110,-0.000111,-0.000033,-0.000019,-0.000042,-0.000086,-0.000147,-0.000183,-0.000150,-0.000134,-0.000130,-0.000073,-0.000020,-0.000062,-0.000095,-0.000062,-0.000002,0.000013,-0.000005,-0.000104,-0.000223,-0.000124,0.000026,0.000070,0.000002,-0.000103,-0.000130,-0.000027,0.000011,-0.000039,-0.000014,0.000070,0.000026,
-0.010840,-0.012666,-0.010464,-0.003712,0.001489,0.003540,0.002059,-0.000351,-0.000869,0.000146,0.001613,0.002295,0.001444,0.000042,-0.000843,-0.000993,-0.000541,0.000011,0.000550,0.001183,0.001387,0.001062,0.000500,-0.000311,-0.001127,-0.001431,-0.001186,-0.000285,0.000662,0.000728,0.000320,-0.000003,-0.000295,-0.000447,-0.000266,0.000137,0.000518,0.000618,0.000108,-0.000854,-0.001220,-0.000689,-0.000086,0.000143,0.000206,0.000145,0.000006,-0.000137,-0.000317,-0.000302,-0.000189,-0.000133,-0.000057,0.000034,0.000198,0.000332,0.000240,0.000161,0.000022,-0.000479,-0.001148,-0.001430,-0.000951,0.000180,0.001266,0.001574,0.001195,0.000596,-0.000194,-0.000786,-0.000995,-0.000937,-0.000745,-0.000407,-0.000110,0.000004,-0.000004,-0.000036,-0.000001,0.000075,0.000134,0.000268,0.000381,0.000553,0.001055,0.001560,0.001302,0.000106,-0.000987,-0.001198,-0.001024,-0.000760,-0.000447,-0.000130,0.000134,0.000284,0.000336,0.000240,-0.000007,-0.000113,0.000007,0.000055,-0.000023,-0.000021,0.000034,0.000073,0.000104,0.000180,0.000177,-0.000049,-0.000153,-0.000093,-0.000059,0.000051,0.000111,0.000168,0.000127,-0.000045,-0.000101,-0.000034,0.000033,-0.000005,-0.000072,-0.000033,0.000066,0.000166,0.000106,0.000096,0.000113,-0.000025,-0.000058,-0.000131,-0.000288,-0.000176,-0.000009,0.000110,0.000178,0.000144,0.022699,0.016093,0.014388,0.013681,0.013607,0.012546,0.009944,0.007201,0.004985,0.003807,0.003030,0.001691,0.000630,0.000095,-0.000563,-0.000955,-0.000617,0.000251,0.001054,0.000987,0.000016,-0.000864,-0.001080,-0.000679,-0.000217,-0.000243,-0.000421,-0.000588,-0.000939,-0.001130,-0.000805,-0.000550,-0.000475,-0.000248,0.000057,0.000220,0.000204,0.000248,0.000234,0.000184,0.000195,0.000062,-0.000121,-0.000116,-0.000070,-0.000114,-0.000152,-0.000153,-0.000118,0.000071,0.000186,0.000087,0.000060,0.000239,0.000257,0.000074,0.000240,0.000725,0.000733,0.000130,-0.000041,0.000955,0.001985,0.001456,-0.000433,-0.001806,-0.001884,-0.001650,-0.001586,-0.001432,-0.001109,-0.000567,0.000163,0.000729,0.000510,-0.000143,-0.000428,-0.000138,0.000275,0.000468,0.000401,0.000164,-0.000059,-0.000087,-0.000031,-0.000233,-0.000789,-0.001484,-0.002029,-0.002270,-0.001827,-0.000660,0.000150,0.000089,-0.000161,-0.000131,0.000006,-0.000016,0.000047,0.000312,0.000337,0.000271,0.000188,0.000135,0.000102,-0.000062,-0.000102,0.000001,0.000079,-0.000020,-0.000091,-0.000105,-0.000160,-0.000072,-0.000074,-0.000223,-0.000208,-0.000131,-0.000162,-0.000105,-0.000033,-0.000105,-0.000205,-0.000151,-0.000070,-0.000152,-0.000251,-0.000233,-0.000214,-0.000158,-0.000056,0.000029,0.000109,0.000102,0.000001,-0.000098,-0.000010,0.000057,
-0.011634,-0.013547,-0.010967,-0.003887,0.001506,0.003704,0.002090,-0.000321,-0.000721,0.000219,0.001590,0.002237,0.001468,0.000167,-0.000814,-0.001079,-0.000666,-0.000104,0.000527,0.001246,0.001468,0.001068,0.000426,-0.000490,-0.001348,-0.001677,-0.001304,-0.000260,0.000651,0.000714,0.000268,-0.000080,-0.000364,-0.000558,-0.000425,0.000031,0.000379,0.000441,0.000049,-0.000855,-0.001293,-0.000785,-0.000050,0.000341,0.000452,0.000243,-0.000033,-0.000257,-0.000486,-0.000541,-0.000278,-0.000035,-0.000074,0.000023,0.000300,0.000329,0.000141,0.000109,0.000127,-0.000268,-0.000877,-0.001219,-0.000960,0.000255,0.001922,0.002556,0.001807,0.000812,-0.000125,-0.000827,-0.001023,-0.000917,-0.000629,-0.000155,0.000147,0.000010,-0.000193,-0.000172,-0.000092,-0.000036,-0.000006,0.000063,0.000203,0.000449,0.000908,0.001489,0.001289,0.000011,-0.001085,-0.001387,-0.001131,-0.000769,-0.000431,-0.000064,0.000153,0.000211,0.000337,0.000310,0.000065,-0.000013,0.000037,-0.000013,-0.000055,-0.000040,-0.000015,0.000023,0.000026,-0.000002,0.000070,-0.000012,-0.000181,-0.000192,-0.000126,-0.000075,0.000012,0.000066,-0.000035,-0.000129,-0.000111,-0.000058,-0.000133,-0.000225,-0.000048,0.000093,0.000065,0.000121,0.000127,0.000130,0.000111,0.000021,0.000004,-0.000082,-0.000164,-0.000143,-0.000101,0.000005,0.000181,0.000277,0.022154,0.015479,0.014077,0.013702,0.013737,0.012804,0.010283,0.007378,0.005085,0.003849,0.002878,0.001536,0.000551,0.000015,-0.000673,-0.001159,-0.000752,0.000200,0.001100,0.001105,0.000083,-0.000857,-0.001035,-0.000659,-0.000230,-0.000288,-0.000455,-0.000515,-0.001017,-0.001342,-0.001008,-0.000761,-0.000766,-0.000540,-0.000153,0.000077,0.000175,0.000223,0.000358,0.000398,0.000317,0.000138,0.000011,-0.000012,-0.000134,-0.000164,-0.000118,-0.000156,-0.000132,0.000063,0.000127,-0.000020,0.000056,0.000265,0.000255,-0.000007,0.000034,0.000640,0.000877,0.000154,-0.000383,0.000364,0.001436,0.001215,-0.000615,-0.002159,-0.002353,-0.002183,-0.002102,-0.001834,-0.001331,-0.000617,0.000220,0.000697,0.000474,-0.000077,-0.000397,-0.000152,0.000231,0.000431,0.000418,0.000239,0.000006,-0.000058,0.000035,-0.000251,-0.000887,-0.001613,-0.002140,-0.002167,-0.001551,-0.000481,0.000134,0.000076,-0.000002,0.000142,0.000176,0.000084,0.000181,0.000309,0.000271,0.000221,0.000062,-0.000051,-0.000092,-0.000276,-0.000275,-0.000130,-0.000078,-0.000015,-0.000029,-0.000145,-0.000156,-0.000082,-0.000124,-0.000126,-0.000099,-0.000129,-0.000087,-0.000031,-0.000058,-0.000018,0.000019,-0.000061,-0.000146,-0.000088,-0.000112,-0.000160,-0.000125,-0.000182,-0.000163,-0.000094,-0.000062,0.000078,0.000140,0.000088,-0.000011,-0.000032,
-0.012764,-0.014670,-0.011704,-0.004130,0.001373,0.003474,0.001922,-0.000421,-0.000717,0.000327,0.001719,0.002324,0.001478,0.000098,-0.000774,-0.001006,-0.000608,-0.000028,0.000484,0.001102,0.001280,0.000967,0.000400,-0.000358,-0.001192,-0.001678,-0.001437,-0.000515,0.000368,0.000541,0.000229,-0.000074,-0.000276,-0.000397,-0.000216,0.000066,0.000246,0.000314,-0.000060,-0.000891,-0.001227,-0.000770,-0.000175,0.000188,0.000346,0.000293,-0.000010,-0.000203,-0.000428,-0.000561,-0.000429,-0.000132,0.000036,0.000023,0.000117,0.000168,0.000118,0.000142,0.000125,-0.000195,-0.000603,-0.000715,-0.000345,0.000489,0.001234,0.001552,0.001340,0.000807,0.000088,-0.000491,-0.000676,-0.000745,-0.000506,-0.000005,0.000249,0.000139,-0.000023,-0.000006,0.000010,-0.000032,0.000093,0.000197,0.000133,0.000367,0.000944,0.001587,0.001477,0.000208,-0.000948,-0.001224,-0.001025,-0.000705,-0.000478,-0.000246,0.000037,0.000258,0.000507,0.000476,0.000080,-0.000141,0.000009,0.000156,0.000114,0.000109,0.000172,0.000060,-0.000085,-0.000084,-0.000116,-0.000099,-0.000086,-0.000079,-0.000128,-0.000043,0.000120,0.000156,0.000058,-0.000088,-0.000060,0.000004,-0.000076,-0.000155,-0.000165,-0.000071,0.000059,0.000176,0.000255,0.000150,-0.000111,-0.000181,-0.000051,0.000007,-0.000082,-0.000101,-0.000034,0.000018,0.000153,0.000196,0.021432,0.014540,0.013398,0.013546,0.013820,0.012851,0.010255,0.007416,0.005029,0.003693,0.002873,0.001547,0.000435,-0.000204,-0.000858,-0.001094,-0.000566,0.000214,0.000977,0.001078,0.000139,-0.000774,-0.001030,-0.000721,-0.000374,-0.000374,-0.000432,-0.000665,-0.001213,-0.001420,-0.001071,-0.000743,-0.000627,-0.000378,-0.000029,0.000086,0.000045,0.000119,0.000354,0.000442,0.000375,0.000150,-0.000106,-0.000015,-0.000007,-0.000054,-0.000032,-0.000005,-0.000009,0.000043,0.000150,0.000094,0.000093,0.000250,0.000332,0.000177,0.000301,0.000795,0.000835,0.000119,-0.000111,0.000965,0.001922,0.001358,-0.000245,-0.001391,-0.001575,-0.001556,-0.001640,-0.001580,-0.001192,-0.000528,0.000253,0.000636,0.000274,-0.000328,-0.000496,-0.000066,0.000435,0.000547,0.000420,0.000338,0.000145,0.000090,0.000231,0.000011,-0.000766,-0.001670,-0.002254,-0.002419,-0.001908,-0.000838,0.000027,0.000190,-0.000040,-0.000130,-0.000110,-0.000144,-0.000093,0.000092,0.000197,0.000188,0.000124,0.000094,0.000127,0.000155,0.000032,-0.000009,0.000096,0.000168,0.000063,-0.000062,-0.000154,-0.000062,0.000043,-0.000091,-0.000106,0.000032,0.000055,0.000047,-0.000004,-0.000099,-0.000061,0.000032,-0.000052,-0.000205,-0.000243,-0.000171,-0.000137,-0.000138,-0.000121,-0.000078,-0.000080,-0.000136,-0.000103,-0.000023,0.000032,0.000033,
-0.013504,-0.015191,-0.011923,-0.004355,0.001238,0.003467,0.001878,-0.000382,-0.000671,0.000345,0.001730,0.002411,0.001648,0.000238,-0.000585,-0.000777,-0.000494,-0.000001,0.000503,0.001092,0.001317,0.001010,0.000465,-0.000403,-0.001282,-0.001677,-0.001456,-0.000520,0.000364,0.000445,0.000104,-0.000188,-0.000418,-0.000380,-0.000134,0.000012,0.000092,0.000124,-0.000160,-0.000818,-0.001165,-0.000685,-0.000009,0.000194,0.000156,0.000025,-0.000177,-0.000399,-0.000542,-0.000561,-0.000439,-0.000226,-0.000184,-0.000166,0.000079,0.000231,0.000063,0.000030,0.000147,-0.000176,-0.000885,-0.001387,-0.001162,0.000173,0.001591,0.001914,0.001339,0.000707,0.000168,-0.000446,-0.000798,-0.000834,-0.000685,-0.000235,0.000111,0.000186,0.000177,0.000126,0.000088,0.000011,0.000047,0.000217,0.000269,0.000432,0.000990,0.001653,0.001436,0.000139,-0.000986,-0.001187,-0.000939,-0.000743,-0.000478,-0.000140,0.000101,0.000265,0.000370,0.000331,0.000096,-0.000007,0.000077,0.000099,-0.000007,-0.000005,0.000134,0.000144,0.000101,0.000094,-0.000025,-0.000164,-0.000171,-0.000031,0.000054,0.000074,0.000067,0.000049,0.000081,0.000034,-0.000001,0.000008,-0.000033,-0.000064,-0.000057,-0.000009,0.000087,0.000177,0.000071,-0.000028,-0.000025,-0.000083,-0.000144,-0.000125,-0.000043,0.000016,-0.000021,0.000056,0.000241,0.000211,0.020482,0.013659,0.013030,0.013531,0.013938,0.013171,0.010624,0.007685,0.005261,0.003895,0.002918,0.001493,0.000413,-0.000212,-0.000859,-0.001121,-0.000631,0.000193,0.000929,0.001042,0.000160,-0.000827,-0.001149,-0.000736,-0.000288,-0.000369,-0.000658,-0.000913,-0.001356,-0.001423,-0.000833,-0.000289,0.000006,0.000165,0.000162,-0.000084,-0.000202,-0.000042,0.000184,0.000309,0.000374,0.000240,-0.000113,-0.000259,-0.000193,-0.000142,-0.000159,-0.000121,-0.000062,0.000061,0.000130,0.000004,0.000091,0.000407,0.000443,0.000194,0.000314,0.000846,0.000845,0.000117,-0.000022,0.001152,0.002223,0.001569,-0.000448,-0.001792,-0.001679,-0.001529,-0.001711,-0.001729,-0.001369,-0.000660,0.000146,0.000716,0.000544,-0.000183,-0.000506,-0.000091,0.000394,0.000518,0.000387,0.000196,0.000005,0.000066,0.000196,-0.000085,-0.000717,-0.001535,-0.002217,-0.002318,-0.001670,-0.000542,0.000216,0.000292,0.000062,-0.000050,-0.000059,-0.000078,0.000068,0.000245,0.000315,0.000234,0.000151,0.000116,0.000028,-0.000106,-0.000159,-0.000096,-0.000029,0.000062,0.000018,-0.000139,-0.000132,0.000008,0.000042,-0.000053,-0.000161,-0.000100,-0.000005,-0.000027,-0.000070,-0.000032,-0.000056,-0.000152,-0.000212,-0.000285,-0.000233,-0.000076,-0.000074,-0.000172,-0.000217,-0.000175,-0.000006,0.000176,0.000144,0.000032,-0.000035,-0.000051,
-0.014104,-0.015802,-0.012220,-0.004310,0.001390,0.003660,0.002092,-0.000266,-0.000507,0.000534,0.001719,0.002293,0.001650,0.000383,-0.000495,-0.000829,-0.000539,-0.000062,0.000396,0.001038,0.001355,0.001017,0.000397,-0.000414,-0.001406,-0.001879,-0.001478,-0.000364,0.000636,0.000651,0.000113,-0.000220,-0.000376,-0.000405,-0.000250,0.000013,0.000225,0.000263,-0.000173,-0.000946,-0.001217,-0.000608,0.000113,0.000354,0.000407,0.000235,-0.000121,-0.000346,-0.000497,-0.000554,-0.000401,-0.000158,0.000049,0.000146,0.000203,0.000180,0.000101,0.000078,0.000114,-0.000213,-0.000846,-0.001253,-0.000974,0.000252,0.001669,0.002129,0.001566,0.000836,0.000134,-0.000414,-0.000643,-0.000786,-0.000676,-0.000241,0.000131,0.000142,-0.000032,-0.000120,-0.000034,0.000134,0.000204,0.000281,0.000353,0.000502,0.001103,0.001748,0.001451,0.000194,-0.000875,-0.001030,-0.000880,-0.000823,-0.000562,-0.000221,-0.000011,0.000221,0.000358,0.000333,0.000176,0.000041,0.000037,-0.000008,-0.000096,-0.000039,0.000034,0.000049,0.000081,0.000118,0.000140,0.000065,-0.000036,-0.000106,-0.000031,0.000076,0.000100,0.000089,0.000019,0.000038,0.000136,0.000133,-0.000018,-0.000139,-0.000168,-0.000137,0.000047,0.000201,0.000143,0.000037,-0.000017,-0.000080,-0.000122,-0.000103,-0.000064,0.000072,0.000159,0.000137,0.000143,0.000146,0.019794,0.013126,0.012875,0.013521,0.014028,0.013255,0.010581,0.007570,0.005186,0.003838,0.002863,0.001415,0.000325,-0.000325,-0.001025,-0.001259,-0.000693,0.000199,0.000937,0.000910,0.000093,-0.000721,-0.000964,-0.000558,-0.000223,-0.000404,-0.000597,-0.000792,-0.001228,-0.001378,-0.000856,-0.000253,-0.000008,-0.000008,-0.000001,-0.000015,-0.000034,0.000131,0.000395,0.000439,0.000350,0.000260,0.000016,-0.000042,-0.000005,-0.000132,-0.000191,-0.000175,-0.000143,0.000019,0.000146,0.000099,0.000121,0.000411,0.000532,0.000251,0.000271,0.000723,0.000777,0.000143,-0.000187,0.000822,0.002088,0.001939,0.000389,-0.000993,-0.001326,-0.001493,-0.001776,-0.001705,-0.001229,-0.000533,0.000259,0.000747,0.000560,-0.000149,-0.000525,-0.000126,0.000428,0.000584,0.000395,0.000180,0.000149,0.000286,0.000210,-0.000169,-0.000754,-0.001486,-0.002092,-0.002350,-0.001794,-0.000551,0.000315,0.000311,0.000005,-0.000076,-0.000028,-0.000036,-0.000022,-0.000010,0.000012,0.000041,0.000064,0.000069,-0.000005,-0.000022,0.000117,0.000179,0.000082,-0.000024,-0.000087,-0.000130,-0.000160,-0.000174,-0.000024,0.000057,-0.000035,-0.000056,-0.000023,-0.000098,-0.000093,-0.000024,0.000004,-0.000109,-0.000241,-0.000266,-0.000225,-0.000057,0.000004,-0.000125,-0.000171,-0.000126,-0.000047,0.000124,0.000080,-0.000037,0.000018,0.000016,
-0.014016,-0.015953,-0.012304,-0.004208,0.001535,0.003697,0.002187,-0.000092,-0.000441,0.000571,0.001853,0.002438,0.001693,0.000468,-0.000387,-0.000784,-0.000595,-0.000147,0.000442,0.001168,0.001306,0.000808,0.000334,-0.000354,-0.001286,-0.001759,-0.001417,-0.000390,0.000526,0.000541,0.000119,-0.000113,-0.000162,-0.000195,-0.000118,0.000182,0.000468,0.000542,0.000102,-0.000818,-0.001301,-0.000878,-0.000075,0.000253,0.000287,0.000184,-0.000040,-0.000277,-0.000595,-0.000772,-0.000577,-0.000249,-0.000189,-0.000142,0.000058,0.000128,0.000046,0.000020,0.000111,-0.000196,-0.000867,-0.001095,-0.000774,0.000124,0.001264,0.001716,0.001301,0.000655,0.000026,-0.000532,-0.000893,-0.001172,-0.001136,-0.000543,0.000089,0.000199,-0.000040,-0.000127,0.000031,0.000133,0.000220,0.000302,0.000361,0.000522,0.001023,0.001560,0.001392,0.000280,-0.000759,-0.000936,-0.000815,-0.000716,-0.000456,-0.000076,0.000199,0.000358,0.000399,0.000275,0.000065,-0.000074,-0.000029,0.000068,0.000037,0.000007,0.000077,0.000091,0.000050,0.000111,0.000168,0.000093,-0.000022,-0.000014,0.000020,0.000053,-0.000026,-0.000016,-0.000017,-0.000119,-0.000096,-0.000034,-0.000030,-0.000106,-0.000170,-0.000117,-0.000027,0.000048,0.000101,0.000092,0.000096,0.000051,-0.000034,0.000016,0.000137,0.000135,0.000061,0.000070,0.000187,0.000213,0.019562,0.012784,0.012593,0.013477,0.014222,0.013358,0.010515,0.007557,0.005198,0.003721,0.002739,0.001450,0.000296,-0.000420,-0.001004,-0.001181,-0.000544,0.000372,0.001009,0.000974,0.000143,-0.000729,-0.001029,-0.000640,-0.000209,-0.000245,-0.000458,-0.000599,-0.000988,-0.001295,-0.001001,-0.000580,-0.000448,-0.000404,-0.000151,0.000065,0.000127,0.000263,0.000362,0.000285,0.000263,0.000199,0.000023,0.000053,0.000011,-0.000258,-0.000336,-0.000208,-0.000064,0.000156,0.000327,0.000248,0.000281,0.000370,0.000273,0.000099,0.000278,0.000835,0.000880,0.000133,-0.000105,0.000843,0.001820,0.001369,-0.000231,-0.001527,-0.001760,-0.001550,-0.001583,-0.001677,-0.001459,-0.000762,0.000250,0.000782,0.000430,-0.000255,-0.000566,-0.000213,0.000325,0.000542,0.000399,0.000133,0.000106,0.000082,0.000060,-0.000138,-0.000784,-0.001588,-0.002212,-0.002344,-0.001835,-0.000679,0.000131,0.000149,-0.000058,-0.000124,-0.000097,-0.000105,0.000068,0.000199,0.000144,0.000071,-0.000003,0.000043,0.000142,0.000079,-0.000091,-0.000069,0.000054,0.000092,0.000032,-0.000090,-0.000142,-0.000055,0.000019,-0.000099,-0.000138,-0.000072,-0.000096,-0.000055,-0.000025,-0.000041,-0.000055,-0.000093,-0.000161,-0.000235,-0.000222,-0.000042,0.000095,-0.000018,-0.000156,-0.000143,-0.000044,-0.000024,-0.000040,0.000046,0.000119,0.000060,
-0.013956,-0.015899,-0.012259,-0.004126,0.001678,0.003928,0.002336,-0.000014,-0.000297,0.000715,0.001915,0.002409,0.001713,0.000486,-0.000414,-0.000758,-0.000506,-0.000073,0.000547,0.001207,0.001344,0.001105,0.000620,-0.000338,-0.001295,-0.001668,-0.001407,-0.000366,0.000628,0.000712,0.000271,-0.000026,-0.000209,-0.000416,-0.000173,0.000250,0.000503,0.000489,0.000039,-0.000749,-0.001220,-0.000821,-0.000181,0.000150,0.000246,0.000071,-0.000193,-0.000314,-0.000432,-0.000606,-0.000457,-0.000196,-0.000110,-0.000001,0.000193,0.000188,-0.000053,-0.000115,0.000018,-0.000272,-0.000940,-0.001235,-0.000832,0.000278,0.001523,0.001875,0.001433,0.000672,-0.000228,-0.000860,-0.001008,-0.000927,-0.000980,-0.000783,-0.000218,0.000119,0.000033,-0.000031,0.000148,0.000269,0.000302,0.000333,0.000184,0.000291,0.000838,0.001474,0.001366,0.000169,-0.000972,-0.001231,-0.001073,-0.000830,-0.000421,0.000013,0.000174,0.000197,0.000286,0.000266,0.000085,-0.000037,-0.000050,-0.000048,-0.000011,0.000054,0.000110,0.000183,0.000156,0.000063,0.000028,0.000020,-0.000125,-0.000206,-0.000113,0.000065,0.000208,0.000140,-0.000092,-0.000196,-0.000087,0.000024,0.000005,-0.000040,-0.000027,0.000073,0.000194,0.000290,0.000191,0.000025,-0.000063,-0.000113,0.000012,0.000076,-0.000033,-0.000106,-0.000051,0.000097,0.000196,0.000212,0.018893,0.012427,0.012595,0.013498,0.014152,0.013300,0.010577,0.007638,0.005223,0.003692,0.002646,0.001394,0.000288,-0.000414,-0.001010,-0.001048,-0.000492,0.000369,0.001224,0.001131,0.000080,-0.000759,-0.000906,-0.000580,-0.000324,-0.000391,-0.000517,-0.000669,-0.000996,-0.001155,-0.000828,-0.000616,-0.000591,-0.000402,-0.000099,0.000074,0.000175,0.000251,0.000320,0.000418,0.000437,0.000258,0.000068,0.000077,-0.000054,-0.000308,-0.000375,-0.000230,-0.000073,0.000030,0.000034,-0.000055,0.000055,0.000373,0.000367,0.000173,0.000177,0.000647,0.000863,0.000172,-0.000102,0.000930,0.001895,0.001293,-0.000414,-0.001488,-0.001527,-0.001507,-0.001639,-0.001585,-0.001189,-0.000602,0.000117,0.000618,0.000488,-0.000029,-0.000275,0.000036,0.000526,0.000689,0.000429,0.000132,0.000024,0.000000,-0.000063,-0.000311,-0.000829,-0.001447,-0.002075,-0.002272,-0.001638,-0.000577,0.000139,0.000172,-0.000027,-0.000106,-0.000116,-0.000164,-0.000062,0.000064,0.000062,-0.000016,0.000012,0.000177,0.000147,-0.000016,-0.000053,0.000079,0.000127,0.000155,0.000190,-0.000046,-0.000265,-0.000182,0.000022,0.000098,0.000038,-0.000076,-0.000122,-0.000119,-0.000065,-0.000112,-0.000164,-0.000059,-0.000047,-0.000142,-0.000141,-0.000030,-0.000021,-0.000135,-0.000110,-0.000053,0.000064,0.000183,0.000098,-0.000045,-0.000035,0.000059,
-0.014111,-0.016208,-0.012404,-0.003909,0.002178,0.004315,0.002563,0.000262,-0.000141,0.000744,0.002020,0.002548,0.001799,0.000567,-0.000457,-0.000889,-0.000559,-0.000044,0.000424,0.001045,0.001301,0.000965,0.000285,-0.000556,-0.001326,-0.001674,-0.001393,-0.000382,0.000531,0.000615,0.000145,-0.000246,-0.000471,-0.000546,-0.000308,0.000155,0.000611,0.000662,0.000106,-0.000905,-0.001388,-0.000871,-0.000150,0.000212,0.000325,0.000221,-0.000076,-0.000240,-0.000378,-0.000492,-0.000352,-0.000135,-0.000088,-0.000083,0.000080,0.000142,0.000030,0.000080,0.000138,-0.000335,-0.001047,-0.001367,-0.001079,0.000182,0.001718,0.002005,0.001267,0.000486,-0.000275,-0.000937,-0.001130,-0.000875,-0.000508,-0.000202,0.000069,0.000172,0.000015,-0.000042,0.000030,0.000035,0.000107,0.000197,0.000137,0.000308,0.001000,0.001642,0.001356,0.000121,-0.000985,-0.001185,-0.000955,-0.000768,-0.000516,-0.000218,0.000035,0.000242,0.000358,0.000329,0.000160,-0.000001,-0.000018,-0.000037,-0.000104,0.000014,0.000239,0.000188,-0.000082,-0.000154,-0.000069,-0.000117,-0.000185,-0.000144,-0.000142,-0.000045,-0.000062,-0.000104,-0.000087,-0.000112,-0.000116,-0.000083,-0.000083,-0.000171,-0.000247,-0.000162,0.000030,0.000212,0.000134,0.000049,0.000074,-0.000040,-0.000107,-0.000104,-0.000117,-0.000061,0.000003,0.000084,0.000172,0.000168,0.018518,0.011959,0.012292,0.013407,0.014087,0.013232,0.010574,0.007774,0.005366,0.003801,0.002688,0.001265,0.000190,-0.000409,-0.000981,-0.001070,-0.000471,0.000316,0.000966,0.000944,0.000048,-0.000738,-0.000961,-0.000565,-0.000106,-0.000174,-0.000346,-0.000439,-0.000841,-0.001174,-0.000920,-0.000583,-0.000482,-0.000354,-0.000030,0.000148,0.000209,0.000280,0.000379,0.000469,0.000445,0.000223,-0.000011,0.000074,0.000133,-0.000096,-0.000341,-0.000384,-0.000290,-0.000013,0.000234,0.000077,0.000048,0.000341,0.000328,0.000110,0.000197,0.000682,0.000802,0.000090,-0.000272,0.000607,0.001813,0.001468,-0.000461,-0.002025,-0.002160,-0.001838,-0.001821,-0.001624,-0.001229,-0.000706,0.000090,0.000641,0.000429,-0.000185,-0.000497,-0.000122,0.000440,0.000620,0.000459,0.000189,0.000046,0.000066,0.000043,-0.000237,-0.000828,-0.001586,-0.002108,-0.002144,-0.001636,-0.000601,0.000225,0.000285,0.000008,-0.000084,0.000112,0.000206,0.000194,0.000223,0.000107,0.000009,0.000044,0.000110,0.000081,0.000023,0.000026,-0.000040,-0.000078,0.000036,0.000070,-0.000097,-0.000215,-0.000163,-0.000086,-0.000083,-0.000042,-0.000036,-0.000051,-0.000030,0.000033,0.000060,-0.000032,-0.000055,-0.000062,-0.000182,-0.000142,-0.000002,0.000123,0.000068,-0.000087,-0.000123,-0.000160,-0.000096,-0.000012,-0.000062,-0.000083,-0.000028,
-0.014698,-0.016527,-0.012545,-0.004106,0.001905,0.004065,0.002378,0.000070,-0.000190,0.000686,0.001885,0.002561,0.001866,0.000582,-0.000395,-0.000776,-0.000489,-0.000052,0.000447,0.001167,0.001311,0.000855,0.000253,-0.000550,-0.001382,-0.001771,-0.001492,-0.000518,0.000393,0.000586,0.000261,-0.000031,-0.000300,-0.000519,-0.000375,0.000015,0.000445,0.000582,0.000154,-0.000737,-0.001185,-0.000717,-0.000085,0.000198,0.000337,0.000240,-0.000001,-0.000203,-0.000382,-0.000446,-0.000279,-0.000015,0.000017,-0.000165,0.000002,0.000277,0.000086,-0.000067,-0.000021,-0.000216,-0.000491,-0.000682,-0.000612,0.000353,0.001815,0.002470,0.001971,0.001022,0.000171,-0.000396,-0.000603,-0.000705,-0.000682,-0.000334,0.000036,-0.000037,-0.000203,-0.000110,0.000055,0.000050,-0.000000,0.000193,0.000413,0.000611,0.000957,0.001425,0.001339,0.000271,-0.000913,-0.001308,-0.001108,-0.000883,-0.000507,-0.000018,0.000271,0.000335,0.000341,0.000225,0.000013,-0.000051,0.000054,0.000069,0.000044,0.000065,0.000145,0.000085,-0.000025,0.000007,0.000063,0.000001,-0.000135,-0.000093,-0.000059,-0.000052,-0.000008,-0.000056,-0.000203,-0.000305,-0.000143,0.000013,-0.000018,-0.000051,-0.000114,-0.000039,0.000057,0.000135,0.000160,0.000174,0.000237,0.000095,-0.000054,-0.000118,-0.000160,-0.000134,-0.000116,-0.000051,0.000050,0.000086,0.017779,0.011243,0.012035,0.013461,0.014322,0.013421,0.010625,0.007580,0.005092,0.003668,0.002764,0.001478,0.000226,-0.000526,-0.001113,-0.001234,-0.000557,0.000340,0.001069,0.001069,0.000194,-0.000629,-0.000853,-0.000562,-0.000319,-0.000319,-0.000331,-0.000507,-0.001026,-0.001328,-0.001009,-0.000641,-0.000452,-0.000275,-0.000037,0.000132,0.000152,0.000191,0.000308,0.000358,0.000354,0.000314,0.000104,-0.000073,-0.000157,-0.000257,-0.000260,-0.000165,-0.000038,0.000174,0.000304,0.000205,0.000150,0.000323,0.000405,0.000250,0.000378,0.000942,0.000976,0.000127,-0.000339,0.000420,0.001342,0.001169,-0.000094,-0.001221,-0.001455,-0.001500,-0.001589,-0.001628,-0.001412,-0.000724,0.000152,0.000757,0.000599,-0.000134,-0.000467,-0.000003,0.000497,0.000640,0.000481,0.000268,0.000152,0.000138,0.000095,-0.000172,-0.000783,-0.001649,-0.002283,-0.002250,-0.001550,-0.000497,0.000200,0.000296,0.000186,0.000109,0.000027,0.000025,0.000126,0.000174,0.000139,0.000087,0.000103,0.000060,-0.000028,-0.000097,-0.000047,-0.000010,0.000053,0.000124,-0.000019,-0.000157,-0.000102,-0.000014,-0.000019,-0.000051,-0.000040,-0.000023,0.000020,0.000081,-0.000008,-0.000079,-0.000001,-0.000022,-0.000084,-0.000103,-0.000063,0.000026,0.000048,-0.000078,-0.000179,-0.000197,-0.000083,0.000115,0.000147,0.000164,0.000086,-0.000080,
-0.015069,-0.016964,-0.013007,-0.004451,0.001648,0.003967,0.002306,-0.000016,-0.000086,0.000891,0.001987,0.002560,0.001778,0.000531,-0.000304,-0.000723,-0.000435,0.000092,0.000514,0.001138,0.001432,0.001001,0.000328,-0.000560,-0.001461,-0.001787,-0.001435,-0.000577,0.000282,0.000419,0.000093,-0.000270,-0.000438,-0.000372,-0.000187,0.000061,0.000249,0.000272,-0.000106,-0.000902,-0.001267,-0.000772,-0.000129,0.000096,0.000149,0.000046,-0.000134,-0.000318,-0.000606,-0.000744,-0.000561,-0.000389,-0.000242,-0.000100,-0.000053,-0.000006,-0.000009,0.000082,0.000159,-0.000213,-0.000858,-0.001171,-0.000791,0.000289,0.001349,0.001657,0.001281,0.000762,0.000157,-0.000520,-0.000806,-0.000832,-0.000800,-0.000380,0.000161,0.000334,0.000050,-0.000245,-0.000250,-0.000313,-0.000231,0.000063,0.000216,0.000295,0.000750,0.001394,0.001270,0.000266,-0.000830,-0.001217,-0.001101,-0.000966,-0.000700,-0.000343,-0.000078,0.000174,0.000354,0.000269,0.000000,-0.000112,-0.000056,0.000039,0.000117,-0.000021,-0.000049,0.000051,0.000026,0.000148,0.000216,0.000002,-0.000148,-0.000143,-0.000141,-0.000105,-0.000132,-0.000131,-0.000061,-0.000065,-0.000062,-0.000134,-0.000155,-0.000106,-0.000080,0.000056,0.000153,0.000213,0.000258,0.000083,0.000112,0.000203,0.000147,0.000015,-0.000195,-0.000285,-0.000123,0.000071,0.000183,0.000291,0.017161,0.010658,0.011506,0.013272,0.014431,0.013634,0.010603,0.007362,0.004975,0.003730,0.002901,0.001581,0.000378,-0.000464,-0.001086,-0.001122,-0.000400,0.000505,0.001165,0.001158,0.000252,-0.000669,-0.000994,-0.000747,-0.000356,-0.000352,-0.000549,-0.000767,-0.001131,-0.001401,-0.000927,-0.000379,-0.000364,-0.000343,-0.000138,-0.000118,-0.000142,0.000019,0.000147,0.000197,0.000325,0.000226,-0.000006,0.000032,-0.000005,-0.000136,-0.000122,-0.000011,-0.000008,0.000063,0.000053,-0.000058,0.000151,0.000396,0.000288,0.000120,0.000315,0.000863,0.000958,0.000317,0.000059,0.001119,0.002091,0.001289,-0.000760,-0.001988,-0.001776,-0.001443,-0.001534,-0.001654,-0.001280,-0.000593,0.000151,0.000655,0.000357,-0.000392,-0.000495,0.000028,0.000481,0.000544,0.000291,0.000025,0.000076,0.000287,0.000259,-0.000096,-0.000699,-0.001514,-0.002147,-0.002256,-0.001574,-0.000449,0.000216,0.000188,0.000001,0.000033,0.000066,-0.000017,0.000017,0.000127,0.000114,0.000009,0.000036,0.000134,0.000075,-0.000077,-0.000194,-0.000285,-0.000186,0.000093,0.000241,0.000034,-0.000168,-0.000093,0.000036,0.000165,0.000219,0.000102,0.000017,0.000034,0.000074,0.000061,0.000051,0.000016,-0.000049,-0.000140,-0.000146,-0.000135,-0.000124,-0.000127,-0.000033,0.000107,0.000141,0.000115,0.000077,0.000007,0.000044,0.000081,
-0.014700,-0.016588,-0.012722,-0.004250,0.001797,0.004115,0.002596,0.000256,-0.000009,0.000901,0.001966,0.002543,0.001957,0.000753,-0.000299,-0.000774,-0.000543,-0.000106,0.000512,0.001246,0.001350,0.000912,0.000315,-0.000497,-0.001474,-0.001945,-0.001536,-0.000484,0.000428,0.000392,-0.000147,-0.000560,-0.000686,-0.000375,-0.000023,0.000136,0.000186,0.000077,-0.000337,-0.001106,-0.001422,-0.000879,-0.000048,0.000268,0.000229,0.000052,-0.000267,-0.000398,-0.000362,-0.000382,-0.000345,-0.000285,-0.000316,-0.000265,-0.000106,0.000055,-0.000001,-0.000048,-0.000032,-0.000348,-0.000960,-0.001371,-0.001084,0.000211,0.001835,0.002208,0.001409,0.000745,0.000142,-0.000430,-0.000665,-0.000665,-0.000502,-0.000160,0.000204,0.000221,0.000028,-0.000027,0.000053,0.000080,0.000073,0.000098,0.000189,0.000493,0.001063,0.001651,0.001470,0.000256,-0.000881,-0.001091,-0.000856,-0.000681,-0.000487,-0.000160,0.000101,0.000233,0.000299,0.000311,0.000119,-0.000084,-0.000020,0.000061,0.000040,0.000083,0.000194,0.000131,0.000182,0.000219,0.000101,-0.000016,-0.000056,-0.000067,0.000053,0.000166,0.000224,0.000134,-0.000020,-0.000025,-0.000048,-0.000126,-0.000129,-0.000076,-0.000008,0.000004,0.000046,0.000198,0.000201,0.000116,0.000079,-0.000012,-0.000083,-0.000021,-0.000011,-0.000022,-0.000067,0.000010,0.000155,0.000248,0.017084,0.010597,0.011635,0.013434,0.014444,0.013559,0.010525,0.007384,0.005007,0.003767,0.002849,0.001317,0.000104,-0.000608,-0.001055,-0.001041,-0.000460,0.000357,0.000986,0.001028,0.000232,-0.000750,-0.001100,-0.000684,-0.000347,-0.000434,-0.000615,-0.000845,-0.001264,-0.001320,-0.000634,0.000177,0.000466,0.000324,0.000068,-0.000181,-0.000273,-0.000130,0.000107,0.000168,0.000294,0.000236,-0.000009,-0.000035,-0.000042,-0.000180,-0.000199,-0.000235,-0.000289,-0.000147,0.000053,0.000098,0.000083,0.000212,0.000180,0.000041,0.000308,0.000887,0.000904,0.000120,-0.000228,0.000705,0.001959,0.001710,-0.000053,-0.001300,-0.001458,-0.001400,-0.001451,-0.001479,-0.001188,-0.000545,0.000273,0.000722,0.000426,-0.000167,-0.000367,0.000015,0.000503,0.000612,0.000446,0.000258,0.000125,0.000088,0.000133,-0.000073,-0.000667,-0.001471,-0.002124,-0.002295,-0.001776,-0.000629,0.000231,0.000277,0.000036,0.000014,0.000037,0.000051,0.000144,0.000218,0.000127,-0.000058,-0.000001,0.000156,0.000227,0.000102,-0.000068,-0.000110,-0.000071,0.000070,0.000102,0.000003,-0.000028,-0.000007,-0.000056,-0.000176,-0.000183,-0.000057,0.000045,-0.000010,-0.000148,-0.000229,-0.000107,0.000025,0.000030,-0.000000,-0.000052,-0.000073,-0.000029,-0.000096,-0.000192,-0.000086,-0.000020,0.000050,0.000055,-0.000076,-0.000026,0.000113,
-0.014334,-0.016375,-0.012380,-0.003744,0.002320,0.004576,0.002823,0.000293,-0.000014,0.000887,0.001984,0.002522,0.001832,0.000668,-0.000259,-0.000663,-0.000427,-0.000004,0.000486,0.001179,0.001356,0.000966,0.000426,-0.000474,-0.001492,-0.001977,-0.001665,-0.000566,0.000384,0.000386,-0.000064,-0.000292,-0.000439,-0.000367,-0.000012,0.000302,0.000540,0.000590,0.000098,-0.000835,-0.001266,-0.000811,-0.000123,0.000223,0.000199,-0.000001,-0.000211,-0.000421,-0.000517,-0.000612,-0.000559,-0.000333,-0.000232,-0.000092,0.000105,0.000128,-0.000070,-0.000170,-0.000153,-0.000474,-0.001039,-0.001299,-0.001038,-0.000102,0.001082,0.001593,0.001316,0.000796,0.000071,-0.000642,-0.000834,-0.000867,-0.000760,-0.000296,0.000058,0.000121,-0.000023,-0.000201,-0.000149,0.000019,0.000168,0.000257,0.000328,0.000497,0.001014,0.001568,0.001387,0.000352,-0.000686,-0.000971,-0.000883,-0.000751,-0.000545,-0.000229,0.000078,0.000152,0.000226,0.000308,0.000121,-0.000037,0.000007,0.000062,0.000111,0.000139,0.000066,0.000025,0.000048,0.000137,0.000143,0.000018,-0.000044,0.000003,0.000030,0.000080,0.000139,0.000058,-0.000105,-0.000220,-0.000133,-0.000044,-0.000097,-0.000129,-0.000113,-0.000016,0.000167,0.000324,0.000238,-0.000026,-0.000080,-0.000044,-0.000046,-0.000069,-0.000089,-0.000097,0.000073,0.000186,0.000226,0.000184,0.017380,0.010870,0.011726,0.013406,0.014196,0.013183,0.010355,0.007347,0.004918,0.003510,0.002603,0.001299,0.000134,-0.000671,-0.001232,-0.001161,-0.000425,0.000441,0.001025,0.000943,0.000121,-0.000692,-0.000976,-0.000638,-0.000325,-0.000356,-0.000496,-0.000711,-0.001121,-0.001349,-0.000974,-0.000557,-0.000444,-0.000317,-0.000046,0.000083,0.000091,0.000131,0.000250,0.000344,0.000367,0.000237,-0.000014,-0.000020,0.000043,-0.000035,-0.000099,-0.000202,-0.000162,0.000084,0.000188,0.000102,0.000141,0.000334,0.000404,0.000263,0.000298,0.000754,0.000856,0.000193,-0.000190,0.000654,0.001837,0.001666,0.000104,-0.001143,-0.001387,-0.001438,-0.001637,-0.001617,-0.001287,-0.000626,0.000287,0.000812,0.000547,-0.000123,-0.000424,-0.000082,0.000358,0.000505,0.000344,0.000146,0.000114,0.000222,0.000297,-0.000009,-0.000787,-0.001592,-0.002041,-0.002084,-0.001686,-0.000632,0.000152,0.000115,-0.000056,-0.000101,-0.000063,0.000004,0.000015,0.000099,0.000208,0.000168,0.000030,0.000036,0.000108,0.000042,0.000055,0.000159,0.000226,0.000079,-0.000086,-0.000115,-0.000091,0.000037,0.000057,0.000022,0.000062,-0.000022,-0.000057,-0.000008,-0.000047,-0.000108,-0.000088,-0.000120,-0.000190,-0.000154,-0.000059,0.000046,0.000044,-0.000027,-0.000094,-0.000162,-0.000117,0.000011,0.000071,-0.000006,0.000003,-0.000003,
-0.013856,-0.016107,-0.012243,-0.003613,0.002583,0.004910,0.003091,0.000516,0.000224,0.001128,0.002233,0.002712,0.001818,0.000549,-0.000353,-0.000804,-0.000562,-0.000076,0.000460,0.001143,0.001338,0.000840,0.000260,-0.000408,-0.001240,-0.001682,-0.001430,-0.000540,0.000294,0.000452,0.000250,-0.000020,-0.000319,-0.000384,-0.000133,0.000305,0.000682,0.000687,0.000114,-0.000851,-0.001232,-0.000796,-0.000153,0.000299,0.000483,0.000213,-0.000182,-0.000270,-0.000457,-0.000668,-0.000528,-0.000210,-0.000064,-0.000036,-0.000019,-0.000060,-0.000082,0.000005,0.000159,-0.000194,-0.000798,-0.000967,-0.000618,0.000485,0.001709,0.002072,0.001604,0.000864,0.000088,-0.000584,-0.000905,-0.001114,-0.001218,-0.000673,-0.000006,0.000119,0.000076,0.000034,0.000121,0.000222,0.000249,0.000212,0.000203,0.000411,0.000943,0.001521,0.001363,0.000290,-0.000782,-0.001133,-0.000978,-0.000804,-0.000499,-0.000080,0.000191,0.000290,0.000301,0.000315,0.000173,-0.000005,0.000077,0.000105,0.000012,-0.000017,0.000054,0.000044,0.000066,0.000085,0.000006,-0.000032,-0.000064,-0.000083,-0.000069,-0.000038,0.000075,0.000084,-0.000029,-0.000044,0.000011,0.000012,-0.000017,0.000009,-0.000038,0.000026,0.000111,0.000093,0.000092,0.000077,-0.000060,-0.000079,-0.000076,-0.000058,-0.000021,-0.000089,-0.000046,0.000110,0.000143,0.000179,0.017497,0.011057,0.011929,0.013543,0.014262,0.013018,0.009959,0.007012,0.004747,0.003451,0.002601,0.001336,0.000073,-0.000738,-0.001151,-0.001026,-0.000392,0.000397,0.001034,0.000958,0.000027,-0.000878,-0.000997,-0.000503,-0.000184,-0.000234,-0.000285,-0.000455,-0.000973,-0.001187,-0.000926,-0.000540,-0.000324,-0.000281,-0.000048,0.000319,0.000369,0.000283,0.000314,0.000326,0.000359,0.000347,0.000162,0.000069,-0.000041,-0.000311,-0.000412,-0.000222,-0.000130,-0.000123,-0.000038,0.000020,0.000098,0.000399,0.000470,0.000198,0.000300,0.000796,0.000820,0.000148,-0.000110,0.000855,0.001818,0.001198,-0.000546,-0.001607,-0.001616,-0.001509,-0.001635,-0.001724,-0.001486,-0.000886,-0.000111,0.000466,0.000454,-0.000054,-0.000364,-0.000061,0.000502,0.000649,0.000395,0.000139,0.000098,0.000113,0.000074,-0.000316,-0.000933,-0.001547,-0.002060,-0.002126,-0.001592,-0.000633,0.000096,0.000140,-0.000107,-0.000165,-0.000022,-0.000041,-0.000008,0.000175,0.000202,0.000201,0.000147,0.000015,-0.000054,-0.000009,0.000007,0.000035,0.000146,0.000190,0.000110,-0.000041,-0.000057,-0.000036,-0.000040,0.000053,0.000108,0.000062,0.000034,0.000011,-0.000048,-0.000091,-0.000127,-0.000112,-0.000136,-0.000269,-0.000280,-0.000108,-0.000155,-0.000216,-0.000171,-0.000069,0.000050,0.000126,0.000172,0.000140,0.000072,-0.000012,
-0.014275,-0.016184,-0.012310,-0.003816,0.002256,0.004452,0.002676,0.000386,0.000121,0.000829,0.001926,0.002531,0.001839,0.000603,-0.000334,-0.000656,-0.000386,-0.000008,0.000460,0.001230,0.001475,0.001020,0.000444,-0.000376,-0.001221,-0.001583,-0.001266,-0.000285,0.000510,0.000556,0.000151,-0.000201,-0.000470,-0.000511,-0.000140,0.000301,0.000484,0.000487,0.000062,-0.000839,-0.001370,-0.000985,-0.000244,0.000244,0.000416,0.000284,-0.000093,-0.000339,-0.000523,-0.000615,-0.000444,-0.000139,-0.000071,-0.000099,0.000008,0.000098,0.000023,0.000007,-0.000032,-0.000394,-0.000969,-0.001437,-0.001203,0.000057,0.001300,0.001579,0.001161,0.000520,-0.000289,-0.000909,-0.001115,-0.000948,-0.000681,-0.000331,-0.000065,0.000065,0.000102,0.000092,0.000071,-0.000002,0.000089,0.000337,0.000434,0.000506,0.000967,0.001544,0.001256,0.000023,-0.000940,-0.001044,-0.000906,-0.000802,-0.000396,0.000054,0.000307,0.000430,0.000411,0.000289,0.000047,-0.000153,-0.000108,0.000051,-0.000002,-0.000088,0.000021,-0.000008,-0.000069,0.000095,0.000247,0.000013,-0.000201,-0.000169,-0.000148,-0.000095,0.000020,0.000056,0.000009,-0.000075,-0.000033,0.000013,-0.000054,-0.000048,-0.000092,-0.000029,0.000175,0.000276,0.000321,0.000307,0.000142,0.000026,-0.000021,-0.000044,-0.000033,-0.000013,0.000067,0.000198,0.000237,0.000224,0.017002,0.010652,0.011709,0.013443,0.014309,0.013168,0.009962,0.006874,0.004692,0.003627,0.002937,0.001463,-0.000004,-0.000862,-0.001367,-0.001183,-0.000406,0.000367,0.000851,0.000789,0.000105,-0.000653,-0.000950,-0.000638,-0.000209,-0.000211,-0.000341,-0.000390,-0.000775,-0.000988,-0.000686,-0.000550,-0.000590,-0.000345,-0.000014,0.000184,0.000303,0.000218,0.000105,0.000133,0.000243,0.000224,-0.000007,-0.000051,-0.000052,-0.000179,-0.000212,-0.000124,-0.000039,0.000032,0.000079,-0.000011,-0.000047,0.000061,0.000063,-0.000015,0.000174,0.000756,0.000882,0.000214,-0.000047,0.000893,0.001965,0.001638,-0.000154,-0.001649,-0.001826,-0.001660,-0.001608,-0.001429,-0.001228,-0.000771,-0.000022,0.000509,0.000445,0.000010,-0.000232,0.000052,0.000476,0.000657,0.000550,0.000246,0.000071,0.000070,0.000122,-0.000101,-0.000801,-0.001672,-0.002243,-0.002292,-0.001649,-0.000527,0.000195,0.000146,-0.000066,-0.000009,0.000073,0.000087,0.000198,0.000232,0.000127,0.000077,0.000033,0.000058,0.000180,0.000060,-0.000105,-0.000067,0.000091,0.000151,0.000022,-0.000136,-0.000129,0.000053,0.000064,-0.000093,-0.000083,-0.000097,-0.000164,-0.000204,-0.000136,0.000047,0.000144,0.000083,-0.000016,-0.000107,-0.000146,-0.000024,0.000124,0.000024,-0.000239,-0.000312,-0.000215,0.000009,0.000158,0.000058,-0.000042,-0.000062,
-0.014362,-0.016241,-0.012293,-0.003830,0.002311,0.004695,0.002917,0.000379,-0.000035,0.000828,0.001975,0.002539,0.001867,0.000640,-0.000269,-0.000799,-0.000634,-0.000103,0.000456,0.001074,0.001337,0.001065,0.000458,-0.000435,-0.001447,-0.001937,-0.001634,-0.000599,0.000328,0.000408,0.000104,-0.000128,-0.000360,-0.000435,-0.000159,0.000195,0.000431,0.000507,0.000028,-0.000930,-0.001296,-0.000709,0.000055,0.000340,0.000251,0.000137,-0.000008,-0.000173,-0.000355,-0.000516,-0.000504,-0.000359,-0.000255,-0.000161,0.000061,0.000102,-0.000055,-0.000002,0.000091,-0.000202,-0.000775,-0.001138,-0.000972,0.000220,0.001875,0.002495,0.001911,0.000927,0.000061,-0.000578,-0.000833,-0.000805,-0.000645,-0.000279,0.000115,0.000101,-0.000089,-0.000081,-0.000088,-0.000080,0.000129,0.000221,0.000148,0.000336,0.000975,0.001678,0.001524,0.000216,-0.001026,-0.001304,-0.001077,-0.000749,-0.000351,-0.000086,0.000162,0.000352,0.000363,0.000337,0.000087,-0.000091,0.000039,0.000087,-0.000008,-0.000020,0.000053,-0.000006,-0.000068,0.000028,0.000133,0.000087,-0.000030,-0.000083,-0.000148,-0.000033,0.000074,0.000049,-0.000004,-0.000134,-0.000140,-0.000055,-0.000113,-0.000127,-0.000061,-0.000004,0.000096,0.000152,0.000147,0.000178,0.000086,0.000026,0.000063,0.000027,-0.000085,-0.000214,-0.000226,0.000136,0.000418,0.000236,0.016757,0.010464,0.011742,0.013628,0.014422,0.013099,0.009815,0.006740,0.004515,0.003314,0.002623,0.001342,-0.000035,-0.000903,-0.001314,-0.001077,-0.000327,0.000493,0.000937,0.000752,-0.000136,-0.000899,-0.001008,-0.000546,-0.000084,-0.000158,-0.000303,-0.000426,-0.000882,-0.001180,-0.000957,-0.000657,-0.000599,-0.000473,-0.000094,0.000192,0.000287,0.000201,0.000181,0.000175,0.000194,0.000226,0.000184,0.000222,0.000088,-0.000236,-0.000367,-0.000336,-0.000168,0.000144,0.000263,0.000144,0.000027,0.000138,0.000319,0.000269,0.000488,0.001033,0.000985,0.000117,-0.000445,0.000220,0.001431,0.001345,-0.000271,-0.001725,-0.002023,-0.001956,-0.001863,-0.001660,-0.001331,-0.000692,0.000151,0.000696,0.000559,0.000051,-0.000237,0.000047,0.000452,0.000535,0.000393,0.000259,0.000148,0.000135,0.000186,-0.000131,-0.000909,-0.001729,-0.002237,-0.002325,-0.001609,-0.000404,0.000290,0.000237,-0.000023,-0.000106,-0.000041,-0.000001,0.000082,0.000161,0.000166,0.000016,-0.000114,-0.000094,-0.000102,-0.000029,0.000076,0.000006,0.000014,0.000078,0.000049,-0.000063,-0.000188,-0.000168,-0.000156,-0.000136,0.000022,0.000060,-0.000063,-0.000185,-0.000191,-0.000043,-0.000075,-0.000115,-0.000142,-0.000151,-0.000117,-0.000102,0.000003,-0.000056,-0.000182,-0.000152,-0.000100,0.000046,0.000123,0.000044,-0.000001,0.000015,
-0.013943,-0.015938,-0.012101,-0.003491,0.002819,0.005153,0.003199,0.000591,0.000202,0.000976,0.002050,0.002593,0.001814,0.000603,-0.000229,-0.000606,-0.000402,0.000068,0.000634,0.001271,0.001397,0.000958,0.000379,-0.000528,-0.001476,-0.001911,-0.001678,-0.000706,0.000237,0.000329,0.000087,-0.000053,-0.000292,-0.000286,-0.000051,0.000074,0.000321,0.000507,0.000093,-0.000857,-0.001395,-0.000804,-0.000010,0.000212,0.000197,0.000141,0.000037,-0.000017,-0.000226,-0.000481,-0.000434,-0.000197,-0.000089,-0.000125,-0.000005,0.000191,0.000133,0.000058,0.000109,-0.000198,-0.000699,-0.000847,-0.000430,0.000479,0.001234,0.001359,0.001122,0.000687,0.000103,-0.000431,-0.000642,-0.000606,-0.000446,-0.000022,0.000301,0.000179,-0.000055,-0.000190,-0.000150,-0.000031,0.000123,0.000308,0.000349,0.000461,0.000999,0.001628,0.001444,0.000203,-0.001036,-0.001346,-0.000978,-0.000751,-0.000540,-0.000152,0.000077,0.000271,0.000466,0.000401,0.000131,-0.000097,-0.000107,0.000023,0.000024,-0.000017,0.000092,0.000130,0.000027,-0.000084,-0.000152,-0.000120,-0.000080,-0.000142,-0.000165,-0.000117,-0.000032,0.000010,-0.000059,-0.000093,-0.000064,-0.000120,-0.000105,-0.000109,-0.000148,-0.000100,0.000089,0.000235,0.000196,0.000047,-0.000032,-0.000025,-0.000091,-0.000138,-0.000103,-0.000071,0.000053,0.000185,0.000265,0.000220,0.016945,0.010923,0.011967,0.013575,0.014214,0.012931,0.009854,0.006770,0.004422,0.003277,0.002633,0.001293,-0.000083,-0.000798,-0.001243,-0.001115,-0.000262,0.000512,0.000994,0.000889,-0.000005,-0.000873,-0.001077,-0.000653,-0.000228,-0.000219,-0.000325,-0.000513,-0.000976,-0.001224,-0.000849,-0.000459,-0.000424,-0.000289,0.000013,0.000085,0.000068,0.000033,0.000035,0.000156,0.000372,0.000299,-0.000048,-0.000052,-0.000032,-0.000187,-0.000174,-0.000136,-0.000139,0.000105,0.000301,0.000129,0.000076,0.000287,0.000327,0.000225,0.000403,0.000920,0.000925,0.000206,0.000086,0.001157,0.002025,0.001438,-0.000143,-0.001389,-0.001710,-0.001680,-0.001696,-0.001601,-0.001181,-0.000611,0.000087,0.000603,0.000427,-0.000198,-0.000348,0.000012,0.000394,0.000602,0.000437,0.000095,-0.000044,0.000073,0.000186,-0.000106,-0.000824,-0.001606,-0.002156,-0.002335,-0.001791,-0.000656,0.000066,0.000099,-0.000099,-0.000171,-0.000177,-0.000170,-0.000094,0.000049,0.000126,-0.000002,-0.000052,-0.000006,-0.000064,-0.000189,-0.000228,-0.000174,-0.000079,0.000065,-0.000006,-0.000169,-0.000097,-0.000058,-0.000110,-0.000107,-0.000116,-0.000179,-0.000142,-0.000112,-0.000066,0.000024,-0.000012,-0.000138,-0.000161,-0.000228,-0.000175,-0.000117,-0.000127,-0.000144,-0.000165,-0.000203,-0.000124,-0.000004,0.000041,0.000082,0.000025,0.000012,
-0.014490,-0.016306,-0.012389,-0.003737,0.002405,0.004576,0.002805,0.000376,0.000067,0.000812,0.001826,0.002384,0.001630,0.000413,-0.000292,-0.000640,-0.000567,-0.000096,0.000500,0.001203,0.001355,0.000896,0.000294,-0.000517,-0.001403,-0.001868,-0.001567,-0.000623,0.000110,0.000202,0.000000,-0.000335,-0.000505,-0.000212,0.000102,0.000149,0.000232,0.000236,-0.000249,-0.001137,-0.001445,-0.000796,-0.000042,0.000259,0.000214,0.000007,-0.000215,-0.000333,-0.000475,-0.000603,-0.000442,-0.000253,-0.000247,-0.000120,0.000156,0.000210,0.000068,0.000020,0.000017,-0.000335,-0.001067,-0.001524,-0.001153,0.000264,0.001689,0.002046,0.001527,0.000930,0.000274,-0.000490,-0.000794,-0.000819,-0.000613,-0.000060,0.000380,0.000310,0.000076,-0.000005,-0.000023,-0.000026,0.000084,0.000165,0.000188,0.000408,0.000985,0.001654,0.001406,0.000115,-0.000940,-0.001122,-0.000921,-0.000744,-0.000480,-0.000137,0.000059,0.000207,0.000383,0.000382,0.000153,0.000053,0.000113,0.000170,0.000177,0.000125,0.000040,0.000025,0.000052,-0.000014,-0.000054,-0.000052,-0.000097,-0.000140,-0.000104,-0.000006,0.000003,0.000077,0.000091,-0.000110,-0.000116,-0.000007,0.000030,0.000034,-0.000033,0.000014,0.000174,0.000225,0.000214,0.000188,0.000069,-0.000062,-0.000153,-0.000170,-0.000091,-0.000044,0.000007,0.000067,0.000065,0.000091,0.016589,0.010504,0.011647,0.013373,0.014159,0.012977,0.009814,0.006669,0.004401,0.003449,0.002856,0.001424,-0.000054,-0.000966,-0.001451,-0.001242,-0.000383,0.000369,0.000885,0.000787,-0.000070,-0.000873,-0.000996,-0.000591,-0.000242,-0.000184,-0.000282,-0.000622,-0.001246,-0.001305,-0.000588,0.000107,0.000419,0.000410,0.000193,-0.000151,-0.000361,-0.000262,-0.000018,0.000122,0.000265,0.000297,0.000105,-0.000020,-0.000094,-0.000169,-0.000186,-0.000170,0.000020,0.000095,0.000006,-0.000080,0.000015,0.000288,0.000313,0.000137,0.000224,0.000735,0.000786,0.000075,-0.000239,0.000744,0.001876,0.001430,-0.000333,-0.001693,-0.001830,-0.001648,-0.001749,-0.001740,-0.001324,-0.000576,0.000233,0.000687,0.000374,-0.000304,-0.000492,-0.000037,0.000586,0.000708,0.000452,0.000228,0.000085,0.000140,0.000234,-0.000038,-0.000836,-0.001721,-0.002132,-0.002144,-0.001613,-0.000605,0.000088,0.000101,-0.000163,-0.000232,-0.000123,-0.000039,0.000054,0.000192,0.000185,0.000045,-0.000015,0.000023,0.000044,-0.000061,-0.000136,-0.000083,-0.000019,0.000067,0.000023,-0.000128,-0.000129,-0.000040,0.000036,-0.000029,-0.000033,0.000003,-0.000051,-0.000047,0.000036,0.000024,-0.000053,-0.000057,-0.000088,-0.000083,-0.000008,-0.000055,0.000005,-0.000041,-0.000216,-0.000142,0.000012,0.000116,0.000122,-0.000012,0.000037,0.000082,
-0.013945,-0.015839,-0.011951,-0.003358,0.002863,0.005212,0.003285,0.000523,-0.000022,0.000834,0.001927,0.002410,0.001676,0.000476,-0.000344,-0.000737,-0.000534,-0.000037,0.000602,0.001267,0.001406,0.001024,0.000435,-0.000346,-0.001295,-0.001918,-0.001681,-0.000629,0.000300,0.000347,-0.000059,-0.000313,-0.000350,-0.000242,-0.000039,0.000227,0.000382,0.000331,-0.000002,-0.000735,-0.001199,-0.000768,-0.000053,0.000297,0.000383,0.000187,-0.000137,-0.000362,-0.000527,-0.000631,-0.000611,-0.000448,-0.000224,-0.000104,0.000056,0.000258,0.000075,-0.000056,0.000051,-0.000254,-0.000899,-0.001265,-0.001030,0.000110,0.001490,0.001845,0.001379,0.000847,0.000200,-0.000395,-0.000748,-0.000833,-0.000575,-0.000087,0.000213,0.000129,0.000047,0.000061,0.000107,0.000194,0.000263,0.000262,0.000233,0.000433,0.000992,0.001560,0.001381,0.000264,-0.000754,-0.000946,-0.000847,-0.000763,-0.000467,-0.000156,-0.000030,0.000069,0.000309,0.000410,0.000244,0.000114,0.000107,0.000093,0.000079,0.000083,0.000038,0.000041,0.000028,0.000013,0.000075,-0.000014,-0.000102,-0.000119,-0.000057,0.000013,0.000064,0.000083,-0.000019,-0.000132,-0.000141,0.000000,0.000051,-0.000066,-0.000240,-0.000162,0.000073,0.000129,0.000076,0.000026,0.000048,0.000008,-0.000113,-0.000166,-0.000092,-0.000107,-0.000088,0.000056,0.000128,0.000089,0.016770,0.010889,0.011860,0.013284,0.013823,0.012552,0.009649,0.006683,0.004214,0.003088,0.002559,0.001342,-0.000001,-0.000823,-0.001210,-0.000950,-0.000197,0.000485,0.000916,0.000791,-0.000064,-0.000823,-0.000937,-0.000532,-0.000161,-0.000299,-0.000501,-0.000709,-0.001114,-0.001157,-0.000738,-0.000335,-0.000220,-0.000140,-0.000037,0.000025,0.000129,0.000294,0.000367,0.000367,0.000399,0.000233,0.000043,0.000020,-0.000059,-0.000207,-0.000299,-0.000261,-0.000142,0.000020,0.000128,0.000071,0.000079,0.000196,0.000151,0.000139,0.000472,0.000943,0.000921,0.000183,-0.000214,0.000695,0.001974,0.001971,0.000457,-0.000902,-0.001250,-0.001345,-0.001572,-0.001613,-0.001259,-0.000558,0.000372,0.000811,0.000445,-0.000194,-0.000532,-0.000188,0.000354,0.000445,0.000239,0.000085,-0.000034,-0.000022,0.000092,-0.000095,-0.000738,-0.001501,-0.002120,-0.002321,-0.001728,-0.000664,0.000097,0.000221,0.000033,-0.000083,-0.000112,-0.000098,0.000051,0.000192,0.000137,0.000032,0.000016,-0.000025,-0.000065,-0.000119,-0.000137,-0.000109,-0.000007,0.000050,-0.000004,-0.000075,-0.000050,0.000036,-0.000045,-0.000023,0.000026,-0.000014,0.000057,0.000095,0.000057,0.000021,0.000012,-0.000048,-0.000116,-0.000083,0.000017,0.000052,0.000018,-0.000072,-0.000077,0.000003,-0.000061,-0.000129,-0.000002,0.000174,0.000177,0.000036,
-0.013534,-0.015410,-0.011463,-0.003013,0.003122,0.005491,0.003557,0.000769,0.000244,0.000882,0.001873,0.002488,0.001844,0.000626,-0.000247,-0.000670,-0.000465,-0.000011,0.000503,0.001129,0.001358,0.001032,0.000466,-0.000462,-0.001355,-0.001740,-0.001455,-0.000531,0.000246,0.000381,0.000062,-0.000240,-0.000290,-0.000170,0.000146,0.000454,0.000663,0.000692,0.000131,-0.000963,-0.001566,-0.001104,-0.000313,0.000166,0.000313,0.000129,-0.000059,-0.000219,-0.000607,-0.000846,-0.000634,-0.000328,-0.000193,-0.000107,0.000037,0.000155,0.000143,0.000081,0.000066,-0.000232,-0.000669,-0.000829,-0.000676,0.000232,0.001334,0.001676,0.001351,0.000759,0.000044,-0.000596,-0.001054,-0.001336,-0.001184,-0.000578,-0.000029,0.000161,0.000084,0.000010,0.000075,0.000214,0.000216,0.000220,0.000140,0.000303,0.000981,0.001635,0.001560,0.000330,-0.000929,-0.001238,-0.001088,-0.000844,-0.000586,-0.000259,-0.000055,0.000157,0.000400,0.000298,-0.000010,-0.000131,0.000004,0.000104,0.000038,-0.000043,0.000050,0.000062,-0.000003,0.000148,0.000138,-0.000080,-0.000203,-0.000220,-0.000222,-0.000112,-0.000068,-0.000086,-0.000015,0.000078,0.000112,0.000009,-0.000103,-0.000186,-0.000219,-0.000103,0.000134,0.000249,0.000217,0.000148,0.000062,-0.000039,-0.000102,-0.000075,-0.000116,-0.000166,-0.000128,0.000055,0.000306,0.000282,0.017265,0.011582,0.012423,0.013386,0.013687,0.012348,0.009370,0.006464,0.004217,0.003215,0.002647,0.001276,-0.000125,-0.000854,-0.001171,-0.000960,-0.000268,0.000425,0.000960,0.000753,-0.000162,-0.000862,-0.001038,-0.000696,-0.000356,-0.000245,-0.000281,-0.000528,-0.001000,-0.001148,-0.000808,-0.000534,-0.000351,-0.000082,0.000063,0.000102,0.000096,0.000088,0.000131,0.000193,0.000245,0.000242,0.000212,0.000186,0.000004,-0.000301,-0.000281,-0.000115,-0.000156,-0.000037,0.000167,0.000139,0.000149,0.000393,0.000458,0.000318,0.000452,0.000986,0.001002,0.000188,-0.000143,0.000734,0.001697,0.001269,-0.000344,-0.001552,-0.001655,-0.001598,-0.001672,-0.001633,-0.001452,-0.000856,0.000092,0.000695,0.000494,-0.000140,-0.000442,-0.000176,0.000289,0.000542,0.000445,0.000183,0.000094,0.000136,0.000137,-0.000163,-0.000774,-0.001484,-0.002027,-0.002103,-0.001646,-0.000697,0.000117,0.000213,-0.000043,-0.000113,-0.000067,-0.000089,-0.000041,0.000095,0.000160,0.000182,0.000059,-0.000068,-0.000059,-0.000077,-0.000140,-0.000101,-0.000018,0.000085,0.000102,0.000005,-0.000070,-0.000096,0.000040,0.000081,0.000007,-0.000054,-0.000087,-0.000011,-0.000063,-0.000098,0.000069,0.000078,-0.000085,-0.000149,-0.000073,-0.000029,-0.000057,-0.000131,-0.000152,-0.000112,0.000033,0.000182,0.000136,0.000037,0.000021,-0.000010,
-0.013952,-0.015792,-0.012018,-0.003434,0.002950,0.005378,0.003367,0.000529,-0.000056,0.000701,0.001845,0.002379,0.001615,0.000430,-0.000431,-0.000798,-0.000569,-0.000133,0.000456,0.001226,0.001451,0.000966,0.000412,-0.000425,-0.001343,-0.001741,-0.001502,-0.000459,0.000532,0.000605,0.000202,-0.000167,-0.000456,-0.000342,0.000147,0.000456,0.000695,0.000804,0.000213,-0.000826,-0.001293,-0.000887,-0.000140,0.000231,0.000199,-0.000006,-0.000199,-0.000307,-0.000495,-0.000639,-0.000522,-0.000384,-0.000290,-0.000167,0.000020,0.000176,0.000034,-0.000035,0.000038,-0.000307,-0.000957,-0.001301,-0.001012,0.000107,0.001350,0.001757,0.001439,0.000744,-0.000123,-0.000770,-0.000919,-0.000795,-0.000727,-0.000483,-0.000035,0.000183,0.000183,0.000154,0.000102,0.000137,0.000177,0.000167,0.000193,0.000310,0.000942,0.001528,0.001274,0.000161,-0.000900,-0.001127,-0.000927,-0.000629,-0.000385,-0.000170,0.000113,0.000296,0.000350,0.000359,0.000243,0.000081,0.000045,0.000016,0.000084,0.000179,0.000180,0.000189,0.000202,0.000157,0.000097,0.000030,0.000013,0.000044,0.000032,0.000040,0.000035,0.000125,0.000053,-0.000067,0.000062,0.000119,0.000066,-0.000002,-0.000106,-0.000085,0.000090,0.000185,0.000246,0.000295,0.000084,-0.000125,-0.000159,-0.000164,-0.000082,-0.000011,-0.000010,0.000082,0.000196,0.000148,0.016821,0.011089,0.011953,0.013256,0.013843,0.012523,0.009475,0.006473,0.004138,0.003122,0.002602,0.001280,-0.000021,-0.000880,-0.001427,-0.001249,-0.000315,0.000575,0.000978,0.000788,0.000048,-0.000644,-0.000855,-0.000528,-0.000173,-0.000165,-0.000217,-0.000290,-0.000741,-0.001074,-0.000857,-0.000609,-0.000465,-0.000373,-0.000223,-0.000029,0.000107,0.000197,0.000299,0.000348,0.000375,0.000293,0.000153,0.000075,-0.000017,-0.000176,-0.000303,-0.000312,-0.000101,0.000130,0.000251,0.000151,0.000105,0.000347,0.000344,0.000110,0.000250,0.000814,0.000987,0.000349,0.000059,0.000988,0.001953,0.001422,-0.000318,-0.001567,-0.001644,-0.001555,-0.001648,-0.001494,-0.001139,-0.000664,0.000042,0.000620,0.000544,-0.000051,-0.000413,-0.000173,0.000286,0.000537,0.000381,0.000094,0.000019,0.000033,0.000046,-0.000217,-0.000803,-0.001491,-0.001956,-0.002080,-0.001689,-0.000721,-0.000032,0.000037,-0.000066,-0.000140,-0.000057,-0.000069,-0.000039,0.000159,0.000243,0.000038,-0.000062,0.000035,-0.000061,-0.000171,-0.000050,0.000066,0.000100,0.000159,0.000043,-0.000153,-0.000215,-0.000148,0.000022,0.000057,-0.000040,-0.000027,0.000050,0.000021,-0.000062,-0.000089,-0.000153,-0.000189,-0.000133,-0.000162,-0.000180,-0.000026,0.000011,-0.000027,-0.000086,-0.000158,-0.000053,0.000050,0.000019,-0.000060,-0.000040,-0.000010,
-0.013760,-0.015394,-0.011558,-0.003166,0.003192,0.005641,0.003620,0.000695,0.000058,0.000816,0.001845,0.002369,0.001629,0.000442,-0.000377,-0.000761,-0.000465,0.000126,0.000625,0.001268,0.001537,0.001081,0.000481,-0.000352,-0.001297,-0.001841,-0.001557,-0.000438,0.000449,0.000542,0.000182,-0.000234,-0.000519,-0.000380,0.000039,0.000359,0.000584,0.000670,0.000140,-0.000826,-0.001233,-0.000861,-0.000252,0.000133,0.000284,0.000195,-0.000044,-0.000281,-0.000480,-0.000599,-0.000480,-0.000246,-0.000162,-0.000068,0.000138,0.000185,-0.000091,-0.000088,-0.000002,-0.000391,-0.000950,-0.001343,-0.001159,0.000170,0.001822,0.002354,0.001648,0.000678,-0.000236,-0.000862,-0.000931,-0.000753,-0.000507,-0.000185,0.000168,0.000260,0.000065,-0.000047,0.000008,0.000114,0.000360,0.000494,0.000370,0.000361,0.000714,0.001302,0.001291,0.000194,-0.001012,-0.001380,-0.001156,-0.000809,-0.000388,-0.000001,0.000169,0.000202,0.000274,0.000190,-0.000053,0.000004,0.000227,0.000167,0.000013,-0.000043,0.000041,0.000111,0.000053,0.000061,0.000158,-0.000002,-0.000109,-0.000072,-0.000181,-0.000168,-0.000066,-0.000029,-0.000061,-0.000120,-0.000120,-0.000027,0.000029,0.000041,0.000015,0.000043,0.000089,0.000066,0.000101,0.000164,0.000122,0.000064,0.000018,0.000014,-0.000013,-0.000165,-0.000175,0.000128,0.000303,0.000219,0.017089,0.011456,0.012278,0.013388,0.013681,0.012400,0.009490,0.006516,0.004177,0.003152,0.002650,0.001291,-0.000163,-0.001034,-0.001432,-0.001112,-0.000272,0.000479,0.000961,0.000814,-0.000072,-0.000797,-0.001029,-0.000814,-0.000321,-0.000044,-0.000127,-0.000385,-0.000787,-0.001011,-0.000812,-0.000521,-0.000577,-0.000555,-0.000136,0.000103,0.000215,0.000315,0.000298,0.000303,0.000404,0.000349,0.000114,0.000022,0.000035,-0.000188,-0.000344,-0.000300,-0.000129,0.000036,0.000081,-0.000023,0.000030,0.000282,0.000347,0.000176,0.000290,0.000938,0.001132,0.000226,-0.000454,0.000403,0.001696,0.001388,-0.000534,-0.002093,-0.002357,-0.002184,-0.002004,-0.001792,-0.001363,-0.000665,0.000159,0.000587,0.000352,-0.000120,-0.000361,-0.000103,0.000292,0.000362,0.000304,0.000228,0.000093,0.000001,-0.000031,-0.000286,-0.000833,-0.001505,-0.002023,-0.002128,-0.001607,-0.000591,0.000062,0.000036,0.000073,0.000173,0.000115,0.000001,-0.000067,0.000027,0.000087,0.000101,0.000059,-0.000088,-0.000088,-0.000161,-0.000241,-0.000047,0.000126,0.000086,-0.000014,-0.000035,-0.000077,-0.000112,-0.000089,-0.000128,-0.000209,-0.000134,-0.000073,-0.000059,-0.000125,-0.000082,0.000029,-0.000075,-0.000214,-0.000190,-0.000201,-0.000179,-0.000148,-0.000183,-0.000216,-0.000179,-0.000123,-0.000071,0.000030,0.000071,0.000002,-0.000012,
-0.014393,-0.015976,-0.011948,-0.003432,0.002750,0.005095,0.003219,0.000534,-0.000031,0.000640,0.001692,0.002247,0.001542,0.000433,-0.000315,-0.000721,-0.000564,-0.000123,0.000538,0.001266,0.001574,0.001241,0.000535,-0.000295,-0.001218,-0.001771,-0.001519,-0.000492,0.000325,0.000488,0.000259,-0.000081,-0.000245,-0.000238,-0.000092,0.000203,0.000382,0.000441,0.000090,-0.000856,-0.001334,-0.000976,-0.000349,0.000092,0.000337,0.000262,-0.000060,-0.000226,-0.000330,-0.000402,-0.000321,-0.000165,-0.000121,-0.000077,0.000111,0.000193,0.000023,0.000019,0.000063,-0.000338,-0.000820,-0.000837,-0.000469,0.000390,0.001357,0.001763,0.001579,0.000995,0.000148,-0.000468,-0.000518,-0.000511,-0.000524,-0.000133,0.000215,0.000185,0.000012,0.000034,0.000102,0.000070,0.000181,0.000276,0.000195,0.000353,0.000971,0.001544,0.001346,0.000255,-0.000898,-0.001156,-0.000992,-0.000954,-0.000622,-0.000154,0.000049,0.000165,0.000260,0.000252,0.000009,-0.000096,0.000046,0.000125,-0.000081,-0.000204,-0.000026,0.000083,0.000052,-0.000037,-0.000036,-0.000070,-0.000108,-0.000033,-0.000053,0.000082,0.000177,0.000102,0.000018,-0.000096,-0.000078,-0.000012,0.000004,-0.000015,-0.000004,0.000027,0.000074,0.000145,0.000171,0.000151,0.000057,0.000022,-0.000039,-0.000099,-0.000148,-0.000121,-0.000013,0.000168,0.000234,0.000173,0.015979,0.010552,0.011779,0.013115,0.013773,0.012559,0.009424,0.006433,0.004182,0.003187,0.002694,0.001466,0.000093,-0.000799,-0.001223,-0.001027,-0.000315,0.000409,0.000862,0.000745,-0.000100,-0.000833,-0.001004,-0.000596,-0.000143,-0.000102,-0.000238,-0.000436,-0.000863,-0.001064,-0.000770,-0.000556,-0.000448,-0.000254,-0.000038,0.000042,0.000053,0.000130,0.000185,0.000156,0.000198,0.000235,0.000156,0.000175,0.000035,-0.000167,-0.000129,-0.000004,-0.000005,-0.000020,0.000000,-0.000061,0.000027,0.000314,0.000365,0.000237,0.000371,0.000770,0.000771,0.000107,-0.000135,0.000757,0.001673,0.001332,-0.000024,-0.001152,-0.001493,-0.001549,-0.001582,-0.001473,-0.001270,-0.000852,-0.000025,0.000631,0.000493,-0.000105,-0.000305,0.000088,0.000460,0.000618,0.000434,0.000148,0.000136,0.000225,0.000197,-0.000183,-0.000892,-0.001695,-0.002234,-0.002276,-0.001713,-0.000647,0.000128,0.000206,0.000010,-0.000078,-0.000151,-0.000193,-0.000083,0.000029,0.000119,0.000113,0.000132,0.000084,-0.000006,-0.000016,-0.000014,-0.000055,-0.000017,0.000075,0.000093,0.000004,-0.000056,-0.000031,-0.000037,-0.000046,-0.000002,0.000021,0.000006,-0.000057,-0.000040,-0.000012,-0.000094,-0.000177,-0.000168,-0.000138,-0.000101,-0.000106,-0.000089,-0.000106,-0.000202,-0.000239,-0.000087,0.000048,0.000066,0.000067,0.000030,-0.000021,
-0.014292,-0.015954,-0.012112,-0.003526,0.002835,0.005230,0.003222,0.000387,-0.000163,0.000550,0.001588,0.002230,0.001629,0.000597,-0.000134,-0.000606,-0.000465,-0.000075,0.000553,0.001312,0.001385,0.000923,0.000450,-0.000324,-0.001279,-0.001803,-0.001660,-0.000764,0.000090,0.000192,-0.000076,-0.000323,-0.000457,-0.000318,0.000001,0.000211,0.000286,0.000214,-0.000111,-0.000865,-0.001399,-0.000918,-0.000137,0.000215,0.000232,0.000021,-0.000235,-0.000268,-0.000361,-0.000574,-0.000511,-0.000315,-0.000203,-0.000113,-0.000002,0.000036,0.000024,0.000108,0.000115,-0.000321,-0.000998,-0.001342,-0.000931,0.000358,0.001600,0.001851,0.001328,0.000734,0.000194,-0.000427,-0.000927,-0.001082,-0.000746,-0.000202,0.000281,0.000351,0.000161,0.000029,-0.000013,0.000055,0.000154,0.000237,0.000183,0.000319,0.000896,0.001508,0.001412,0.000312,-0.000743,-0.000978,-0.000914,-0.000829,-0.000552,-0.000108,0.000222,0.000332,0.000353,0.000269,0.000096,-0.000070,0.000043,0.000181,0.000108,0.000076,0.000148,0.000126,0.000071,0.000103,0.000062,-0.000066,-0.000090,-0.000072,-0.000055,0.000009,0.000056,-0.000001,-0.000037,-0.000084,-0.000047,0.000043,-0.000028,-0.000082,-0.000071,-0.000017,0.000084,0.000140,0.000092,-0.000022,-0.000072,0.000023,0.000007,-0.000144,-0.000244,-0.000144,0.000017,0.000085,0.000176,0.000142,0.015939,0.010620,0.011835,0.013247,0.013795,0.012585,0.009615,0.006452,0.004076,0.003204,0.002738,0.001345,-0.000005,-0.000811,-0.001301,-0.001111,-0.000284,0.000528,0.001026,0.000895,-0.000050,-0.000850,-0.001033,-0.000635,-0.000269,-0.000320,-0.000563,-0.000930,-0.001303,-0.001374,-0.000961,-0.000503,-0.000275,-0.000129,-0.000036,0.000040,0.000037,-0.000071,0.000015,0.000236,0.000437,0.000345,0.000174,0.000135,0.000062,-0.000092,-0.000145,-0.000115,-0.000066,-0.000028,0.000074,0.000088,0.000149,0.000433,0.000446,0.000222,0.000312,0.000993,0.001197,0.000280,-0.000183,0.000877,0.002077,0.001558,-0.000420,-0.001752,-0.001705,-0.001550,-0.001713,-0.001691,-0.001353,-0.000693,0.000179,0.000680,0.000504,-0.000020,-0.000384,-0.000170,0.000332,0.000528,0.000369,0.000191,0.000163,0.000206,0.000231,-0.000043,-0.000743,-0.001656,-0.002277,-0.002307,-0.001650,-0.000525,0.000240,0.000235,-0.000011,-0.000039,0.000072,0.000110,0.000148,0.000155,0.000158,0.000192,0.000134,0.000038,-0.000060,-0.000206,-0.000257,-0.000214,-0.000085,0.000028,-0.000073,-0.000242,-0.000239,0.000018,0.000173,0.000087,0.000030,-0.000016,-0.000013,0.000018,0.000003,0.000005,0.000007,-0.000119,-0.000170,-0.000155,-0.000146,0.000001,0.000034,-0.000064,-0.000037,0.000030,0.000021,0.000008,0.000025,0.000074,0.000154,0.000179,
-0.014388,-0.015895,-0.011849,-0.003324,0.003040,0.005393,0.003244,0.000409,-0.000092,0.000698,0.001761,0.002274,0.001608,0.000487,-0.000332,-0.000707,-0.000452,0.000030,0.000577,0.001193,0.001355,0.000921,0.000361,-0.000386,-0.001311,-0.001775,-0.001506,-0.000570,0.000260,0.000314,-0.000016,-0.000309,-0.000372,-0.000102,0.000215,0.000298,0.000331,0.000292,-0.000162,-0.000985,-0.001335,-0.000837,-0.000145,0.000103,0.000189,0.000158,-0.000085,-0.000287,-0.000417,-0.000574,-0.000626,-0.000494,-0.000303,-0.000119,0.000047,0.000121,0.000036,0.000010,0.000131,-0.000179,-0.000927,-0.001330,-0.001041,0.000273,0.001745,0.002086,0.001548,0.000891,0.000166,-0.000442,-0.000637,-0.000663,-0.000465,-0.000027,0.000257,0.000232,0.000004,-0.000125,0.000075,0.000210,0.000247,0.000339,0.000267,0.000379,0.000961,0.001580,0.001413,0.000308,-0.000671,-0.000937,-0.000872,-0.000659,-0.000324,0.000051,0.000243,0.000355,0.000412,0.000246,0.000070,0.000084,0.000067,0.000006,-0.000058,-0.000067,0.000091,0.000161,0.000181,0.000164,0.000038,-0.000104,-0.000179,-0.000167,-0.000010,0.000126,0.000092,0.000069,-0.000009,-0.000115,-0.000079,-0.000038,-0.000072,-0.000112,-0.000129,-0.000129,0.000015,0.000131,0.000153,0.000262,0.000207,-0.000057,-0.000145,-0.000138,-0.000222,-0.000255,-0.000138,0.000102,0.000252,0.000159,0.015746,0.010408,0.011748,0.013213,0.013675,0.012390,0.009430,0.006481,0.004224,0.003231,0.002697,0.001413,-0.000017,-0.000958,-0.001409,-0.001112,-0.000233,0.000551,0.000968,0.000812,0.000005,-0.000736,-0.001076,-0.000796,-0.000315,-0.000213,-0.000329,-0.000682,-0.001069,-0.001154,-0.000637,0.000020,0.000325,0.000281,0.000031,-0.000185,-0.000274,-0.000126,0.000202,0.000367,0.000349,0.000210,0.000016,-0.000011,-0.000050,-0.000172,-0.000194,-0.000119,-0.000072,-0.000028,0.000038,-0.000016,0.000076,0.000332,0.000399,0.000229,0.000434,0.000987,0.000997,0.000245,-0.000186,0.000735,0.001955,0.001661,0.000043,-0.001191,-0.001355,-0.001418,-0.001661,-0.001599,-0.001307,-0.000683,0.000233,0.000751,0.000561,-0.000086,-0.000502,-0.000216,0.000365,0.000555,0.000307,0.000054,-0.000018,0.000082,0.000184,-0.000135,-0.000790,-0.001582,-0.002206,-0.002223,-0.001631,-0.000675,0.000072,0.000206,-0.000017,-0.000081,0.000065,0.000100,0.000073,0.000088,0.000122,0.000077,0.000011,0.000004,-0.000062,-0.000129,-0.000121,0.000024,0.000117,0.000048,-0.000042,-0.000097,-0.000029,0.000020,0.000015,0.000082,0.000060,-0.000065,-0.000150,-0.000088,-0.000102,-0.000163,-0.000097,-0.000057,-0.000155,-0.000175,-0.000058,0.000068,0.000050,-0.000017,-0.000191,-0.000211,-0.000051,-0.000063,-0.000040,0.000057,0.000059,-0.000006,
-0.013834,-0.015626,-0.011557,-0.002983,0.003283,0.005587,0.003392,0.000436,-0.000056,0.000771,0.001786,0.002245,0.001506,0.000441,-0.000300,-0.000692,-0.000506,-0.000037,0.000545,0.001239,0.001451,0.001100,0.000463,-0.000441,-0.001385,-0.001896,-0.001623,-0.000593,0.000229,0.000202,-0.000051,-0.000255,-0.000360,-0.000167,0.000046,0.000214,0.000456,0.000553,0.000127,-0.000773,-0.001299,-0.000925,-0.000256,0.000136,0.000288,0.000195,-0.000113,-0.000415,-0.000668,-0.000677,-0.000434,-0.000164,-0.000150,-0.000177,-0.000020,0.000161,0.000193,0.000146,0.000071,-0.000318,-0.000934,-0.001132,-0.000924,-0.000040,0.001200,0.001616,0.001278,0.000794,0.000065,-0.000633,-0.000925,-0.000997,-0.000848,-0.000374,0.000043,0.000112,-0.000015,-0.000050,0.000078,0.000194,0.000305,0.000307,0.000205,0.000334,0.001016,0.001734,0.001444,0.000154,-0.000954,-0.001187,-0.001017,-0.000795,-0.000438,-0.000132,-0.000013,0.000085,0.000300,0.000363,0.000104,-0.000048,-0.000013,-0.000013,0.000006,0.000075,0.000133,0.000196,0.000154,0.000135,0.000133,0.000019,-0.000077,-0.000066,-0.000063,-0.000091,-0.000093,-0.000071,-0.000027,-0.000013,-0.000040,0.000029,-0.000021,-0.000116,-0.000046,0.000053,0.000129,0.000224,0.000238,0.000182,0.000193,0.000102,-0.000052,-0.000189,-0.000203,-0.000032,0.000039,-0.000030,0.000037,0.000145,0.015894,0.010569,0.011791,0.013002,0.013451,0.012277,0.009434,0.006541,0.004176,0.003089,0.002517,0.001213,0.000002,-0.000776,-0.001206,-0.000957,-0.000258,0.000405,0.000771,0.000618,-0.000169,-0.000991,-0.001132,-0.000656,-0.000179,-0.000115,-0.000293,-0.000506,-0.000911,-0.001125,-0.000837,-0.000555,-0.000373,-0.000208,-0.000108,0.000018,0.000073,0.000121,0.000247,0.000305,0.000273,0.000167,0.000153,0.000164,-0.000002,-0.000141,-0.000236,-0.000268,-0.000158,0.000008,0.000175,0.000155,0.000200,0.000458,0.000428,0.000184,0.000348,0.000947,0.001036,0.000303,-0.000175,0.000584,0.001748,0.001596,-0.000011,-0.001384,-0.001684,-0.001647,-0.001592,-0.001474,-0.001282,-0.000705,0.000284,0.000919,0.000594,-0.000181,-0.000539,-0.000285,0.000228,0.000548,0.000462,0.000238,0.000215,0.000268,0.000140,-0.000197,-0.000750,-0.001532,-0.002129,-0.002280,-0.001850,-0.000808,0.000118,0.000294,0.000149,0.000060,-0.000008,-0.000088,-0.000043,0.000075,0.000167,0.000142,-0.000003,-0.000071,-0.000059,0.000010,0.000064,0.000017,-0.000042,-0.000044,0.000009,-0.000086,-0.000112,-0.000075,-0.000071,-0.000085,-0.000144,-0.000074,-0.000026,-0.000050,0.000052,0.000061,-0.000063,-0.000073,-0.000120,-0.000214,-0.000171,-0.000062,0.000027,-0.000014,-0.000117,-0.000153,-0.000125,-0.000054,0.000111,0.000091,0.000001,-0.000001,
-0.014357,-0.016067,-0.012076,-0.003383,0.002884,0.005128,0.003130,0.000382,-0.000090,0.000724,0.001700,0.002219,0.001561,0.000482,-0.000256,-0.000754,-0.000612,-0.000040,0.000614,0.001290,0.001518,0.001105,0.000480,-0.000417,-0.001352,-0.001714,-0.001473,-0.000574,0.000282,0.000328,0.000038,-0.000136,-0.000202,-0.000135,0.000168,0.000445,0.000623,0.000589,-0.000024,-0.000921,-0.001413,-0.000993,-0.000180,0.000242,0.000286,0.000153,-0.000050,-0.000266,-0.000480,-0.000535,-0.000488,-0.000345,-0.000161,-0.000005,0.000151,0.000219,0.000211,0.000124,-0.000003,-0.000363,-0.000859,-0.001076,-0.000735,0.000417,0.001637,0.001923,0.001569,0.000904,-0.000052,-0.000769,-0.001035,-0.001200,-0.001137,-0.000672,-0.000191,0.000001,0.000047,0.000120,0.000145,0.000312,0.000402,0.000205,0.000106,0.000365,0.000941,0.001435,0.001249,0.000198,-0.000861,-0.001147,-0.001055,-0.000873,-0.000459,-0.000135,0.000008,0.000149,0.000355,0.000383,0.000113,-0.000086,-0.000016,0.000095,0.000063,0.000052,0.000124,0.000065,-0.000080,-0.000080,0.000045,0.000065,0.000006,-0.000034,-0.000064,-0.000104,-0.000048,0.000037,0.000068,-0.000024,-0.000058,-0.000044,0.000015,0.000043,-0.000016,-0.000008,0.000065,0.000164,0.000170,0.000073,0.000049,0.000042,0.000022,-0.000021,-0.000086,-0.000178,-0.000190,0.000008,0.000182,0.000200,0.015323,0.010144,0.011556,0.013059,0.013618,0.012378,0.009522,0.006636,0.004275,0.003208,0.002778,0.001477,0.000132,-0.000672,-0.001227,-0.001116,-0.000310,0.000499,0.000961,0.000678,-0.000143,-0.000690,-0.000941,-0.000755,-0.000384,-0.000291,-0.000241,-0.000246,-0.000649,-0.000983,-0.000873,-0.000667,-0.000507,-0.000299,-0.000111,0.000044,0.000191,0.000242,0.000231,0.000250,0.000250,0.000136,0.000074,0.000145,0.000050,-0.000284,-0.000404,-0.000194,-0.000032,0.000091,0.000238,0.000147,-0.000006,0.000168,0.000313,0.000139,0.000274,0.000819,0.000898,0.000227,-0.000092,0.000792,0.001665,0.001063,-0.000627,-0.001630,-0.001578,-0.001513,-0.001645,-0.001614,-0.001330,-0.000759,0.000055,0.000726,0.000669,0.000091,-0.000257,0.000064,0.000515,0.000549,0.000406,0.000201,0.000031,0.000089,0.000100,-0.000177,-0.000706,-0.001430,-0.002011,-0.002174,-0.001666,-0.000665,0.000098,0.000148,-0.000142,-0.000242,-0.000160,-0.000122,-0.000117,0.000123,0.000210,0.000109,0.000134,0.000036,-0.000057,-0.000074,-0.000016,0.000051,0.000089,0.000142,0.000016,-0.000242,-0.000278,-0.000146,-0.000027,-0.000067,-0.000101,-0.000065,-0.000015,-0.000018,-0.000029,-0.000041,-0.000147,-0.000196,-0.000100,0.000057,0.000146,0.000138,0.000070,-0.000071,-0.000081,0.000044,0.000114,0.000086,0.000037,0.000086,0.000058,-0.000013,
-0.014409,-0.015987,-0.011813,-0.003248,0.002936,0.005230,0.003170,0.000324,-0.000271,0.000467,0.001650,0.002261,0.001496,0.000403,-0.000282,-0.000720,-0.000441,0.000119,0.000656,0.001269,0.001458,0.001035,0.000299,-0.000507,-0.001332,-0.001748,-0.001393,-0.000408,0.000470,0.000698,0.000313,-0.000098,-0.000336,-0.000350,-0.000028,0.000301,0.000530,0.000650,0.000150,-0.000872,-0.001313,-0.000832,-0.000129,0.000211,0.000332,0.000146,-0.000234,-0.000390,-0.000493,-0.000555,-0.000433,-0.000239,-0.000084,-0.000013,0.000059,0.000174,0.000070,-0.000063,0.000006,-0.000311,-0.001087,-0.001506,-0.001140,0.000100,0.001374,0.001601,0.000985,0.000436,-0.000213,-0.000916,-0.001087,-0.000891,-0.000627,-0.000266,-0.000006,0.000014,-0.000004,0.000025,-0.000020,0.000009,0.000165,0.000198,0.000192,0.000389,0.000905,0.001420,0.001161,0.000036,-0.000865,-0.001029,-0.000899,-0.000757,-0.000558,-0.000236,0.000046,0.000203,0.000379,0.000398,0.000157,-0.000041,-0.000064,-0.000033,0.000016,-0.000001,-0.000002,0.000101,0.000009,-0.000041,-0.000074,-0.000143,-0.000172,-0.000119,-0.000028,-0.000007,-0.000004,-0.000093,-0.000273,-0.000210,-0.000101,-0.000104,-0.000155,-0.000156,-0.000078,0.000009,0.000121,0.000133,0.000135,0.000127,0.000094,-0.000041,-0.000057,-0.000041,-0.000172,-0.000158,-0.000043,0.000053,0.000129,0.000063,0.015198,0.010092,0.011573,0.013096,0.013572,0.012284,0.009462,0.006614,0.004362,0.003247,0.002557,0.001245,-0.000086,-0.000937,-0.001362,-0.001153,-0.000444,0.000366,0.000963,0.000716,-0.000250,-0.000987,-0.001222,-0.000851,-0.000310,-0.000126,-0.000199,-0.000384,-0.000868,-0.001078,-0.000731,-0.000584,-0.000645,-0.000496,-0.000213,-0.000014,0.000158,0.000319,0.000336,0.000252,0.000175,0.000067,0.000055,0.000199,0.000147,-0.000130,-0.000295,-0.000213,-0.000094,0.000038,0.000216,0.000054,0.000027,0.000294,0.000266,0.000148,0.000283,0.000745,0.000836,0.000168,-0.000141,0.000797,0.001938,0.001640,-0.000213,-0.001805,-0.001980,-0.001763,-0.001666,-0.001551,-0.001311,-0.000791,-0.000092,0.000403,0.000365,-0.000031,-0.000331,-0.000186,0.000178,0.000356,0.000294,0.000047,-0.000153,-0.000117,0.000042,-0.000182,-0.000787,-0.001519,-0.002139,-0.002204,-0.001654,-0.000536,0.000267,0.000263,0.000039,-0.000095,0.000003,0.000097,0.000044,0.000165,0.000284,0.000142,-0.000035,0.000048,0.000132,0.000070,-0.000087,-0.000138,0.000031,0.000111,0.000039,-0.000085,-0.000166,-0.000089,0.000025,0.000042,0.000039,-0.000038,-0.000017,0.000062,0.000036,-0.000021,-0.000036,-0.000130,-0.000163,-0.000211,-0.000220,-0.000134,-0.000069,-0.000038,-0.000140,-0.000123,-0.000025,0.000128,0.000282,0.000197,0.000083,0.000028,
-0.014760,-0.016165,-0.012115,-0.003713,0.002345,0.004616,0.002758,0.000019,-0.000484,0.000346,0.001502,0.002217,0.001682,0.000533,-0.000315,-0.000711,-0.000528,-0.000034,0.000557,0.001162,0.001328,0.001089,0.000585,-0.000232,-0.001218,-0.001777,-0.001592,-0.000640,0.000353,0.000607,0.000275,-0.000145,-0.000365,-0.000197,0.000194,0.000438,0.000547,0.000507,0.000065,-0.000739,-0.001194,-0.000785,-0.000088,0.000258,0.000240,0.000097,-0.000082,-0.000318,-0.000541,-0.000646,-0.000548,-0.000349,-0.000168,-0.000022,0.000134,0.000130,-0.000020,-0.000035,-0.000036,-0.000286,-0.000709,-0.000987,-0.000726,0.000402,0.001932,0.002588,0.002071,0.001192,0.000297,-0.000334,-0.000638,-0.000766,-0.000695,-0.000302,0.000108,0.000109,-0.000132,-0.000124,0.000122,0.000182,0.000138,0.000118,0.000093,0.000382,0.001013,0.001577,0.001406,0.000295,-0.000816,-0.001053,-0.000920,-0.000783,-0.000396,-0.000043,0.000115,0.000220,0.000284,0.000258,-0.000019,-0.000228,-0.000159,-0.000065,-0.000002,0.000057,0.000142,0.000109,0.000017,-0.000008,0.000064,0.000006,-0.000129,-0.000166,-0.000054,0.000082,0.000185,0.000141,-0.000047,-0.000094,0.000063,0.000184,0.000067,-0.000039,-0.000023,-0.000082,-0.000033,0.000073,0.000131,0.000131,0.000067,-0.000047,-0.000064,0.000035,0.000033,-0.000020,0.000048,0.000193,0.000284,0.000266,0.015039,0.009806,0.011367,0.013012,0.013766,0.012659,0.009647,0.006671,0.004345,0.003226,0.002674,0.001289,-0.000128,-0.000801,-0.001211,-0.001115,-0.000381,0.000327,0.000852,0.000809,-0.000041,-0.000915,-0.001163,-0.000784,-0.000346,-0.000214,-0.000266,-0.000520,-0.000951,-0.001105,-0.000823,-0.000566,-0.000563,-0.000378,-0.000057,0.000162,0.000358,0.000363,0.000331,0.000289,0.000356,0.000378,0.000254,0.000155,-0.000001,-0.000216,-0.000268,-0.000152,-0.000045,0.000154,0.000308,0.000186,0.000124,0.000351,0.000404,0.000220,0.000374,0.000916,0.000908,0.000068,-0.000363,0.000415,0.001317,0.001029,-0.000370,-0.001545,-0.001756,-0.001712,-0.001841,-0.001830,-0.001486,-0.000682,0.000337,0.000841,0.000551,-0.000154,-0.000516,-0.000137,0.000359,0.000499,0.000348,0.000116,0.000040,0.000118,0.000145,-0.000151,-0.000805,-0.001578,-0.002213,-0.002330,-0.001618,-0.000401,0.000324,0.000223,-0.000037,-0.000059,0.000077,0.000062,0.000060,0.000101,0.000037,0.000032,0.000091,0.000035,-0.000054,-0.000123,-0.000050,0.000024,-0.000007,0.000042,0.000112,0.000041,-0.000068,-0.000044,0.000038,-0.000020,-0.000062,-0.000018,-0.000031,-0.000049,-0.000021,-0.000058,-0.000075,-0.000095,-0.000095,-0.000154,-0.000183,-0.000128,-0.000093,-0.000091,-0.000187,-0.000185,-0.000140,-0.000053,0.000127,0.000182,0.000153,0.000157,
-0.014364,-0.015780,-0.011673,-0.003286,0.002803,0.005008,0.002943,0.000235,-0.000267,0.000432,0.001459,0.002113,0.001532,0.000396,-0.000370,-0.000710,-0.000529,-0.000076,0.000544,0.001267,0.001479,0.001124,0.000540,-0.000307,-0.001303,-0.001784,-0.001461,-0.000563,0.000236,0.000354,0.000086,-0.000183,-0.000303,-0.000109,0.000205,0.000352,0.000424,0.000431,-0.000048,-0.000944,-0.001290,-0.000724,-0.000139,0.000029,0.000076,0.000082,0.000013,-0.000104,-0.000272,-0.000444,-0.000490,-0.000393,-0.000209,-0.000041,0.000028,0.000031,0.000006,0.000061,0.000199,-0.000199,-0.000816,-0.000941,-0.000523,0.000432,0.001318,0.001479,0.001172,0.000783,0.000136,-0.000538,-0.000863,-0.000925,-0.000801,-0.000276,0.000208,0.000247,0.000078,-0.000064,-0.000045,0.000136,0.000324,0.000416,0.000354,0.000369,0.000944,0.001597,0.001307,0.000058,-0.001053,-0.001185,-0.000908,-0.000776,-0.000526,-0.000172,0.000064,0.000248,0.000345,0.000250,0.000033,-0.000054,0.000054,0.000184,0.000099,0.000016,0.000017,0.000000,-0.000030,-0.000101,-0.000070,-0.000062,-0.000100,0.000034,0.000086,0.000065,0.000054,0.000047,0.000083,0.000050,-0.000032,-0.000033,-0.000101,-0.000138,-0.000124,-0.000164,-0.000124,0.000050,0.000185,0.000153,0.000138,0.000066,0.000023,-0.000037,-0.000148,-0.000173,-0.000074,0.000114,0.000204,0.000211,0.015214,0.010249,0.011564,0.012944,0.013488,0.012441,0.009759,0.006791,0.004300,0.003144,0.002607,0.001237,-0.000063,-0.000692,-0.001131,-0.001045,-0.000330,0.000456,0.000994,0.000860,-0.000020,-0.000798,-0.001026,-0.000760,-0.000327,-0.000221,-0.000387,-0.000634,-0.001092,-0.001293,-0.000919,-0.000554,-0.000329,-0.000072,0.000034,-0.000005,-0.000039,0.000037,0.000152,0.000237,0.000362,0.000286,0.000122,0.000057,0.000055,-0.000053,-0.000124,-0.000061,-0.000068,-0.000026,-0.000032,-0.000052,0.000103,0.000335,0.000423,0.000244,0.000307,0.000812,0.000925,0.000277,0.000166,0.001206,0.002011,0.001286,-0.000506,-0.001793,-0.001936,-0.001725,-0.001662,-0.001570,-0.001273,-0.000654,0.000131,0.000600,0.000459,-0.000060,-0.000390,-0.000057,0.000419,0.000543,0.000497,0.000317,0.000140,0.000197,0.000256,-0.000101,-0.000743,-0.001549,-0.002231,-0.002399,-0.001742,-0.000518,0.000256,0.000212,-0.000088,-0.000141,-0.000124,-0.000131,-0.000096,0.000045,0.000128,0.000038,-0.000029,0.000043,0.000126,0.000017,-0.000043,-0.000008,-0.000012,0.000037,0.000076,0.000004,-0.000084,-0.000030,0.000021,-0.000027,-0.000005,0.000063,0.000060,-0.000016,-0.000065,0.000033,0.000037,-0.000082,-0.000152,-0.000246,-0.000245,-0.000203,-0.000051,-0.000017,-0.000201,-0.000260,-0.000140,0.000055,0.000105,-0.000014,0.000028,0.000066,
-0.014379,-0.015762,-0.011549,-0.003167,0.002735,0.004789,0.002770,0.000076,-0.000346,0.000446,0.001532,0.002053,0.001483,0.000589,-0.000098,-0.000617,-0.000573,-0.000078,0.000590,0.001287,0.001520,0.001284,0.000721,-0.000312,-0.001364,-0.001820,-0.001684,-0.000857,0.000111,0.000278,-0.000086,-0.000364,-0.000560,-0.000292,0.000165,0.000250,0.000262,0.000236,-0.000292,-0.001127,-0.001452,-0.000881,-0.000083,0.000268,0.000322,0.000038,-0.000314,-0.000436,-0.000461,-0.000514,-0.000458,-0.000270,-0.000213,-0.000189,-0.000067,0.000079,-0.000039,-0.000125,0.000024,-0.000333,-0.001035,-0.001312,-0.000987,0.000268,0.001684,0.002011,0.001459,0.000825,0.000225,-0.000408,-0.000711,-0.000775,-0.000607,-0.000090,0.000339,0.000304,0.000068,-0.000060,-0.000035,0.000069,0.000181,0.000221,0.000183,0.000431,0.000985,0.001432,0.001196,0.000107,-0.000812,-0.000913,-0.000821,-0.000783,-0.000534,-0.000180,-0.000013,0.000179,0.000421,0.000428,0.000099,-0.000156,-0.000083,0.000069,0.000087,0.000125,0.000131,0.000071,0.000101,0.000190,0.000163,0.000050,-0.000043,-0.000058,-0.000043,-0.000012,0.000046,0.000038,-0.000060,-0.000168,-0.000101,0.000041,0.000033,-0.000102,-0.000152,0.000054,0.000300,0.000294,0.000106,0.000005,-0.000075,-0.000098,0.000027,0.000008,-0.000035,-0.000007,0.000059,0.000134,0.000193,0.000192,0.014669,0.009826,0.011427,0.012807,0.013302,0.012358,0.009735,0.006747,0.004287,0.003184,0.002577,0.001220,-0.000074,-0.000781,-0.001263,-0.001108,-0.000292,0.000511,0.001014,0.000875,-0.000120,-0.000971,-0.001123,-0.000756,-0.000358,-0.000291,-0.000421,-0.000661,-0.001083,-0.001092,-0.000509,0.000206,0.000565,0.000455,0.000103,-0.000226,-0.000272,-0.000167,-0.000093,-0.000039,0.000185,0.000257,0.000042,-0.000052,-0.000033,-0.000064,-0.000059,0.000011,0.000017,0.000110,0.000130,0.000048,0.000070,0.000324,0.000439,0.000207,0.000255,0.000858,0.001013,0.000268,-0.000104,0.000814,0.001881,0.001362,-0.000448,-0.001606,-0.001606,-0.001576,-0.001753,-0.001746,-0.001357,-0.000663,0.000147,0.000669,0.000560,-0.000104,-0.000495,-0.000070,0.000477,0.000658,0.000448,0.000168,0.000004,-0.000008,0.000160,0.000087,-0.000568,-0.001567,-0.002160,-0.002108,-0.001431,-0.000366,0.000240,0.000165,-0.000080,-0.000196,-0.000150,-0.000058,0.000066,0.000131,0.000111,0.000055,0.000002,0.000043,0.000054,-0.000080,-0.000165,-0.000182,-0.000095,0.000029,-0.000034,-0.000208,-0.000191,-0.000021,-0.000012,-0.000073,-0.000106,-0.000090,-0.000119,-0.000063,0.000026,-0.000002,-0.000108,-0.000191,-0.000180,-0.000151,-0.000051,0.000068,0.000020,-0.000136,-0.000209,-0.000072,0.000064,0.000177,0.000198,0.000021,-0.000117,-0.000057,
-0.014911,-0.016383,-0.012266,-0.003725,0.002279,0.004426,0.002510,-0.000130,-0.000541,0.000300,0.001458,0.002030,0.001396,0.000411,-0.000250,-0.000656,-0.000617,-0.000143,0.000622,0.001294,0.001497,0.001224,0.000682,-0.000208,-0.001242,-0.001742,-0.001490,-0.000636,0.000214,0.000417,0.000092,-0.000249,-0.000409,-0.000261,0.000138,0.000369,0.000540,0.000496,-0.000044,-0.000959,-0.001395,-0.000789,-0.000054,0.000146,0.000246,0.000265,0.000054,-0.000299,-0.000614,-0.000657,-0.000515,-0.000279,-0.000171,-0.000086,0.000107,0.000209,0.000048,-0.000022,-0.000012,-0.000342,-0.000871,-0.001237,-0.001147,-0.000207,0.001047,0.001493,0.001153,0.000646,0.000042,-0.000479,-0.000807,-0.000941,-0.000675,-0.000099,0.000210,0.000180,0.000044,-0.000034,-0.000030,0.000041,0.000158,0.000245,0.000254,0.000434,0.000965,0.001594,0.001514,0.000315,-0.000837,-0.001007,-0.000742,-0.000607,-0.000483,-0.000245,0.000012,0.000139,0.000231,0.000284,0.000145,0.000082,0.000174,0.000151,0.000077,0.000090,0.000117,0.000141,0.000165,0.000143,0.000006,-0.000058,-0.000058,-0.000047,0.000004,0.000023,0.000102,0.000125,-0.000008,-0.000115,-0.000138,-0.000087,-0.000088,-0.000158,-0.000117,-0.000053,0.000158,0.000214,0.000042,-0.000086,-0.000042,0.000034,0.000018,-0.000111,-0.000106,-0.000065,-0.000023,0.000074,0.000087,0.000038,0.013989,0.009260,0.011131,0.012753,0.013451,0.012513,0.009845,0.006902,0.004450,0.003245,0.002536,0.001153,-0.000143,-0.000845,-0.001212,-0.001108,-0.000455,0.000442,0.000961,0.000780,-0.000020,-0.000890,-0.001267,-0.000914,-0.000350,-0.000304,-0.000486,-0.000707,-0.001099,-0.001160,-0.000716,-0.000414,-0.000314,-0.000233,-0.000113,-0.000095,0.000098,0.000326,0.000472,0.000516,0.000429,0.000316,0.000191,0.000121,0.000024,-0.000090,-0.000073,-0.000093,-0.000094,-0.000025,0.000082,0.000046,0.000018,0.000248,0.000336,0.000259,0.000399,0.000856,0.000872,0.000125,-0.000208,0.000747,0.001854,0.001688,0.000223,-0.001092,-0.001335,-0.001404,-0.001574,-0.001537,-0.001259,-0.000594,0.000446,0.001032,0.000553,-0.000199,-0.000457,-0.000120,0.000304,0.000411,0.000247,0.000067,-0.000020,-0.000032,0.000047,-0.000163,-0.000794,-0.001480,-0.002090,-0.002257,-0.001729,-0.000730,0.000158,0.000210,-0.000041,-0.000108,-0.000048,-0.000048,0.000028,0.000133,0.000088,-0.000004,0.000019,-0.000047,-0.000100,-0.000154,-0.000057,0.000107,0.000146,0.000051,0.000016,-0.000043,0.000015,0.000067,0.000092,0.000081,-0.000014,-0.000086,-0.000042,-0.000056,-0.000101,-0.000076,-0.000095,-0.000115,-0.000164,-0.000148,-0.000027,0.000017,-0.000044,-0.000078,-0.000086,-0.000110,-0.000106,-0.000062,-0.000090,-0.000135,-0.000050,-0.000026,
-0.014839,-0.016239,-0.012049,-0.003561,0.002279,0.004153,0.002246,-0.000230,-0.000599,0.000242,0.001400,0.002022,0.001396,0.000396,-0.000237,-0.000641,-0.000598,-0.000264,0.000305,0.001107,0.001408,0.001145,0.000599,-0.000347,-0.001385,-0.001852,-0.001551,-0.000665,0.000263,0.000524,0.000235,-0.000149,-0.000334,-0.000205,0.000086,0.000336,0.000639,0.000757,0.000165,-0.000823,-0.001326,-0.000954,-0.000218,0.000145,0.000232,0.000099,-0.000200,-0.000398,-0.000484,-0.000584,-0.000554,-0.000336,-0.000281,-0.000268,-0.000030,0.000151,0.000014,-0.000042,0.000026,-0.000208,-0.000711,-0.001036,-0.000789,0.000257,0.001522,0.001981,0.001542,0.000849,0.000087,-0.000622,-0.001020,-0.001165,-0.001037,-0.000520,0.000020,0.000259,0.000177,0.000044,0.000132,0.000207,0.000248,0.000291,0.000236,0.000425,0.000964,0.001633,0.001612,0.000373,-0.000841,-0.001145,-0.000998,-0.000851,-0.000560,-0.000182,-0.000016,0.000207,0.000402,0.000256,0.000014,0.000000,0.000109,0.000149,0.000028,-0.000044,0.000082,0.000163,0.000103,0.000097,0.000163,0.000122,-0.000046,-0.000130,0.000012,0.000151,0.000110,0.000157,0.000085,-0.000097,-0.000053,-0.000010,-0.000099,-0.000030,-0.000017,-0.000006,0.000128,0.000207,0.000166,0.000088,0.000005,-0.000152,-0.000163,-0.000102,-0.000133,-0.000103,-0.000055,0.000008,0.000114,0.000222,0.013673,0.008860,0.010884,0.012594,0.013445,0.012685,0.009854,0.006771,0.004423,0.003311,0.002664,0.001264,-0.000044,-0.000668,-0.001163,-0.001272,-0.000682,0.000201,0.000895,0.000955,0.000076,-0.000905,-0.001174,-0.000885,-0.000506,-0.000386,-0.000491,-0.000703,-0.001089,-0.001304,-0.000916,-0.000519,-0.000435,-0.000282,-0.000137,-0.000111,0.000004,0.000191,0.000256,0.000210,0.000284,0.000268,0.000201,0.000217,0.000036,-0.000231,-0.000294,-0.000278,-0.000315,-0.000026,0.000190,0.000061,0.000106,0.000292,0.000273,0.000120,0.000332,0.000903,0.000917,0.000151,-0.000161,0.000815,0.001755,0.001259,-0.000196,-0.001300,-0.001581,-0.001640,-0.001741,-0.001737,-0.001512,-0.000901,0.000072,0.000709,0.000512,-0.000038,-0.000352,-0.000123,0.000339,0.000453,0.000307,0.000203,0.000101,0.000099,0.000165,-0.000022,-0.000638,-0.001461,-0.002044,-0.002188,-0.001658,-0.000620,0.000205,0.000335,0.000062,-0.000083,-0.000072,-0.000189,-0.000196,0.000014,0.000102,0.000153,0.000147,-0.000037,-0.000196,-0.000084,0.000072,0.000129,0.000099,0.000070,0.000067,-0.000044,-0.000093,-0.000049,0.000000,0.000007,-0.000017,-0.000007,-0.000051,-0.000100,-0.000135,-0.000107,0.000005,0.000011,0.000043,0.000060,0.000016,0.000094,0.000153,0.000026,-0.000129,-0.000166,-0.000138,0.000065,0.000172,0.000096,0.000083,0.000110,
-0.015158,-0.016432,-0.012307,-0.003899,0.002075,0.004081,0.002037,-0.000587,-0.000843,0.000220,0.001439,0.002026,0.001428,0.000475,-0.000080,-0.000442,-0.000442,-0.000119,0.000418,0.001208,0.001596,0.001337,0.000673,-0.000257,-0.001266,-0.001747,-0.001412,-0.000487,0.000270,0.000389,0.000110,-0.000061,-0.000164,-0.000139,0.000144,0.000383,0.000546,0.000472,-0.000026,-0.000849,-0.001358,-0.000871,-0.000058,0.000256,0.000311,0.000223,-0.000020,-0.000245,-0.000541,-0.000736,-0.000546,-0.000255,-0.000138,-0.000020,0.000088,0.000136,0.000096,0.000006,-0.000059,-0.000430,-0.000981,-0.001412,-0.001278,-0.000071,0.001354,0.001781,0.001351,0.000715,-0.000074,-0.000806,-0.001027,-0.000875,-0.000706,-0.000475,-0.000192,0.000040,0.000047,-0.000028,-0.000015,0.000079,0.000263,0.000382,0.000400,0.000543,0.000975,0.001577,0.001407,0.000117,-0.000946,-0.001092,-0.000992,-0.000725,-0.000380,-0.000076,0.000205,0.000392,0.000444,0.000302,0.000052,-0.000123,-0.000113,-0.000023,-0.000033,-0.000055,0.000009,0.000114,0.000009,-0.000015,0.000010,-0.000167,-0.000222,-0.000153,-0.000060,0.000049,0.000100,0.000041,0.000019,0.000011,0.000021,0.000095,0.000073,0.000013,-0.000028,0.000032,0.000180,0.000254,0.000208,0.000082,-0.000037,-0.000091,-0.000097,-0.000068,-0.000103,-0.000190,-0.000124,0.000025,0.000140,0.000228,0.013530,0.008655,0.010659,0.012693,0.013654,0.012754,0.009938,0.006913,0.004525,0.003352,0.002703,0.001331,0.000026,-0.000640,-0.001147,-0.001192,-0.000563,0.000301,0.001083,0.001034,0.000033,-0.000862,-0.001159,-0.000838,-0.000371,-0.000363,-0.000418,-0.000398,-0.000708,-0.000956,-0.000768,-0.000613,-0.000508,-0.000196,0.000020,0.000064,0.000123,0.000087,0.000101,0.000224,0.000236,0.000227,0.000142,0.000103,0.000045,-0.000132,-0.000147,-0.000170,-0.000168,0.000012,0.000143,0.000105,0.000138,0.000402,0.000476,0.000266,0.000309,0.000872,0.000972,0.000165,-0.000173,0.000915,0.002019,0.001495,-0.000369,-0.001729,-0.001780,-0.001545,-0.001541,-0.001468,-0.001180,-0.000717,-0.000057,0.000563,0.000528,-0.000030,-0.000261,0.000077,0.000382,0.000419,0.000342,0.000155,0.000002,0.000047,0.000151,-0.000099,-0.000754,-0.001489,-0.002073,-0.002200,-0.001654,-0.000713,-0.000007,0.000055,-0.000126,-0.000123,-0.000033,-0.000056,-0.000006,0.000179,0.000174,0.000168,0.000179,0.000083,0.000015,0.000013,-0.000049,-0.000093,-0.000031,0.000039,0.000043,-0.000049,-0.000092,-0.000011,-0.000051,-0.000060,-0.000031,-0.000061,-0.000122,-0.000215,-0.000137,-0.000088,-0.000100,-0.000109,-0.000286,-0.000423,-0.000257,-0.000055,-0.000034,-0.000065,-0.000101,-0.000138,-0.000064,0.000095,0.000139,0.000130,0.000111,-0.000010,
-0.014854,-0.016325,-0.012150,-0.003801,0.001954,0.003894,0.001901,-0.000570,-0.000817,0.000147,0.001472,0.002202,0.001552,0.000539,-0.000163,-0.000635,-0.000554,-0.000043,0.000618,0.001321,0.001595,0.001278,0.000653,-0.000300,-0.001294,-0.001866,-0.001795,-0.000815,0.000176,0.000359,0.000107,-0.000020,-0.000013,-0.000004,0.000100,0.000255,0.000461,0.000677,0.000272,-0.000804,-0.001324,-0.000949,-0.000313,0.000026,0.000223,0.000225,-0.000039,-0.000256,-0.000509,-0.000675,-0.000518,-0.000221,-0.000047,-0.000015,0.000106,0.000106,-0.000068,-0.000091,-0.000047,-0.000387,-0.000884,-0.001138,-0.001052,0.000194,0.001957,0.002531,0.001809,0.000804,-0.000130,-0.000725,-0.000852,-0.000877,-0.000709,-0.000339,-0.000046,-0.000062,-0.000204,-0.000174,-0.000038,0.000011,0.000096,0.000117,0.000193,0.000542,0.001134,0.001610,0.001302,0.000062,-0.001024,-0.001195,-0.000953,-0.000695,-0.000478,-0.000168,0.000092,0.000297,0.000528,0.000441,0.000100,-0.000093,-0.000140,-0.000081,-0.000019,-0.000014,-0.000018,-0.000107,-0.000118,0.000012,0.000079,0.000010,-0.000167,-0.000133,-0.000027,0.000018,0.000008,-0.000011,0.000014,-0.000057,-0.000041,-0.000020,-0.000101,-0.000134,-0.000110,-0.000015,0.000042,0.000107,0.000165,0.000165,0.000129,0.000054,-0.000023,-0.000106,-0.000138,-0.000141,-0.000040,0.000126,0.000227,0.000150,0.013556,0.008754,0.010790,0.012537,0.013340,0.012584,0.009906,0.006897,0.004467,0.003254,0.002538,0.001201,-0.000022,-0.000629,-0.001078,-0.001176,-0.000618,0.000261,0.000929,0.000858,-0.000004,-0.000915,-0.001227,-0.000907,-0.000480,-0.000325,-0.000329,-0.000429,-0.000785,-0.001047,-0.000869,-0.000639,-0.000545,-0.000339,-0.000093,0.000081,0.000113,0.000199,0.000340,0.000288,0.000221,0.000174,0.000092,0.000058,-0.000108,-0.000241,-0.000264,-0.000253,-0.000161,0.000002,0.000037,-0.000063,0.000066,0.000293,0.000281,0.000103,0.000324,0.000877,0.000907,0.000103,-0.000396,0.000459,0.001582,0.001352,-0.000423,-0.001943,-0.002194,-0.002091,-0.001951,-0.001768,-0.001405,-0.000768,0.000092,0.000668,0.000457,-0.000101,-0.000315,0.000018,0.000502,0.000663,0.000456,0.000226,0.000056,0.000015,0.000074,-0.000097,-0.000777,-0.001603,-0.002136,-0.002197,-0.001505,-0.000379,0.000246,0.000228,0.000027,0.000040,0.000146,0.000130,0.000110,0.000168,0.000177,0.000133,0.000075,0.000038,0.000016,0.000055,0.000040,-0.000048,0.000084,0.000267,0.000131,-0.000003,-0.000068,-0.000084,-0.000026,0.000060,0.000072,-0.000021,-0.000028,0.000046,0.000098,0.000074,-0.000064,-0.000182,-0.000126,-0.000035,0.000002,0.000018,0.000043,-0.000009,-0.000102,-0.000083,0.000029,0.000175,0.000220,0.000124,0.000078,0.000157,
-0.014777,-0.016399,-0.012151,-0.003753,0.001950,0.003780,0.001679,-0.000854,-0.001059,0.000125,0.001459,0.002056,0.001390,0.000352,-0.000245,-0.000589,-0.000585,-0.000167,0.000459,0.001112,0.001408,0.001119,0.000566,-0.000248,-0.001183,-0.001652,-0.001452,-0.000573,0.000155,0.000287,0.000133,-0.000166,-0.000292,-0.000173,0.000065,0.000305,0.000475,0.000512,0.000139,-0.000653,-0.001063,-0.000775,-0.000295,0.000197,0.000414,0.000226,0.000009,-0.000163,-0.000413,-0.000578,-0.000474,-0.000230,-0.000083,0.000013,0.000193,0.000217,0.000049,-0.000030,0.000023,-0.000251,-0.000650,-0.000707,-0.000447,0.000365,0.001357,0.001729,0.001366,0.000847,0.000055,-0.000627,-0.000680,-0.000640,-0.000614,-0.000154,0.000224,0.000102,-0.000107,-0.000067,0.000020,0.000121,0.000304,0.000348,0.000236,0.000400,0.000975,0.001654,0.001516,0.000215,-0.000946,-0.001193,-0.000998,-0.000752,-0.000518,-0.000212,0.000165,0.000307,0.000320,0.000278,-0.000046,-0.000229,-0.000153,-0.000016,0.000099,0.000174,0.000230,0.000164,0.000092,0.000094,0.000107,0.000103,-0.000003,-0.000168,-0.000188,-0.000061,0.000109,0.000204,0.000086,-0.000049,-0.000047,-0.000118,-0.000168,-0.000117,-0.000147,-0.000110,0.000069,0.000218,0.000142,0.000080,0.000048,-0.000108,-0.000124,-0.000044,-0.000059,-0.000021,0.000050,0.000004,0.000047,0.000196,0.013178,0.008445,0.010631,0.012482,0.013421,0.012642,0.009906,0.006933,0.004517,0.003279,0.002580,0.001272,0.000046,-0.000604,-0.001018,-0.001125,-0.000541,0.000386,0.001097,0.001043,0.000129,-0.000918,-0.001261,-0.000845,-0.000399,-0.000299,-0.000369,-0.000523,-0.000926,-0.001145,-0.000728,-0.000374,-0.000309,-0.000207,-0.000141,-0.000025,0.000063,0.000107,0.000219,0.000281,0.000390,0.000404,0.000353,0.000277,0.000104,-0.000043,-0.000060,0.000078,0.000195,0.000141,0.000106,0.000193,0.000291,0.000465,0.000460,0.000131,0.000206,0.000863,0.000950,0.000234,0.000111,0.001111,0.001868,0.001349,-0.000100,-0.001280,-0.001506,-0.001499,-0.001601,-0.001548,-0.001259,-0.000676,0.000050,0.000524,0.000319,-0.000187,-0.000290,0.000123,0.000668,0.000784,0.000531,0.000231,0.000031,0.000085,0.000129,-0.000190,-0.000790,-0.001533,-0.002088,-0.002253,-0.001840,-0.000766,0.000005,0.000109,0.000041,-0.000022,-0.000104,-0.000145,-0.000154,-0.000086,-0.000031,0.000002,0.000098,0.000074,-0.000030,-0.000088,-0.000064,-0.000064,0.000010,0.000221,0.000194,-0.000059,-0.000169,-0.000096,-0.000075,-0.000079,-0.000075,-0.000070,-0.000138,-0.000162,-0.000067,0.000010,-0.000071,-0.000170,-0.000180,-0.000215,-0.000224,-0.000117,-0.000052,-0.000161,-0.000260,-0.000170,0.000014,0.000101,0.000066,-0.000008,-0.000005,0.000015,
-0.014492,-0.016095,-0.011886,-0.003564,0.002002,0.003657,0.001595,-0.000852,-0.001015,0.000092,0.001341,0.001893,0.001203,0.000276,-0.000258,-0.000695,-0.000642,-0.000163,0.000437,0.001155,0.001480,0.001223,0.000615,-0.000313,-0.001270,-0.001805,-0.001669,-0.000780,0.000125,0.000274,-0.000091,-0.000353,-0.000268,-0.000000,0.000263,0.000347,0.000330,0.000254,-0.000157,-0.000879,-0.001227,-0.000773,-0.000062,0.000186,0.000186,0.000043,-0.000142,-0.000220,-0.000353,-0.000471,-0.000431,-0.000336,-0.000319,-0.000203,0.000090,0.000194,0.000083,0.000044,-0.000038,-0.000398,-0.000971,-0.001323,-0.000838,0.000511,0.001699,0.001794,0.001203,0.000704,0.000100,-0.000589,-0.000890,-0.000906,-0.000673,-0.000130,0.000263,0.000240,0.000116,0.000097,-0.000004,-0.000044,0.000020,0.000126,0.000257,0.000514,0.000962,0.001418,0.001207,0.000133,-0.000826,-0.001104,-0.000994,-0.000815,-0.000525,-0.000151,-0.000022,0.000055,0.000297,0.000391,0.000148,-0.000009,0.000085,0.000084,-0.000040,0.000023,0.000123,0.000052,0.000073,0.000165,0.000052,-0.000160,-0.000202,-0.000068,0.000034,0.000018,0.000082,0.000056,-0.000086,-0.000148,-0.000070,0.000065,0.000079,-0.000036,-0.000092,-0.000049,0.000021,0.000195,0.000239,0.000133,0.000082,0.000046,-0.000091,-0.000236,-0.000238,-0.000230,-0.000100,0.000094,0.000165,0.000142,0.013377,0.008545,0.010682,0.012387,0.013185,0.012428,0.009787,0.007019,0.004706,0.003431,0.002585,0.001144,-0.000091,-0.000646,-0.001057,-0.001097,-0.000550,0.000149,0.000797,0.000898,0.000178,-0.000702,-0.001116,-0.000870,-0.000429,-0.000367,-0.000566,-0.000827,-0.001225,-0.001197,-0.000567,0.000070,0.000323,0.000321,0.000139,-0.000138,-0.000175,-0.000036,0.000184,0.000330,0.000441,0.000394,0.000148,0.000064,0.000013,-0.000142,-0.000163,-0.000119,-0.000049,0.000127,0.000248,0.000111,0.000099,0.000247,0.000317,0.000243,0.000388,0.000909,0.001025,0.000335,0.000060,0.001009,0.002024,0.001561,-0.000340,-0.001827,-0.001861,-0.001642,-0.001761,-0.001814,-0.001455,-0.000675,0.000151,0.000632,0.000518,-0.000051,-0.000448,-0.000148,0.000351,0.000626,0.000524,0.000205,0.000047,0.000024,0.000012,-0.000318,-0.000951,-0.001655,-0.002172,-0.002214,-0.001569,-0.000495,0.000211,0.000314,-0.000026,-0.000153,-0.000040,-0.000034,0.000012,0.000102,0.000166,0.000145,0.000091,0.000022,-0.000045,-0.000164,-0.000168,-0.000036,0.000060,0.000192,0.000180,-0.000089,-0.000191,-0.000078,-0.000098,-0.000138,0.000011,0.000060,0.000003,-0.000046,-0.000074,0.000028,0.000134,0.000024,-0.000097,-0.000144,-0.000106,-0.000044,-0.000062,-0.000117,-0.000141,-0.000126,-0.000055,0.000111,0.000171,0.000132,0.000135,0.000073,
-0.014625,-0.016171,-0.012045,-0.003869,0.001599,0.003369,0.001255,-0.001161,-0.001158,0.000017,0.001389,0.002074,0.001425,0.000373,-0.000224,-0.000559,-0.000502,-0.000193,0.000327,0.001153,0.001591,0.001354,0.000743,-0.000289,-0.001293,-0.001753,-0.001563,-0.000617,0.000308,0.000430,0.000100,-0.000167,-0.000242,-0.000032,0.000177,0.000239,0.000340,0.000305,-0.000103,-0.000829,-0.001204,-0.000721,0.000063,0.000280,0.000167,0.000044,-0.000120,-0.000279,-0.000522,-0.000764,-0.000735,-0.000433,-0.000281,-0.000096,0.000139,0.000158,0.000073,0.000084,0.000110,-0.000173,-0.000805,-0.001292,-0.001009,0.000355,0.001750,0.002019,0.001430,0.000738,0.000039,-0.000525,-0.000743,-0.000797,-0.000668,-0.000255,0.000113,0.000080,-0.000107,-0.000145,-0.000061,0.000074,0.000291,0.000386,0.000284,0.000473,0.001016,0.001454,0.001258,0.000192,-0.000877,-0.001098,-0.000799,-0.000608,-0.000405,-0.000172,-0.000068,0.000094,0.000360,0.000464,0.000171,-0.000114,-0.000123,-0.000088,-0.000084,-0.000089,-0.000039,0.000073,0.000039,-0.000120,-0.000126,-0.000005,0.000030,0.000024,0.000048,0.000040,-0.000024,-0.000039,-0.000094,-0.000128,-0.000049,-0.000089,-0.000150,-0.000047,-0.000041,-0.000118,-0.000000,0.000157,0.000117,0.000068,0.000085,0.000094,0.000051,0.000003,-0.000038,-0.000024,0.000109,0.000240,0.000253,0.000148,0.012994,0.008216,0.010401,0.012333,0.013285,0.012648,0.009970,0.006951,0.004581,0.003257,0.002406,0.001082,-0.000072,-0.000600,-0.001060,-0.001260,-0.000738,0.000097,0.000789,0.000854,0.000007,-0.001075,-0.001365,-0.000901,-0.000413,-0.000362,-0.000357,-0.000580,-0.001036,-0.001123,-0.000677,-0.000099,0.000258,0.000159,-0.000072,-0.000195,-0.000143,0.000116,0.000387,0.000401,0.000369,0.000290,0.000186,0.000174,0.000123,0.000040,0.000006,-0.000019,0.000036,0.000180,0.000283,0.000285,0.000219,0.000366,0.000395,0.000220,0.000294,0.000720,0.000755,0.000100,-0.000145,0.000842,0.001994,0.001733,0.000046,-0.001231,-0.001372,-0.001439,-0.001754,-0.001712,-0.001313,-0.000570,0.000370,0.000873,0.000606,-0.000115,-0.000425,-0.000027,0.000502,0.000625,0.000403,0.000154,-0.000018,-0.000002,0.000061,-0.000167,-0.000742,-0.001457,-0.002091,-0.002297,-0.001629,-0.000495,0.000226,0.000248,0.000063,-0.000006,-0.000007,-0.000088,-0.000022,0.000143,0.000165,0.000114,-0.000030,-0.000152,-0.000074,0.000010,0.000100,0.000169,0.000090,0.000024,-0.000006,-0.000092,-0.000058,0.000029,-0.000013,-0.000077,-0.000083,-0.000054,-0.000025,0.000033,-0.000008,-0.000127,-0.000130,-0.000116,-0.000202,-0.000217,-0.000063,0.000085,0.000227,0.000107,-0.000148,-0.000107,0.000022,0.000087,0.000046,0.000031,0.000118,0.000093,
-0.015130,-0.016580,-0.012468,-0.004346,0.000913,0.002577,0.000718,-0.001387,-0.001229,0.000005,0.001342,0.001916,0.001301,0.000332,-0.000236,-0.000470,-0.000357,-0.000105,0.000333,0.001088,0.001424,0.001156,0.000635,-0.000210,-0.001178,-0.001597,-0.001349,-0.000542,0.000347,0.000549,0.000161,-0.000185,-0.000272,-0.000108,0.000221,0.000389,0.000498,0.000511,0.000032,-0.000858,-0.001213,-0.000689,-0.000043,0.000206,0.000208,0.000136,0.000024,-0.000136,-0.000468,-0.000743,-0.000633,-0.000391,-0.000176,-0.000082,0.000031,0.000171,0.000043,-0.000079,-0.000024,-0.000240,-0.000719,-0.001050,-0.000997,-0.000068,0.001170,0.001638,0.001361,0.000902,0.000197,-0.000533,-0.000889,-0.001056,-0.000943,-0.000428,0.000043,0.000146,-0.000009,0.000008,0.000065,0.000023,0.000164,0.000344,0.000287,0.000472,0.001032,0.001660,0.001588,0.000367,-0.000780,-0.001027,-0.000905,-0.000771,-0.000526,-0.000102,0.000076,0.000276,0.000475,0.000278,0.000002,-0.000032,0.000046,0.000058,-0.000023,-0.000106,-0.000047,0.000059,0.000049,0.000135,0.000223,-0.000003,-0.000094,-0.000076,-0.000082,0.000006,0.000152,0.000040,-0.000062,-0.000058,0.000018,0.000131,0.000030,-0.000136,-0.000088,0.000039,0.000169,0.000218,0.000109,0.000008,0.000124,0.000239,0.000226,0.000156,-0.000120,-0.000261,-0.000097,0.000114,0.000306,0.000367,0.012305,0.007459,0.010027,0.012275,0.013317,0.012778,0.009983,0.006870,0.004488,0.003245,0.002565,0.001247,0.000021,-0.000559,-0.001014,-0.001126,-0.000612,0.000245,0.001023,0.001077,0.000142,-0.000802,-0.001140,-0.000822,-0.000410,-0.000469,-0.000601,-0.000730,-0.001060,-0.001166,-0.000804,-0.000390,-0.000293,-0.000231,-0.000002,0.000117,0.000142,0.000261,0.000198,0.000005,0.000051,0.000170,0.000221,0.000239,0.000082,-0.000218,-0.000227,0.000016,0.000141,0.000204,0.000338,0.000281,0.000373,0.000595,0.000524,0.000226,0.000237,0.000796,0.000938,0.000147,-0.000171,0.000839,0.001861,0.001409,-0.000113,-0.001315,-0.001518,-0.001463,-0.001600,-0.001685,-0.001435,-0.000851,0.000103,0.000869,0.000663,-0.000157,-0.000473,-0.000171,0.000310,0.000563,0.000372,0.000174,0.000160,0.000200,0.000177,-0.000128,-0.000736,-0.001395,-0.001968,-0.002154,-0.001540,-0.000500,0.000036,0.000105,0.000048,0.000017,-0.000008,-0.000075,-0.000072,0.000054,0.000242,0.000245,0.000158,0.000137,0.000039,-0.000045,0.000058,0.000091,0.000034,0.000024,0.000071,0.000024,-0.000080,-0.000036,0.000063,0.000032,0.000030,0.000082,0.000095,0.000082,0.000071,0.000026,-0.000088,-0.000049,0.000034,-0.000018,-0.000058,-0.000048,-0.000056,-0.000095,-0.000057,0.000086,0.000146,0.000105,0.000089,-0.000030,-0.000094,-0.000064,
-0.015234,-0.016802,-0.012620,-0.004467,0.000639,0.002131,0.000303,-0.001674,-0.001516,-0.000147,0.001308,0.001917,0.001348,0.000395,-0.000185,-0.000421,-0.000340,-0.000074,0.000382,0.001043,0.001398,0.001205,0.000717,-0.000110,-0.001083,-0.001592,-0.001405,-0.000515,0.000335,0.000475,0.000218,-0.000072,-0.000212,-0.000111,0.000121,0.000340,0.000570,0.000604,0.000111,-0.000770,-0.001191,-0.000799,-0.000168,0.000168,0.000348,0.000296,-0.000068,-0.000333,-0.000479,-0.000620,-0.000518,-0.000195,-0.000059,-0.000065,0.000107,0.000135,0.000014,-0.000066,-0.000111,-0.000353,-0.000857,-0.001198,-0.000900,0.000259,0.001504,0.001963,0.001678,0.000917,-0.000111,-0.000817,-0.001096,-0.001195,-0.001031,-0.000588,-0.000144,0.000088,0.000005,-0.000098,0.000083,0.000178,0.000133,0.000167,0.000307,0.000497,0.000996,0.001635,0.001482,0.000385,-0.000770,-0.001146,-0.000904,-0.000621,-0.000298,0.000046,0.000314,0.000460,0.000530,0.000493,0.000278,0.000073,-0.000031,0.000045,0.000058,0.000070,0.000186,0.000113,-0.000039,0.000044,0.000175,0.000220,0.000123,-0.000038,-0.000084,0.000028,0.000103,0.000017,-0.000115,-0.000109,-0.000012,0.000094,0.000083,0.000045,0.000060,0.000072,0.000216,0.000435,0.000340,0.000162,0.000065,-0.000004,0.000086,0.000080,-0.000056,-0.000022,0.000059,0.000088,0.000111,0.000217,0.012193,0.007411,0.009977,0.012110,0.013244,0.012678,0.009820,0.006707,0.004386,0.003201,0.002348,0.001031,-0.000043,-0.000556,-0.000961,-0.001133,-0.000754,0.000107,0.001020,0.001164,0.000194,-0.000887,-0.001281,-0.000925,-0.000525,-0.000407,-0.000428,-0.000552,-0.000819,-0.001019,-0.000777,-0.000487,-0.000405,-0.000266,-0.000119,0.000004,0.000253,0.000424,0.000486,0.000397,0.000330,0.000249,0.000181,0.000180,0.000032,-0.000129,-0.000230,-0.000267,-0.000145,0.000139,0.000315,0.000199,0.000210,0.000459,0.000489,0.000238,0.000256,0.000801,0.000914,0.000239,0.000038,0.001082,0.002023,0.001381,-0.000366,-0.001521,-0.001643,-0.001603,-0.001567,-0.001414,-0.001213,-0.000850,-0.000077,0.000653,0.000548,-0.000038,-0.000346,-0.000090,0.000567,0.000868,0.000671,0.000408,0.000207,0.000145,0.000225,-0.000004,-0.000638,-0.001358,-0.002008,-0.002200,-0.001657,-0.000640,0.000048,0.000185,0.000039,-0.000148,-0.000178,-0.000184,-0.000059,0.000169,0.000279,0.000172,0.000121,0.000102,-0.000011,-0.000127,-0.000157,-0.000064,0.000114,0.000174,0.000078,-0.000036,-0.000073,-0.000136,-0.000156,-0.000133,-0.000186,-0.000111,-0.000028,-0.000075,-0.000067,0.000018,0.000065,0.000046,-0.000062,-0.000171,-0.000192,-0.000112,-0.000099,-0.000118,-0.000086,-0.000127,-0.000107,0.000037,0.000117,0.000030,-0.000049,-0.000050,
-0.014883,-0.016449,-0.012460,-0.004456,0.000704,0.002213,0.000383,-0.001719,-0.001559,-0.000077,0.001480,0.002175,0.001504,0.000441,-0.000055,-0.000345,-0.000343,-0.000028,0.000395,0.001092,0.001472,0.001265,0.000777,-0.000183,-0.001194,-0.001633,-0.001380,-0.000383,0.000537,0.000604,0.000106,-0.000310,-0.000422,-0.000349,-0.000013,0.000446,0.000738,0.000705,0.000190,-0.000731,-0.001259,-0.000775,-0.000104,0.000239,0.000350,0.000160,-0.000105,-0.000185,-0.000284,-0.000478,-0.000462,-0.000197,0.000001,0.000018,0.000059,0.000087,0.000004,0.000016,0.000054,-0.000341,-0.001036,-0.001489,-0.001244,0.000092,0.001668,0.001974,0.001231,0.000469,-0.000341,-0.001039,-0.001193,-0.001001,-0.000643,-0.000224,0.000091,0.000105,-0.000002,-0.000057,-0.000023,0.000023,0.000076,0.000186,0.000362,0.000584,0.000973,0.001532,0.001439,0.000227,-0.000952,-0.001165,-0.000928,-0.000757,-0.000456,-0.000117,0.000114,0.000292,0.000427,0.000372,0.000035,-0.000151,-0.000077,0.000069,-0.000004,-0.000076,0.000022,0.000105,0.000202,0.000256,0.000182,-0.000051,-0.000214,-0.000142,-0.000003,0.000066,0.000154,0.000106,-0.000065,-0.000124,-0.000072,0.000007,-0.000033,-0.000126,-0.000212,-0.000150,0.000003,0.000198,0.000250,0.000072,-0.000035,-0.000022,0.000059,0.000107,-0.000014,-0.000183,-0.000214,-0.000058,0.000160,0.000152,0.012560,0.007874,0.010241,0.012203,0.013097,0.012437,0.009739,0.006709,0.004285,0.002947,0.002248,0.001033,-0.000049,-0.000508,-0.000997,-0.001254,-0.000820,0.000056,0.000883,0.000956,0.000089,-0.000977,-0.001402,-0.000971,-0.000433,-0.000358,-0.000407,-0.000445,-0.000869,-0.001139,-0.000930,-0.000564,-0.000253,-0.000075,0.000025,0.000101,0.000162,0.000210,0.000145,0.000105,0.000098,0.000081,0.000069,0.000099,-0.000027,-0.000171,-0.000213,-0.000183,-0.000139,0.000105,0.000313,0.000241,0.000174,0.000312,0.000376,0.000180,0.000296,0.000858,0.000914,0.000170,-0.000274,0.000589,0.001874,0.001540,-0.000486,-0.002077,-0.002233,-0.001962,-0.001803,-0.001635,-0.001229,-0.000616,0.000071,0.000569,0.000455,-0.000146,-0.000393,-0.000070,0.000321,0.000448,0.000336,0.000180,0.000065,0.000052,0.000111,-0.000185,-0.000847,-0.001581,-0.002175,-0.002284,-0.001619,-0.000481,0.000332,0.000409,0.000136,0.000106,0.000200,0.000146,0.000044,0.000166,0.000259,0.000172,0.000068,0.000002,0.000079,0.000076,-0.000069,-0.000103,0.000000,0.000046,0.000019,-0.000058,-0.000133,-0.000058,0.000017,-0.000010,-0.000010,0.000065,-0.000006,-0.000150,-0.000088,0.000034,-0.000016,-0.000073,-0.000088,-0.000158,-0.000110,-0.000086,-0.000148,-0.000257,-0.000303,-0.000233,-0.000040,0.000091,-0.000002,-0.000033,0.000071,0.000072,
-0.014681,-0.016288,-0.012393,-0.004487,0.000537,0.001836,-0.000075,-0.001944,-0.001721,-0.000307,0.001307,0.002018,0.001289,0.000363,-0.000120,-0.000400,-0.000276,0.000064,0.000493,0.001133,0.001348,0.001115,0.000729,-0.000178,-0.001205,-0.001711,-0.001460,-0.000631,0.000305,0.000531,0.000152,-0.000079,-0.000119,-0.000107,0.000068,0.000297,0.000550,0.000562,0.000092,-0.000662,-0.001082,-0.000776,-0.000230,0.000122,0.000277,0.000236,-0.000040,-0.000299,-0.000451,-0.000614,-0.000546,-0.000296,-0.000118,0.000087,0.000227,0.000185,0.000027,-0.000004,0.000002,-0.000237,-0.000499,-0.000616,-0.000486,0.000330,0.001531,0.002162,0.001796,0.000928,0.000049,-0.000547,-0.000776,-0.000820,-0.000760,-0.000454,-0.000016,0.000161,-0.000076,-0.000253,-0.000224,-0.000011,0.000195,0.000324,0.000426,0.000535,0.000880,0.001423,0.001359,0.000191,-0.000954,-0.001184,-0.001040,-0.000951,-0.000616,-0.000184,0.000069,0.000205,0.000271,0.000132,-0.000097,-0.000102,0.000046,0.000105,0.000107,0.000035,-0.000066,-0.000025,0.000065,0.000113,0.000107,0.000020,-0.000056,-0.000073,-0.000035,0.000071,0.000080,0.000042,-0.000022,-0.000097,-0.000134,-0.000192,-0.000149,-0.000114,-0.000132,0.000029,0.000200,0.000141,0.000137,0.000094,-0.000113,-0.000090,-0.000002,-0.000053,-0.000033,0.000032,0.000023,0.000094,0.000112,0.000179,0.012466,0.007788,0.010182,0.011993,0.012798,0.012266,0.009559,0.006623,0.004461,0.003257,0.002455,0.001114,0.000109,-0.000403,-0.001021,-0.001334,-0.000825,0.000171,0.001054,0.001141,0.000149,-0.000907,-0.001325,-0.001006,-0.000423,-0.000276,-0.000415,-0.000531,-0.000944,-0.001253,-0.000965,-0.000535,-0.000237,-0.000039,0.000027,0.000004,0.000065,0.000169,0.000375,0.000446,0.000311,0.000137,-0.000040,-0.000015,-0.000058,-0.000200,-0.000224,-0.000083,0.000053,0.000178,0.000178,0.000145,0.000239,0.000357,0.000282,0.000122,0.000363,0.000956,0.000920,0.000118,-0.000275,0.000571,0.001473,0.001221,-0.000141,-0.001359,-0.001591,-0.001609,-0.001640,-0.001552,-0.001330,-0.000687,0.000154,0.000629,0.000325,-0.000216,-0.000276,0.000185,0.000587,0.000686,0.000450,0.000254,0.000275,0.000276,0.000225,-0.000163,-0.000955,-0.001712,-0.002226,-0.002199,-0.001459,-0.000381,0.000236,0.000230,0.000089,0.000005,-0.000019,-0.000072,-0.000102,-0.000010,0.000120,0.000093,0.000052,0.000125,0.000083,-0.000091,-0.000170,-0.000119,-0.000033,0.000078,0.000076,-0.000102,-0.000163,-0.000091,-0.000072,-0.000086,-0.000080,-0.000080,-0.000024,-0.000002,-0.000074,-0.000152,-0.000183,-0.000057,0.000031,-0.000003,-0.000109,-0.000100,-0.000001,-0.000048,-0.000112,-0.000186,-0.000156,-0.000060,0.000083,0.000198,0.000159,0.000051,
-0.014501,-0.016207,-0.012220,-0.004415,0.000436,0.001681,-0.000184,-0.002026,-0.001703,-0.000169,0.001426,0.002113,0.001392,0.000287,-0.000087,-0.000161,-0.000045,0.000195,0.000580,0.001153,0.001439,0.001256,0.000718,-0.000181,-0.001252,-0.001823,-0.001529,-0.000521,0.000332,0.000437,0.000007,-0.000291,-0.000199,-0.000034,0.000051,0.000150,0.000313,0.000444,0.000186,-0.000616,-0.001016,-0.000630,-0.000065,0.000119,0.000143,0.000128,-0.000095,-0.000289,-0.000321,-0.000486,-0.000567,-0.000453,-0.000336,-0.000194,0.000096,0.000211,0.000063,0.000097,0.000167,-0.000270,-0.000921,-0.001169,-0.000767,0.000392,0.001482,0.001670,0.001232,0.000684,-0.000008,-0.000714,-0.001057,-0.001067,-0.000781,-0.000206,0.000351,0.000443,0.000187,-0.000047,-0.000102,0.000015,0.000190,0.000331,0.000255,0.000421,0.001024,0.001633,0.001411,0.000120,-0.001001,-0.001194,-0.000967,-0.000786,-0.000537,-0.000178,0.000127,0.000280,0.000437,0.000412,0.000166,-0.000058,-0.000184,-0.000085,0.000107,0.000085,0.000005,0.000003,0.000032,0.000080,0.000043,0.000008,-0.000058,-0.000092,-0.000099,-0.000095,0.000044,0.000126,0.000066,-0.000007,0.000036,0.000065,-0.000018,-0.000038,0.000001,-0.000100,-0.000021,0.000082,0.000061,0.000155,0.000127,-0.000013,-0.000160,-0.000208,-0.000095,-0.000038,0.000005,0.000045,0.000131,0.000132,0.012900,0.008174,0.010374,0.012074,0.012678,0.011915,0.009426,0.006643,0.004396,0.003198,0.002347,0.001023,-0.000005,-0.000490,-0.000943,-0.001297,-0.000923,0.000123,0.000997,0.001024,0.000047,-0.001070,-0.001465,-0.000941,-0.000256,-0.000239,-0.000505,-0.000827,-0.001179,-0.001164,-0.000676,-0.000238,-0.000044,0.000106,0.000054,-0.000066,-0.000006,0.000140,0.000343,0.000377,0.000329,0.000193,0.000000,-0.000059,-0.000081,-0.000111,-0.000088,-0.000133,-0.000069,0.000105,0.000246,0.000253,0.000247,0.000407,0.000426,0.000185,0.000282,0.000875,0.001010,0.000306,0.000096,0.001199,0.002167,0.001396,-0.000719,-0.002083,-0.002009,-0.001715,-0.001664,-0.001530,-0.001167,-0.000552,0.000356,0.000740,0.000278,-0.000319,-0.000472,-0.000035,0.000485,0.000640,0.000511,0.000240,-0.000019,-0.000051,0.000067,-0.000230,-0.000854,-0.001595,-0.002150,-0.002222,-0.001664,-0.000611,0.000193,0.000237,0.000013,-0.000004,0.000074,-0.000008,-0.000058,0.000074,0.000160,0.000087,0.000034,0.000037,-0.000082,-0.000253,-0.000206,-0.000089,-0.000114,-0.000016,0.000064,-0.000097,-0.000208,-0.000151,-0.000017,-0.000012,-0.000119,-0.000151,-0.000128,-0.000038,-0.000024,-0.000062,-0.000028,-0.000001,-0.000095,-0.000203,-0.000261,-0.000189,-0.000043,0.000019,-0.000046,-0.000083,-0.000025,0.000033,-0.000038,-0.000048,0.000024,0.000105,
-0.015221,-0.016768,-0.012900,-0.005221,-0.000674,0.000499,-0.001047,-0.002640,-0.002135,-0.000495,0.001203,0.001966,0.001327,0.000427,0.000059,-0.000032,0.000085,0.000217,0.000347,0.000896,0.001342,0.001332,0.000899,-0.000081,-0.001179,-0.001837,-0.001656,-0.000690,0.000307,0.000396,-0.000032,-0.000448,-0.000532,-0.000137,0.000303,0.000344,0.000289,0.000297,-0.000051,-0.000859,-0.001244,-0.000609,0.000149,0.000352,0.000297,0.000096,-0.000215,-0.000389,-0.000588,-0.000744,-0.000694,-0.000524,-0.000280,-0.000054,0.000114,0.000121,-0.000066,-0.000078,0.000040,-0.000242,-0.000871,-0.001377,-0.001173,0.000255,0.001852,0.002322,0.001741,0.001032,0.000361,-0.000231,-0.000630,-0.000843,-0.000745,-0.000352,0.000105,0.000190,-0.000001,-0.000115,-0.000049,0.000074,0.000105,0.000143,0.000165,0.000372,0.000969,0.001628,0.001568,0.000393,-0.000846,-0.001110,-0.000841,-0.000714,-0.000564,-0.000244,0.000086,0.000338,0.000534,0.000409,0.000102,-0.000055,-0.000053,0.000010,-0.000003,-0.000033,-0.000024,0.000043,0.000009,0.000016,0.000032,-0.000073,-0.000158,-0.000128,-0.000028,0.000085,0.000144,0.000159,0.000002,-0.000120,-0.000059,0.000102,0.000045,-0.000171,-0.000146,-0.000053,0.000097,0.000164,0.000110,0.000052,-0.000029,-0.000141,-0.000163,-0.000021,0.000012,0.000016,-0.000074,-0.000101,0.000031,0.000074,0.011974,0.007083,0.009545,0.011582,0.012438,0.011891,0.009210,0.006108,0.003981,0.003190,0.002604,0.001216,0.000038,-0.000494,-0.000975,-0.001202,-0.000672,0.000296,0.001084,0.001095,0.000147,-0.000909,-0.001349,-0.001018,-0.000503,-0.000422,-0.000602,-0.000825,-0.001132,-0.001162,-0.000567,0.000248,0.000694,0.000597,0.000189,-0.000189,-0.000224,-0.000043,0.000082,0.000129,0.000153,0.000064,-0.000146,-0.000204,-0.000070,-0.000067,-0.000075,-0.000015,0.000012,0.000089,0.000275,0.000342,0.000341,0.000459,0.000522,0.000385,0.000428,0.000881,0.000894,0.000101,-0.000226,0.000882,0.002072,0.001662,0.000026,-0.001167,-0.001363,-0.001403,-0.001563,-0.001581,-0.001226,-0.000622,0.000147,0.000692,0.000445,-0.000279,-0.000512,-0.000038,0.000416,0.000537,0.000485,0.000372,0.000287,0.000302,0.000225,-0.000219,-0.000886,-0.001580,-0.002164,-0.002344,-0.001680,-0.000512,0.000162,0.000231,0.000001,-0.000092,-0.000078,-0.000061,-0.000043,0.000027,0.000180,0.000276,0.000226,0.000109,0.000038,0.000022,0.000064,0.000095,0.000081,0.000022,0.000041,-0.000034,-0.000173,-0.000103,0.000029,-0.000009,-0.000044,0.000019,-0.000054,-0.000136,-0.000145,-0.000198,-0.000181,-0.000117,-0.000031,-0.000016,-0.000026,0.000025,0.000073,-0.000032,-0.000176,-0.000129,0.000045,0.000052,-0.000053,-0.000038,0.000042,0.000016,
-0.015270,-0.016676,-0.012898,-0.005264,-0.000710,0.000454,-0.001019,-0.002583,-0.002236,-0.000544,0.001397,0.002135,0.001403,0.000352,-0.000135,-0.000201,0.000113,0.000429,0.000679,0.001138,0.001459,0.001302,0.000778,-0.000174,-0.001267,-0.001766,-0.001550,-0.000684,0.000299,0.000558,0.000128,-0.000186,-0.000169,-0.000037,0.000226,0.000450,0.000500,0.000446,0.000161,-0.000531,-0.000918,-0.000459,0.000038,0.000229,0.000389,0.000291,0.000004,-0.000203,-0.000384,-0.000706,-0.000714,-0.000444,-0.000319,-0.000223,0.000096,0.000268,0.000060,-0.000100,-0.000023,-0.000336,-0.000909,-0.001294,-0.001218,-0.000266,0.001128,0.001673,0.001283,0.000671,-0.000028,-0.000660,-0.000904,-0.000891,-0.000738,-0.000292,0.000185,0.000293,-0.000053,-0.000307,-0.000230,0.000029,0.000189,0.000243,0.000358,0.000561,0.001002,0.001642,0.001625,0.000398,-0.000698,-0.000869,-0.000764,-0.000789,-0.000621,-0.000109,0.000246,0.000451,0.000548,0.000425,0.000028,-0.000288,-0.000167,-0.000021,0.000038,0.000068,0.000020,-0.000021,-0.000010,0.000082,0.000048,-0.000072,-0.000219,-0.000223,-0.000071,0.000006,0.000111,0.000185,0.000073,0.000048,0.000076,0.000063,-0.000019,-0.000069,-0.000050,0.000010,0.000067,0.000166,0.000189,0.000108,0.000116,0.000122,0.000003,-0.000116,-0.000160,-0.000201,-0.000084,0.000075,0.000238,0.000247,0.012022,0.007010,0.009356,0.011411,0.012179,0.011503,0.008920,0.005988,0.003894,0.003060,0.002578,0.001415,0.000286,-0.000303,-0.000960,-0.001312,-0.000750,0.000299,0.001219,0.001247,0.000143,-0.001060,-0.001482,-0.001036,-0.000493,-0.000404,-0.000423,-0.000599,-0.001106,-0.001331,-0.000934,-0.000506,-0.000248,-0.000005,0.000217,0.000287,0.000268,0.000357,0.000453,0.000410,0.000262,0.000091,-0.000020,-0.000009,0.000035,-0.000035,-0.000044,0.000034,-0.000014,0.000087,0.000236,0.000194,0.000271,0.000445,0.000508,0.000290,0.000313,0.000710,0.000717,0.000069,-0.000180,0.000749,0.001875,0.001632,0.000093,-0.001165,-0.001513,-0.001579,-0.001623,-0.001703,-0.001546,-0.000774,0.000177,0.000720,0.000420,-0.000224,-0.000465,-0.000111,0.000471,0.000651,0.000479,0.000315,0.000184,0.000167,0.000155,-0.000173,-0.000794,-0.001568,-0.002185,-0.002340,-0.001771,-0.000671,-0.000008,-0.000010,-0.000164,-0.000127,-0.000057,-0.000050,-0.000049,-0.000031,0.000107,0.000209,0.000228,0.000234,0.000160,-0.000036,-0.000061,0.000033,0.000071,0.000142,0.000200,0.000164,0.000097,-0.000038,-0.000174,-0.000155,-0.000090,-0.000043,0.000057,0.000133,-0.000016,-0.000179,-0.000115,-0.000060,-0.000182,-0.000305,-0.000267,-0.000125,0.000015,0.000024,-0.000100,-0.000165,0.000015,0.000065,0.000023,-0.000016,-0.000013,0.000052,
-0.015070,-0.016548,-0.012814,-0.005266,-0.000980,-0.000001,-0.001352,-0.002661,-0.002113,-0.000463,0.001336,0.002161,0.001440,0.000358,-0.000015,0.000040,0.000214,0.000396,0.000598,0.001126,0.001421,0.001214,0.000806,-0.000097,-0.001197,-0.001753,-0.001544,-0.000631,0.000355,0.000604,0.000236,-0.000086,-0.000161,-0.000106,0.000163,0.000579,0.000800,0.000642,0.000072,-0.000811,-0.001177,-0.000702,-0.000043,0.000314,0.000402,0.000162,-0.000174,-0.000220,-0.000382,-0.000633,-0.000581,-0.000401,-0.000343,-0.000173,0.000181,0.000315,0.000086,0.000015,0.000060,-0.000376,-0.000936,-0.000948,-0.000548,0.000379,0.001610,0.002132,0.001684,0.000883,0.000005,-0.000635,-0.000911,-0.001202,-0.001234,-0.000703,-0.000063,0.000203,0.000027,-0.000112,0.000019,0.000202,0.000236,0.000284,0.000283,0.000437,0.000995,0.001715,0.001645,0.000388,-0.000843,-0.001116,-0.000992,-0.000765,-0.000428,-0.000097,0.000217,0.000473,0.000636,0.000591,0.000216,-0.000086,-0.000085,-0.000030,-0.000041,-0.000026,-0.000048,-0.000011,0.000053,0.000073,0.000005,-0.000207,-0.000333,-0.000273,-0.000155,-0.000060,0.000069,-0.000004,-0.000215,-0.000199,0.000009,0.000078,-0.000034,-0.000148,-0.000132,-0.000061,0.000021,0.000127,0.000242,0.000231,0.000155,0.000034,-0.000076,-0.000137,-0.000089,-0.000014,0.000055,0.000130,0.000143,0.000213,0.012246,0.007345,0.009591,0.011286,0.011865,0.011222,0.008696,0.005776,0.003812,0.003105,0.002522,0.001233,0.000151,-0.000402,-0.000946,-0.001146,-0.000631,0.000372,0.001176,0.001258,0.000319,-0.000977,-0.001514,-0.001041,-0.000410,-0.000231,-0.000362,-0.000572,-0.000900,-0.001124,-0.000811,-0.000407,-0.000177,-0.000053,0.000136,0.000302,0.000442,0.000494,0.000443,0.000330,0.000172,-0.000055,-0.000115,0.000026,0.000000,-0.000196,-0.000251,-0.000169,-0.000075,0.000206,0.000409,0.000270,0.000208,0.000296,0.000411,0.000354,0.000365,0.000630,0.000677,0.000040,-0.000293,0.000752,0.001846,0.001234,-0.000530,-0.001594,-0.001631,-0.001620,-0.001738,-0.001706,-0.001433,-0.000997,-0.000198,0.000539,0.000373,-0.000188,-0.000417,-0.000046,0.000362,0.000501,0.000445,0.000246,0.000089,0.000126,0.000106,-0.000106,-0.000646,-0.001411,-0.002035,-0.002257,-0.001766,-0.000656,0.000173,0.000219,-0.000067,-0.000174,-0.000156,-0.000210,-0.000166,0.000045,0.000177,0.000214,0.000123,0.000058,-0.000012,-0.000206,-0.000164,0.000005,0.000125,0.000150,-0.000039,-0.000189,-0.000183,-0.000093,0.000085,0.000047,-0.000160,-0.000205,-0.000130,-0.000120,-0.000063,-0.000006,-0.000034,-0.000134,-0.000128,-0.000058,0.000005,0.000049,-0.000011,-0.000133,-0.000222,-0.000197,-0.000132,-0.000058,0.000118,0.000187,0.000102,0.000061,
-0.014834,-0.016352,-0.012441,-0.005200,-0.001032,0.000172,-0.000985,-0.002369,-0.002083,-0.000456,0.001355,0.002121,0.001462,0.000574,0.000157,-0.000025,0.000111,0.000336,0.000606,0.001161,0.001399,0.001200,0.000797,-0.000012,-0.001118,-0.001907,-0.001943,-0.000807,0.000468,0.000721,0.000227,-0.000142,-0.000265,-0.000240,0.000122,0.000474,0.000663,0.000591,0.000042,-0.000714,-0.000950,-0.000617,-0.000218,0.000129,0.000377,0.000223,-0.000097,-0.000246,-0.000434,-0.000620,-0.000509,-0.000237,-0.000162,-0.000226,-0.000064,0.000101,0.000055,0.000184,0.000202,-0.000279,-0.000979,-0.001400,-0.001139,0.000112,0.001395,0.001583,0.001079,0.000508,-0.000270,-0.000984,-0.001247,-0.001064,-0.000685,-0.000271,0.000076,0.000148,0.000068,-0.000040,0.000025,0.000092,0.000041,0.000091,0.000199,0.000300,0.000940,0.001685,0.001409,0.000163,-0.000950,-0.001234,-0.000941,-0.000584,-0.000306,-0.000098,0.000076,0.000240,0.000415,0.000350,0.000068,-0.000100,-0.000032,0.000068,-0.000054,-0.000173,-0.000034,0.000052,-0.000010,0.000028,0.000014,-0.000155,-0.000241,-0.000119,0.000034,0.000060,0.000060,0.000108,0.000142,0.000112,0.000122,0.000104,-0.000016,-0.000148,-0.000123,-0.000019,0.000104,0.000171,0.000163,0.000039,-0.000084,-0.000084,0.000005,0.000032,-0.000085,-0.000162,-0.000058,0.000085,0.000107,0.000145,0.012910,0.008109,0.010119,0.011372,0.011638,0.010911,0.008446,0.005528,0.003537,0.002855,0.002414,0.001136,-0.000026,-0.000584,-0.001034,-0.001025,-0.000326,0.000622,0.001335,0.001223,0.000177,-0.000898,-0.001274,-0.000839,-0.000268,-0.000133,-0.000221,-0.000413,-0.000936,-0.001221,-0.000976,-0.000644,-0.000397,-0.000177,-0.000005,0.000183,0.000332,0.000456,0.000489,0.000323,0.000222,0.000213,0.000070,-0.000052,-0.000047,-0.000096,-0.000150,-0.000178,-0.000127,0.000007,0.000152,0.000222,0.000306,0.000396,0.000315,0.000181,0.000288,0.000768,0.000848,0.000164,-0.000157,0.000903,0.002027,0.001548,-0.000291,-0.001771,-0.001857,-0.001542,-0.001490,-0.001456,-0.001158,-0.000658,-0.000015,0.000478,0.000366,-0.000157,-0.000456,-0.000281,0.000123,0.000360,0.000357,0.000244,0.000236,0.000163,0.000051,-0.000105,-0.000660,-0.001457,-0.002065,-0.002333,-0.001697,-0.000466,0.000268,0.000206,-0.000045,0.000022,0.000199,0.000155,0.000014,0.000136,0.000249,0.000211,0.000281,0.000192,-0.000098,-0.000218,-0.000099,0.000043,0.000143,0.000264,0.000104,-0.000090,-0.000069,0.000071,0.000140,0.000127,-0.000018,-0.000147,-0.000104,0.000010,0.000021,-0.000022,-0.000093,-0.000169,-0.000152,-0.000025,0.000011,-0.000012,-0.000015,-0.000055,-0.000101,-0.000034,0.000107,0.000105,-0.000029,0.000036,0.000214,0.000095,
-0.014561,-0.016154,-0.012263,-0.005019,-0.001172,-0.000179,-0.000995,-0.002080,-0.001923,-0.000457,0.001459,0.002236,0.001413,0.000332,-0.000013,-0.000018,0.000249,0.000503,0.000623,0.001025,0.001299,0.001293,0.001014,0.000019,-0.001271,-0.001921,-0.001625,-0.000591,0.000451,0.000601,0.000184,-0.000067,-0.000204,-0.000129,0.000222,0.000464,0.000562,0.000558,0.000167,-0.000574,-0.000925,-0.000555,-0.000007,0.000337,0.000425,0.000186,-0.000155,-0.000312,-0.000450,-0.000525,-0.000472,-0.000272,-0.000101,-0.000007,0.000183,0.000270,0.000135,0.000119,0.000235,-0.000099,-0.000735,-0.001120,-0.000972,0.000231,0.002028,0.002767,0.001972,0.000879,0.000054,-0.000479,-0.000752,-0.000996,-0.000851,-0.000302,0.000027,0.000042,-0.000098,-0.000175,-0.000066,0.000041,0.000131,0.000242,0.000312,0.000448,0.000985,0.001656,0.001488,0.000285,-0.000801,-0.001035,-0.000794,-0.000500,-0.000239,0.000005,0.000213,0.000251,0.000345,0.000364,0.000188,0.000064,-0.000098,-0.000161,-0.000001,0.000136,0.000168,0.000030,-0.000117,-0.000051,-0.000133,-0.000261,-0.000256,-0.000172,-0.000109,-0.000005,0.000048,-0.000041,-0.000048,0.000010,-0.000089,-0.000094,-0.000069,-0.000095,-0.000120,-0.000078,0.000125,0.000328,0.000332,0.000168,0.000075,0.000030,0.000005,0.000107,0.000056,-0.000198,-0.000171,0.000047,0.000228,0.000254,0.013174,0.008444,0.010255,0.011306,0.011422,0.010523,0.008024,0.005288,0.003443,0.002893,0.002501,0.001315,0.000198,-0.000433,-0.000987,-0.001024,-0.000247,0.000764,0.001391,0.001141,0.000135,-0.000964,-0.001389,-0.000892,-0.000271,-0.000157,-0.000313,-0.000511,-0.000964,-0.001281,-0.001025,-0.000690,-0.000617,-0.000430,-0.000085,0.000152,0.000322,0.000429,0.000487,0.000445,0.000400,0.000288,0.000057,-0.000006,-0.000061,-0.000145,-0.000121,0.000026,0.000074,0.000233,0.000343,0.000134,0.000197,0.000427,0.000365,0.000176,0.000219,0.000641,0.000836,0.000229,-0.000187,0.000492,0.001363,0.001200,-0.000393,-0.001879,-0.002178,-0.002156,-0.002107,-0.001917,-0.001449,-0.000663,0.000252,0.000832,0.000523,-0.000215,-0.000517,-0.000261,0.000292,0.000520,0.000374,0.000169,0.000041,0.000026,0.000053,-0.000191,-0.000880,-0.001706,-0.002245,-0.002296,-0.001603,-0.000465,0.000230,0.000309,0.000216,0.000120,0.000078,-0.000042,-0.000093,0.000194,0.000310,0.000070,-0.000156,-0.000184,-0.000122,-0.000083,-0.000036,-0.000073,-0.000078,-0.000111,-0.000173,-0.000136,-0.000076,-0.000032,-0.000091,-0.000120,-0.000174,-0.000115,-0.000047,-0.000023,-0.000025,-0.000103,-0.000084,-0.000103,-0.000159,-0.000203,-0.000119,-0.000055,-0.000098,-0.000158,-0.000149,-0.000110,-0.000029,0.000041,0.000036,0.000041,0.000035,-0.000067,
-0.014381,-0.015873,-0.012189,-0.005111,-0.001089,0.000310,-0.000443,-0.001772,-0.001828,-0.000396,0.001383,0.002161,0.001618,0.000586,-0.000083,-0.000293,-0.000130,0.000269,0.000759,0.001204,0.001431,0.001284,0.000799,-0.000188,-0.001331,-0.001959,-0.001760,-0.000732,0.000216,0.000435,0.000155,-0.000085,-0.000198,-0.000144,0.000030,0.000217,0.000369,0.000440,0.000255,-0.000519,-0.001040,-0.000610,-0.000149,-0.000080,0.000071,0.000196,0.000032,-0.000190,-0.000418,-0.000652,-0.000648,-0.000416,-0.000232,-0.000095,0.000095,0.000169,0.000032,-0.000057,0.000025,-0.000237,-0.000653,-0.000669,-0.000359,0.000272,0.001008,0.001324,0.001185,0.000652,-0.000086,-0.000604,-0.000836,-0.000900,-0.000720,-0.000188,0.000295,0.000339,0.000070,-0.000182,-0.000162,-0.000049,0.000068,0.000232,0.000267,0.000471,0.001039,0.001650,0.001467,0.000183,-0.001019,-0.001193,-0.000918,-0.000688,-0.000461,-0.000167,0.000141,0.000318,0.000422,0.000339,0.000091,-0.000128,-0.000099,0.000044,-0.000018,-0.000026,0.000061,-0.000016,-0.000159,-0.000147,-0.000060,-0.000047,-0.000177,-0.000148,-0.000089,0.000034,0.000119,0.000105,0.000075,-0.000032,-0.000020,0.000054,-0.000030,-0.000080,-0.000062,-0.000128,-0.000083,0.000144,0.000179,0.000103,0.000081,0.000037,0.000033,0.000098,0.000073,-0.000125,-0.000193,-0.000035,0.000088,0.000195,0.014023,0.009208,0.010675,0.011380,0.011305,0.010424,0.008002,0.005179,0.003268,0.002881,0.002522,0.001158,-0.000061,-0.000651,-0.001009,-0.001008,-0.000343,0.000576,0.001285,0.001265,0.000198,-0.000981,-0.001365,-0.000906,-0.000361,-0.000281,-0.000493,-0.000808,-0.001223,-0.001444,-0.001064,-0.000547,-0.000274,-0.000108,0.000073,0.000173,0.000174,0.000180,0.000298,0.000432,0.000393,0.000250,0.000093,-0.000035,-0.000143,-0.000177,-0.000136,-0.000059,0.000005,0.000122,0.000226,0.000209,0.000287,0.000468,0.000442,0.000225,0.000290,0.000727,0.000752,0.000198,0.000038,0.001073,0.002084,0.001422,-0.000402,-0.001635,-0.001759,-0.001725,-0.001718,-0.001466,-0.001104,-0.000542,0.000192,0.000525,0.000223,-0.000350,-0.000518,-0.000075,0.000403,0.000582,0.000439,0.000192,0.000141,0.000269,0.000226,-0.000159,-0.000810,-0.001559,-0.002168,-0.002331,-0.001777,-0.000670,0.000136,0.000249,0.000027,-0.000178,-0.000146,-0.000145,-0.000157,-0.000049,-0.000032,-0.000049,-0.000058,0.000002,-0.000033,-0.000106,-0.000122,-0.000072,-0.000026,0.000071,0.000048,-0.000107,-0.000152,0.000007,0.000044,-0.000021,-0.000100,-0.000028,0.000030,-0.000024,-0.000137,-0.000041,0.000002,-0.000074,-0.000155,-0.000214,-0.000146,-0.000082,-0.000095,-0.000137,-0.000188,-0.000136,-0.000017,0.000024,0.000028,-0.000013,-0.000007,0.000035,
-0.015062,-0.016366,-0.012755,-0.005874,-0.002087,-0.000388,-0.000532,-0.001507,-0.001507,-0.000305,0.001378,0.002190,0.001601,0.000648,0.000114,-0.000107,-0.000036,0.000185,0.000533,0.001087,0.001423,0.001389,0.000979,0.000046,-0.001089,-0.001798,-0.001761,-0.000968,0.000010,0.000297,0.000071,-0.000229,-0.000364,-0.000198,0.000070,0.000210,0.000148,0.000118,-0.000083,-0.000731,-0.001063,-0.000574,-0.000035,0.000162,0.000188,-0.000018,-0.000225,-0.000272,-0.000363,-0.000572,-0.000543,-0.000331,-0.000275,-0.000148,0.000083,0.000255,0.000159,0.000090,0.000170,-0.000191,-0.000912,-0.001360,-0.001063,0.000243,0.001763,0.002162,0.001513,0.000746,0.000185,-0.000326,-0.000734,-0.000888,-0.000616,-0.000059,0.000405,0.000512,0.000266,0.000043,0.000045,0.000024,0.000001,0.000136,0.000334,0.000471,0.000882,0.001606,0.001535,0.000329,-0.000795,-0.001035,-0.000842,-0.000675,-0.000458,-0.000133,0.000088,0.000287,0.000502,0.000504,0.000255,0.000023,0.000037,0.000015,0.000019,0.000067,0.000034,-0.000038,-0.000053,0.000055,0.000014,-0.000142,-0.000191,-0.000094,0.000028,0.000130,0.000180,0.000121,-0.000012,-0.000102,-0.000095,-0.000123,-0.000098,-0.000053,-0.000021,0.000007,0.000060,0.000208,0.000258,0.000138,0.000033,-0.000130,-0.000198,-0.000110,-0.000043,-0.000036,-0.000163,-0.000059,0.000206,0.000219,0.013774,0.008919,0.010389,0.011410,0.011482,0.010567,0.008099,0.005065,0.002950,0.002607,0.002484,0.001244,-0.000053,-0.000728,-0.001275,-0.001274,-0.000309,0.000839,0.001405,0.001132,0.000107,-0.000933,-0.001263,-0.000782,-0.000288,-0.000241,-0.000458,-0.000925,-0.001506,-0.001676,-0.001025,0.000030,0.000637,0.000617,0.000173,-0.000105,-0.000104,0.000050,0.000241,0.000235,0.000229,0.000182,-0.000080,-0.000185,-0.000084,-0.000046,-0.000016,0.000105,0.000116,0.000128,0.000195,0.000204,0.000203,0.000337,0.000413,0.000260,0.000385,0.000880,0.000858,0.000147,-0.000101,0.000930,0.002043,0.001524,-0.000388,-0.001723,-0.001771,-0.001679,-0.001834,-0.001755,-0.001338,-0.000623,0.000197,0.000677,0.000431,-0.000204,-0.000509,-0.000183,0.000335,0.000572,0.000480,0.000254,0.000153,0.000224,0.000267,-0.000020,-0.000697,-0.001461,-0.002032,-0.002176,-0.001549,-0.000430,0.000336,0.000359,0.000111,0.000072,-0.000032,-0.000217,-0.000180,0.000017,0.000187,0.000157,0.000002,-0.000025,0.000052,0.000053,0.000052,-0.000015,-0.000053,-0.000075,-0.000113,-0.000155,-0.000133,-0.000032,-0.000001,-0.000074,-0.000172,-0.000135,-0.000048,-0.000052,-0.000014,-0.000044,-0.000111,-0.000122,-0.000114,-0.000079,-0.000079,-0.000087,-0.000120,-0.000149,-0.000154,-0.000155,-0.000046,0.000082,0.000112,0.000023,0.000040,0.000055,
-0.015415,-0.016320,-0.012629,-0.006064,-0.002326,-0.000532,-0.000262,-0.001039,-0.001399,-0.000347,0.001471,0.002356,0.001755,0.000679,0.000046,-0.000262,-0.000186,0.000265,0.000735,0.001132,0.001363,0.001352,0.001011,0.000080,-0.001110,-0.001720,-0.001579,-0.000704,0.000263,0.000471,0.000144,-0.000148,-0.000291,-0.000343,-0.000166,0.000120,0.000349,0.000416,0.000077,-0.000616,-0.001049,-0.000587,0.000026,0.000171,0.000247,0.000182,-0.000131,-0.000340,-0.000469,-0.000683,-0.000770,-0.000513,-0.000268,-0.000128,0.000095,0.000216,0.000175,0.000117,0.000104,-0.000191,-0.000754,-0.001201,-0.001073,0.000136,0.001469,0.001757,0.001456,0.000923,0.000101,-0.000634,-0.000908,-0.000880,-0.000671,-0.000203,0.000214,0.000205,-0.000058,-0.000166,-0.000160,-0.000037,0.000061,0.000166,0.000206,0.000336,0.000962,0.001632,0.001478,0.000272,-0.000782,-0.000868,-0.000665,-0.000606,-0.000392,-0.000101,0.000078,0.000306,0.000447,0.000375,0.000141,-0.000016,-0.000043,-0.000033,-0.000094,-0.000089,-0.000031,-0.000073,-0.000100,-0.000026,0.000041,-0.000018,-0.000106,-0.000210,-0.000160,-0.000052,0.000002,-0.000038,-0.000135,-0.000129,-0.000034,0.000037,0.000002,-0.000102,-0.000202,-0.000186,0.000052,0.000240,0.000168,0.000041,-0.000014,-0.000087,-0.000158,-0.000078,0.000002,-0.000040,-0.000053,0.000038,0.000096,0.000142,0.013921,0.008984,0.010374,0.011237,0.011434,0.010834,0.008475,0.005293,0.002949,0.002526,0.002536,0.001351,-0.000039,-0.000824,-0.001333,-0.001301,-0.000281,0.000939,0.001453,0.001130,0.000148,-0.000830,-0.001300,-0.000950,-0.000342,-0.000297,-0.000591,-0.001031,-0.001469,-0.001567,-0.001051,-0.000381,-0.000024,0.000067,0.000043,0.000132,0.000229,0.000410,0.000561,0.000490,0.000393,0.000215,0.000039,-0.000009,0.000017,0.000002,-0.000000,-0.000031,-0.000092,-0.000035,0.000120,0.000175,0.000265,0.000418,0.000412,0.000209,0.000296,0.000845,0.000911,0.000162,-0.000153,0.000833,0.002051,0.001810,0.000163,-0.001177,-0.001329,-0.001404,-0.001687,-0.001630,-0.001245,-0.000574,0.000319,0.000843,0.000475,-0.000271,-0.000579,-0.000241,0.000214,0.000292,0.000172,0.000191,0.000252,0.000177,0.000175,0.000024,-0.000622,-0.001544,-0.002221,-0.002296,-0.001679,-0.000671,0.000093,0.000203,0.000022,-0.000006,0.000038,-0.000027,-0.000049,0.000031,0.000057,0.000026,-0.000004,-0.000002,-0.000029,-0.000081,-0.000063,-0.000021,0.000058,0.000087,0.000016,-0.000059,-0.000012,-0.000046,-0.000146,-0.000093,-0.000042,-0.000059,-0.000085,-0.000056,-0.000085,-0.000113,-0.000030,-0.000013,-0.000028,-0.000048,-0.000021,0.000039,0.000018,-0.000047,-0.000117,-0.000147,-0.000067,0.000090,0.000066,-0.000044,-0.000063,-0.000072,
-0.015557,-0.016433,-0.012837,-0.006441,-0.002804,-0.000633,0.000006,-0.000649,-0.000953,-0.000096,0.001550,0.002417,0.001833,0.000890,0.000229,-0.000300,-0.000339,0.000076,0.000595,0.001122,0.001412,0.001305,0.000920,0.000004,-0.001185,-0.001780,-0.001537,-0.000553,0.000341,0.000483,0.000202,-0.000125,-0.000244,-0.000144,0.000077,0.000409,0.000678,0.000610,0.000160,-0.000704,-0.001206,-0.000837,-0.000171,0.000175,0.000255,0.000055,-0.000194,-0.000308,-0.000604,-0.000860,-0.000778,-0.000443,-0.000219,-0.000147,0.000087,0.000205,0.000051,0.000074,0.000105,-0.000246,-0.000686,-0.000996,-0.000876,0.000157,0.001451,0.001983,0.001570,0.000878,0.000142,-0.000490,-0.000855,-0.001211,-0.001275,-0.000661,0.000069,0.000294,0.000148,-0.000061,-0.000140,0.000034,0.000189,0.000239,0.000270,0.000386,0.000864,0.001607,0.001635,0.000535,-0.000574,-0.000899,-0.000930,-0.000841,-0.000583,-0.000217,0.000160,0.000376,0.000470,0.000340,0.000095,-0.000079,-0.000073,-0.000081,-0.000179,-0.000189,-0.000047,0.000077,0.000132,0.000161,0.000147,0.000024,-0.000146,-0.000207,-0.000196,-0.000057,0.000101,0.000149,0.000057,-0.000045,-0.000120,-0.000188,-0.000259,-0.000294,-0.000158,-0.000037,0.000076,0.000229,0.000211,0.000146,0.000092,-0.000002,-0.000092,-0.000129,-0.000129,-0.000230,-0.000177,0.000074,0.000143,0.000134,0.014129,0.009399,0.010712,0.011393,0.011459,0.011073,0.008998,0.005658,0.003154,0.002567,0.002391,0.001283,-0.000108,-0.001043,-0.001588,-0.001391,-0.000361,0.000775,0.001434,0.001285,0.000332,-0.000771,-0.001224,-0.000807,-0.000319,-0.000276,-0.000481,-0.000838,-0.001398,-0.001604,-0.001181,-0.000634,-0.000271,0.000055,0.000299,0.000318,0.000414,0.000497,0.000383,0.000295,0.000302,0.000259,0.000115,0.000079,0.000045,-0.000130,-0.000268,-0.000188,-0.000051,0.000019,0.000019,0.000064,0.000211,0.000400,0.000414,0.000167,0.000298,0.000820,0.000857,0.000243,-0.000015,0.000817,0.001595,0.001143,-0.000355,-0.001559,-0.001855,-0.001811,-0.001794,-0.001743,-0.001463,-0.000835,0.000152,0.000890,0.000597,-0.000221,-0.000553,-0.000274,0.000183,0.000378,0.000304,0.000116,-0.000008,0.000130,0.000217,-0.000106,-0.000825,-0.001709,-0.002360,-0.002344,-0.001570,-0.000475,0.000170,0.000212,0.000148,0.000039,-0.000101,-0.000200,-0.000227,-0.000079,0.000083,0.000144,0.000158,0.000092,0.000058,0.000116,0.000089,-0.000010,-0.000029,0.000072,0.000091,0.000011,-0.000049,-0.000036,-0.000029,-0.000032,-0.000092,-0.000123,-0.000004,-0.000029,-0.000151,-0.000186,-0.000194,-0.000197,-0.000194,-0.000113,-0.000134,-0.000145,-0.000109,-0.000148,-0.000125,-0.000132,-0.000053,0.000119,0.000081,-0.000077,-0.000049,0.000115,
-0.015397,-0.016137,-0.012724,-0.006559,-0.003082,-0.000923,-0.000070,-0.000437,-0.000654,0.000168,0.001737,0.002606,0.002006,0.000935,0.000274,-0.000225,-0.000298,0.000167,0.000752,0.001301,0.001594,0.001448,0.001054,0.000135,-0.001055,-0.001618,-0.001324,-0.000357,0.000504,0.000670,0.000265,-0.000215,-0.000510,-0.000401,-0.000013,0.000303,0.000520,0.000527,0.000067,-0.000713,-0.001117,-0.000792,-0.000172,0.000202,0.000297,0.000146,-0.000133,-0.000347,-0.000507,-0.000721,-0.000657,-0.000341,-0.000161,-0.000030,0.000152,0.000176,0.000026,-0.000066,-0.000038,-0.000326,-0.000860,-0.001152,-0.000929,0.000200,0.001481,0.001822,0.001468,0.000843,-0.000067,-0.000883,-0.001156,-0.001095,-0.000927,-0.000479,0.000132,0.000334,0.000150,0.000060,0.000100,0.000163,0.000233,0.000192,0.000163,0.000405,0.001034,0.001658,0.001511,0.000292,-0.000842,-0.001031,-0.000717,-0.000546,-0.000439,-0.000158,0.000131,0.000376,0.000468,0.000405,0.000260,0.000175,0.000070,-0.000086,-0.000183,-0.000095,-0.000021,-0.000042,-0.000003,0.000038,0.000069,0.000038,-0.000043,-0.000043,-0.000033,0.000028,0.000112,0.000086,0.000052,0.000055,-0.000009,-0.000054,-0.000066,-0.000028,0.000029,0.000089,0.000111,0.000085,0.000111,0.000063,0.000001,-0.000042,-0.000017,0.000015,0.000023,0.000030,0.000015,0.000061,0.000092,0.000085,0.014360,0.009650,0.010785,0.011473,0.011723,0.011592,0.009774,0.006356,0.003470,0.002755,0.002609,0.001326,0.000006,-0.000946,-0.001761,-0.001626,-0.000443,0.000852,0.001429,0.001088,0.000060,-0.000929,-0.001238,-0.000773,-0.000257,-0.000342,-0.000685,-0.000947,-0.001326,-0.001594,-0.001250,-0.000722,-0.000406,-0.000235,-0.000008,0.000222,0.000288,0.000402,0.000417,0.000277,0.000209,0.000099,-0.000017,0.000110,0.000104,-0.000139,-0.000252,-0.000243,-0.000205,-0.000003,0.000213,0.000148,0.000208,0.000456,0.000417,0.000243,0.000454,0.000919,0.000850,0.000211,0.000106,0.001124,0.001974,0.001366,-0.000354,-0.001601,-0.001830,-0.001834,-0.001721,-0.001520,-0.001285,-0.000774,-0.000008,0.000629,0.000590,0.000052,-0.000248,-0.000034,0.000359,0.000440,0.000251,0.000153,0.000171,0.000277,0.000310,0.000020,-0.000620,-0.001437,-0.001984,-0.002064,-0.001696,-0.000686,0.000123,0.000147,-0.000016,-0.000061,-0.000138,-0.000182,-0.000089,0.000061,0.000100,0.000107,0.000075,0.000060,0.000054,-0.000038,0.000001,0.000090,0.000093,0.000065,-0.000014,-0.000102,-0.000109,-0.000090,-0.000088,-0.000063,-0.000084,-0.000080,-0.000066,-0.000110,-0.000161,-0.000163,-0.000098,-0.000041,-0.000045,-0.000058,-0.000047,-0.000015,0.000006,-0.000013,0.000017,-0.000062,-0.000032,0.000030,-0.000028,0.000004,0.000084,0.000077,
-0.015008,-0.015720,-0.012409,-0.006448,-0.003222,-0.001101,-0.000089,-0.000329,-0.000564,0.000259,0.001830,0.002585,0.002110,0.001193,0.000533,-0.000005,-0.000121,0.000263,0.000765,0.001246,0.001392,0.001240,0.000921,0.000042,-0.001030,-0.001577,-0.001345,-0.000446,0.000362,0.000482,0.000069,-0.000283,-0.000505,-0.000448,-0.000075,0.000284,0.000551,0.000551,0.000105,-0.000797,-0.001205,-0.000786,-0.000166,0.000184,0.000296,0.000174,-0.000115,-0.000319,-0.000594,-0.000790,-0.000735,-0.000459,-0.000177,0.000003,0.000164,0.000231,0.000079,-0.000044,-0.000063,-0.000369,-0.000948,-0.001349,-0.001101,0.000242,0.001860,0.002241,0.001533,0.000687,-0.000208,-0.000859,-0.001013,-0.000940,-0.000774,-0.000402,0.000108,0.000355,0.000175,0.000031,0.000049,0.000115,0.000121,0.000108,0.000252,0.000474,0.001001,0.001668,0.001447,0.000132,-0.001001,-0.001176,-0.000911,-0.000647,-0.000386,-0.000094,0.000088,0.000238,0.000441,0.000409,0.000118,0.000043,0.000144,0.000110,0.000047,-0.000040,-0.000017,0.000034,0.000026,-0.000011,-0.000003,-0.000072,-0.000143,-0.000142,-0.000080,-0.000012,0.000003,0.000016,-0.000107,-0.000196,-0.000111,-0.000015,-0.000004,-0.000063,-0.000158,-0.000044,0.000084,0.000080,0.000084,0.000125,0.000078,-0.000021,-0.000108,-0.000106,-0.000104,-0.000187,-0.000114,0.000058,0.000186,0.000238,0.015037,0.010315,0.011238,0.011771,0.012075,0.012169,0.010460,0.006896,0.003820,0.002912,0.002587,0.001286,-0.000099,-0.001123,-0.001773,-0.001549,-0.000397,0.000707,0.001194,0.000980,-0.000013,-0.001011,-0.001217,-0.000695,-0.000100,-0.000010,-0.000348,-0.000740,-0.001201,-0.001453,-0.001208,-0.000902,-0.000670,-0.000364,-0.000069,0.000187,0.000445,0.000576,0.000537,0.000359,0.000249,0.000122,-0.000018,0.000099,0.000036,-0.000148,-0.000148,-0.000038,-0.000031,0.000042,0.000175,0.000065,-0.000001,0.000180,0.000235,0.000064,0.000194,0.000813,0.000984,0.000250,-0.000282,0.000471,0.001595,0.001351,-0.000495,-0.002162,-0.002402,-0.002112,-0.001953,-0.001850,-0.001453,-0.000721,0.000175,0.000678,0.000448,-0.000084,-0.000360,-0.000162,0.000186,0.000281,0.000171,0.000028,0.000030,0.000273,0.000367,-0.000001,-0.000639,-0.001484,-0.002147,-0.002258,-0.001697,-0.000604,0.000164,0.000250,0.000196,0.000201,0.000198,0.000072,-0.000018,0.000079,0.000111,-0.000023,-0.000024,0.000074,0.000104,-0.000063,-0.000221,-0.000138,0.000018,0.000089,0.000056,-0.000014,-0.000032,-0.000046,-0.000033,0.000004,-0.000037,-0.000007,-0.000018,-0.000109,-0.000163,-0.000142,-0.000126,-0.000138,-0.000137,-0.000141,-0.000099,-0.000040,-0.000010,-0.000082,-0.000210,-0.000204,-0.000105,-0.000009,0.000021,-0.000048,-0.000093,-0.000044,
-0.015167,-0.015850,-0.012737,-0.007064,-0.004042,-0.002024,-0.000803,-0.000719,-0.000733,0.000207,0.001873,0.002757,0.002283,0.001339,0.000532,-0.000127,-0.000091,0.000388,0.000709,0.001114,0.001386,0.001243,0.000882,0.000018,-0.001117,-0.001611,-0.001319,-0.000556,0.000091,0.000390,0.000343,0.000047,-0.000247,-0.000392,-0.000265,-0.000001,0.000259,0.000396,0.000082,-0.000762,-0.001213,-0.000771,-0.000114,0.000247,0.000238,0.000019,-0.000220,-0.000432,-0.000607,-0.000689,-0.000592,-0.000314,-0.000172,-0.000082,0.000120,0.000225,0.000077,0.000054,0.000096,-0.000159,-0.000480,-0.000579,-0.000365,0.000418,0.001457,0.001880,0.001560,0.001080,0.000253,-0.000455,-0.000545,-0.000659,-0.000641,-0.000211,0.000224,0.000285,0.000066,-0.000108,-0.000078,0.000035,0.000043,0.000015,0.000100,0.000394,0.000970,0.001666,0.001539,0.000189,-0.000962,-0.001151,-0.001010,-0.000881,-0.000617,-0.000215,0.000097,0.000277,0.000365,0.000297,0.000108,-0.000065,-0.000089,-0.000066,-0.000022,0.000029,0.000042,0.000058,0.000115,0.000135,0.000048,-0.000022,-0.000010,0.000041,0.000033,0.000063,0.000069,0.000063,0.000037,-0.000093,-0.000154,-0.000103,-0.000126,-0.000143,-0.000097,0.000010,0.000098,0.000204,0.000274,0.000223,0.000093,0.000027,0.000053,0.000010,-0.000016,-0.000010,-0.000006,0.000099,0.000166,0.000233,0.015215,0.010449,0.011185,0.011811,0.012405,0.012763,0.011270,0.007648,0.004211,0.003095,0.002653,0.001280,-0.000106,-0.001060,-0.001773,-0.001643,-0.000397,0.000825,0.001297,0.000981,-0.000038,-0.001085,-0.001371,-0.000775,-0.000051,0.000067,-0.000352,-0.000975,-0.001612,-0.001751,-0.001249,-0.000727,-0.000428,-0.000175,0.000056,0.000116,0.000148,0.000309,0.000476,0.000495,0.000401,0.000208,-0.000032,0.000027,0.000044,-0.000106,-0.000151,-0.000033,-0.000004,0.000037,0.000182,0.000170,0.000134,0.000346,0.000376,0.000203,0.000400,0.000871,0.000907,0.000203,-0.000040,0.000865,0.001624,0.001178,-0.000170,-0.001329,-0.001693,-0.001700,-0.001563,-0.001453,-0.001449,-0.000950,0.000017,0.000591,0.000369,-0.000276,-0.000511,-0.000220,0.000222,0.000433,0.000313,0.000138,0.000089,0.000232,0.000301,-0.000029,-0.000729,-0.001611,-0.002179,-0.002291,-0.001798,-0.000699,0.000151,0.000168,0.000017,0.000013,-0.000043,-0.000145,-0.000188,-0.000033,0.000087,0.000042,-0.000024,0.000053,0.000144,-0.000006,-0.000154,-0.000087,0.000007,0.000052,0.000073,0.000026,-0.000045,0.000012,0.000041,-0.000019,-0.000103,-0.000146,-0.000188,-0.000215,-0.000146,-0.000051,-0.000063,-0.000138,-0.000111,-0.000106,-0.000087,-0.000007,0.000016,-0.000028,-0.000099,-0.000104,-0.000100,-0.000019,0.000084,0.000126,0.000095,0.000009,
-0.015449,-0.015793,-0.012699,-0.007249,-0.004525,-0.002768,-0.001644,-0.001366,-0.000950,0.000214,0.001881,0.002777,0.002339,0.001448,0.000692,0.000059,-0.000004,0.000439,0.000885,0.001321,0.001447,0.001186,0.000798,-0.000027,-0.001046,-0.001479,-0.001255,-0.000687,-0.000084,0.000186,0.000033,-0.000246,-0.000472,-0.000475,-0.000205,0.000011,0.000142,0.000216,-0.000107,-0.000823,-0.001201,-0.000754,-0.000133,0.000147,0.000193,0.000038,-0.000194,-0.000376,-0.000552,-0.000726,-0.000679,-0.000432,-0.000335,-0.000242,-0.000022,0.000123,0.000067,0.000041,-0.000026,-0.000378,-0.000932,-0.001277,-0.000910,0.000344,0.001534,0.001719,0.001196,0.000639,0.000092,-0.000399,-0.000775,-0.000957,-0.000844,-0.000225,0.000439,0.000589,0.000322,0.000104,0.000064,0.000010,-0.000014,0.000045,0.000099,0.000243,0.000782,0.001506,0.001325,0.000153,-0.000763,-0.000849,-0.000712,-0.000613,-0.000416,-0.000224,-0.000014,0.000246,0.000529,0.000529,0.000225,0.000067,0.000055,0.000043,0.000037,-0.000001,0.000064,0.000101,0.000099,0.000109,0.000009,-0.000040,-0.000068,-0.000156,-0.000155,-0.000042,0.000145,0.000228,0.000196,0.000092,0.000100,0.000044,-0.000070,-0.000075,-0.000046,0.000097,0.000261,0.000170,0.000028,0.000056,0.000133,0.000254,0.000233,0.000072,-0.000063,-0.000062,0.000018,0.000097,0.000092,0.000102,0.015124,0.010301,0.011248,0.011992,0.012392,0.012880,0.011881,0.008384,0.004635,0.003249,0.002733,0.001302,-0.000015,-0.001004,-0.001861,-0.001763,-0.000557,0.000720,0.001246,0.000978,0.000146,-0.000712,-0.001030,-0.000650,-0.000031,-0.000102,-0.000692,-0.001327,-0.001804,-0.001847,-0.001260,-0.000536,-0.000153,-0.000028,0.000040,-0.000033,-0.000166,0.000067,0.000353,0.000323,0.000169,0.000070,-0.000099,-0.000116,0.000126,0.000149,-0.000000,-0.000060,-0.000170,-0.000041,0.000120,0.000079,0.000196,0.000445,0.000421,0.000289,0.000479,0.000984,0.001124,0.000412,0.000102,0.001098,0.002072,0.001403,-0.000525,-0.001838,-0.001879,-0.001682,-0.001696,-0.001604,-0.001185,-0.000564,0.000213,0.000741,0.000483,-0.000215,-0.000484,-0.000192,0.000268,0.000510,0.000384,0.000164,0.000114,0.000186,0.000202,-0.000027,-0.000694,-0.001589,-0.002193,-0.002227,-0.001568,-0.000450,0.000261,0.000301,0.000100,0.000020,0.000038,-0.000001,-0.000111,-0.000049,0.000089,0.000119,-0.000075,-0.000218,-0.000046,0.000042,-0.000070,-0.000046,-0.000051,-0.000050,0.000051,-0.000038,-0.000123,-0.000015,-0.000046,-0.000105,-0.000046,0.000131,0.000249,0.000067,-0.000086,-0.000154,-0.000191,-0.000130,-0.000133,-0.000257,-0.000247,-0.000068,-0.000063,-0.000161,-0.000141,-0.000063,-0.000042,0.000038,0.000122,0.000069,0.000002,0.000035,
-0.015355,-0.015699,-0.012618,-0.007295,-0.004689,-0.003301,-0.002502,-0.001946,-0.001068,0.000417,0.002137,0.003003,0.002555,0.001591,0.000792,0.000112,0.000017,0.000388,0.000933,0.001401,0.001488,0.001387,0.001051,0.000134,-0.001025,-0.001529,-0.001277,-0.000628,0.000038,0.000303,0.000093,-0.000276,-0.000534,-0.000425,-0.000076,0.000188,0.000248,0.000139,-0.000227,-0.000922,-0.001205,-0.000642,0.000048,0.000226,0.000126,-0.000065,-0.000325,-0.000441,-0.000599,-0.000871,-0.000756,-0.000456,-0.000347,-0.000161,0.000048,0.000103,0.000054,-0.000013,0.000012,-0.000281,-0.000902,-0.001271,-0.001037,0.000337,0.001823,0.002086,0.001493,0.000859,0.000133,-0.000427,-0.000615,-0.000683,-0.000526,-0.000048,0.000344,0.000269,-0.000044,-0.000032,0.000094,0.000039,-0.000017,0.000014,0.000200,0.000517,0.001049,0.001670,0.001592,0.000421,-0.000606,-0.000810,-0.000686,-0.000644,-0.000491,-0.000178,0.000059,0.000285,0.000496,0.000466,0.000174,0.000008,0.000026,0.000163,0.000155,0.000010,-0.000042,0.000036,0.000138,0.000161,0.000106,0.000067,-0.000013,-0.000043,-0.000019,-0.000055,0.000111,0.000256,0.000114,-0.000053,-0.000031,-0.000004,-0.000053,-0.000107,-0.000188,-0.000221,-0.000002,0.000179,0.000264,0.000175,-0.000004,0.000029,-0.000035,-0.000111,-0.000042,-0.000131,-0.000238,-0.000163,0.000021,0.000161,0.015082,0.010380,0.011314,0.011975,0.012474,0.012982,0.011776,0.008386,0.004789,0.003264,0.002779,0.001465,0.000007,-0.001093,-0.001867,-0.001589,-0.000274,0.000897,0.001308,0.000895,-0.000090,-0.001006,-0.001344,-0.000859,-0.000128,0.000007,-0.000504,-0.001184,-0.001654,-0.001578,-0.000855,-0.000117,0.000264,0.000324,0.000113,-0.000103,-0.000079,0.000207,0.000528,0.000463,0.000229,0.000071,-0.000124,-0.000050,0.000015,-0.000172,-0.000257,-0.000151,-0.000054,-0.000001,0.000102,0.000102,0.000104,0.000263,0.000318,0.000214,0.000410,0.000901,0.000931,0.000191,-0.000275,0.000697,0.001906,0.001570,-0.000056,-0.001272,-0.001478,-0.001464,-0.001618,-0.001689,-0.001377,-0.000675,0.000185,0.000704,0.000377,-0.000383,-0.000616,-0.000249,0.000308,0.000474,0.000272,0.000111,0.000047,0.000132,0.000095,-0.000257,-0.000898,-0.001675,-0.002153,-0.002210,-0.001620,-0.000570,0.000146,0.000238,0.000044,-0.000073,-0.000014,-0.000030,-0.000146,-0.000034,0.000141,0.000118,-0.000032,-0.000065,-0.000026,-0.000124,-0.000200,0.000038,0.000254,0.000289,0.000203,-0.000025,-0.000155,-0.000073,-0.000009,-0.000096,-0.000172,-0.000122,-0.000116,-0.000130,-0.000099,-0.000043,0.000010,-0.000020,-0.000060,-0.000060,-0.000087,-0.000019,0.000062,-0.000030,-0.000103,-0.000094,-0.000044,0.000022,0.000008,-0.000004,0.000087,0.000085,
-0.015561,-0.015745,-0.012636,-0.007392,-0.005054,-0.003999,-0.003216,-0.002467,-0.001453,0.000144,0.001979,0.002987,0.002634,0.001704,0.000903,0.000135,-0.000104,0.000418,0.001066,0.001487,0.001628,0.001447,0.000926,-0.000064,-0.001136,-0.001524,-0.001172,-0.000364,0.000248,0.000356,0.000142,-0.000095,-0.000297,-0.000388,-0.000130,0.000206,0.000374,0.000369,-0.000011,-0.000738,-0.001147,-0.000854,-0.000334,-0.000028,0.000148,0.000040,-0.000323,-0.000557,-0.000743,-0.000843,-0.000719,-0.000389,-0.000194,-0.000046,0.000119,0.000174,0.000049,-0.000003,0.000058,-0.000318,-0.000981,-0.001375,-0.001273,-0.000368,0.000929,0.001560,0.001288,0.000673,-0.000062,-0.000736,-0.001034,-0.001190,-0.001083,-0.000510,-0.000001,0.000113,0.000009,-0.000068,-0.000063,0.000023,0.000123,0.000155,0.000248,0.000497,0.001032,0.001620,0.001620,0.000537,-0.000579,-0.000847,-0.000685,-0.000577,-0.000463,-0.000140,0.000160,0.000270,0.000318,0.000249,0.000059,-0.000074,0.000015,0.000092,0.000034,-0.000078,-0.000132,-0.000135,-0.000081,0.000036,0.000119,-0.000057,-0.000184,-0.000157,-0.000082,0.000082,0.000204,0.000115,-0.000013,-0.000056,-0.000120,-0.000012,0.000053,0.000033,-0.000028,-0.000054,0.000064,0.000113,-0.000006,-0.000087,-0.000010,0.000022,-0.000080,-0.000131,-0.000109,-0.000120,-0.000097,0.000032,0.000183,0.000233,0.015147,0.010442,0.011349,0.012018,0.012528,0.012871,0.011643,0.008558,0.005157,0.003465,0.002784,0.001547,0.000195,-0.000972,-0.001916,-0.001795,-0.000454,0.000795,0.001227,0.000888,-0.000075,-0.001007,-0.001352,-0.000843,-0.000116,0.000053,-0.000358,-0.001066,-0.001576,-0.001659,-0.001183,-0.000697,-0.000459,-0.000269,-0.000031,0.000101,0.000078,0.000272,0.000443,0.000338,0.000229,0.000160,0.000052,0.000060,0.000016,-0.000071,-0.000097,-0.000109,-0.000068,0.000032,0.000106,0.000079,0.000177,0.000374,0.000423,0.000307,0.000459,0.000899,0.000891,0.000189,-0.000162,0.000706,0.001752,0.001403,-0.000197,-0.001532,-0.001814,-0.001708,-0.001677,-0.001666,-0.001398,-0.000680,0.000305,0.000868,0.000535,-0.000273,-0.000595,-0.000261,0.000071,0.000237,0.000194,0.000110,0.000131,0.000155,0.000207,-0.000051,-0.000704,-0.001505,-0.002144,-0.002385,-0.001749,-0.000538,0.000129,0.000076,0.000009,0.000074,0.000008,-0.000120,-0.000134,-0.000020,0.000102,0.000048,-0.000031,0.000056,0.000032,-0.000119,-0.000117,-0.000031,-0.000071,-0.000008,0.000058,-0.000011,-0.000052,-0.000050,0.000025,0.000046,0.000002,-0.000016,-0.000017,-0.000054,-0.000053,-0.000046,-0.000057,-0.000006,-0.000081,-0.000267,-0.000192,-0.000026,-0.000004,0.000039,0.000025,0.000002,0.000073,0.000179,0.000169,0.000098,0.000082,0.000003,
-0.015110,-0.015425,-0.012414,-0.007376,-0.005118,-0.004032,-0.003495,-0.002956,-0.001756,0.000108,0.002089,0.003047,0.002621,0.001804,0.001050,0.000215,-0.000051,0.000469,0.001028,0.001406,0.001533,0.001342,0.000911,-0.000037,-0.001140,-0.001552,-0.001239,-0.000479,0.000238,0.000317,0.000063,-0.000067,-0.000280,-0.000290,0.000021,0.000346,0.000486,0.000388,-0.000103,-0.000898,-0.001333,-0.000855,-0.000137,0.000095,0.000100,-0.000036,-0.000266,-0.000484,-0.000645,-0.000883,-0.000844,-0.000393,-0.000086,0.000050,0.000173,0.000172,0.000064,0.000083,0.000083,-0.000244,-0.000853,-0.001184,-0.000779,0.000414,0.001643,0.002060,0.001710,0.000885,-0.000090,-0.000806,-0.001063,-0.001101,-0.001073,-0.000634,0.000009,0.000185,0.000124,0.000133,0.000248,0.000331,0.000262,0.000072,0.000027,0.000228,0.000909,0.001710,0.001659,0.000497,-0.000764,-0.001222,-0.001161,-0.000908,-0.000549,-0.000137,0.000102,0.000192,0.000306,0.000385,0.000131,-0.000158,-0.000111,0.000023,0.000024,-0.000041,0.000009,0.000076,0.000150,0.000244,0.000122,-0.000041,-0.000138,-0.000079,0.000061,0.000124,0.000115,-0.000025,-0.000095,-0.000075,-0.000034,-0.000068,-0.000078,-0.000011,0.000032,0.000031,0.000107,0.000235,0.000172,0.000097,0.000201,0.000250,0.000080,-0.000020,-0.000035,-0.000104,-0.000137,-0.000043,0.000124,0.000208,0.015752,0.011012,0.011538,0.012006,0.012318,0.012360,0.011079,0.008171,0.005084,0.003581,0.002758,0.001476,0.000224,-0.000982,-0.002041,-0.001820,-0.000312,0.000969,0.001332,0.000875,-0.000132,-0.001062,-0.001375,-0.000879,-0.000109,0.000105,-0.000385,-0.001043,-0.001551,-0.001722,-0.001373,-0.000963,-0.000741,-0.000471,-0.000078,0.000175,0.000211,0.000271,0.000426,0.000388,0.000238,0.000179,0.000124,0.000063,-0.000058,-0.000239,-0.000252,-0.000047,0.000087,0.000153,0.000136,0.000019,0.000024,0.000335,0.000500,0.000345,0.000456,0.000897,0.000915,0.000220,-0.000034,0.000955,0.001857,0.001213,-0.000511,-0.001711,-0.001778,-0.001672,-0.001740,-0.001742,-0.001537,-0.000952,-0.000019,0.000637,0.000552,-0.000114,-0.000421,-0.000074,0.000342,0.000514,0.000411,0.000115,-0.000088,-0.000041,0.000055,-0.000178,-0.000857,-0.001660,-0.002092,-0.002026,-0.001438,-0.000497,0.000099,0.000232,0.000146,0.000087,-0.000029,-0.000184,-0.000155,0.000014,0.000189,0.000251,0.000175,0.000106,-0.000014,-0.000124,-0.000111,0.000066,0.000212,0.000245,0.000095,-0.000149,-0.000161,0.000010,0.000096,-0.000029,-0.000180,-0.000122,-0.000082,0.000013,0.000045,-0.000048,-0.000157,-0.000146,-0.000130,-0.000203,-0.000214,-0.000142,-0.000128,-0.000111,-0.000037,-0.000024,-0.000003,0.000020,-0.000001,-0.000037,-0.000001,0.000061,
-0.014755,-0.014974,-0.012090,-0.007104,-0.004844,-0.003832,-0.003503,-0.003111,-0.001902,0.000047,0.002104,0.003109,0.002778,0.001987,0.001299,0.000404,-0.000007,0.000431,0.000995,0.001382,0.001524,0.001299,0.000769,-0.000197,-0.001241,-0.001576,-0.001238,-0.000439,0.000352,0.000479,0.000130,-0.000222,-0.000581,-0.000648,-0.000382,-0.000052,0.000265,0.000354,-0.000050,-0.000954,-0.001444,-0.001064,-0.000285,0.000118,0.000149,0.000080,-0.000247,-0.000442,-0.000550,-0.000718,-0.000694,-0.000415,-0.000153,-0.000081,0.000036,0.000127,0.000021,-0.000028,0.000012,-0.000340,-0.001021,-0.001451,-0.001223,0.000115,0.001452,0.001544,0.000890,0.000317,-0.000245,-0.000746,-0.000857,-0.000885,-0.000773,-0.000341,0.000131,0.000242,-0.000078,-0.000225,-0.000069,0.000035,0.000084,0.000118,0.000234,0.000566,0.000981,0.001486,0.001364,0.000220,-0.000941,-0.001207,-0.000925,-0.000735,-0.000414,0.000132,0.000376,0.000263,0.000414,0.000458,0.000146,-0.000064,-0.000078,0.000015,-0.000050,-0.000128,-0.000016,0.000086,0.000079,0.000095,0.000003,-0.000201,-0.000238,-0.000124,-0.000019,0.000063,0.000095,0.000075,-0.000044,-0.000123,-0.000081,0.000019,0.000068,0.000003,-0.000079,-0.000010,0.000056,0.000139,0.000187,0.000186,0.000123,0.000007,-0.000087,-0.000197,-0.000187,-0.000188,-0.000087,0.000075,0.000087,0.000090,0.015959,0.011235,0.011697,0.011857,0.011985,0.011833,0.010489,0.007830,0.004961,0.003468,0.002638,0.001433,0.000199,-0.000985,-0.001971,-0.001783,-0.000364,0.000836,0.001127,0.000743,-0.000047,-0.000883,-0.001189,-0.000686,-0.000040,0.000047,-0.000369,-0.000849,-0.001297,-0.001473,-0.001182,-0.000860,-0.000748,-0.000511,-0.000082,0.000102,0.000123,0.000269,0.000386,0.000338,0.000294,0.000221,0.000096,0.000092,0.000017,-0.000147,-0.000205,-0.000211,-0.000121,0.000026,0.000197,0.000141,0.000093,0.000202,0.000179,0.000166,0.000456,0.000884,0.000866,0.000238,-0.000168,0.000720,0.001867,0.001516,-0.000354,-0.001943,-0.002195,-0.002043,-0.001841,-0.001461,-0.001073,-0.000630,0.000076,0.000522,0.000302,-0.000197,-0.000450,-0.000167,0.000286,0.000412,0.000244,0.000029,-0.000041,0.000080,0.000233,-0.000026,-0.000773,-0.001548,-0.002131,-0.002190,-0.001568,-0.000557,0.000182,0.000321,0.000186,0.000158,0.000264,0.000081,-0.000082,0.000112,0.000252,0.000211,0.000139,0.000051,0.000048,0.000136,0.000148,0.000116,0.000180,0.000184,0.000050,-0.000053,-0.000042,-0.000019,-0.000046,-0.000138,-0.000186,-0.000060,-0.000030,-0.000071,-0.000090,-0.000139,-0.000154,-0.000013,-0.000001,-0.000141,-0.000072,-0.000012,-0.000006,0.000008,-0.000099,-0.000233,-0.000123,0.000027,-0.000007,-0.000080,-0.000052,0.000033,
-0.015090,-0.015142,-0.012206,-0.007188,-0.004895,-0.004093,-0.003916,-0.003589,-0.002225,-0.000014,0.001976,0.002945,0.002752,0.002175,0.001452,0.000464,0.000031,0.000417,0.000946,0.001307,0.001506,0.001368,0.000836,-0.000097,-0.001079,-0.001529,-0.001194,-0.000390,0.000355,0.000637,0.000281,-0.000162,-0.000378,-0.000301,0.000066,0.000432,0.000582,0.000497,0.000055,-0.000723,-0.001191,-0.000793,-0.000180,0.000030,0.000174,0.000136,-0.000147,-0.000235,-0.000314,-0.000631,-0.000621,-0.000296,-0.000024,0.000064,0.000118,0.000213,0.000163,0.000069,-0.000023,-0.000275,-0.000733,-0.001034,-0.000758,0.000269,0.001690,0.002345,0.001883,0.001031,0.000207,-0.000437,-0.000635,-0.000687,-0.000610,-0.000224,0.000185,0.000154,-0.000163,-0.000257,-0.000108,0.000019,0.000170,0.000302,0.000352,0.000531,0.001089,0.001751,0.001537,0.000263,-0.000914,-0.001022,-0.000729,-0.000583,-0.000283,0.000065,0.000311,0.000472,0.000462,0.000275,0.000033,-0.000118,-0.000062,0.000097,0.000033,-0.000095,-0.000066,-0.000011,0.000014,0.000054,0.000113,0.000011,-0.000220,-0.000225,-0.000049,0.000103,0.000173,0.000197,0.000031,-0.000255,-0.000248,-0.000149,-0.000092,-0.000011,-0.000064,-0.000282,-0.000170,0.000111,0.000195,0.000135,0.000040,-0.000099,-0.000223,-0.000216,-0.000212,-0.000167,-0.000146,-0.000071,0.000001,-0.000037,0.015143,0.010496,0.011226,0.011466,0.011336,0.010917,0.009459,0.007124,0.004851,0.003616,0.002782,0.001603,0.000474,-0.000774,-0.001993,-0.001892,-0.000361,0.000992,0.001391,0.000927,-0.000082,-0.000930,-0.001111,-0.000602,-0.000057,-0.000063,-0.000471,-0.000984,-0.001493,-0.001567,-0.001261,-0.001001,-0.000786,-0.000568,-0.000276,-0.000027,0.000202,0.000463,0.000469,0.000273,0.000283,0.000340,0.000209,-0.000025,-0.000161,-0.000234,-0.000243,-0.000158,-0.000071,0.000032,0.000188,0.000203,0.000110,0.000230,0.000328,0.000175,0.000345,0.000854,0.000739,-0.000001,-0.000305,0.000370,0.001286,0.001147,-0.000226,-0.001556,-0.001860,-0.001877,-0.001967,-0.001804,-0.001409,-0.000733,0.000213,0.000753,0.000538,-0.000125,-0.000544,-0.000307,0.000108,0.000251,0.000198,0.000114,0.000082,0.000163,0.000122,-0.000267,-0.000955,-0.001804,-0.002417,-0.002417,-0.001700,-0.000595,0.000087,0.000135,-0.000062,-0.000019,-0.000000,-0.000199,-0.000201,-0.000104,-0.000149,-0.000055,0.000024,-0.000066,-0.000096,-0.000163,-0.000224,-0.000044,0.000030,-0.000054,-0.000155,-0.000196,-0.000129,0.000024,-0.000015,-0.000094,-0.000031,-0.000082,-0.000188,-0.000198,-0.000196,-0.000177,-0.000140,-0.000099,-0.000181,-0.000346,-0.000342,-0.000199,-0.000085,-0.000157,-0.000241,-0.000213,-0.000201,-0.000094,0.000013,0.000008,-0.000015,0.000050,
-0.015183,-0.015260,-0.012381,-0.007247,-0.004622,-0.003707,-0.003808,-0.003574,-0.002237,-0.000012,0.002129,0.003189,0.003034,0.002404,0.001555,0.000391,-0.000117,0.000349,0.000963,0.001443,0.001613,0.001277,0.000684,-0.000176,-0.001105,-0.001364,-0.001006,-0.000349,0.000312,0.000394,0.000005,-0.000403,-0.000581,-0.000405,-0.000128,0.000140,0.000302,0.000228,-0.000143,-0.000883,-0.001317,-0.000915,-0.000251,0.000149,0.000158,-0.000113,-0.000330,-0.000423,-0.000552,-0.000712,-0.000716,-0.000416,-0.000235,-0.000131,0.000061,0.000133,0.000039,0.000092,0.000154,-0.000245,-0.000876,-0.001146,-0.000829,0.000283,0.001379,0.001641,0.001307,0.000809,0.000202,-0.000387,-0.000763,-0.000855,-0.000672,-0.000095,0.000441,0.000429,0.000050,-0.000158,-0.000122,-0.000083,-0.000046,0.000072,0.000111,0.000349,0.000986,0.001638,0.001554,0.000345,-0.000841,-0.001012,-0.000765,-0.000611,-0.000403,-0.000190,-0.000045,0.000222,0.000411,0.000237,-0.000075,-0.000165,-0.000007,0.000110,0.000024,-0.000073,0.000009,0.000064,0.000115,0.000137,0.000001,-0.000125,-0.000078,-0.000030,0.000001,0.000087,0.000040,0.000076,0.000107,-0.000063,-0.000101,-0.000052,-0.000061,0.000013,0.000017,-0.000081,0.000010,0.000134,0.000057,-0.000003,0.000010,-0.000064,-0.000122,0.000001,-0.000081,-0.000164,0.000013,0.000081,0.000098,0.000107,0.014938,0.010175,0.010919,0.011200,0.010916,0.010288,0.008698,0.006613,0.004711,0.003594,0.002809,0.001732,0.000672,-0.000497,-0.001713,-0.001804,-0.000433,0.000971,0.001331,0.000755,-0.000188,-0.000996,-0.001342,-0.000891,-0.000218,-0.000154,-0.000577,-0.001178,-0.001803,-0.001874,-0.001288,-0.000805,-0.000552,-0.000230,-0.000062,-0.000080,-0.000132,0.000010,0.000265,0.000164,0.000138,0.000288,0.000134,0.000008,0.000103,0.000086,-0.000066,-0.000100,-0.000080,-0.000049,0.000085,0.000134,0.000201,0.000316,0.000343,0.000214,0.000302,0.000843,0.000862,0.000268,0.000099,0.001001,0.001970,0.001337,-0.000621,-0.001850,-0.001820,-0.001737,-0.001860,-0.001762,-0.001301,-0.000560,0.000197,0.000602,0.000283,-0.000356,-0.000703,-0.000320,0.000224,0.000390,0.000242,0.000043,0.000056,0.000206,0.000324,0.000028,-0.000750,-0.001657,-0.002325,-0.002412,-0.001764,-0.000720,0.000063,0.000190,0.000027,0.000046,0.000001,-0.000118,-0.000122,-0.000015,0.000044,0.000121,0.000080,-0.000085,-0.000041,0.000040,0.000013,-0.000007,-0.000052,0.000024,0.000084,-0.000010,-0.000062,-0.000006,-0.000032,-0.000112,-0.000086,0.000018,0.000031,-0.000023,0.000020,0.000016,0.000040,0.000066,-0.000031,-0.000177,-0.000186,-0.000089,-0.000033,0.000009,-0.000039,-0.000053,0.000046,0.000065,0.000001,-0.000013,-0.000014,0.000034,
-0.015211,-0.015201,-0.012228,-0.006983,-0.004235,-0.003247,-0.003384,-0.003435,-0.002326,-0.000168,0.001955,0.003045,0.002931,0.002315,0.001555,0.000506,-0.000013,0.000365,0.000960,0.001336,0.001453,0.001317,0.000757,-0.000212,-0.001174,-0.001447,-0.001051,-0.000381,0.000259,0.000393,-0.000040,-0.000520,-0.000791,-0.000589,-0.000166,0.000128,0.000277,0.000117,-0.000396,-0.001205,-0.001581,-0.000970,-0.000141,0.000115,0.000071,-0.000083,-0.000271,-0.000360,-0.000449,-0.000606,-0.000637,-0.000416,-0.000236,-0.000153,0.000132,0.000280,0.000095,0.000022,0.000026,-0.000390,-0.000999,-0.001294,-0.001052,0.000219,0.001739,0.002160,0.001632,0.000957,0.000265,-0.000300,-0.000516,-0.000605,-0.000439,-0.000026,0.000331,0.000377,0.000128,-0.000012,0.000183,0.000266,0.000225,0.000203,0.000217,0.000468,0.001054,0.001713,0.001644,0.000490,-0.000708,-0.001014,-0.000850,-0.000715,-0.000445,-0.000096,0.000096,0.000199,0.000332,0.000386,0.000190,0.000061,0.000040,0.000082,0.000056,-0.000014,0.000008,0.000026,0.000031,0.000041,0.000039,-0.000035,-0.000101,-0.000042,0.000087,0.000132,0.000066,-0.000023,-0.000162,-0.000250,-0.000096,0.000039,0.000025,-0.000042,-0.000015,0.000068,0.000129,0.000146,0.000214,0.000178,0.000144,0.000127,0.000046,-0.000018,0.000014,0.000068,0.000059,0.000100,0.000178,0.000150,0.014819,0.009964,0.010676,0.010997,0.010479,0.009526,0.008046,0.006183,0.004437,0.003702,0.002997,0.001799,0.000890,-0.000152,-0.001433,-0.001663,-0.000485,0.000780,0.001195,0.000732,-0.000225,-0.000974,-0.001272,-0.000875,-0.000184,0.000040,-0.000416,-0.001105,-0.001655,-0.001648,-0.000924,-0.000028,0.000530,0.000520,0.000085,-0.000298,-0.000327,-0.000063,0.000188,0.000154,0.000120,0.000127,0.000036,-0.000096,-0.000167,-0.000181,-0.000163,-0.000069,-0.000015,-0.000026,-0.000023,0.000023,0.000224,0.000426,0.000387,0.000226,0.000386,0.000935,0.000947,0.000146,-0.000251,0.000750,0.001945,0.001592,-0.000114,-0.001555,-0.001883,-0.001862,-0.001872,-0.001722,-0.001319,-0.000619,0.000301,0.000780,0.000368,-0.000422,-0.000635,-0.000165,0.000333,0.000381,0.000193,0.000029,0.000043,0.000186,0.000226,-0.000072,-0.000831,-0.001645,-0.002157,-0.002287,-0.001732,-0.000670,0.000015,0.000139,0.000033,0.000026,0.000028,-0.000084,-0.000068,-0.000003,0.000068,0.000188,0.000108,0.000024,0.000048,-0.000050,-0.000112,-0.000092,-0.000047,0.000071,0.000032,-0.000150,-0.000106,-0.000014,-0.000077,-0.000152,-0.000137,-0.000068,-0.000039,-0.000033,-0.000031,-0.000104,-0.000123,-0.000074,-0.000110,-0.000177,-0.000044,0.000083,-0.000013,-0.000138,-0.000136,-0.000126,-0.000111,-0.000030,-0.000001,-0.000034,0.000060,0.000164,
-0.014926,-0.014922,-0.012008,-0.006535,-0.003371,-0.002166,-0.002600,-0.003226,-0.002402,-0.000092,0.002213,0.003023,0.002615,0.002029,0.001525,0.000634,0.000049,0.000340,0.000910,0.001298,0.001362,0.001250,0.000842,-0.000115,-0.001099,-0.001443,-0.001156,-0.000267,0.000486,0.000639,0.000281,-0.000271,-0.000658,-0.000601,-0.000143,0.000289,0.000404,0.000270,-0.000086,-0.000910,-0.001378,-0.000861,-0.000135,0.000160,0.000141,-0.000017,-0.000142,-0.000276,-0.000579,-0.000795,-0.000768,-0.000420,-0.000052,0.000069,0.000147,0.000221,0.000157,0.000009,-0.000016,-0.000276,-0.000844,-0.001303,-0.001239,-0.000222,0.001153,0.001680,0.001278,0.000626,-0.000083,-0.000702,-0.000932,-0.000956,-0.000793,-0.000237,0.000346,0.000418,0.000100,-0.000093,-0.000066,0.000110,0.000250,0.000187,0.000130,0.000350,0.000986,0.001654,0.001512,0.000356,-0.000683,-0.000828,-0.000709,-0.000647,-0.000369,-0.000094,0.000104,0.000328,0.000390,0.000285,0.000003,-0.000190,-0.000083,0.000099,0.000059,-0.000003,0.000080,0.000103,0.000130,0.000210,0.000144,0.000034,-0.000039,-0.000086,-0.000025,0.000032,0.000047,0.000000,-0.000061,-0.000046,-0.000036,-0.000073,-0.000127,-0.000120,-0.000086,-0.000134,-0.000051,0.000118,0.000118,0.000029,-0.000034,-0.000025,-0.000069,-0.000102,-0.000152,-0.000140,-0.000057,0.000021,0.000098,0.000168,0.014942,0.010167,0.010894,0.010946,0.010222,0.009075,0.007489,0.005915,0.004472,0.003553,0.002886,0.001923,0.001024,-0.000102,-0.001416,-0.001610,-0.000375,0.000848,0.001140,0.000645,-0.000303,-0.001018,-0.001164,-0.000665,-0.000048,0.000076,-0.000346,-0.001065,-0.001564,-0.001581,-0.001098,-0.000712,-0.000583,-0.000349,-0.000118,-0.000004,0.000134,0.000325,0.000488,0.000396,0.000167,0.000170,0.000166,0.000099,-0.000018,-0.000090,-0.000093,-0.000081,-0.000071,-0.000002,0.000108,0.000165,0.000299,0.000428,0.000335,0.000172,0.000383,0.000895,0.000944,0.000261,-0.000125,0.000797,0.001905,0.001704,0.000117,-0.001277,-0.001510,-0.001581,-0.001719,-0.001634,-0.001219,-0.000298,0.000647,0.000982,0.000442,-0.000471,-0.000817,-0.000398,0.000121,0.000330,0.000220,0.000069,0.000089,0.000237,0.000235,-0.000149,-0.000855,-0.001684,-0.002199,-0.002208,-0.001697,-0.000718,0.000049,0.000093,-0.000050,-0.000001,-0.000051,-0.000184,-0.000251,-0.000070,0.000079,0.000051,-0.000039,-0.000078,0.000066,0.000029,-0.000152,-0.000112,-0.000113,-0.000094,-0.000092,-0.000172,-0.000119,-0.000096,-0.000029,0.000000,-0.000076,-0.000068,-0.000032,-0.000048,-0.000097,-0.000148,-0.000169,-0.000195,-0.000131,-0.000079,-0.000068,-0.000074,-0.000079,-0.000104,-0.000141,-0.000072,-0.000009,0.000029,0.000046,-0.000003,0.000034,0.000034,
-0.014427,-0.014628,-0.011634,-0.006084,-0.002739,-0.001475,-0.002112,-0.002979,-0.002360,-0.000304,0.001898,0.002792,0.002608,0.002283,0.001697,0.000748,0.000124,0.000330,0.000913,0.001280,0.001425,0.001272,0.000738,-0.000165,-0.001129,-0.001391,-0.000953,-0.000206,0.000461,0.000627,0.000242,-0.000241,-0.000454,-0.000352,-0.000006,0.000236,0.000384,0.000442,-0.000005,-0.000878,-0.001357,-0.000949,-0.000305,0.000080,0.000292,0.000194,-0.000084,-0.000321,-0.000578,-0.000805,-0.000700,-0.000263,-0.000022,0.000081,0.000210,0.000311,0.000261,0.000105,0.000042,-0.000248,-0.000786,-0.000867,-0.000396,0.000544,0.001526,0.001952,0.001574,0.000835,0.000032,-0.000637,-0.000960,-0.001211,-0.001190,-0.000527,0.000133,0.000246,0.000108,0.000056,0.000020,0.000086,0.000062,-0.000064,0.000010,0.000485,0.001165,0.001774,0.001569,0.000343,-0.000716,-0.000938,-0.000859,-0.000649,-0.000317,-0.000032,0.000181,0.000344,0.000339,0.000229,0.000035,-0.000068,0.000026,0.000086,-0.000062,-0.000095,0.000015,0.000108,0.000145,0.000150,0.000096,-0.000049,-0.000144,-0.000183,-0.000035,0.000140,0.000088,0.000005,-0.000080,-0.000165,-0.000058,0.000054,-0.000041,-0.000216,-0.000247,-0.000151,0.000159,0.000374,0.000300,0.000151,0.000119,0.000090,0.000110,0.000108,0.000048,-0.000079,-0.000095,0.000037,0.000125,0.000146,0.015013,0.010162,0.010837,0.010775,0.009842,0.008650,0.007111,0.005497,0.004220,0.003508,0.002792,0.001855,0.001075,0.000086,-0.001236,-0.001536,-0.000380,0.000841,0.001236,0.000683,-0.000267,-0.000834,-0.001035,-0.000573,0.000212,0.000291,-0.000227,-0.000821,-0.001396,-0.001598,-0.001289,-0.000894,-0.000569,-0.000254,-0.000058,-0.000004,0.000120,0.000307,0.000371,0.000303,0.000188,0.000123,0.000138,0.000116,0.000012,-0.000194,-0.000398,-0.000360,-0.000227,-0.000005,0.000224,0.000223,0.000207,0.000338,0.000364,0.000214,0.000376,0.000969,0.001042,0.000230,-0.000170,0.000731,0.001697,0.001228,-0.000401,-0.001700,-0.001841,-0.001680,-0.001639,-0.001564,-0.001384,-0.000768,0.000233,0.000780,0.000427,-0.000193,-0.000564,-0.000303,0.000235,0.000327,0.000172,0.000093,0.000072,0.000172,0.000093,-0.000315,-0.000876,-0.001533,-0.002128,-0.002213,-0.001639,-0.000574,0.000154,0.000101,-0.000004,0.000032,-0.000088,-0.000247,-0.000174,-0.000014,0.000151,0.000272,0.000196,0.000059,0.000066,-0.000027,-0.000101,-0.000012,0.000087,0.000144,0.000010,-0.000208,-0.000190,-0.000052,-0.000023,-0.000076,-0.000138,-0.000161,-0.000085,-0.000084,-0.000096,0.000004,-0.000081,-0.000181,-0.000113,-0.000105,-0.000181,-0.000100,-0.000013,-0.000069,-0.000061,-0.000073,0.000018,0.000134,0.000077,-0.000077,-0.000129,-0.000067,
-0.014382,-0.014735,-0.011440,-0.005510,-0.002053,-0.000768,-0.001594,-0.002801,-0.002307,-0.000095,0.002045,0.002858,0.002612,0.002101,0.001391,0.000545,0.000219,0.000583,0.000960,0.001226,0.001318,0.001164,0.000697,-0.000146,-0.000987,-0.001298,-0.000966,-0.000131,0.000626,0.000686,0.000301,-0.000209,-0.000546,-0.000383,-0.000053,0.000119,0.000359,0.000405,-0.000088,-0.000921,-0.001377,-0.001040,-0.000338,0.000132,0.000333,0.000181,-0.000249,-0.000480,-0.000523,-0.000578,-0.000538,-0.000339,-0.000060,0.000095,0.000239,0.000231,0.000101,0.000065,0.000025,-0.000359,-0.000969,-0.001331,-0.001130,-0.000061,0.001191,0.001464,0.001029,0.000541,-0.000282,-0.000953,-0.001036,-0.001043,-0.000835,-0.000351,0.000054,0.000195,0.000057,-0.000097,-0.000102,0.000037,0.000094,0.000090,0.000230,0.000558,0.001085,0.001589,0.001315,0.000065,-0.001020,-0.001130,-0.000793,-0.000447,-0.000252,-0.000149,0.000055,0.000200,0.000304,0.000246,-0.000079,-0.000201,-0.000084,0.000019,0.000040,0.000010,-0.000073,-0.000159,-0.000154,-0.000134,-0.000129,-0.000050,0.000012,-0.000071,-0.000127,-0.000057,0.000047,0.000147,0.000093,-0.000116,-0.000183,-0.000103,-0.000114,-0.000102,-0.000099,-0.000150,-0.000018,0.000254,0.000290,0.000221,0.000174,0.000064,-0.000059,-0.000068,-0.000096,-0.000109,-0.000000,0.000127,0.000168,0.000278,0.014693,0.009984,0.010841,0.010754,0.009618,0.008323,0.006867,0.005384,0.004071,0.003428,0.002829,0.001980,0.001200,0.000118,-0.001160,-0.001543,-0.000563,0.000704,0.001115,0.000688,-0.000134,-0.001024,-0.001359,-0.000830,-0.000007,0.000220,-0.000156,-0.000817,-0.001419,-0.001453,-0.001118,-0.000893,-0.000714,-0.000422,-0.000143,-0.000100,0.000018,0.000150,0.000205,0.000319,0.000278,0.000134,0.000012,0.000016,0.000032,-0.000217,-0.000385,-0.000309,-0.000281,-0.000189,0.000062,0.000250,0.000161,0.000249,0.000356,0.000220,0.000346,0.000816,0.000819,0.000212,0.000055,0.000923,0.001733,0.001237,-0.000543,-0.001763,-0.001794,-0.001755,-0.001671,-0.001288,-0.000884,-0.000470,0.000135,0.000486,0.000280,-0.000198,-0.000488,-0.000273,0.000229,0.000349,0.000159,-0.000066,-0.000062,0.000124,0.000145,-0.000144,-0.000784,-0.001512,-0.002029,-0.002125,-0.001669,-0.000735,-0.000005,0.000160,-0.000022,-0.000121,-0.000120,-0.000118,-0.000039,0.000088,0.000203,0.000132,-0.000035,-0.000043,0.000108,0.000124,-0.000089,-0.000211,-0.000169,-0.000019,0.000094,0.000067,-0.000003,-0.000039,-0.000115,-0.000134,-0.000102,-0.000036,-0.000033,-0.000050,0.000004,0.000015,-0.000015,-0.000040,-0.000068,-0.000129,-0.000195,-0.000129,-0.000095,-0.000154,-0.000182,-0.000250,-0.000205,0.000052,0.000134,0.000025,0.000004,0.000050,
-0.015258,-0.015411,-0.012112,-0.005983,-0.002127,-0.000670,-0.001585,-0.003014,-0.002600,-0.000325,0.001988,0.002854,0.002415,0.001941,0.001497,0.000675,0.000089,0.000261,0.000828,0.001337,0.001425,0.001103,0.000565,-0.000333,-0.001286,-0.001562,-0.001165,-0.000315,0.000554,0.000861,0.000524,-0.000045,-0.000547,-0.000534,-0.000127,0.000269,0.000412,0.000358,-0.000050,-0.000896,-0.001357,-0.001081,-0.000447,0.000084,0.000170,-0.000070,-0.000291,-0.000468,-0.000738,-0.000948,-0.000832,-0.000347,-0.000015,0.000137,0.000232,0.000236,0.000090,-0.000015,0.000002,-0.000333,-0.000973,-0.001390,-0.001286,-0.000015,0.001802,0.002432,0.001765,0.000840,-0.000031,-0.000796,-0.001099,-0.000963,-0.000638,-0.000234,0.000117,0.000185,-0.000047,-0.000134,0.000012,0.000117,0.000140,0.000155,0.000200,0.000466,0.000947,0.001468,0.001333,0.000272,-0.000670,-0.000915,-0.000827,-0.000696,-0.000435,-0.000023,0.000243,0.000362,0.000486,0.000384,0.000051,-0.000178,-0.000198,-0.000078,0.000015,-0.000074,-0.000103,0.000015,-0.000013,-0.000032,0.000001,0.000019,-0.000012,-0.000001,-0.000016,0.000064,0.000118,0.000087,0.000002,-0.000048,0.000004,0.000000,-0.000052,-0.000136,-0.000150,-0.000021,0.000218,0.000345,0.000213,0.000143,0.000085,-0.000023,0.000003,0.000057,-0.000094,-0.000164,-0.000021,0.000134,0.000229,0.000162,0.013554,0.008733,0.009783,0.010217,0.009411,0.008195,0.006665,0.005021,0.003752,0.003427,0.003007,0.002138,0.001397,0.000453,-0.000848,-0.001306,-0.000392,0.000711,0.001038,0.000702,-0.000137,-0.001055,-0.001288,-0.000662,0.000097,0.000195,-0.000187,-0.000797,-0.001448,-0.001537,-0.001082,-0.000796,-0.000646,-0.000458,-0.000249,0.000051,0.000326,0.000507,0.000578,0.000362,0.000197,0.000260,0.000258,0.000176,-0.000109,-0.000411,-0.000433,-0.000334,-0.000231,-0.000026,0.000052,0.000032,0.000180,0.000491,0.000559,0.000325,0.000339,0.000842,0.001002,0.000269,-0.000306,0.000332,0.001357,0.001162,-0.000548,-0.002071,-0.002367,-0.002343,-0.002168,-0.001842,-0.001339,-0.000534,0.000426,0.000925,0.000515,-0.000255,-0.000650,-0.000345,0.000144,0.000382,0.000308,0.000097,0.000069,0.000204,0.000366,0.000010,-0.000919,-0.001793,-0.002265,-0.002286,-0.001635,-0.000609,0.000072,0.000221,0.000058,-0.000063,-0.000007,-0.000033,-0.000075,0.000032,0.000188,0.000154,0.000111,0.000073,0.000013,0.000020,-0.000021,-0.000069,-0.000043,-0.000031,-0.000006,0.000018,0.000024,0.000047,-0.000040,-0.000015,0.000054,0.000051,0.000018,-0.000023,-0.000028,-0.000044,-0.000119,-0.000113,-0.000010,-0.000042,-0.000094,-0.000038,-0.000113,-0.000226,-0.000211,-0.000145,-0.000067,-0.000058,0.000004,0.000025,0.000001,-0.000000,
-0.015030,-0.015298,-0.012112,-0.005807,-0.001793,-0.000334,-0.001381,-0.002950,-0.002597,-0.000389,0.001855,0.002629,0.002232,0.001784,0.001425,0.000721,0.000173,0.000292,0.000887,0.001433,0.001549,0.001308,0.000751,-0.000268,-0.001267,-0.001513,-0.001161,-0.000462,0.000300,0.000624,0.000347,-0.000223,-0.000562,-0.000499,-0.000166,0.000198,0.000351,0.000343,-0.000074,-0.000955,-0.001394,-0.000956,-0.000358,-0.000067,0.000122,0.000058,-0.000061,-0.000148,-0.000471,-0.000678,-0.000570,-0.000262,-0.000053,-0.000049,0.000069,0.000124,0.000015,0.000048,0.000113,-0.000210,-0.000672,-0.000741,-0.000427,0.000355,0.001282,0.001681,0.001465,0.000880,0.000075,-0.000456,-0.000564,-0.000651,-0.000600,-0.000173,0.000247,0.000311,-0.000012,-0.000194,-0.000130,-0.000037,0.000026,0.000023,0.000010,0.000359,0.001130,0.001838,0.001738,0.000480,-0.000797,-0.001094,-0.000876,-0.000722,-0.000443,-0.000110,0.000099,0.000330,0.000450,0.000315,0.000033,-0.000241,-0.000178,-0.000051,-0.000145,-0.000163,-0.000078,-0.000038,0.000054,0.000088,-0.000010,-0.000129,-0.000088,-0.000029,-0.000025,0.000049,0.000182,0.000206,0.000053,-0.000067,-0.000058,-0.000042,-0.000018,0.000014,0.000009,0.000063,0.000118,0.000184,0.000213,0.000063,0.000028,0.000054,0.000020,-0.000076,-0.000134,-0.000137,-0.000052,0.000164,0.000242,0.000165,0.013416,0.008612,0.009803,0.010097,0.009196,0.007966,0.006451,0.004919,0.003687,0.003238,0.002915,0.002253,0.001526,0.000517,-0.000879,-0.001357,-0.000402,0.000753,0.001119,0.000745,-0.000161,-0.000988,-0.001296,-0.000843,-0.000140,0.000106,-0.000247,-0.000937,-0.001456,-0.001518,-0.001177,-0.000851,-0.000652,-0.000351,-0.000195,-0.000142,-0.000070,0.000161,0.000373,0.000344,0.000342,0.000308,0.000210,0.000096,-0.000002,-0.000146,-0.000234,-0.000196,-0.000179,-0.000119,0.000097,0.000205,0.000270,0.000467,0.000477,0.000273,0.000372,0.000816,0.000810,0.000150,-0.000009,0.000977,0.001781,0.001233,-0.000161,-0.001177,-0.001429,-0.001564,-0.001604,-0.001448,-0.001150,-0.000584,0.000227,0.000667,0.000302,-0.000381,-0.000717,-0.000384,0.000194,0.000476,0.000357,0.000061,-0.000019,0.000164,0.000364,0.000092,-0.000747,-0.001681,-0.002279,-0.002305,-0.001655,-0.000668,0.000061,0.000191,0.000072,0.000076,-0.000009,-0.000178,-0.000113,0.000004,0.000031,0.000064,-0.000038,-0.000028,0.000084,0.000008,0.000037,0.000091,0.000097,0.000122,0.000043,-0.000082,-0.000084,-0.000089,-0.000029,0.000002,-0.000064,-0.000089,-0.000050,-0.000020,-0.000067,-0.000112,-0.000201,-0.000170,-0.000076,-0.000092,-0.000152,-0.000130,-0.000054,-0.000032,-0.000065,-0.000052,0.000029,0.000078,0.000002,-0.000095,-0.000076,-0.000040,
-0.014869,-0.015272,-0.011868,-0.005306,-0.001161,0.000206,-0.001007,-0.002668,-0.002445,-0.000282,0.001975,0.002698,0.002167,0.001624,0.001286,0.000616,0.000121,0.000254,0.000730,0.001230,0.001440,0.001321,0.000809,-0.000195,-0.001160,-0.001523,-0.001217,-0.000374,0.000340,0.000442,0.000059,-0.000484,-0.000664,-0.000326,0.000109,0.000334,0.000350,0.000140,-0.000418,-0.001110,-0.001382,-0.000875,-0.000162,0.000051,0.000029,-0.000049,-0.000085,-0.000206,-0.000503,-0.000800,-0.000764,-0.000510,-0.000177,0.000082,0.000179,0.000182,0.000075,0.000012,-0.000040,-0.000395,-0.000979,-0.001329,-0.000981,0.000322,0.001635,0.001887,0.001309,0.000672,0.000076,-0.000509,-0.000830,-0.000953,-0.000786,-0.000223,0.000402,0.000494,0.000187,-0.000046,-0.000057,-0.000032,-0.000077,-0.000023,0.000180,0.000462,0.001050,0.001740,0.001567,0.000249,-0.000854,-0.000987,-0.000748,-0.000549,-0.000373,-0.000165,0.000027,0.000253,0.000407,0.000323,0.000112,-0.000049,-0.000038,0.000086,0.000173,0.000043,-0.000068,0.000016,0.000114,0.000100,0.000004,-0.000141,-0.000179,-0.000138,-0.000071,0.000031,0.000015,0.000007,0.000047,-0.000020,-0.000090,-0.000081,-0.000088,-0.000085,-0.000016,0.000024,0.000079,0.000139,0.000048,-0.000001,0.000129,0.000104,-0.000070,-0.000157,-0.000185,-0.000103,0.000081,0.000239,0.000212,0.000119,0.013237,0.008508,0.009699,0.010042,0.009181,0.007923,0.006411,0.004845,0.003612,0.003312,0.003035,0.002124,0.001372,0.000517,-0.000820,-0.001336,-0.000534,0.000439,0.000923,0.000685,-0.000299,-0.001203,-0.001277,-0.000565,0.000248,0.000358,-0.000303,-0.001076,-0.001461,-0.001383,-0.001106,-0.000624,-0.000055,0.000090,-0.000093,-0.000371,-0.000449,-0.000156,0.000155,0.000285,0.000346,0.000268,-0.000001,-0.000117,-0.000090,-0.000200,-0.000240,-0.000210,-0.000205,-0.000092,0.000055,0.000134,0.000294,0.000475,0.000417,0.000224,0.000367,0.000963,0.001031,0.000362,0.000081,0.001061,0.002053,0.001409,-0.000366,-0.001668,-0.001720,-0.001621,-0.001781,-0.001645,-0.001117,-0.000394,0.000330,0.000688,0.000384,-0.000295,-0.000682,-0.000466,0.000051,0.000267,0.000096,-0.000073,-0.000055,0.000095,0.000161,-0.000066,-0.000770,-0.001572,-0.002060,-0.002172,-0.001597,-0.000439,0.000195,0.000036,-0.000173,-0.000091,-0.000114,-0.000293,-0.000179,0.000145,0.000308,0.000203,0.000067,0.000022,0.000005,0.000044,0.000043,0.000069,0.000167,0.000216,0.000187,-0.000007,-0.000164,-0.000154,-0.000056,0.000030,0.000003,-0.000054,-0.000118,-0.000097,-0.000002,-0.000062,-0.000127,-0.000113,-0.000111,-0.000091,-0.000015,0.000066,0.000089,0.000009,-0.000126,-0.000135,-0.000051,-0.000026,-0.000039,0.000006,0.000123,0.000126,
-0.014360,-0.015097,-0.011502,-0.004915,-0.000795,0.000691,-0.000560,-0.002362,-0.002232,-0.000232,0.001830,0.002467,0.002011,0.001404,0.001027,0.000483,0.000092,0.000373,0.000940,0.001446,0.001547,0.001170,0.000584,-0.000331,-0.001211,-0.001460,-0.001071,-0.000150,0.000727,0.000813,0.000269,-0.000354,-0.000613,-0.000345,0.000139,0.000420,0.000386,0.000239,-0.000217,-0.001073,-0.001523,-0.000943,-0.000135,0.000091,0.000013,0.000044,-0.000006,-0.000254,-0.000581,-0.000861,-0.000832,-0.000535,-0.000321,-0.000102,0.000104,0.000093,0.000022,0.000113,0.000136,-0.000238,-0.000793,-0.001138,-0.000921,0.000273,0.001701,0.002039,0.001555,0.000906,0.000147,-0.000480,-0.000708,-0.000793,-0.000592,-0.000060,0.000347,0.000374,0.000175,-0.000036,-0.000032,0.000178,0.000306,0.000183,0.000123,0.000478,0.001107,0.001643,0.001406,0.000263,-0.000808,-0.001030,-0.000749,-0.000539,-0.000262,0.000148,0.000362,0.000448,0.000466,0.000249,-0.000045,-0.000072,0.000049,0.000076,0.000165,0.000156,0.000001,-0.000014,0.000062,0.000093,0.000127,0.000049,-0.000022,0.000052,0.000038,0.000059,0.000120,0.000062,-0.000055,-0.000120,-0.000126,-0.000051,-0.000023,-0.000096,-0.000129,-0.000050,0.000096,0.000173,0.000153,0.000137,0.000180,0.000142,0.000077,0.000012,-0.000071,-0.000077,-0.000049,0.000040,0.000203,0.000222,0.013349,0.008598,0.009951,0.010098,0.009081,0.007813,0.006271,0.004778,0.003601,0.003238,0.002822,0.001979,0.001388,0.000635,-0.000566,-0.001207,-0.000595,0.000509,0.000988,0.000665,-0.000219,-0.001163,-0.001367,-0.000629,0.000133,0.000350,-0.000086,-0.000915,-0.001434,-0.001323,-0.000832,-0.000296,0.000093,0.000143,-0.000068,-0.000135,0.000026,0.000156,0.000278,0.000385,0.000435,0.000267,-0.000002,0.000038,0.000106,-0.000011,-0.000149,-0.000145,-0.000035,0.000067,0.000185,0.000262,0.000305,0.000428,0.000489,0.000389,0.000454,0.000869,0.000869,0.000212,-0.000033,0.000888,0.001969,0.001735,0.000117,-0.001263,-0.001424,-0.001480,-0.001688,-0.001682,-0.001248,-0.000431,0.000493,0.000912,0.000478,-0.000324,-0.000716,-0.000395,0.000156,0.000366,0.000275,0.000110,0.000034,0.000179,0.000218,-0.000163,-0.000821,-0.001588,-0.002166,-0.002257,-0.001621,-0.000549,0.000048,0.000099,-0.000050,-0.000093,-0.000079,-0.000165,-0.000112,0.000105,0.000277,0.000257,0.000103,0.000030,-0.000004,0.000018,0.000143,0.000146,-0.000001,-0.000046,-0.000053,-0.000112,-0.000135,-0.000131,-0.000080,0.000010,-0.000007,-0.000043,-0.000010,-0.000002,-0.000126,-0.000192,-0.000147,-0.000100,-0.000047,-0.000081,-0.000018,0.000040,-0.000063,-0.000194,-0.000205,-0.000045,0.000081,0.000091,0.000074,0.000049,0.000009,-0.000084,
-0.014428,-0.015015,-0.011421,-0.004728,-0.000438,0.000899,-0.000513,-0.002275,-0.002232,-0.000405,0.001780,0.002481,0.001852,0.001306,0.000993,0.000468,0.000163,0.000371,0.000809,0.001351,0.001553,0.001287,0.000649,-0.000453,-0.001451,-0.001546,-0.000970,-0.000090,0.000554,0.000625,0.000159,-0.000309,-0.000416,-0.000294,0.000090,0.000355,0.000402,0.000388,-0.000011,-0.000933,-0.001514,-0.001169,-0.000402,0.000068,0.000240,0.000222,0.000005,-0.000295,-0.000563,-0.000817,-0.000761,-0.000311,-0.000043,-0.000036,0.000095,0.000254,0.000167,0.000144,0.000043,-0.000476,-0.000857,-0.001080,-0.001116,-0.000315,0.001033,0.001625,0.001320,0.000748,0.000032,-0.000634,-0.000946,-0.001160,-0.001088,-0.000472,0.000194,0.000355,0.000056,-0.000141,-0.000120,0.000037,0.000193,0.000225,0.000175,0.000423,0.000982,0.001550,0.001559,0.000469,-0.000693,-0.001066,-0.000925,-0.000670,-0.000272,0.000039,0.000191,0.000367,0.000432,0.000239,-0.000058,-0.000123,0.000030,0.000089,0.000045,-0.000018,-0.000097,-0.000105,0.000073,0.000186,0.000087,-0.000095,-0.000154,-0.000108,0.000008,0.000057,0.000089,0.000035,-0.000187,-0.000216,-0.000058,0.000025,0.000007,-0.000049,-0.000072,-0.000019,0.000109,0.000195,0.000111,0.000073,0.000181,0.000109,-0.000087,-0.000171,-0.000191,-0.000094,0.000070,0.000090,0.000133,0.000287,0.012361,0.007628,0.009278,0.009781,0.008924,0.007764,0.006261,0.004707,0.003498,0.003127,0.002778,0.001973,0.001322,0.000666,-0.000426,-0.001043,-0.000523,0.000431,0.000937,0.000597,-0.000191,-0.000895,-0.001200,-0.000670,0.000013,0.000055,-0.000294,-0.000786,-0.001319,-0.001492,-0.001276,-0.001014,-0.000706,-0.000387,-0.000176,-0.000157,-0.000122,0.000058,0.000174,0.000129,0.000112,0.000116,0.000064,0.000000,-0.000102,-0.000177,-0.000182,-0.000201,-0.000358,-0.000295,0.000056,0.000281,0.000472,0.000649,0.000548,0.000266,0.000299,0.000822,0.000991,0.000288,-0.000036,0.000807,0.001701,0.001344,-0.000218,-0.001478,-0.001643,-0.001565,-0.001633,-0.001611,-0.001406,-0.000695,0.000272,0.000793,0.000489,-0.000374,-0.000890,-0.000644,-0.000063,0.000267,0.000146,0.000046,0.000114,0.000252,0.000310,0.000001,-0.000644,-0.001441,-0.002090,-0.002241,-0.001782,-0.000812,-0.000012,0.000168,0.000032,-0.000043,-0.000043,-0.000149,-0.000233,-0.000136,0.000010,0.000085,0.000078,0.000080,0.000044,-0.000054,-0.000041,-0.000120,-0.000102,0.000110,0.000165,0.000110,0.000087,0.000060,0.000019,0.000004,-0.000074,-0.000035,-0.000026,-0.000052,0.000020,-0.000005,-0.000101,-0.000040,-0.000016,-0.000100,-0.000125,-0.000047,-0.000044,-0.000100,-0.000132,-0.000161,-0.000092,0.000008,0.000010,0.000033,0.000071,0.000011,
-0.014491,-0.015329,-0.011720,-0.004864,-0.000505,0.000932,-0.000492,-0.002334,-0.002099,-0.000112,0.001848,0.002222,0.001612,0.001140,0.000900,0.000539,0.000309,0.000563,0.001010,0.001456,0.001530,0.001224,0.000567,-0.000430,-0.001328,-0.001623,-0.001202,-0.000160,0.000695,0.000767,0.000320,-0.000160,-0.000370,-0.000168,0.000165,0.000427,0.000686,0.000685,0.000093,-0.000858,-0.001271,-0.000847,-0.000168,0.000170,0.000143,0.000059,-0.000049,-0.000195,-0.000437,-0.000679,-0.000682,-0.000397,-0.000108,0.000067,0.000186,0.000141,0.000042,0.000014,-0.000041,-0.000413,-0.001001,-0.001186,-0.000806,0.000303,0.001539,0.001974,0.001583,0.000875,-0.000055,-0.000882,-0.001118,-0.001113,-0.001015,-0.000530,0.000045,0.000222,0.000098,-0.000074,-0.000093,0.000129,0.000250,0.000150,0.000078,0.000341,0.001025,0.001687,0.001522,0.000371,-0.000789,-0.001119,-0.000901,-0.000629,-0.000321,0.000042,0.000278,0.000321,0.000340,0.000337,0.000179,-0.000031,-0.000097,-0.000024,0.000038,0.000018,-0.000062,-0.000064,-0.000106,-0.000087,0.000005,0.000024,-0.000055,-0.000088,-0.000130,-0.000121,0.000056,0.000083,-0.000049,-0.000187,-0.000154,-0.000098,-0.000085,0.000019,0.000023,-0.000030,0.000046,0.000151,0.000126,0.000153,0.000199,0.000041,-0.000040,-0.000010,-0.000102,-0.000177,-0.000091,0.000043,0.000112,0.000126,0.012225,0.007453,0.009221,0.009856,0.008951,0.007667,0.006093,0.004536,0.003428,0.003123,0.002805,0.001959,0.001356,0.000662,-0.000490,-0.001089,-0.000623,0.000348,0.000942,0.000676,-0.000138,-0.000953,-0.001351,-0.000784,0.000193,0.000463,-0.000062,-0.000684,-0.001106,-0.001353,-0.001252,-0.001012,-0.000703,-0.000302,-0.000056,0.000047,0.000088,0.000133,0.000289,0.000296,0.000209,0.000206,0.000119,0.000085,-0.000027,-0.000269,-0.000370,-0.000286,-0.000351,-0.000252,0.000043,0.000228,0.000407,0.000535,0.000411,0.000225,0.000397,0.000934,0.000936,0.000266,0.000060,0.001002,0.001977,0.001368,-0.000375,-0.001529,-0.001686,-0.001632,-0.001604,-0.001386,-0.001081,-0.000631,0.000084,0.000572,0.000410,-0.000185,-0.000608,-0.000423,0.000133,0.000405,0.000213,0.000013,0.000031,0.000091,0.000065,-0.000208,-0.000808,-0.001540,-0.002032,-0.002137,-0.001644,-0.000631,0.000094,0.000156,0.000027,-0.000070,-0.000159,-0.000224,-0.000218,0.000050,0.000253,0.000190,0.000089,-0.000003,-0.000035,-0.000055,-0.000094,-0.000033,0.000030,0.000086,0.000131,0.000081,0.000099,0.000089,-0.000005,-0.000075,-0.000116,-0.000040,0.000024,-0.000050,-0.000056,-0.000005,-0.000029,-0.000037,-0.000048,-0.000111,-0.000122,-0.000036,-0.000048,-0.000074,0.000021,0.000012,-0.000038,0.000058,0.000070,-0.000009,-0.000003,-0.000007,
-0.014339,-0.015217,-0.011573,-0.004704,-0.000308,0.001114,-0.000303,-0.002177,-0.002084,-0.000185,0.001685,0.002268,0.001759,0.001056,0.000794,0.000459,0.000162,0.000342,0.000875,0.001426,0.001475,0.001201,0.000611,-0.000488,-0.001495,-0.001675,-0.001035,0.000011,0.000809,0.000913,0.000434,-0.000234,-0.000641,-0.000527,-0.000044,0.000419,0.000618,0.000584,-0.000006,-0.000981,-0.001404,-0.000980,-0.000397,-0.000028,0.000208,0.000156,-0.000025,-0.000210,-0.000504,-0.000711,-0.000623,-0.000417,-0.000234,-0.000045,0.000160,0.000246,0.000090,0.000049,-0.000001,-0.000406,-0.000999,-0.001372,-0.001216,0.000050,0.001632,0.002028,0.001347,0.000589,-0.000230,-0.001011,-0.001193,-0.001002,-0.000770,-0.000315,0.000163,0.000207,0.000091,-0.000007,0.000036,0.000209,0.000171,0.000074,0.000059,0.000243,0.000860,0.001618,0.001568,0.000217,-0.000970,-0.001032,-0.000756,-0.000559,-0.000278,0.000081,0.000285,0.000369,0.000521,0.000488,0.000102,-0.000241,-0.000185,-0.000093,-0.000126,-0.000148,-0.000139,-0.000089,-0.000003,-0.000007,-0.000079,-0.000023,-0.000105,-0.000104,0.000021,0.000096,0.000192,0.000150,-0.000032,-0.000121,-0.000084,-0.000060,-0.000034,-0.000083,-0.000211,-0.000150,0.000058,0.000184,0.000210,0.000195,0.000173,0.000055,0.000008,-0.000058,-0.000087,-0.000100,-0.000076,-0.000008,0.000075,0.000149,0.011966,0.007139,0.009030,0.009690,0.008896,0.007787,0.006212,0.004536,0.003255,0.002977,0.002755,0.001900,0.001294,0.000658,-0.000424,-0.001050,-0.000521,0.000457,0.000935,0.000653,-0.000251,-0.000955,-0.001153,-0.000698,0.000097,0.000312,-0.000098,-0.000678,-0.001265,-0.001436,-0.001163,-0.000855,-0.000567,-0.000340,-0.000206,-0.000053,0.000063,0.000152,0.000299,0.000228,0.000110,0.000149,0.000202,0.000182,-0.000059,-0.000352,-0.000426,-0.000345,-0.000219,-0.000090,0.000092,0.000207,0.000314,0.000532,0.000482,0.000191,0.000319,0.000838,0.000846,0.000195,-0.000123,0.000666,0.001794,0.001585,-0.000233,-0.001871,-0.002139,-0.001998,-0.001977,-0.001677,-0.001163,-0.000585,0.000109,0.000506,0.000271,-0.000307,-0.000696,-0.000488,-0.000007,0.000209,0.000134,-0.000049,-0.000050,0.000188,0.000349,0.000043,-0.000775,-0.001633,-0.002138,-0.002253,-0.001640,-0.000553,0.000210,0.000340,0.000137,0.000031,0.000010,-0.000162,-0.000192,-0.000009,0.000125,0.000156,0.000103,0.000092,0.000118,0.000111,0.000017,-0.000050,0.000037,0.000088,0.000064,-0.000068,-0.000129,-0.000122,-0.000079,-0.000105,-0.000128,-0.000028,-0.000023,-0.000098,-0.000082,-0.000086,-0.000097,-0.000126,-0.000160,-0.000185,-0.000179,-0.000199,-0.000172,-0.000134,-0.000040,0.000011,0.000060,0.000121,0.000094,0.000038,-0.000012,-0.000044,
-0.014467,-0.015220,-0.011615,-0.004718,-0.000232,0.001317,-0.000173,-0.002230,-0.002119,-0.000222,0.001675,0.002133,0.001400,0.000742,0.000639,0.000458,0.000316,0.000449,0.000816,0.001345,0.001625,0.001335,0.000649,-0.000389,-0.001401,-0.001733,-0.001223,-0.000176,0.000677,0.000944,0.000582,-0.000132,-0.000457,-0.000317,0.000051,0.000433,0.000621,0.000497,-0.000086,-0.000964,-0.001377,-0.000920,-0.000172,0.000149,0.000168,0.000065,0.000000,-0.000051,-0.000336,-0.000717,-0.000778,-0.000490,-0.000208,-0.000138,-0.000014,0.000106,0.000084,0.000014,-0.000003,-0.000286,-0.000743,-0.000834,-0.000530,0.000413,0.001683,0.002228,0.001781,0.000994,0.000192,-0.000481,-0.000718,-0.000815,-0.000867,-0.000416,0.000059,0.000078,-0.000005,0.000025,0.000039,0.000042,0.000073,0.000128,0.000186,0.000505,0.001137,0.001661,0.001480,0.000255,-0.000864,-0.001047,-0.000827,-0.000625,-0.000314,0.000014,0.000194,0.000285,0.000447,0.000415,0.000048,-0.000177,-0.000069,0.000015,-0.000010,-0.000089,-0.000065,-0.000066,-0.000144,-0.000040,0.000043,0.000021,-0.000084,-0.000158,-0.000066,0.000076,0.000138,0.000101,0.000008,-0.000055,-0.000084,-0.000012,0.000016,-0.000043,-0.000067,0.000019,0.000180,0.000351,0.000252,0.000111,0.000071,0.000031,0.000031,-0.000054,-0.000046,-0.000015,-0.000024,0.000053,0.000160,0.000197,0.011419,0.006654,0.008823,0.009566,0.008697,0.007679,0.006238,0.004455,0.003108,0.002950,0.002845,0.002005,0.001296,0.000547,-0.000604,-0.001192,-0.000588,0.000407,0.000930,0.000759,-0.000007,-0.000915,-0.001317,-0.000797,0.000045,0.000281,-0.000024,-0.000590,-0.001160,-0.001461,-0.001281,-0.001002,-0.000749,-0.000301,-0.000020,0.000035,0.000039,0.000146,0.000284,0.000242,0.000230,0.000252,0.000226,0.000194,-0.000059,-0.000357,-0.000401,-0.000170,-0.000044,0.000049,0.000147,0.000300,0.000573,0.000625,0.000436,0.000173,0.000336,0.000947,0.000943,0.000179,-0.000215,0.000507,0.001397,0.001162,-0.000108,-0.001185,-0.001501,-0.001660,-0.001628,-0.001386,-0.001129,-0.000552,0.000265,0.000811,0.000561,-0.000190,-0.000643,-0.000400,0.000144,0.000396,0.000219,-0.000021,-0.000067,0.000075,0.000237,-0.000022,-0.000819,-0.001806,-0.002406,-0.002292,-0.001537,-0.000393,0.000266,0.000191,-0.000008,0.000016,-0.000036,-0.000118,-0.000109,-0.000051,0.000104,0.000102,0.000121,0.000156,0.000143,0.000152,0.000077,0.000045,0.000060,0.000057,0.000074,-0.000030,-0.000093,-0.000035,-0.000017,-0.000068,-0.000135,-0.000168,-0.000157,-0.000173,-0.000030,0.000082,-0.000037,-0.000193,-0.000132,-0.000030,0.000021,0.000006,-0.000018,-0.000070,-0.000143,-0.000123,-0.000042,0.000053,0.000100,0.000165,0.000177,0.000016,
-0.014622,-0.015455,-0.011862,-0.004699,0.000025,0.001373,-0.000465,-0.002398,-0.002121,-0.000231,0.001601,0.002055,0.001292,0.000706,0.000631,0.000430,0.000240,0.000380,0.000858,0.001441,0.001639,0.001287,0.000664,-0.000374,-0.001479,-0.001768,-0.001218,-0.000301,0.000406,0.000555,0.000108,-0.000499,-0.000695,-0.000486,0.000008,0.000473,0.000579,0.000459,-0.000068,-0.000968,-0.001349,-0.000930,-0.000254,0.000041,0.000088,0.000050,-0.000117,-0.000243,-0.000340,-0.000566,-0.000665,-0.000493,-0.000238,-0.000009,0.000188,0.000201,0.000080,0.000068,0.000103,-0.000260,-0.000914,-0.001194,-0.000877,0.000273,0.001505,0.001767,0.001281,0.000674,-0.000013,-0.000587,-0.000813,-0.000941,-0.000813,-0.000275,0.000293,0.000447,0.000227,0.000009,-0.000031,0.000014,0.000045,0.000068,0.000082,0.000341,0.000967,0.001525,0.001423,0.000366,-0.000754,-0.000962,-0.000697,-0.000560,-0.000390,-0.000060,0.000106,0.000135,0.000321,0.000291,0.000022,-0.000024,0.000063,0.000118,0.000130,0.000018,-0.000026,-0.000049,-0.000085,-0.000080,-0.000067,-0.000103,-0.000135,-0.000179,-0.000199,-0.000092,0.000086,0.000116,0.000026,-0.000039,-0.000074,-0.000077,0.000007,-0.000032,-0.000102,-0.000002,0.000131,0.000128,0.000193,0.000325,0.000195,0.000033,-0.000033,-0.000057,0.000000,0.000045,0.000081,0.000117,0.000110,0.000159,0.011220,0.006257,0.008397,0.009300,0.008617,0.007584,0.006016,0.004239,0.003008,0.002917,0.002784,0.001906,0.001241,0.000656,-0.000414,-0.001076,-0.000597,0.000273,0.000838,0.000748,-0.000008,-0.000821,-0.001244,-0.000821,0.000023,0.000172,-0.000357,-0.000907,-0.001392,-0.001498,-0.001194,-0.000868,-0.000493,-0.000125,-0.000015,-0.000136,-0.000158,-0.000064,0.000077,0.000188,0.000217,0.000193,0.000077,-0.000055,-0.000085,-0.000147,-0.000167,-0.000066,-0.000153,-0.000235,-0.000009,0.000244,0.000385,0.000554,0.000546,0.000374,0.000448,0.000983,0.001153,0.000470,0.000220,0.001216,0.002058,0.001360,-0.000444,-0.001746,-0.001780,-0.001607,-0.001740,-0.001610,-0.001196,-0.000601,0.000214,0.000705,0.000419,-0.000246,-0.000673,-0.000451,0.000127,0.000351,0.000175,0.000072,0.000083,0.000174,0.000262,0.000035,-0.000645,-0.001568,-0.002242,-0.002270,-0.001529,-0.000408,0.000238,0.000188,-0.000036,-0.000084,-0.000087,-0.000133,-0.000069,0.000037,0.000136,0.000165,0.000018,0.000008,0.000068,0.000022,-0.000025,0.000011,0.000066,0.000111,0.000007,-0.000160,-0.000179,-0.000071,0.000027,-0.000061,-0.000139,-0.000143,-0.000226,-0.000214,-0.000124,-0.000053,-0.000045,0.000011,-0.000014,-0.000077,-0.000091,-0.000027,0.000004,-0.000055,-0.000017,0.000011,0.000003,-0.000002,-0.000026,-0.000037,-0.000001,0.000095,
-0.014339,-0.015198,-0.011426,-0.004285,0.000340,0.001654,-0.000121,-0.002163,-0.002106,-0.000208,0.001738,0.002197,0.001397,0.000725,0.000609,0.000352,0.000187,0.000442,0.000848,0.001431,0.001610,0.001232,0.000663,-0.000329,-0.001425,-0.001697,-0.001165,-0.000314,0.000481,0.000715,0.000240,-0.000577,-0.000965,-0.000521,0.000139,0.000503,0.000556,0.000334,-0.000226,-0.001061,-0.001391,-0.000851,-0.000199,0.000045,0.000132,0.000073,-0.000171,-0.000387,-0.000500,-0.000644,-0.000698,-0.000524,-0.000285,-0.000027,0.000202,0.000148,-0.000043,-0.000010,-0.000048,-0.000423,-0.000924,-0.001273,-0.000992,0.000366,0.001782,0.002083,0.001422,0.000746,0.000152,-0.000382,-0.000604,-0.000767,-0.000704,-0.000150,0.000453,0.000520,0.000164,-0.000007,-0.000002,0.000070,0.000178,0.000114,0.000041,0.000297,0.000927,0.001619,0.001477,0.000237,-0.000875,-0.001068,-0.000814,-0.000650,-0.000392,-0.000048,0.000167,0.000369,0.000418,0.000304,0.000079,-0.000049,-0.000088,-0.000128,-0.000107,-0.000080,-0.000008,0.000037,0.000034,0.000002,-0.000066,-0.000080,-0.000065,-0.000058,-0.000011,0.000003,0.000044,0.000120,0.000041,-0.000063,-0.000067,-0.000034,-0.000006,-0.000105,-0.000148,-0.000064,0.000057,0.000209,0.000228,0.000091,0.000056,0.000084,0.000049,-0.000019,-0.000062,-0.000030,-0.000006,-0.000001,0.000164,0.000259,0.011287,0.006448,0.008601,0.009327,0.008513,0.007545,0.005997,0.004274,0.003065,0.002964,0.002844,0.001920,0.001194,0.000555,-0.000512,-0.001041,-0.000487,0.000372,0.000801,0.000706,-0.000050,-0.000971,-0.001304,-0.000767,0.000089,0.000286,-0.000140,-0.000795,-0.001384,-0.001417,-0.000888,-0.000251,0.000222,0.000324,0.000037,-0.000269,-0.000305,-0.000153,-0.000005,0.000000,0.000069,0.000106,-0.000047,-0.000096,-0.000079,-0.000172,-0.000265,-0.000232,-0.000235,-0.000198,0.000015,0.000190,0.000434,0.000645,0.000534,0.000312,0.000404,0.000900,0.000951,0.000153,-0.000137,0.000876,0.002017,0.001658,0.000027,-0.001280,-0.001570,-0.001629,-0.001702,-0.001553,-0.001147,-0.000470,0.000362,0.000791,0.000430,-0.000326,-0.000749,-0.000373,0.000347,0.000506,0.000198,0.000068,0.000070,0.000165,0.000250,-0.000053,-0.000778,-0.001586,-0.002135,-0.002208,-0.001692,-0.000641,0.000166,0.000249,-0.000046,-0.000122,-0.000086,-0.000135,-0.000059,0.000027,0.000016,-0.000113,-0.000115,0.000033,0.000082,0.000044,0.000054,-0.000004,-0.000095,-0.000073,0.000019,-0.000011,-0.000064,0.000006,0.000041,-0.000036,-0.000029,-0.000006,-0.000025,-0.000061,0.000031,0.000044,-0.000053,-0.000130,-0.000152,-0.000060,-0.000051,-0.000112,-0.000063,-0.000042,-0.000158,-0.000227,-0.000075,0.000111,0.000202,0.000162,0.000094,0.000085,
-0.014157,-0.015038,-0.011206,-0.003983,0.000712,0.002034,0.000142,-0.001938,-0.001826,-0.000086,0.001702,0.002134,0.001325,0.000568,0.000447,0.000346,0.000264,0.000615,0.001029,0.001425,0.001563,0.001183,0.000443,-0.000565,-0.001501,-0.001691,-0.001135,-0.000224,0.000535,0.000750,0.000346,-0.000247,-0.000578,-0.000401,0.000200,0.000692,0.000869,0.000735,0.000028,-0.001035,-0.001350,-0.000840,-0.000233,0.000163,0.000269,0.000120,-0.000062,-0.000230,-0.000399,-0.000692,-0.000778,-0.000435,-0.000215,-0.000158,0.000063,0.000201,0.000157,0.000249,0.000162,-0.000394,-0.000925,-0.001167,-0.001102,-0.000272,0.001026,0.001560,0.001098,0.000468,-0.000212,-0.000788,-0.000966,-0.001120,-0.001035,-0.000502,0.000045,0.000325,0.000211,0.000046,-0.000035,0.000023,0.000121,0.000176,0.000143,0.000334,0.000966,0.001595,0.001536,0.000378,-0.000766,-0.000930,-0.000603,-0.000420,-0.000336,-0.000044,0.000153,0.000319,0.000551,0.000515,0.000198,-0.000064,-0.000157,0.000057,0.000287,0.000241,0.000040,-0.000064,0.000004,0.000092,0.000080,-0.000071,-0.000209,-0.000209,-0.000119,-0.000029,0.000053,0.000071,-0.000030,-0.000139,-0.000137,-0.000087,-0.000097,-0.000129,-0.000105,0.000015,0.000204,0.000235,0.000128,-0.000002,-0.000081,-0.000082,-0.000038,0.000009,-0.000027,-0.000019,0.000017,0.000038,0.000059,0.000102,0.011243,0.006504,0.008580,0.009262,0.008382,0.007332,0.005854,0.004134,0.003021,0.002820,0.002591,0.001747,0.001021,0.000480,-0.000476,-0.001065,-0.000605,0.000285,0.000831,0.000710,-0.000075,-0.000936,-0.001350,-0.000808,0.000091,0.000367,-0.000066,-0.000793,-0.001402,-0.001626,-0.001269,-0.000741,-0.000362,-0.000194,-0.000129,-0.000086,-0.000031,0.000067,0.000299,0.000373,0.000287,0.000174,0.000059,0.000050,0.000042,-0.000110,-0.000258,-0.000259,-0.000264,-0.000195,0.000078,0.000263,0.000439,0.000623,0.000497,0.000251,0.000337,0.000792,0.000978,0.000390,-0.000017,0.000763,0.001770,0.001493,0.000006,-0.001266,-0.001506,-0.001434,-0.001564,-0.001611,-0.001204,-0.000407,0.000553,0.001050,0.000470,-0.000491,-0.000844,-0.000367,0.000275,0.000399,0.000094,-0.000099,-0.000049,0.000138,0.000233,-0.000016,-0.000702,-0.001514,-0.002137,-0.002252,-0.001606,-0.000509,0.000126,0.000022,-0.000121,-0.000143,-0.000146,-0.000218,-0.000177,-0.000094,-0.000080,-0.000039,0.000037,0.000140,0.000152,0.000028,-0.000142,-0.000236,-0.000139,0.000086,0.000039,-0.000065,-0.000083,-0.000061,-0.000114,-0.000101,-0.000043,-0.000019,-0.000024,-0.000044,-0.000056,-0.000076,-0.000112,-0.000111,-0.000065,-0.000127,-0.000137,-0.000041,0.000000,-0.000072,-0.000146,-0.000094,0.000064,0.000146,0.000126,0.000031,-0.000072,-0.000056,
-0.014752,-0.015362,-0.011601,-0.004328,0.000533,0.001904,-0.000059,-0.002127,-0.002063,-0.000304,0.001546,0.002048,0.001287,0.000571,0.000447,0.000315,0.000315,0.000629,0.001030,0.001435,0.001579,0.001331,0.000693,-0.000388,-0.001365,-0.001611,-0.001093,-0.000138,0.000675,0.000936,0.000690,0.000126,-0.000301,-0.000177,0.000274,0.000763,0.001050,0.000751,-0.000094,-0.001101,-0.001465,-0.000964,-0.000298,0.000062,0.000132,-0.000039,-0.000218,-0.000214,-0.000395,-0.000748,-0.000815,-0.000553,-0.000335,-0.000074,0.000245,0.000237,-0.000047,-0.000067,-0.000000,-0.000334,-0.000802,-0.000963,-0.000687,0.000266,0.001515,0.002001,0.001623,0.000846,-0.000113,-0.000806,-0.001137,-0.001360,-0.001252,-0.000601,0.000035,0.000292,0.000340,0.000186,0.000166,0.000235,0.000167,0.000107,0.000193,0.000387,0.000938,0.001659,0.001587,0.000407,-0.000778,-0.000987,-0.000825,-0.000688,-0.000430,-0.000168,0.000040,0.000248,0.000423,0.000399,0.000137,-0.000038,-0.000079,-0.000034,0.000024,0.000032,-0.000027,-0.000034,0.000026,0.000040,0.000023,-0.000073,-0.000135,-0.000079,0.000054,0.000119,0.000105,0.000036,-0.000085,-0.000031,0.000137,0.000147,0.000025,-0.000012,0.000044,0.000058,0.000061,0.000156,0.000262,0.000251,0.000047,-0.000114,-0.000144,-0.000085,-0.000040,-0.000072,-0.000099,-0.000037,0.000077,0.000210,0.010701,0.005945,0.008162,0.009032,0.008244,0.007325,0.005792,0.003910,0.002772,0.002852,0.002799,0.001855,0.001088,0.000480,-0.000528,-0.001200,-0.000736,0.000226,0.000836,0.000779,-0.000116,-0.001017,-0.001311,-0.000821,0.000049,0.000395,-0.000091,-0.000701,-0.001122,-0.001343,-0.001208,-0.000934,-0.000696,-0.000391,-0.000110,0.000029,0.000175,0.000295,0.000291,0.000175,0.000140,0.000142,0.000151,0.000122,-0.000046,-0.000310,-0.000407,-0.000373,-0.000328,-0.000095,0.000240,0.000412,0.000502,0.000565,0.000465,0.000313,0.000482,0.000952,0.000955,0.000240,-0.000019,0.000872,0.001750,0.001233,-0.000376,-0.001530,-0.001638,-0.001530,-0.001582,-0.001550,-0.001290,-0.000664,0.000086,0.000542,0.000438,-0.000202,-0.000531,-0.000172,0.000323,0.000429,0.000314,0.000181,0.000059,0.000012,0.000085,-0.000076,-0.000731,-0.001503,-0.002106,-0.002182,-0.001556,-0.000524,0.000189,0.000312,0.000116,-0.000054,-0.000083,-0.000120,-0.000076,0.000170,0.000222,0.000085,0.000091,0.000052,-0.000019,-0.000047,-0.000042,-0.000013,0.000119,0.000249,0.000185,-0.000071,-0.000174,-0.000000,0.000101,-0.000010,-0.000166,-0.000185,-0.000096,0.000037,0.000156,0.000106,-0.000027,-0.000062,-0.000060,-0.000023,0.000006,0.000067,0.000112,0.000022,-0.000217,-0.000201,0.000047,0.000092,0.000032,0.000019,0.000014,-0.000009,
-0.014788,-0.015345,-0.011518,-0.004124,0.000790,0.002009,-0.000096,-0.002166,-0.001962,-0.000181,0.001591,0.001929,0.001115,0.000341,0.000266,0.000329,0.000349,0.000613,0.001043,0.001500,0.001568,0.001202,0.000623,-0.000391,-0.001448,-0.001725,-0.001015,0.000046,0.000819,0.000975,0.000552,-0.000116,-0.000556,-0.000389,0.000187,0.000686,0.000932,0.000735,0.000027,-0.000977,-0.001431,-0.001039,-0.000310,0.000151,0.000319,0.000244,-0.000031,-0.000186,-0.000297,-0.000525,-0.000585,-0.000456,-0.000297,-0.000103,0.000085,0.000125,-0.000045,-0.000064,0.000089,-0.000293,-0.001095,-0.001504,-0.001256,-0.000107,0.001222,0.001662,0.001179,0.000463,-0.000292,-0.001036,-0.001074,-0.000831,-0.000684,-0.000381,-0.000070,0.000142,0.000292,0.000283,0.000251,0.000170,0.000109,0.000043,0.000007,0.000391,0.001025,0.001519,0.001431,0.000326,-0.000846,-0.001072,-0.000808,-0.000580,-0.000256,0.000073,0.000268,0.000237,0.000358,0.000454,0.000097,-0.000201,-0.000174,-0.000065,-0.000040,-0.000076,-0.000091,-0.000129,-0.000123,-0.000044,-0.000063,-0.000123,-0.000099,-0.000121,-0.000108,-0.000047,0.000111,0.000106,-0.000094,-0.000129,-0.000111,-0.000050,-0.000044,0.000005,-0.000015,-0.000134,0.000020,0.000169,0.000104,0.000041,0.000062,0.000098,0.000067,-0.000033,-0.000163,-0.000229,-0.000148,0.000090,0.000165,0.000103,0.010305,0.005719,0.008159,0.009045,0.008261,0.007320,0.005708,0.003830,0.002700,0.002779,0.002752,0.001832,0.001003,0.000385,-0.000606,-0.001176,-0.000650,0.000239,0.000691,0.000629,0.000048,-0.000802,-0.001218,-0.000758,-0.000028,0.000181,-0.000072,-0.000488,-0.001048,-0.001324,-0.001196,-0.000984,-0.000719,-0.000410,-0.000104,-0.000042,0.000050,0.000178,0.000263,0.000288,0.000208,0.000200,0.000213,0.000064,-0.000174,-0.000327,-0.000324,-0.000227,-0.000158,-0.000092,0.000030,0.000196,0.000458,0.000567,0.000405,0.000155,0.000320,0.000881,0.000885,0.000140,-0.000097,0.000996,0.002156,0.001643,-0.000327,-0.001751,-0.001814,-0.001731,-0.001817,-0.001604,-0.001194,-0.000582,0.000241,0.000726,0.000426,-0.000184,-0.000469,-0.000238,0.000234,0.000462,0.000229,0.000010,0.000003,0.000113,0.000233,-0.000070,-0.000830,-0.001640,-0.002247,-0.002260,-0.001607,-0.000526,0.000268,0.000215,0.000031,0.000081,0.000056,-0.000093,-0.000119,0.000003,0.000095,0.000101,0.000082,0.000033,-0.000020,-0.000028,0.000009,0.000044,0.000160,0.000234,0.000194,-0.000013,-0.000144,-0.000086,0.000027,0.000063,-0.000065,-0.000138,-0.000072,-0.000024,-0.000002,-0.000003,-0.000098,-0.000138,-0.000104,-0.000172,-0.000197,-0.000075,0.000008,-0.000089,-0.000181,-0.000191,-0.000054,0.000147,0.000130,-0.000030,-0.000052,-0.000028,
-0.014866,-0.015353,-0.011348,-0.003948,0.000981,0.002143,-0.000030,-0.002099,-0.001916,-0.000210,0.001546,0.001899,0.000986,0.000289,0.000300,0.000306,0.000310,0.000589,0.001044,0.001545,0.001604,0.001100,0.000482,-0.000457,-0.001443,-0.001555,-0.001080,-0.000354,0.000428,0.000740,0.000434,-0.000117,-0.000506,-0.000390,0.000155,0.000598,0.000870,0.000702,-0.000036,-0.000974,-0.001344,-0.000971,-0.000327,0.000067,0.000118,-0.000019,-0.000084,-0.000056,-0.000311,-0.000666,-0.000761,-0.000536,-0.000191,-0.000014,0.000097,0.000153,-0.000004,-0.000053,0.000017,-0.000341,-0.000880,-0.001275,-0.001174,0.000028,0.001745,0.002516,0.001939,0.000900,-0.000049,-0.000702,-0.000880,-0.000866,-0.000731,-0.000411,-0.000070,0.000156,0.000170,0.000040,-0.000043,-0.000021,-0.000011,0.000025,0.000154,0.000510,0.001059,0.001618,0.001486,0.000341,-0.000749,-0.001024,-0.000883,-0.000546,-0.000162,0.000139,0.000284,0.000369,0.000451,0.000404,0.000173,-0.000068,-0.000162,-0.000096,-0.000067,-0.000039,0.000019,-0.000021,-0.000022,0.000000,-0.000019,-0.000023,-0.000135,-0.000214,-0.000047,0.000137,0.000162,0.000070,-0.000039,-0.000007,0.000070,-0.000004,-0.000072,-0.000097,-0.000194,-0.000091,0.000100,0.000141,0.000130,-0.000006,-0.000056,-0.000006,-0.000033,-0.000093,-0.000166,-0.000145,-0.000079,0.000127,0.000283,0.000256,0.010976,0.006325,0.008553,0.009201,0.008326,0.007304,0.005757,0.003898,0.002574,0.002555,0.002565,0.001710,0.000961,0.000355,-0.000566,-0.001146,-0.000669,0.000244,0.000776,0.000673,-0.000156,-0.000938,-0.001223,-0.000758,0.000092,0.000378,0.000060,-0.000506,-0.001074,-0.001311,-0.001149,-0.000987,-0.000836,-0.000563,-0.000247,-0.000057,0.000037,0.000127,0.000115,0.000091,0.000239,0.000305,0.000126,-0.000032,-0.000131,-0.000292,-0.000320,-0.000252,-0.000172,-0.000056,0.000137,0.000360,0.000558,0.000712,0.000598,0.000311,0.000400,0.000891,0.000928,0.000136,-0.000368,0.000381,0.001442,0.001336,-0.000281,-0.001787,-0.002136,-0.002061,-0.001896,-0.001635,-0.001197,-0.000399,0.000546,0.000967,0.000567,-0.000170,-0.000601,-0.000439,0.000070,0.000347,0.000229,0.000023,-0.000035,0.000189,0.000255,-0.000146,-0.000876,-0.001693,-0.002130,-0.002057,-0.001457,-0.000371,0.000300,0.000285,0.000083,0.000110,0.000139,0.000043,0.000017,0.000124,0.000141,0.000114,0.000077,0.000055,0.000058,-0.000020,-0.000128,-0.000153,-0.000028,0.000212,0.000228,-0.000001,-0.000068,-0.000003,0.000036,-0.000095,-0.000160,-0.000037,-0.000006,-0.000063,-0.000077,-0.000065,-0.000051,-0.000083,-0.000150,-0.000179,-0.000147,-0.000093,-0.000126,-0.000194,-0.000197,-0.000157,-0.000142,-0.000014,0.000085,-0.000018,-0.000057,-0.000034,
-0.014967,-0.015377,-0.011373,-0.003925,0.000953,0.002173,0.000060,-0.002028,-0.001817,-0.000174,0.001406,0.001773,0.001047,0.000331,0.000263,0.000294,0.000378,0.000747,0.001138,0.001480,0.001550,0.001270,0.000686,-0.000408,-0.001487,-0.001686,-0.001124,-0.000275,0.000556,0.000843,0.000467,-0.000067,-0.000327,-0.000264,0.000051,0.000399,0.000588,0.000581,-0.000003,-0.000994,-0.001402,-0.000998,-0.000333,0.000098,0.000242,0.000092,-0.000097,-0.000105,-0.000260,-0.000618,-0.000760,-0.000557,-0.000342,-0.000057,0.000235,0.000173,-0.000074,-0.000097,0.000070,-0.000190,-0.000704,-0.000975,-0.000732,0.000150,0.001157,0.001534,0.001192,0.000581,-0.000049,-0.000536,-0.000739,-0.000868,-0.000789,-0.000202,0.000293,0.000273,0.000134,0.000075,0.000024,-0.000044,-0.000022,0.000083,0.000165,0.000398,0.001058,0.001772,0.001646,0.000352,-0.000908,-0.001149,-0.000849,-0.000616,-0.000403,-0.000128,0.000101,0.000312,0.000474,0.000379,0.000094,-0.000081,-0.000132,-0.000036,0.000082,0.000090,0.000097,-0.000014,-0.000105,-0.000038,-0.000022,-0.000053,0.000010,-0.000012,-0.000070,0.000020,0.000099,0.000000,-0.000030,-0.000015,-0.000015,-0.000037,-0.000105,-0.000158,-0.000136,0.000028,0.000182,0.000167,0.000026,0.000013,0.000165,0.000205,0.000065,-0.000063,-0.000102,-0.000053,0.000002,0.000030,0.000049,0.000033,0.010575,0.005883,0.008063,0.008972,0.008225,0.007191,0.005549,0.003721,0.002520,0.002559,0.002585,0.001670,0.000886,0.000315,-0.000579,-0.001172,-0.000772,0.000253,0.000890,0.000739,-0.000030,-0.000907,-0.001319,-0.000879,-0.000114,0.000157,-0.000136,-0.000731,-0.001302,-0.001431,-0.001159,-0.000946,-0.000719,-0.000341,-0.000097,-0.000047,-0.000087,-0.000007,0.000221,0.000220,0.000124,0.000054,-0.000018,-0.000020,-0.000093,-0.000143,-0.000143,-0.000127,-0.000154,-0.000130,-0.000014,0.000203,0.000518,0.000708,0.000645,0.000375,0.000402,0.000889,0.000904,0.000239,0.000161,0.001213,0.002071,0.001412,-0.000294,-0.001463,-0.001521,-0.001489,-0.001605,-0.001488,-0.001104,-0.000483,0.000313,0.000736,0.000428,-0.000241,-0.000523,-0.000240,0.000232,0.000545,0.000373,0.000074,0.000018,0.000148,0.000234,0.000022,-0.000637,-0.001504,-0.002179,-0.002347,-0.001840,-0.000729,0.000072,0.000134,-0.000063,-0.000109,-0.000119,-0.000266,-0.000343,-0.000085,0.000095,0.000087,-0.000001,-0.000081,-0.000075,-0.000102,-0.000113,-0.000106,-0.000105,-0.000042,0.000057,-0.000008,-0.000059,0.000042,0.000093,-0.000013,-0.000124,-0.000111,-0.000083,-0.000088,-0.000043,-0.000034,-0.000045,-0.000037,-0.000033,-0.000119,-0.000266,-0.000176,-0.000001,-0.000049,-0.000197,-0.000233,-0.000088,-0.000029,-0.000078,-0.000010,0.000133,0.000131,
-0.014752,-0.015270,-0.011165,-0.003603,0.001404,0.002554,0.000207,-0.001981,-0.001884,-0.000350,0.001333,0.001856,0.001071,0.000274,0.000133,0.000099,0.000227,0.000550,0.001007,0.001540,0.001602,0.001156,0.000507,-0.000426,-0.001295,-0.001508,-0.001074,-0.000296,0.000335,0.000506,0.000097,-0.000430,-0.000548,-0.000231,0.000235,0.000451,0.000496,0.000401,-0.000167,-0.001151,-0.001585,-0.000988,-0.000186,0.000129,0.000205,0.000014,-0.000156,-0.000093,-0.000212,-0.000555,-0.000747,-0.000676,-0.000453,-0.000105,0.000196,0.000258,0.000007,-0.000107,0.000032,-0.000357,-0.001026,-0.001362,-0.001144,0.000139,0.001697,0.002010,0.001302,0.000671,0.000139,-0.000545,-0.000979,-0.001062,-0.000739,-0.000108,0.000340,0.000443,0.000306,0.000065,-0.000059,-0.000030,0.000130,0.000149,0.000138,0.000426,0.000954,0.001575,0.001488,0.000311,-0.000713,-0.000928,-0.000742,-0.000628,-0.000536,-0.000199,0.000203,0.000474,0.000578,0.000493,0.000203,-0.000045,-0.000028,0.000055,0.000083,-0.000032,-0.000142,-0.000134,-0.000062,0.000040,0.000073,0.000017,-0.000069,-0.000079,-0.000079,-0.000007,0.000118,0.000148,0.000018,-0.000124,-0.000155,-0.000044,0.000089,-0.000009,-0.000124,-0.000075,0.000069,0.000194,0.000209,0.000081,-0.000057,-0.000152,-0.000104,0.000034,0.000038,-0.000043,-0.000000,0.000042,0.000175,0.000356,0.010765,0.006235,0.008348,0.008945,0.008048,0.007032,0.005519,0.003699,0.002571,0.002663,0.002599,0.001589,0.000741,0.000226,-0.000585,-0.001188,-0.000812,0.000131,0.000745,0.000695,-0.000072,-0.001026,-0.001435,-0.000957,-0.000140,0.000151,-0.000223,-0.000865,-0.001389,-0.001532,-0.001156,-0.000573,-0.000124,0.000128,0.000051,-0.000244,-0.000342,-0.000067,0.000219,0.000291,0.000320,0.000264,0.000114,-0.000016,-0.000063,-0.000095,-0.000105,-0.000130,-0.000301,-0.000251,0.000111,0.000309,0.000420,0.000613,0.000566,0.000241,0.000355,0.000890,0.000947,0.000271,-0.000041,0.001008,0.002076,0.001528,-0.000402,-0.001802,-0.001800,-0.001582,-0.001676,-0.001676,-0.001192,-0.000467,0.000332,0.000724,0.000392,-0.000315,-0.000605,-0.000186,0.000393,0.000443,0.000177,0.000082,-0.000007,-0.000030,0.000113,-0.000113,-0.000842,-0.001594,-0.002020,-0.002095,-0.001591,-0.000587,0.000151,0.000296,0.000056,-0.000088,-0.000062,-0.000182,-0.000272,-0.000084,0.000144,0.000120,0.000039,0.000052,0.000059,0.000054,0.000043,-0.000015,-0.000005,0.000148,0.000133,-0.000092,-0.000106,0.000004,-0.000012,0.000005,-0.000031,-0.000118,-0.000099,-0.000077,-0.000131,-0.000103,-0.000057,-0.000079,-0.000084,-0.000140,-0.000134,-0.000006,0.000029,-0.000051,-0.000167,-0.000152,0.000073,0.000217,0.000196,0.000045,-0.000073,0.000051,
-0.014739,-0.015249,-0.011255,-0.003803,0.001179,0.002336,0.000068,-0.002069,-0.001928,-0.000333,0.001226,0.001582,0.000812,0.000190,0.000210,0.000196,0.000270,0.000572,0.000980,0.001510,0.001599,0.001101,0.000490,-0.000323,-0.001314,-0.001682,-0.001134,-0.000110,0.000748,0.000883,0.000358,-0.000149,-0.000367,-0.000245,0.000156,0.000556,0.000639,0.000442,-0.000202,-0.001173,-0.001530,-0.000865,-0.000069,0.000164,0.000157,0.000077,-0.000124,-0.000318,-0.000564,-0.000794,-0.000803,-0.000551,-0.000263,-0.000078,0.000145,0.000166,0.000034,0.000037,0.000001,-0.000474,-0.001070,-0.001320,-0.001090,-0.000022,0.001308,0.001689,0.001318,0.000787,0.000058,-0.000557,-0.000826,-0.000930,-0.000726,-0.000192,0.000361,0.000509,0.000287,0.000063,0.000025,0.000092,0.000153,0.000146,0.000223,0.000511,0.000988,0.001601,0.001538,0.000406,-0.000692,-0.000954,-0.000724,-0.000533,-0.000285,0.000023,0.000225,0.000324,0.000470,0.000466,0.000148,-0.000037,0.000040,0.000089,0.000044,0.000047,0.000061,0.000034,0.000008,0.000097,0.000117,0.000030,-0.000057,-0.000057,0.000046,0.000129,0.000136,0.000036,-0.000047,-0.000017,0.000044,-0.000040,-0.000155,-0.000171,-0.000133,0.000024,0.000269,0.000320,0.000200,0.000109,0.000125,0.000163,0.000129,0.000042,-0.000096,-0.000081,0.000004,0.000048,0.000138,0.000188,0.010637,0.006060,0.008362,0.008999,0.007972,0.006954,0.005432,0.003624,0.002526,0.002630,0.002623,0.001671,0.000728,0.000078,-0.000677,-0.001089,-0.000731,0.000072,0.000707,0.000766,-0.000041,-0.000986,-0.001329,-0.000816,-0.000049,0.000202,-0.000010,-0.000554,-0.001184,-0.001403,-0.001227,-0.000879,-0.000464,-0.000170,-0.000145,-0.000175,-0.000035,0.000136,0.000381,0.000540,0.000499,0.000241,0.000021,0.000029,0.000051,-0.000054,-0.000181,-0.000151,-0.000180,-0.000135,0.000090,0.000361,0.000594,0.000699,0.000587,0.000333,0.000377,0.000897,0.000973,0.000218,-0.000020,0.001003,0.002115,0.001864,0.000276,-0.001130,-0.001378,-0.001404,-0.001576,-0.001477,-0.001084,-0.000401,0.000519,0.001035,0.000703,-0.000080,-0.000579,-0.000350,0.000185,0.000374,0.000307,0.000142,0.000012,0.000069,0.000151,-0.000061,-0.000656,-0.001457,-0.002103,-0.002296,-0.001750,-0.000690,0.000132,0.000233,0.000030,-0.000019,-0.000076,-0.000133,-0.000095,-0.000009,0.000054,0.000079,0.000090,0.000094,0.000123,0.000084,0.000033,0.000068,0.000006,-0.000021,-0.000066,-0.000171,-0.000131,-0.000104,-0.000079,-0.000059,-0.000092,-0.000094,-0.000146,-0.000095,0.000011,-0.000008,-0.000023,-0.000124,-0.000127,-0.000046,-0.000064,-0.000084,-0.000122,-0.000112,-0.000071,-0.000042,-0.000022,0.000030,0.000012,-0.000001,0.000034,0.000003,
-0.014926,-0.015381,-0.011301,-0.003667,0.001450,0.002626,0.000168,-0.002037,-0.001875,-0.000396,0.001159,0.001673,0.001022,0.000307,0.000252,0.000357,0.000433,0.000701,0.001061,0.001445,0.001490,0.001095,0.000525,-0.000415,-0.001434,-0.001746,-0.001276,-0.000220,0.000748,0.000905,0.000508,-0.000039,-0.000311,-0.000074,0.000414,0.000877,0.001057,0.000801,0.000043,-0.000960,-0.001420,-0.001050,-0.000310,0.000199,0.000366,0.000254,-0.000087,-0.000276,-0.000479,-0.000761,-0.000837,-0.000716,-0.000525,-0.000315,-0.000014,0.000142,-0.000007,-0.000091,-0.000065,-0.000415,-0.000936,-0.001182,-0.000948,-0.000007,0.001144,0.001625,0.001261,0.000606,-0.000108,-0.000750,-0.001127,-0.001350,-0.001226,-0.000552,0.000131,0.000382,0.000289,0.000133,0.000113,0.000238,0.000188,0.000042,0.000059,0.000403,0.001051,0.001654,0.001521,0.000377,-0.000701,-0.000901,-0.000722,-0.000596,-0.000361,-0.000052,0.000219,0.000388,0.000498,0.000387,0.000059,-0.000069,-0.000045,-0.000069,-0.000011,-0.000007,-0.000170,-0.000259,-0.000151,0.000006,0.000035,-0.000075,-0.000179,-0.000119,-0.000026,0.000057,0.000181,0.000219,0.000080,-0.000122,-0.000170,-0.000074,-0.000059,-0.000044,-0.000045,-0.000038,0.000067,0.000114,0.000111,0.000094,0.000114,0.000034,-0.000043,-0.000039,-0.000084,-0.000142,-0.000127,-0.000036,0.000147,0.000272,0.010502,0.005772,0.008078,0.008804,0.007914,0.007041,0.005571,0.003721,0.002485,0.002623,0.002709,0.001710,0.000752,0.000209,-0.000648,-0.001192,-0.000681,0.000157,0.000790,0.000868,0.000036,-0.000963,-0.001344,-0.000871,0.000024,0.000349,0.000026,-0.000558,-0.001132,-0.001299,-0.001115,-0.000926,-0.000626,-0.000277,-0.000076,0.000005,0.000076,0.000196,0.000225,0.000046,-0.000001,0.000047,-0.000008,0.000040,0.000001,-0.000238,-0.000261,-0.000167,-0.000099,0.000020,0.000240,0.000329,0.000473,0.000624,0.000486,0.000266,0.000374,0.000787,0.000879,0.000242,0.000074,0.000980,0.001690,0.001170,-0.000362,-0.001538,-0.001599,-0.001513,-0.001685,-0.001784,-0.001522,-0.000751,0.000263,0.000863,0.000554,-0.000205,-0.000637,-0.000353,0.000198,0.000360,0.000177,-0.000051,-0.000111,0.000044,0.000187,-0.000003,-0.000693,-0.001532,-0.002123,-0.002208,-0.001570,-0.000453,0.000212,0.000203,0.000077,0.000050,-0.000014,-0.000189,-0.000222,-0.000036,0.000202,0.000278,0.000213,0.000125,0.000082,0.000014,-0.000011,0.000038,0.000130,0.000146,0.000008,-0.000080,-0.000033,0.000063,0.000098,0.000021,-0.000007,-0.000021,-0.000093,-0.000160,-0.000100,0.000010,0.000058,0.000006,-0.000066,-0.000085,-0.000190,-0.000133,-0.000054,-0.000077,-0.000048,-0.000067,0.000050,0.000133,0.000054,0.000093,0.000172,0.000129,
-0.014795,-0.015218,-0.011199,-0.003547,0.001506,0.002497,0.000066,-0.002119,-0.001868,-0.000193,0.001362,0.001649,0.000814,0.000101,0.000216,0.000421,0.000513,0.000711,0.001060,0.001436,0.001469,0.001200,0.000772,-0.000271,-0.001479,-0.001832,-0.001275,-0.000213,0.000671,0.000881,0.000496,-0.000078,-0.000293,-0.000083,0.000316,0.000637,0.000851,0.000735,0.000095,-0.000915,-0.001355,-0.000884,-0.000269,0.000091,0.000173,0.000081,-0.000030,-0.000038,-0.000255,-0.000652,-0.000762,-0.000579,-0.000308,-0.000112,0.000002,0.000073,-0.000030,-0.000105,-0.000068,-0.000374,-0.001030,-0.001368,-0.001027,0.000052,0.001211,0.001663,0.001367,0.000616,-0.000264,-0.001010,-0.001222,-0.001117,-0.001022,-0.000602,-0.000069,0.000222,0.000263,0.000060,-0.000053,0.000097,0.000216,0.000147,0.000069,0.000272,0.000950,0.001729,0.001667,0.000380,-0.000923,-0.001121,-0.000757,-0.000535,-0.000322,0.000029,0.000313,0.000333,0.000371,0.000472,0.000273,-0.000031,-0.000138,-0.000068,-0.000011,-0.000031,0.000010,0.000005,0.000039,0.000084,0.000011,-0.000090,-0.000139,-0.000080,-0.000054,-0.000078,-0.000036,-0.000027,-0.000092,-0.000125,-0.000131,-0.000104,-0.000085,-0.000137,-0.000126,0.000014,0.000086,0.000053,0.000075,0.000115,0.000096,0.000051,-0.000018,-0.000040,-0.000102,-0.000149,-0.000065,0.000051,0.000083,0.000126,0.010069,0.005450,0.007954,0.008900,0.007983,0.007081,0.005656,0.003688,0.002368,0.002519,0.002620,0.001613,0.000681,0.000071,-0.000783,-0.001318,-0.000780,0.000192,0.000834,0.000883,0.000098,-0.000993,-0.001349,-0.000796,-0.000066,0.000311,0.000119,-0.000486,-0.000989,-0.001201,-0.001086,-0.000881,-0.000736,-0.000425,-0.000176,-0.000088,0.000130,0.000244,0.000224,0.000188,0.000175,0.000184,0.000133,0.000065,-0.000049,-0.000163,-0.000196,-0.000288,-0.000283,-0.000112,0.000085,0.000258,0.000491,0.000717,0.000611,0.000309,0.000386,0.000873,0.000942,0.000257,0.000020,0.001015,0.001984,0.001482,-0.000247,-0.001615,-0.001807,-0.001693,-0.001555,-0.001423,-0.001262,-0.000784,0.000016,0.000647,0.000529,-0.000097,-0.000455,-0.000237,0.000261,0.000406,0.000189,-0.000006,-0.000078,0.000143,0.000290,0.000020,-0.000670,-0.001545,-0.002107,-0.002251,-0.001762,-0.000650,0.000108,0.000178,-0.000000,-0.000033,-0.000080,-0.000124,-0.000088,0.000049,0.000168,0.000153,0.000023,-0.000092,-0.000090,-0.000047,-0.000094,-0.000127,0.000011,0.000127,0.000082,-0.000111,-0.000158,-0.000042,-0.000048,-0.000069,-0.000048,-0.000039,-0.000025,-0.000001,-0.000003,-0.000053,-0.000122,-0.000177,-0.000127,-0.000096,-0.000154,-0.000160,-0.000115,-0.000069,-0.000083,0.000010,0.000155,0.000109,0.000068,0.000008,-0.000011,0.000050,
-0.014132,-0.014880,-0.010972,-0.003331,0.001671,0.002608,0.000100,-0.002047,-0.001758,-0.000169,0.001289,0.001625,0.000876,0.000108,0.000056,0.000227,0.000427,0.000722,0.001102,0.001487,0.001509,0.001126,0.000527,-0.000382,-0.001390,-0.001722,-0.001196,-0.000254,0.000549,0.000806,0.000466,-0.000052,-0.000344,-0.000189,0.000260,0.000729,0.001023,0.000843,-0.000014,-0.001031,-0.001333,-0.000870,-0.000173,0.000226,0.000324,0.000171,-0.000097,-0.000222,-0.000391,-0.000622,-0.000689,-0.000539,-0.000357,-0.000191,0.000063,0.000137,-0.000005,-0.000074,-0.000099,-0.000416,-0.001039,-0.001507,-0.001302,0.000007,0.001633,0.002059,0.001336,0.000445,-0.000477,-0.001064,-0.001147,-0.001015,-0.000774,-0.000334,0.000088,0.000222,0.000206,0.000086,-0.000000,0.000061,0.000170,0.000215,0.000208,0.000419,0.000949,0.001601,0.001479,0.000216,-0.000900,-0.001093,-0.000869,-0.000616,-0.000375,-0.000107,0.000157,0.000382,0.000441,0.000309,-0.000005,-0.000213,-0.000095,-0.000008,0.000041,0.000029,-0.000049,-0.000082,-0.000066,-0.000017,0.000011,-0.000063,-0.000135,-0.000133,-0.000115,-0.000084,-0.000046,0.000086,0.000017,-0.000127,-0.000047,-0.000003,-0.000014,-0.000031,-0.000105,-0.000085,0.000076,0.000178,0.000139,0.000022,0.000040,0.000067,0.000042,-0.000004,-0.000108,-0.000170,-0.000048,0.000150,0.000211,0.000158,0.010517,0.005818,0.008192,0.008981,0.008068,0.007050,0.005465,0.003676,0.002491,0.002526,0.002574,0.001623,0.000731,0.000075,-0.000758,-0.001105,-0.000625,0.000050,0.000534,0.000644,0.000012,-0.000974,-0.001430,-0.000942,-0.000041,0.000374,0.000081,-0.000491,-0.000989,-0.001252,-0.001360,-0.001335,-0.001000,-0.000433,-0.000028,0.000097,0.000269,0.000372,0.000252,0.000124,0.000180,0.000199,0.000068,0.000013,-0.000120,-0.000317,-0.000343,-0.000318,-0.000218,-0.000048,0.000174,0.000238,0.000325,0.000587,0.000502,0.000220,0.000315,0.000763,0.000797,0.000218,-0.000067,0.000807,0.001818,0.001382,-0.000483,-0.002074,-0.002261,-0.002067,-0.001932,-0.001696,-0.001256,-0.000586,0.000110,0.000619,0.000494,-0.000091,-0.000465,-0.000291,0.000160,0.000354,0.000269,0.000123,0.000076,0.000129,0.000204,-0.000051,-0.000707,-0.001551,-0.002159,-0.002181,-0.001570,-0.000430,0.000251,0.000240,0.000076,0.000069,0.000127,-0.000036,-0.000147,-0.000002,0.000095,0.000076,0.000015,0.000023,-0.000012,-0.000045,-0.000015,-0.000077,-0.000076,0.000107,0.000126,-0.000031,-0.000066,0.000073,0.000081,0.000022,0.000047,0.000021,-0.000050,-0.000103,-0.000056,0.000051,0.000042,0.000024,0.000005,-0.000092,-0.000183,-0.000182,-0.000079,-0.000126,-0.000169,-0.000119,-0.000058,0.000116,0.000191,0.000101,0.000067,0.000038,
-0.013831,-0.014664,-0.010717,-0.003212,0.001726,0.002729,0.000285,-0.001866,-0.001701,-0.000214,0.001212,0.001589,0.000849,0.000094,0.000071,0.000226,0.000499,0.000844,0.001097,0.001487,0.001603,0.001191,0.000506,-0.000495,-0.001516,-0.001742,-0.001084,-0.000117,0.000631,0.000833,0.000521,0.000013,-0.000274,-0.000173,0.000206,0.000569,0.000777,0.000734,0.000090,-0.000965,-0.001362,-0.000778,-0.000089,0.000179,0.000247,0.000120,-0.000058,-0.000123,-0.000267,-0.000520,-0.000696,-0.000599,-0.000387,-0.000210,-0.000028,0.000031,-0.000060,-0.000028,0.000032,-0.000297,-0.000629,-0.000598,-0.000343,0.000324,0.001394,0.001944,0.001572,0.000840,-0.000054,-0.000750,-0.000848,-0.000803,-0.000794,-0.000431,0.000022,0.000199,0.000222,0.000230,0.000164,0.000063,0.000031,0.000040,0.000050,0.000230,0.000888,0.001695,0.001625,0.000354,-0.000872,-0.001132,-0.000904,-0.000753,-0.000503,-0.000127,0.000163,0.000382,0.000387,0.000265,0.000097,-0.000113,-0.000116,-0.000008,-0.000011,-0.000078,-0.000165,-0.000224,-0.000094,-0.000018,-0.000033,-0.000097,-0.000131,-0.000087,-0.000040,0.000055,0.000188,0.000193,0.000095,-0.000013,-0.000040,-0.000045,-0.000033,-0.000025,-0.000115,-0.000153,-0.000003,0.000146,0.000097,0.000146,0.000181,0.000006,-0.000128,-0.000083,-0.000009,-0.000024,0.000024,0.000112,0.000116,0.000147,0.010852,0.006186,0.008261,0.008774,0.007840,0.006949,0.005442,0.003706,0.002548,0.002495,0.002501,0.001534,0.000628,0.000002,-0.000794,-0.001179,-0.000674,0.000244,0.000840,0.000746,-0.000091,-0.001022,-0.001417,-0.000882,0.000009,0.000269,-0.000073,-0.000542,-0.001168,-0.001449,-0.001203,-0.000910,-0.000518,-0.000228,-0.000142,-0.000059,0.000054,0.000181,0.000350,0.000347,0.000228,0.000182,0.000093,0.000058,-0.000014,-0.000163,-0.000213,-0.000282,-0.000279,-0.000062,0.000236,0.000420,0.000522,0.000649,0.000518,0.000210,0.000332,0.000833,0.000844,0.000182,-0.000084,0.000684,0.001483,0.001055,-0.000311,-0.001312,-0.001416,-0.001467,-0.001675,-0.001539,-0.001261,-0.000770,0.000151,0.000795,0.000574,-0.000112,-0.000503,-0.000242,0.000280,0.000497,0.000309,0.000103,0.000081,0.000208,0.000226,-0.000025,-0.000694,-0.001571,-0.002147,-0.002253,-0.001581,-0.000368,0.000329,0.000289,0.000023,-0.000038,-0.000058,-0.000119,-0.000170,-0.000051,0.000152,0.000205,0.000197,0.000093,-0.000068,-0.000106,-0.000066,-0.000109,-0.000076,0.000078,0.000132,0.000025,-0.000092,-0.000029,0.000081,0.000035,-0.000039,-0.000060,-0.000035,-0.000040,-0.000007,0.000012,-0.000005,0.000006,-0.000060,-0.000146,-0.000232,-0.000167,-0.000039,-0.000119,-0.000207,-0.000149,-0.000080,0.000037,0.000182,0.000094,-0.000035,-0.000067,
-0.013628,-0.014492,-0.010594,-0.003123,0.001880,0.002896,0.000319,-0.002011,-0.001819,-0.000228,0.001362,0.001739,0.000920,0.000157,0.000111,0.000247,0.000463,0.000743,0.001049,0.001524,0.001544,0.001066,0.000494,-0.000452,-0.001501,-0.001792,-0.001153,-0.000223,0.000445,0.000622,0.000385,-0.000126,-0.000396,-0.000136,0.000307,0.000652,0.000805,0.000576,-0.000077,-0.000999,-0.001393,-0.000873,-0.000140,0.000225,0.000205,0.000058,-0.000020,-0.000107,-0.000351,-0.000660,-0.000818,-0.000741,-0.000606,-0.000307,0.000092,0.000219,0.000095,0.000106,0.000110,-0.000354,-0.000987,-0.001176,-0.000805,0.000125,0.001267,0.001602,0.001172,0.000629,-0.000053,-0.000745,-0.001039,-0.001056,-0.000890,-0.000274,0.000280,0.000229,0.000054,-0.000044,-0.000018,0.000052,0.000048,0.000191,0.000277,0.000424,0.000888,0.001476,0.001484,0.000354,-0.000789,-0.001076,-0.000937,-0.000723,-0.000368,-0.000091,0.000071,0.000264,0.000425,0.000355,0.000100,-0.000105,-0.000090,-0.000071,-0.000015,0.000034,-0.000017,-0.000090,-0.000184,-0.000069,0.000004,-0.000083,-0.000156,-0.000145,-0.000179,-0.000115,0.000014,0.000100,0.000075,-0.000063,-0.000152,-0.000080,-0.000044,-0.000061,-0.000085,0.000044,0.000218,0.000118,0.000041,0.000080,0.000126,-0.000023,-0.000184,-0.000114,0.000005,-0.000009,-0.000035,0.000035,0.000201,0.000215,0.010882,0.006175,0.008214,0.008673,0.007571,0.006737,0.005487,0.003658,0.002421,0.002430,0.002467,0.001467,0.000534,-0.000008,-0.000731,-0.001055,-0.000574,0.000210,0.000725,0.000663,-0.000029,-0.000894,-0.001266,-0.000816,-0.000038,0.000201,-0.000164,-0.000760,-0.001297,-0.001497,-0.001345,-0.001030,-0.000633,-0.000216,-0.000082,-0.000138,-0.000103,0.000119,0.000336,0.000347,0.000285,0.000200,0.000010,-0.000062,-0.000151,-0.000206,-0.000135,-0.000131,-0.000039,0.000142,0.000310,0.000393,0.000507,0.000751,0.000671,0.000276,0.000323,0.000813,0.000889,0.000300,0.000122,0.001220,0.002239,0.001427,-0.000634,-0.001886,-0.001771,-0.001510,-0.001472,-0.001498,-0.001279,-0.000671,0.000128,0.000583,0.000509,-0.000048,-0.000493,-0.000288,0.000078,0.000276,0.000200,0.000018,0.000005,0.000057,0.000081,-0.000171,-0.000787,-0.001538,-0.002068,-0.002109,-0.001616,-0.000573,0.000153,0.000168,0.000011,-0.000054,-0.000102,-0.000263,-0.000370,-0.000158,0.000148,0.000148,0.000003,-0.000030,-0.000014,-0.000051,-0.000140,-0.000216,-0.000136,0.000080,0.000249,0.000149,0.000013,-0.000038,0.000018,0.000102,0.000070,0.000073,0.000006,-0.000085,-0.000204,-0.000204,-0.000104,-0.000136,-0.000108,-0.000049,-0.000163,-0.000099,0.000025,0.000005,0.000014,-0.000035,0.000008,0.000128,0.000080,-0.000055,-0.000045,-0.000029,
-0.014064,-0.014733,-0.010682,-0.003186,0.001704,0.002607,0.000169,-0.001827,-0.001529,-0.000125,0.001193,0.001644,0.000938,0.000201,0.000084,0.000222,0.000494,0.000712,0.001116,0.001573,0.001460,0.000973,0.000498,-0.000346,-0.001366,-0.001740,-0.001175,-0.000125,0.000674,0.000884,0.000431,-0.000328,-0.000617,-0.000239,0.000333,0.000672,0.000721,0.000469,-0.000189,-0.001065,-0.001387,-0.000819,-0.000124,0.000198,0.000227,0.000031,-0.000162,-0.000221,-0.000381,-0.000593,-0.000781,-0.000657,-0.000330,-0.000137,0.000005,0.000108,-0.000010,-0.000067,-0.000013,-0.000393,-0.001061,-0.001443,-0.001095,0.000233,0.001680,0.002160,0.001577,0.000723,-0.000035,-0.000557,-0.000791,-0.000880,-0.000639,-0.000129,0.000353,0.000481,0.000284,0.000148,0.000041,0.000064,0.000111,0.000101,0.000204,0.000437,0.000930,0.001521,0.001443,0.000343,-0.000708,-0.000975,-0.000844,-0.000659,-0.000370,-0.000082,0.000130,0.000422,0.000481,0.000275,0.000114,-0.000073,-0.000141,-0.000098,-0.000072,0.000002,-0.000004,-0.000059,-0.000102,-0.000090,-0.000073,-0.000170,-0.000147,-0.000088,0.000041,0.000123,0.000069,-0.000028,-0.000137,-0.000106,-0.000060,-0.000099,-0.000156,-0.000143,-0.000120,-0.000118,0.000060,0.000245,0.000267,0.000172,0.000080,-0.000066,-0.000189,-0.000173,-0.000074,-0.000013,-0.000033,0.000105,0.000206,0.000263,0.010553,0.005691,0.007843,0.008619,0.007782,0.006792,0.005334,0.003551,0.002270,0.002393,0.002458,0.001560,0.000732,0.000038,-0.000857,-0.001217,-0.000680,0.000232,0.000875,0.000778,-0.000092,-0.001062,-0.001452,-0.001013,-0.000199,0.000181,-0.000083,-0.000704,-0.001284,-0.001329,-0.000919,-0.000455,0.000038,0.000211,-0.000068,-0.000329,-0.000231,0.000026,0.000174,0.000165,0.000110,0.000097,-0.000097,-0.000204,-0.000233,-0.000310,-0.000245,-0.000177,-0.000176,-0.000053,0.000119,0.000212,0.000519,0.000783,0.000524,0.000175,0.000346,0.000846,0.000896,0.000205,-0.000055,0.000919,0.001994,0.001661,-0.000044,-0.001307,-0.001407,-0.001496,-0.001756,-0.001679,-0.001266,-0.000518,0.000362,0.000866,0.000599,-0.000213,-0.000674,-0.000379,0.000197,0.000403,0.000198,0.000010,0.000051,0.000197,0.000193,-0.000172,-0.000813,-0.001607,-0.002202,-0.002190,-0.001593,-0.000523,0.000284,0.000358,0.000107,0.000055,0.000011,-0.000200,-0.000168,0.000010,0.000125,0.000206,0.000184,0.000140,0.000080,-0.000038,-0.000084,-0.000070,-0.000030,0.000006,0.000010,-0.000132,-0.000174,0.000057,0.000078,-0.000064,-0.000129,-0.000120,-0.000140,-0.000092,-0.000013,-0.000060,-0.000053,-0.000060,-0.000089,-0.000082,-0.000078,-0.000098,-0.000075,-0.000179,-0.000237,-0.000014,0.000223,0.000326,0.000241,0.000120,0.000153,0.000123,
-0.014110,-0.014700,-0.010772,-0.003187,0.001903,0.002777,0.000273,-0.001772,-0.001598,-0.000264,0.001152,0.001604,0.000904,0.000163,0.000066,0.000147,0.000511,0.000858,0.001143,0.001584,0.001632,0.001110,0.000499,-0.000420,-0.001500,-0.001727,-0.001150,-0.000180,0.000617,0.000790,0.000499,0.000011,-0.000392,-0.000248,0.000241,0.000712,0.000987,0.000815,0.000158,-0.000891,-0.001332,-0.000825,-0.000182,0.000204,0.000300,0.000063,-0.000183,-0.000357,-0.000572,-0.000704,-0.000701,-0.000597,-0.000512,-0.000298,0.000063,0.000228,0.000110,0.000069,0.000066,-0.000377,-0.000972,-0.001254,-0.001229,-0.000417,0.000992,0.001538,0.001145,0.000523,-0.000216,-0.000764,-0.001043,-0.001227,-0.001074,-0.000410,0.000182,0.000224,0.000089,0.000075,0.000139,0.000151,0.000186,0.000208,0.000167,0.000361,0.000925,0.001637,0.001573,0.000272,-0.000869,-0.001017,-0.000849,-0.000606,-0.000350,-0.000012,0.000242,0.000282,0.000366,0.000350,0.000092,-0.000096,-0.000073,0.000007,0.000009,-0.000027,-0.000103,-0.000133,-0.000088,0.000082,0.000114,0.000031,-0.000038,-0.000111,-0.000087,-0.000020,0.000144,0.000196,0.000115,0.000034,-0.000022,-0.000026,0.000050,0.000057,-0.000005,-0.000043,-0.000096,0.000056,0.000172,0.000112,0.000048,0.000015,-0.000010,-0.000082,-0.000147,-0.000214,-0.000108,0.000070,0.000051,0.000012,0.010879,0.006049,0.008111,0.008740,0.007907,0.007004,0.005412,0.003587,0.002342,0.002326,0.002448,0.001523,0.000550,-0.000081,-0.000811,-0.001184,-0.000688,0.000255,0.000923,0.000854,0.000024,-0.000983,-0.001461,-0.000919,-0.000032,0.000309,-0.000013,-0.000670,-0.001276,-0.001401,-0.001217,-0.000997,-0.000614,-0.000180,0.000073,0.000101,0.000147,0.000256,0.000321,0.000280,0.000204,0.000097,-0.000103,-0.000062,-0.000031,-0.000140,-0.000173,-0.000164,-0.000092,0.000101,0.000219,0.000238,0.000471,0.000720,0.000621,0.000292,0.000292,0.000698,0.000849,0.000281,-0.000044,0.000963,0.002006,0.001581,0.000071,-0.001241,-0.001494,-0.001443,-0.001618,-0.001618,-0.001155,-0.000377,0.000469,0.000947,0.000517,-0.000260,-0.000535,-0.000218,0.000208,0.000378,0.000229,0.000089,0.000127,0.000211,0.000268,-0.000068,-0.000816,-0.001577,-0.002050,-0.002092,-0.001482,-0.000435,0.000206,0.000208,0.000003,-0.000091,-0.000125,-0.000187,-0.000136,-0.000074,0.000026,0.000150,0.000138,0.000144,0.000057,-0.000095,-0.000161,-0.000146,0.000038,0.000216,0.000198,0.000053,-0.000098,-0.000166,-0.000125,-0.000067,-0.000039,0.000046,0.000004,-0.000084,-0.000041,-0.000070,-0.000078,-0.000061,-0.000138,-0.000229,-0.000244,-0.000083,0.000025,-0.000026,-0.000067,-0.000108,-0.000064,0.000047,0.000079,0.000104,0.000088,0.000110,
-0.014154,-0.014609,-0.010803,-0.003294,0.001681,0.002567,0.000099,-0.001875,-0.001579,-0.000200,0.001097,0.001519,0.000885,0.000127,0.000102,0.000358,0.000717,0.000934,0.001082,0.001405,0.001492,0.001148,0.000579,-0.000342,-0.001384,-0.001613,-0.000982,-0.000004,0.000642,0.000687,0.000294,-0.000167,-0.000387,-0.000100,0.000460,0.000859,0.000942,0.000727,0.000074,-0.000914,-0.001312,-0.000882,-0.000118,0.000329,0.000413,0.000194,-0.000152,-0.000235,-0.000390,-0.000670,-0.000797,-0.000584,-0.000350,-0.000124,0.000210,0.000229,0.000016,-0.000001,0.000016,-0.000279,-0.000846,-0.001151,-0.000922,0.000160,0.001486,0.002067,0.001706,0.000858,-0.000076,-0.000818,-0.001122,-0.001282,-0.001260,-0.000708,-0.000067,0.000144,0.000133,0.000133,0.000131,0.000242,0.000291,0.000164,0.000172,0.000451,0.000969,0.001538,0.001489,0.000418,-0.000694,-0.000952,-0.000820,-0.000733,-0.000493,-0.000081,0.000159,0.000284,0.000476,0.000506,0.000301,0.000081,-0.000022,-0.000024,0.000043,0.000048,0.000049,0.000073,0.000043,0.000045,-0.000015,-0.000102,-0.000053,0.000014,-0.000042,-0.000070,0.000007,0.000042,-0.000058,-0.000103,-0.000020,0.000016,-0.000004,-0.000014,0.000009,-0.000030,0.000093,0.000297,0.000287,0.000209,0.000144,0.000065,-0.000004,-0.000059,-0.000163,-0.000257,-0.000187,-0.000035,0.000050,0.000118,0.010812,0.005920,0.007861,0.008629,0.007904,0.006880,0.005289,0.003442,0.002282,0.002440,0.002548,0.001495,0.000500,-0.000119,-0.000920,-0.001234,-0.000658,0.000209,0.000871,0.001000,0.000114,-0.001006,-0.001418,-0.000958,-0.000085,0.000284,-0.000016,-0.000491,-0.001030,-0.001294,-0.001214,-0.001112,-0.000904,-0.000535,-0.000129,0.000034,0.000130,0.000303,0.000339,0.000256,0.000219,0.000200,0.000098,0.000045,-0.000088,-0.000240,-0.000321,-0.000306,-0.000186,0.000038,0.000228,0.000326,0.000498,0.000683,0.000650,0.000407,0.000422,0.000850,0.000894,0.000242,0.000058,0.001059,0.001881,0.001246,-0.000372,-0.001590,-0.001691,-0.001534,-0.001590,-0.001565,-0.001267,-0.000658,0.000174,0.000801,0.000579,-0.000079,-0.000455,-0.000275,0.000283,0.000608,0.000489,0.000245,0.000075,0.000077,0.000210,-0.000034,-0.000673,-0.001402,-0.001990,-0.002076,-0.001524,-0.000489,0.000211,0.000180,-0.000054,-0.000093,-0.000042,-0.000119,-0.000243,-0.000136,0.000089,0.000170,0.000124,0.000073,-0.000024,-0.000150,-0.000150,-0.000067,0.000007,0.000133,0.000113,0.000054,0.000026,0.000055,0.000043,-0.000056,-0.000057,-0.000061,-0.000057,-0.000025,-0.000062,-0.000115,-0.000084,-0.000042,-0.000100,-0.000081,0.000021,0.000097,0.000040,-0.000106,-0.000147,-0.000039,0.000014,-0.000058,-0.000137,-0.000119,0.000027,0.000101,
-0.013838,-0.014518,-0.010670,-0.003152,0.001864,0.002723,0.000165,-0.001862,-0.001637,-0.000333,0.001099,0.001614,0.000966,0.000241,0.000141,0.000345,0.000674,0.000945,0.001199,0.001570,0.001542,0.001077,0.000386,-0.000573,-0.001535,-0.001816,-0.001183,-0.000112,0.000752,0.000963,0.000613,0.000015,-0.000426,-0.000313,0.000145,0.000623,0.000883,0.000771,0.000066,-0.001019,-0.001485,-0.000973,-0.000239,0.000152,0.000311,0.000245,0.000036,-0.000096,-0.000392,-0.000768,-0.000762,-0.000561,-0.000437,-0.000235,0.000107,0.000183,-0.000040,-0.000140,-0.000110,-0.000503,-0.001119,-0.001478,-0.001227,-0.000008,0.001344,0.001614,0.001055,0.000420,-0.000441,-0.001150,-0.001238,-0.001077,-0.000821,-0.000449,-0.000040,0.000202,0.000292,0.000149,0.000032,0.000102,0.000102,0.000155,0.000242,0.000397,0.000945,0.001618,0.001535,0.000354,-0.000792,-0.001002,-0.000753,-0.000476,-0.000201,-0.000024,0.000064,0.000242,0.000400,0.000300,0.000045,-0.000096,-0.000147,-0.000159,-0.000061,0.000048,0.000093,0.000038,-0.000051,-0.000043,0.000017,-0.000056,-0.000198,-0.000232,-0.000103,0.000072,0.000114,-0.000018,-0.000163,-0.000170,-0.000100,-0.000082,-0.000109,-0.000117,-0.000191,-0.000154,0.000082,0.000251,0.000194,-0.000012,-0.000103,-0.000043,0.000027,0.000001,-0.000086,-0.000192,-0.000083,0.000197,0.000320,0.000242,0.011248,0.006218,0.008150,0.008777,0.007798,0.006766,0.005319,0.003506,0.002354,0.002394,0.002435,0.001517,0.000461,-0.000249,-0.000930,-0.001121,-0.000577,0.000206,0.000894,0.000797,-0.000207,-0.001173,-0.001452,-0.000888,-0.000064,0.000226,-0.000022,-0.000457,-0.001065,-0.001437,-0.001398,-0.001323,-0.000967,-0.000430,-0.000036,0.000174,0.000257,0.000259,0.000200,0.000197,0.000219,0.000174,0.000069,0.000019,-0.000034,-0.000182,-0.000155,-0.000102,-0.000112,-0.000072,0.000088,0.000264,0.000421,0.000609,0.000532,0.000214,0.000232,0.000761,0.000933,0.000243,-0.000126,0.000765,0.001851,0.001538,-0.000289,-0.001870,-0.002090,-0.001813,-0.001661,-0.001544,-0.001245,-0.000670,0.000114,0.000556,0.000439,-0.000076,-0.000461,-0.000215,0.000289,0.000520,0.000321,0.000114,0.000095,0.000131,0.000161,-0.000184,-0.000773,-0.001470,-0.002116,-0.002278,-0.001714,-0.000602,0.000228,0.000254,0.000045,0.000014,0.000076,-0.000052,-0.000156,0.000034,0.000227,0.000237,0.000120,0.000007,-0.000060,-0.000057,-0.000111,-0.000125,-0.000059,0.000031,0.000087,-0.000003,-0.000045,0.000042,0.000099,0.000017,-0.000024,-0.000065,-0.000088,-0.000037,-0.000056,-0.000075,-0.000089,-0.000071,-0.000054,-0.000110,-0.000111,-0.000064,-0.000057,-0.000037,-0.000016,-0.000104,-0.000049,0.000085,0.000023,-0.000020,0.000009,0.000092,
-0.013700,-0.014301,-0.010551,-0.003006,0.002107,0.002945,0.000296,-0.001837,-0.001617,-0.000299,0.001032,0.001544,0.000959,0.000241,0.000142,0.000286,0.000624,0.000962,0.001149,0.001414,0.001489,0.001171,0.000538,-0.000497,-0.001572,-0.001725,-0.001022,-0.000061,0.000653,0.000773,0.000447,-0.000069,-0.000426,-0.000257,0.000210,0.000643,0.000900,0.000859,0.000301,-0.000748,-0.001281,-0.000850,-0.000061,0.000320,0.000297,0.000209,-0.000057,-0.000215,-0.000404,-0.000700,-0.000797,-0.000578,-0.000334,-0.000113,0.000137,0.000100,-0.000056,0.000012,0.000043,-0.000300,-0.000858,-0.001149,-0.000943,0.000137,0.001714,0.002384,0.001874,0.000852,-0.000098,-0.000652,-0.000857,-0.000985,-0.000858,-0.000367,-0.000009,0.000135,0.000174,0.000064,0.000059,0.000162,0.000224,0.000185,0.000202,0.000420,0.000956,0.001631,0.001653,0.000393,-0.001017,-0.001318,-0.001106,-0.000850,-0.000322,0.000112,0.000226,0.000277,0.000282,0.000195,-0.000050,-0.000132,-0.000075,-0.000049,0.000031,0.000066,0.000013,-0.000068,-0.000157,-0.000106,-0.000136,-0.000247,-0.000307,-0.000318,-0.000282,-0.000157,-0.000063,-0.000097,-0.000108,-0.000044,0.000008,0.000022,0.000060,0.000084,0.000092,0.000126,0.000180,0.000226,0.000207,0.000154,0.000079,0.000002,-0.000095,-0.000079,-0.000035,-0.000109,-0.000024,0.000127,0.000197,0.000162,0.011607,0.006728,0.008485,0.008778,0.007712,0.006684,0.005285,0.003553,0.002224,0.002178,0.002351,0.001489,0.000480,-0.000151,-0.000907,-0.001246,-0.000661,0.000146,0.000731,0.000727,-0.000113,-0.001068,-0.001386,-0.000913,-0.000067,0.000283,-0.000068,-0.000617,-0.001181,-0.001415,-0.001333,-0.001282,-0.000971,-0.000469,-0.000059,0.000227,0.000318,0.000338,0.000364,0.000167,0.000110,0.000128,-0.000070,-0.000171,-0.000260,-0.000240,-0.000108,-0.000050,-0.000066,0.000055,0.000155,0.000143,0.000335,0.000614,0.000499,0.000179,0.000329,0.000890,0.000994,0.000278,-0.000184,0.000544,0.001405,0.001120,-0.000297,-0.001616,-0.001963,-0.001909,-0.001851,-0.001723,-0.001379,-0.000594,0.000240,0.000648,0.000454,-0.000135,-0.000429,-0.000223,0.000177,0.000384,0.000242,0.000127,0.000151,0.000150,0.000206,-0.000111,-0.000832,-0.001594,-0.002274,-0.002247,-0.001493,-0.000497,0.000122,0.000103,-0.000019,0.000107,0.000112,-0.000069,-0.000098,0.000003,0.000049,0.000081,0.000008,0.000010,0.000067,0.000059,-0.000021,-0.000082,0.000031,0.000167,0.000138,-0.000020,-0.000063,-0.000038,-0.000155,-0.000273,-0.000077,0.000038,-0.000009,0.000011,0.000026,-0.000042,-0.000051,0.000016,0.000025,-0.000119,-0.000153,-0.000032,-0.000093,-0.000179,-0.000052,-0.000022,-0.000067,-0.000053,-0.000021,0.000009,0.000031,-0.000040,
-0.013347,-0.013942,-0.010210,-0.002872,0.002098,0.002968,0.000395,-0.001741,-0.001687,-0.000435,0.001032,0.001544,0.000952,0.000234,0.000071,0.000224,0.000538,0.000917,0.001202,0.001511,0.001481,0.001108,0.000645,-0.000275,-0.001385,-0.001701,-0.001161,-0.000274,0.000434,0.000668,0.000407,-0.000130,-0.000403,-0.000204,0.000236,0.000542,0.000677,0.000598,0.000025,-0.000909,-0.001246,-0.000746,-0.000130,0.000186,0.000301,0.000080,-0.000163,-0.000211,-0.000386,-0.000616,-0.000692,-0.000713,-0.000616,-0.000228,0.000049,0.000069,0.000082,0.000106,0.000106,-0.000285,-0.000880,-0.001026,-0.000677,0.000160,0.001111,0.001405,0.001161,0.000577,-0.000262,-0.000804,-0.000941,-0.000919,-0.000604,-0.000053,0.000280,0.000345,0.000402,0.000267,-0.000004,-0.000052,0.000143,0.000170,0.000159,0.000426,0.000965,0.001683,0.001625,0.000349,-0.000839,-0.001027,-0.000850,-0.000760,-0.000490,-0.000093,0.000186,0.000371,0.000447,0.000340,0.000115,-0.000077,-0.000091,0.000016,0.000008,-0.000040,-0.000056,-0.000148,-0.000183,-0.000114,-0.000077,-0.000058,-0.000098,-0.000198,-0.000210,-0.000118,-0.000021,0.000052,0.000067,-0.000029,-0.000035,0.000036,-0.000042,-0.000067,-0.000040,-0.000097,-0.000021,0.000142,0.000144,0.000096,0.000124,0.000111,0.000030,-0.000054,-0.000116,-0.000117,0.000008,0.000060,0.000096,0.000191,0.011916,0.007112,0.008581,0.008636,0.007616,0.006691,0.005270,0.003560,0.002349,0.002313,0.002331,0.001425,0.000509,-0.000163,-0.000942,-0.001206,-0.000687,0.000194,0.000880,0.000770,-0.000199,-0.001174,-0.001412,-0.000865,-0.000010,0.000335,-0.000081,-0.000810,-0.001386,-0.001503,-0.001296,-0.001016,-0.000589,-0.000173,-0.000017,-0.000032,-0.000045,-0.000032,0.000071,0.000125,0.000184,0.000114,-0.000133,-0.000168,-0.000188,-0.000297,-0.000331,-0.000296,-0.000210,-0.000052,0.000001,0.000157,0.000360,0.000559,0.000575,0.000244,0.000179,0.000633,0.000731,0.000225,0.000301,0.001325,0.002079,0.001246,-0.000635,-0.001767,-0.001772,-0.001631,-0.001657,-0.001567,-0.001170,-0.000560,0.000154,0.000658,0.000389,-0.000250,-0.000505,-0.000252,0.000230,0.000440,0.000347,0.000189,0.000130,0.000266,0.000253,-0.000025,-0.000690,-0.001471,-0.002029,-0.002227,-0.001689,-0.000563,0.000212,0.000260,0.000054,-0.000087,-0.000209,-0.000243,-0.000092,0.000106,0.000116,0.000186,0.000260,0.000159,0.000023,-0.000021,-0.000077,-0.000208,-0.000150,0.000114,0.000166,-0.000051,-0.000161,-0.000147,-0.000039,0.000057,-0.000009,-0.000042,0.000094,0.000186,0.000113,-0.000037,-0.000034,-0.000033,-0.000100,-0.000093,-0.000070,-0.000080,-0.000016,0.000051,-0.000046,-0.000191,-0.000160,0.000052,0.000152,0.000113,0.000089,0.000061,
-0.013673,-0.014092,-0.010463,-0.003097,0.002020,0.002912,0.000152,-0.002056,-0.001778,-0.000400,0.000952,0.001472,0.000816,0.000048,-0.000069,0.000133,0.000566,0.000998,0.001220,0.001454,0.001578,0.001203,0.000465,-0.000590,-0.001605,-0.001865,-0.001311,-0.000282,0.000554,0.000736,0.000362,-0.000301,-0.000537,-0.000130,0.000289,0.000528,0.000625,0.000446,-0.000202,-0.001193,-0.001460,-0.000799,-0.000056,0.000232,0.000292,0.000090,-0.000167,-0.000227,-0.000423,-0.000739,-0.000817,-0.000596,-0.000420,-0.000280,0.000041,0.000213,0.000141,0.000030,-0.000123,-0.000548,-0.001110,-0.001462,-0.001087,0.000177,0.001459,0.001825,0.001381,0.000766,0.000036,-0.000529,-0.000807,-0.000855,-0.000740,-0.000197,0.000418,0.000450,0.000153,-0.000009,-0.000026,0.000064,0.000186,0.000192,0.000215,0.000474,0.000966,0.001490,0.001369,0.000333,-0.000655,-0.000954,-0.000874,-0.000661,-0.000368,-0.000074,0.000094,0.000250,0.000421,0.000381,0.000193,0.000102,0.000027,0.000026,0.000042,0.000011,0.000003,-0.000049,-0.000085,-0.000024,-0.000089,-0.000152,-0.000058,0.000064,0.000061,-0.000020,0.000051,0.000115,0.000087,0.000078,0.000063,-0.000049,-0.000167,-0.000159,-0.000092,-0.000101,0.000046,0.000254,0.000224,0.000114,0.000076,0.000028,0.000073,0.000105,-0.000014,-0.000184,-0.000151,0.000079,0.000212,0.000195,0.011901,0.006919,0.008385,0.008692,0.007729,0.006674,0.005134,0.003289,0.002079,0.002319,0.002494,0.001581,0.000637,-0.000140,-0.001062,-0.001339,-0.000571,0.000317,0.000762,0.000658,-0.000205,-0.001163,-0.001392,-0.000785,-0.000014,0.000273,-0.000087,-0.000823,-0.001325,-0.001282,-0.000906,-0.000369,0.000141,0.000391,0.000184,-0.000128,-0.000245,-0.000113,0.000116,0.000150,0.000117,0.000022,-0.000105,-0.000160,-0.000161,-0.000079,-0.000034,-0.000098,-0.000211,-0.000096,0.000094,0.000173,0.000505,0.000755,0.000661,0.000317,0.000243,0.000770,0.000973,0.000262,-0.000095,0.000900,0.002032,0.001604,-0.000258,-0.001652,-0.001794,-0.001617,-0.001509,-0.001442,-0.001155,-0.000534,0.000308,0.000826,0.000599,-0.000165,-0.000597,-0.000264,0.000260,0.000483,0.000389,0.000218,0.000132,0.000178,0.000206,-0.000008,-0.000658,-0.001524,-0.002107,-0.002128,-0.001510,-0.000373,0.000288,0.000182,-0.000041,-0.000053,0.000006,-0.000087,-0.000151,-0.000144,-0.000072,0.000079,0.000177,0.000105,-0.000018,-0.000068,0.000005,-0.000018,-0.000021,-0.000011,-0.000066,-0.000123,-0.000104,0.000017,-0.000017,-0.000221,-0.000384,-0.000306,-0.000055,0.000056,0.000048,-0.000017,-0.000071,-0.000069,-0.000149,-0.000167,-0.000099,-0.000114,-0.000209,-0.000241,-0.000243,-0.000110,0.000137,0.000147,0.000076,0.000039,0.000044,0.000117,
-0.013649,-0.014094,-0.010555,-0.003048,0.002179,0.003079,0.000390,-0.001918,-0.001730,-0.000279,0.001106,0.001590,0.000901,0.000061,-0.000048,0.000246,0.000606,0.000942,0.001177,0.001435,0.001512,0.001108,0.000471,-0.000465,-0.001475,-0.001748,-0.001141,-0.000100,0.000786,0.000936,0.000471,-0.000068,-0.000336,-0.000187,0.000125,0.000495,0.000837,0.000803,0.000263,-0.000770,-0.001332,-0.000795,-0.000049,0.000282,0.000337,0.000207,-0.000045,-0.000225,-0.000445,-0.000791,-0.000929,-0.000704,-0.000403,-0.000153,0.000142,0.000174,-0.000028,-0.000084,-0.000116,-0.000407,-0.000826,-0.001187,-0.001171,-0.000130,0.001257,0.001734,0.001251,0.000597,-0.000108,-0.000788,-0.001085,-0.001093,-0.000873,-0.000267,0.000277,0.000411,0.000253,0.000075,0.000006,0.000057,0.000230,0.000304,0.000265,0.000462,0.001011,0.001585,0.001521,0.000420,-0.000686,-0.000886,-0.000702,-0.000536,-0.000264,0.000035,0.000242,0.000325,0.000431,0.000401,0.000149,0.000024,0.000055,0.000027,0.000001,-0.000001,0.000010,0.000049,0.000047,-0.000001,-0.000034,-0.000053,-0.000072,-0.000014,-0.000037,-0.000038,0.000039,0.000062,-0.000013,-0.000077,-0.000081,-0.000060,-0.000122,-0.000157,-0.000078,0.000079,0.000248,0.000331,0.000205,0.000128,0.000130,0.000105,0.000028,-0.000037,-0.000072,-0.000085,-0.000061,0.000020,0.000163,0.000236,0.011901,0.006905,0.008350,0.008647,0.007602,0.006510,0.005056,0.003339,0.002089,0.002283,0.002502,0.001551,0.000592,-0.000165,-0.000962,-0.001180,-0.000613,0.000192,0.000799,0.000791,0.000035,-0.000930,-0.001282,-0.000787,0.000000,0.000311,-0.000061,-0.000751,-0.001358,-0.001472,-0.001135,-0.000862,-0.000675,-0.000444,-0.000216,-0.000014,0.000222,0.000283,0.000261,0.000240,0.000252,0.000250,0.000160,0.000135,0.000051,-0.000097,-0.000114,-0.000097,-0.000087,0.000045,0.000215,0.000412,0.000622,0.000714,0.000558,0.000241,0.000260,0.000749,0.000857,0.000223,-0.000113,0.000774,0.001922,0.001877,0.000384,-0.001026,-0.001345,-0.001443,-0.001598,-0.001515,-0.001121,-0.000382,0.000594,0.001068,0.000652,-0.000137,-0.000538,-0.000262,0.000263,0.000419,0.000229,0.000085,-0.000001,0.000048,0.000134,-0.000084,-0.000714,-0.001477,-0.002146,-0.002269,-0.001607,-0.000618,0.000029,0.000006,-0.000142,-0.000164,-0.000245,-0.000335,-0.000261,-0.000125,0.000050,0.000158,0.000120,0.000002,-0.000064,-0.000103,-0.000090,-0.000060,-0.000007,0.000116,0.000152,0.000044,-0.000040,-0.000043,-0.000006,-0.000006,-0.000087,-0.000041,-0.000062,-0.000186,-0.000190,-0.000133,-0.000163,-0.000167,-0.000143,-0.000145,-0.000071,-0.000008,0.000035,0.000007,-0.000103,-0.000085,0.000021,0.000137,0.000135,0.000054,0.000035,0.000072,
-0.013665,-0.014058,-0.010548,-0.003095,0.002008,0.002843,0.000159,-0.001993,-0.001770,-0.000480,0.000950,0.001546,0.000887,0.000143,0.000150,0.000274,0.000548,0.001015,0.001164,0.001345,0.001442,0.001182,0.000625,-0.000377,-0.001507,-0.001812,-0.001160,-0.000133,0.000643,0.000764,0.000328,-0.000173,-0.000398,-0.000181,0.000316,0.000770,0.001047,0.000971,0.000272,-0.000809,-0.001309,-0.000784,-0.000100,0.000088,0.000186,0.000200,-0.000033,-0.000306,-0.000566,-0.000787,-0.000798,-0.000677,-0.000503,-0.000177,0.000116,0.000238,0.000076,-0.000110,-0.000138,-0.000386,-0.000789,-0.001009,-0.000872,0.000074,0.001403,0.001916,0.001447,0.000722,-0.000132,-0.000773,-0.001104,-0.001431,-0.001296,-0.000634,-0.000032,0.000224,0.000226,0.000126,0.000121,0.000222,0.000152,0.000023,0.000012,0.000361,0.001062,0.001701,0.001532,0.000400,-0.000723,-0.001035,-0.000886,-0.000741,-0.000468,-0.000139,0.000114,0.000333,0.000495,0.000460,0.000162,-0.000100,-0.000136,-0.000006,0.000054,0.000008,-0.000039,-0.000132,-0.000192,-0.000080,-0.000013,-0.000051,-0.000071,-0.000055,-0.000050,-0.000005,0.000152,0.000182,0.000049,-0.000094,-0.000068,0.000023,-0.000060,-0.000095,-0.000049,0.000027,0.000088,0.000117,0.000175,0.000219,0.000106,-0.000025,-0.000036,-0.000034,-0.000071,-0.000108,-0.000082,0.000079,0.000224,0.000237,0.011789,0.006662,0.008178,0.008620,0.007727,0.006629,0.005090,0.003274,0.002020,0.002184,0.002446,0.001608,0.000566,-0.000248,-0.001034,-0.001230,-0.000596,0.000287,0.000850,0.000722,-0.000148,-0.001106,-0.001521,-0.001002,-0.000034,0.000409,0.000028,-0.000694,-0.001253,-0.001379,-0.001204,-0.001087,-0.000833,-0.000398,-0.000086,0.000130,0.000267,0.000284,0.000222,0.000082,0.000105,0.000175,0.000105,0.000065,-0.000068,-0.000235,-0.000243,-0.000229,-0.000182,0.000002,0.000164,0.000252,0.000486,0.000749,0.000592,0.000225,0.000347,0.000866,0.000824,0.000104,-0.000126,0.000802,0.001707,0.001186,-0.000396,-0.001484,-0.001662,-0.001694,-0.001756,-0.001731,-0.001448,-0.000880,0.000071,0.000788,0.000606,-0.000066,-0.000415,-0.000215,0.000118,0.000310,0.000229,-0.000011,-0.000047,0.000112,0.000235,0.000035,-0.000633,-0.001458,-0.002084,-0.002205,-0.001641,-0.000561,0.000206,0.000186,-0.000085,-0.000177,-0.000160,-0.000187,-0.000183,0.000014,0.000167,0.000152,0.000092,-0.000020,-0.000054,0.000023,0.000047,0.000030,0.000129,0.000242,0.000239,0.000042,-0.000049,-0.000015,0.000055,0.000031,0.000061,0.000021,-0.000178,-0.000163,0.000005,-0.000045,-0.000133,-0.000058,-0.000047,-0.000064,-0.000072,-0.000087,-0.000033,-0.000068,-0.000193,-0.000177,-0.000063,0.000017,-0.000054,-0.000107,-0.000024,-0.000008,
-0.013614,-0.013827,-0.010244,-0.002963,0.002202,0.003089,0.000351,-0.001934,-0.001748,-0.000387,0.001023,0.001529,0.000958,0.000252,0.000088,0.000262,0.000605,0.000985,0.001216,0.001392,0.001339,0.000967,0.000483,-0.000306,-0.001414,-0.001830,-0.001229,-0.000120,0.000795,0.001049,0.000674,0.000113,-0.000238,-0.000187,0.000154,0.000611,0.000938,0.000797,0.000057,-0.000955,-0.001386,-0.000880,-0.000082,0.000294,0.000348,0.000250,-0.000037,-0.000271,-0.000395,-0.000586,-0.000679,-0.000587,-0.000381,-0.000107,0.000137,0.000065,-0.000104,-0.000062,-0.000061,-0.000519,-0.001139,-0.001457,-0.001205,-0.000107,0.001151,0.001624,0.001324,0.000700,-0.000185,-0.000972,-0.001138,-0.001070,-0.000933,-0.000521,-0.000076,0.000191,0.000214,0.000145,0.000173,0.000227,0.000227,0.000119,0.000096,0.000361,0.001030,0.001606,0.001405,0.000271,-0.000896,-0.001099,-0.000844,-0.000627,-0.000309,-0.000005,0.000256,0.000340,0.000294,0.000243,0.000029,-0.000090,-0.000016,0.000019,0.000023,0.000004,-0.000021,-0.000079,-0.000082,0.000034,0.000104,0.000092,-0.000061,-0.000161,-0.000117,-0.000059,-0.000034,0.000041,-0.000026,-0.000188,-0.000113,-0.000046,-0.000085,-0.000076,-0.000027,0.000069,0.000116,0.000197,0.000217,0.000141,0.000057,-0.000025,-0.000021,0.000006,-0.000088,-0.000239,-0.000203,-0.000023,0.000070,0.000108,0.012241,0.007042,0.008361,0.008595,0.007526,0.006455,0.004998,0.003275,0.002096,0.002170,0.002330,0.001469,0.000563,-0.000130,-0.000944,-0.001159,-0.000507,0.000259,0.000781,0.000770,-0.000053,-0.001046,-0.001446,-0.000990,-0.000148,0.000261,-0.000038,-0.000568,-0.001078,-0.001412,-0.001329,-0.001202,-0.000975,-0.000542,-0.000164,0.000061,0.000184,0.000356,0.000326,0.000187,0.000244,0.000185,-0.000005,-0.000061,-0.000063,-0.000183,-0.000214,-0.000191,-0.000219,-0.000030,0.000185,0.000278,0.000439,0.000620,0.000559,0.000282,0.000352,0.000819,0.000847,0.000207,0.000044,0.000971,0.002024,0.001585,-0.000318,-0.001631,-0.001685,-0.001603,-0.001643,-0.001444,-0.000990,-0.000516,0.000131,0.000721,0.000538,-0.000087,-0.000336,-0.000113,0.000217,0.000403,0.000274,0.000070,0.000066,0.000090,0.000052,-0.000218,-0.000810,-0.001566,-0.002119,-0.002213,-0.001614,-0.000524,0.000089,0.000122,0.000065,0.000089,0.000014,-0.000142,-0.000147,0.000075,0.000196,0.000174,0.000112,0.000065,-0.000025,-0.000134,-0.000141,-0.000131,-0.000066,0.000093,0.000175,0.000019,-0.000112,-0.000131,-0.000194,-0.000187,-0.000106,-0.000023,-0.000071,-0.000162,-0.000184,-0.000209,-0.000180,-0.000080,-0.000075,-0.000157,-0.000215,-0.000179,-0.000073,0.000001,-0.000061,-0.000161,-0.000143,-0.000012,0.000076,0.000064,0.000080,0.000126,
-0.013190,-0.013523,-0.009967,-0.002696,0.002395,0.003346,0.000681,-0.001684,-0.001761,-0.000592,0.000860,0.001607,0.001035,0.000125,-0.000033,0.000071,0.000521,0.001147,0.001316,0.001538,0.001491,0.001023,0.000428,-0.000455,-0.001482,-0.001789,-0.001167,-0.000094,0.000731,0.000800,0.000464,0.000033,-0.000269,-0.000078,0.000324,0.000595,0.000788,0.000736,0.000110,-0.000865,-0.001327,-0.000845,-0.000065,0.000371,0.000316,0.000028,-0.000246,-0.000298,-0.000306,-0.000534,-0.000798,-0.000695,-0.000492,-0.000269,0.000075,0.000234,0.000121,0.000059,-0.000031,-0.000494,-0.001154,-0.001473,-0.001247,0.000067,0.001763,0.002271,0.001534,0.000644,-0.000241,-0.000847,-0.000931,-0.000874,-0.000754,-0.000463,-0.000188,-0.000033,0.000130,0.000213,0.000169,0.000073,0.000022,0.000108,0.000255,0.000470,0.000952,0.001609,0.001487,0.000127,-0.001079,-0.001237,-0.000916,-0.000549,-0.000226,0.000012,0.000220,0.000341,0.000424,0.000382,0.000041,-0.000129,-0.000059,-0.000031,-0.000148,-0.000176,-0.000073,-0.000080,-0.000033,0.000070,0.000074,-0.000007,-0.000177,-0.000206,-0.000121,0.000077,0.000192,0.000094,-0.000050,-0.000146,-0.000116,-0.000080,-0.000120,-0.000110,-0.000119,-0.000054,0.000165,0.000215,0.000129,0.000075,0.000064,0.000072,-0.000004,-0.000156,-0.000178,-0.000145,-0.000127,0.000070,0.000253,0.000286,0.012490,0.007518,0.008593,0.008577,0.007408,0.006228,0.004868,0.003260,0.002091,0.002141,0.002175,0.001205,0.000347,-0.000315,-0.001063,-0.001245,-0.000613,0.000119,0.000712,0.000737,-0.000177,-0.001146,-0.001423,-0.000874,-0.000043,0.000258,0.000038,-0.000571,-0.001157,-0.001260,-0.001106,-0.001137,-0.001065,-0.000643,-0.000149,0.000072,0.000101,0.000227,0.000400,0.000391,0.000271,0.000093,0.000063,0.000115,0.000032,-0.000055,-0.000147,-0.000269,-0.000342,-0.000185,0.000094,0.000199,0.000374,0.000452,0.000378,0.000223,0.000372,0.000857,0.000915,0.000226,-0.000258,0.000522,0.001523,0.001195,-0.000410,-0.001906,-0.002280,-0.002233,-0.002200,-0.001920,-0.001360,-0.000486,0.000451,0.000900,0.000565,-0.000272,-0.000671,-0.000322,0.000215,0.000449,0.000433,0.000200,0.000045,0.000171,0.000148,-0.000142,-0.000608,-0.001353,-0.002018,-0.002130,-0.001507,-0.000463,0.000250,0.000329,0.000224,0.000231,0.000110,-0.000052,-0.000144,-0.000067,0.000091,0.000189,0.000225,0.000120,-0.000064,-0.000072,-0.000017,-0.000008,0.000035,0.000137,0.000166,0.000014,-0.000104,-0.000072,0.000115,0.000193,0.000177,0.000131,0.000007,-0.000125,-0.000037,-0.000006,-0.000089,-0.000029,0.000007,-0.000190,-0.000215,-0.000029,0.000054,0.000033,-0.000085,-0.000289,-0.000262,-0.000127,0.000024,0.000131,0.000081,0.000018,
-0.012867,-0.013223,-0.009625,-0.002374,0.002668,0.003505,0.000732,-0.001555,-0.001532,-0.000394,0.000909,0.001431,0.000800,0.000111,-0.000050,0.000063,0.000561,0.001055,0.001211,0.001402,0.001428,0.001041,0.000357,-0.000573,-0.001495,-0.001768,-0.001129,-0.000059,0.000637,0.000776,0.000438,-0.000096,-0.000314,-0.000196,0.000200,0.000656,0.000910,0.000803,0.000105,-0.000927,-0.001357,-0.000814,-0.000021,0.000285,0.000344,0.000245,-0.000007,-0.000193,-0.000392,-0.000673,-0.000793,-0.000676,-0.000462,-0.000233,0.000029,0.000082,-0.000071,-0.000062,0.000036,-0.000313,-0.000755,-0.000769,-0.000443,0.000290,0.001145,0.001475,0.001166,0.000581,-0.000161,-0.000760,-0.000964,-0.001041,-0.000901,-0.000392,0.000179,0.000417,0.000210,0.000042,0.000127,0.000164,0.000096,0.000072,0.000159,0.000431,0.000969,0.001576,0.001486,0.000235,-0.000996,-0.001212,-0.001003,-0.000768,-0.000478,-0.000106,0.000166,0.000410,0.000545,0.000362,0.000026,-0.000195,-0.000089,-0.000036,-0.000103,-0.000067,-0.000082,-0.000197,-0.000161,0.000056,0.000109,-0.000062,-0.000070,-0.000013,0.000015,0.000008,0.000079,0.000159,-0.000010,-0.000182,-0.000200,-0.000180,-0.000116,-0.000058,-0.000060,0.000007,0.000111,0.000185,0.000211,0.000188,0.000124,0.000024,-0.000098,-0.000117,-0.000146,-0.000235,-0.000174,-0.000030,0.000058,0.000094,0.012933,0.007892,0.008872,0.008614,0.007250,0.006116,0.004768,0.003134,0.001968,0.002059,0.002238,0.001350,0.000295,-0.000383,-0.001105,-0.001395,-0.000772,0.000171,0.000753,0.000692,-0.000157,-0.001215,-0.001499,-0.000861,0.000041,0.000474,0.000187,-0.000525,-0.001267,-0.001489,-0.001227,-0.001037,-0.000793,-0.000481,-0.000249,-0.000090,0.000038,0.000156,0.000268,0.000382,0.000481,0.000364,0.000199,0.000088,-0.000154,-0.000240,-0.000121,0.000000,0.000085,0.000170,0.000211,0.000231,0.000357,0.000557,0.000505,0.000282,0.000299,0.000643,0.000750,0.000314,0.000195,0.001083,0.001884,0.001399,-0.000093,-0.001378,-0.001639,-0.001622,-0.001707,-0.001622,-0.001193,-0.000484,0.000305,0.000698,0.000361,-0.000221,-0.000462,-0.000272,0.000147,0.000446,0.000294,0.000054,0.000095,0.000186,0.000274,-0.000023,-0.000819,-0.001682,-0.002162,-0.002185,-0.001613,-0.000558,0.000206,0.000240,-0.000057,-0.000158,-0.000103,-0.000273,-0.000444,-0.000253,-0.000006,0.000084,0.000046,-0.000003,0.000030,0.000007,-0.000043,-0.000112,-0.000010,0.000140,0.000083,-0.000044,-0.000151,-0.000045,0.000116,0.000135,0.000055,-0.000044,-0.000077,-0.000063,-0.000059,-0.000142,-0.000251,-0.000245,-0.000229,-0.000219,-0.000182,-0.000121,-0.000006,0.000019,-0.000054,-0.000072,-0.000033,0.000007,0.000062,0.000096,0.000124,0.000076,
-0.013582,-0.013611,-0.010029,-0.002719,0.002416,0.003147,0.000319,-0.001828,-0.001695,-0.000480,0.000888,0.001409,0.000855,0.000206,0.000065,0.000154,0.000531,0.000988,0.001270,0.001515,0.001482,0.001112,0.000519,-0.000437,-0.001459,-0.001692,-0.001088,-0.000262,0.000429,0.000694,0.000475,-0.000005,-0.000305,-0.000027,0.000385,0.000549,0.000633,0.000493,-0.000105,-0.001055,-0.001474,-0.000941,-0.000173,0.000152,0.000167,0.000025,-0.000149,-0.000258,-0.000484,-0.000797,-0.000935,-0.000805,-0.000611,-0.000367,-0.000030,0.000081,0.000018,0.000059,0.000069,-0.000352,-0.001088,-0.001385,-0.001015,0.000167,0.001549,0.001845,0.001266,0.000625,-0.000074,-0.000693,-0.000996,-0.001106,-0.000856,-0.000237,0.000250,0.000328,0.000234,0.000188,0.000150,0.000069,-0.000016,-0.000019,0.000097,0.000365,0.000930,0.001580,0.001480,0.000350,-0.000750,-0.000903,-0.000648,-0.000460,-0.000221,-0.000041,0.000071,0.000270,0.000421,0.000443,0.000281,0.000057,-0.000051,-0.000018,-0.000008,-0.000089,-0.000158,-0.000127,-0.000094,-0.000021,-0.000026,-0.000142,-0.000107,-0.000138,-0.000145,0.000050,0.000152,0.000114,0.000052,-0.000041,-0.000112,-0.000075,-0.000047,-0.000100,-0.000088,-0.000058,0.000055,0.000218,0.000279,0.000254,0.000124,-0.000041,-0.000082,-0.000072,-0.000119,-0.000140,0.000063,0.000191,0.000121,0.000283,0.012426,0.007372,0.008533,0.008538,0.007437,0.006265,0.004724,0.003079,0.001922,0.001991,0.002197,0.001395,0.000392,-0.000341,-0.001103,-0.001372,-0.000729,0.000176,0.000818,0.000832,-0.000012,-0.001063,-0.001470,-0.000959,-0.000150,0.000134,-0.000190,-0.000906,-0.001493,-0.001559,-0.001225,-0.000803,-0.000373,-0.000053,-0.000027,-0.000153,-0.000127,0.000076,0.000252,0.000254,0.000227,0.000239,0.000109,-0.000020,-0.000167,-0.000228,-0.000017,0.000033,-0.000085,-0.000043,0.000106,0.000209,0.000371,0.000526,0.000352,-0.000019,0.000139,0.000831,0.001002,0.000269,0.000027,0.001071,0.002041,0.001480,-0.000381,-0.001733,-0.001815,-0.001583,-0.001630,-0.001689,-0.001309,-0.000602,0.000362,0.001028,0.000612,-0.000240,-0.000491,-0.000172,0.000208,0.000362,0.000330,0.000180,0.000095,0.000147,0.000156,-0.000047,-0.000672,-0.001440,-0.001968,-0.002139,-0.001615,-0.000551,0.000177,0.000186,-0.000139,-0.000241,-0.000047,-0.000026,-0.000102,-0.000008,0.000091,0.000160,0.000241,0.000241,0.000138,0.000006,0.000013,0.000037,0.000042,0.000164,0.000149,-0.000032,-0.000158,-0.000120,-0.000043,-0.000000,0.000049,-0.000018,-0.000089,0.000017,0.000082,-0.000032,-0.000094,-0.000056,-0.000097,-0.000164,-0.000196,-0.000087,0.000057,0.000005,-0.000159,-0.000207,-0.000051,0.000054,0.000171,0.000184,0.000151,0.000105,
-0.013648,-0.013509,-0.009957,-0.002771,0.002346,0.003268,0.000517,-0.001790,-0.001716,-0.000498,0.000873,0.001434,0.000764,0.000019,-0.000073,0.000107,0.000525,0.001008,0.001209,0.001381,0.001398,0.000999,0.000476,-0.000353,-0.001366,-0.001628,-0.001061,-0.000101,0.000620,0.000753,0.000496,0.000001,-0.000421,-0.000175,0.000398,0.000637,0.000657,0.000574,-0.000012,-0.001021,-0.001340,-0.000768,-0.000073,0.000237,0.000212,0.000079,-0.000122,-0.000287,-0.000425,-0.000677,-0.000843,-0.000720,-0.000477,-0.000311,-0.000062,0.000078,-0.000006,-0.000055,-0.000018,-0.000311,-0.000874,-0.001295,-0.001148,0.000087,0.001510,0.001916,0.001450,0.000755,-0.000047,-0.000713,-0.000897,-0.000964,-0.000847,-0.000294,0.000198,0.000354,0.000156,-0.000029,0.000045,0.000165,0.000247,0.000259,0.000168,0.000393,0.001033,0.001650,0.001588,0.000405,-0.000726,-0.000928,-0.000723,-0.000547,-0.000370,-0.000085,0.000186,0.000392,0.000542,0.000407,0.000056,-0.000074,-0.000033,0.000001,0.000060,0.000030,-0.000051,-0.000042,-0.000029,0.000054,0.000103,0.000007,-0.000110,-0.000159,-0.000172,-0.000120,0.000063,0.000106,-0.000079,-0.000193,-0.000196,-0.000201,-0.000203,-0.000146,-0.000066,0.000004,0.000056,0.000160,0.000183,0.000113,0.000135,0.000152,0.000049,-0.000079,-0.000134,-0.000161,-0.000170,-0.000105,0.000023,0.000099,0.012376,0.007248,0.008265,0.008371,0.007369,0.006236,0.004709,0.003038,0.001909,0.002133,0.002391,0.001504,0.000418,-0.000433,-0.001210,-0.001322,-0.000563,0.000310,0.000855,0.000775,-0.000118,-0.001031,-0.001393,-0.000880,-0.000033,0.000247,-0.000112,-0.000742,-0.001316,-0.001431,-0.001044,-0.000653,-0.000278,-0.000035,-0.000089,-0.000119,0.000019,0.000201,0.000335,0.000297,0.000254,0.000184,0.000039,-0.000054,-0.000173,-0.000216,-0.000151,-0.000144,-0.000241,-0.000135,0.000140,0.000159,0.000315,0.000614,0.000563,0.000226,0.000267,0.000872,0.001006,0.000235,-0.000029,0.001006,0.002108,0.001802,0.000242,-0.001119,-0.001468,-0.001615,-0.001868,-0.001797,-0.001348,-0.000623,0.000370,0.000921,0.000573,-0.000115,-0.000558,-0.000343,0.000210,0.000416,0.000263,0.000054,-0.000052,0.000098,0.000256,0.000013,-0.000685,-0.001598,-0.002205,-0.002294,-0.001749,-0.000695,0.000115,0.000260,0.000120,0.000069,-0.000037,-0.000245,-0.000232,0.000035,0.000175,0.000135,0.000134,0.000102,-0.000006,-0.000115,-0.000091,0.000001,0.000117,0.000166,0.000092,-0.000059,-0.000106,-0.000002,0.000049,0.000055,0.000011,-0.000056,-0.000047,-0.000112,-0.000181,-0.000111,-0.000009,0.000040,-0.000034,-0.000091,-0.000045,0.000011,0.000049,-0.000091,-0.000232,-0.000256,-0.000094,0.000058,0.000167,0.000151,0.000022,0.000061,
-0.013185,-0.013269,-0.009717,-0.002446,0.002830,0.003623,0.000574,-0.001713,-0.001609,-0.000448,0.000846,0.001391,0.000861,0.000088,-0.000032,0.000060,0.000407,0.001071,0.001440,0.001569,0.001423,0.000972,0.000379,-0.000521,-0.001512,-0.001760,-0.001134,-0.000149,0.000558,0.000715,0.000432,-0.000003,-0.000252,-0.000185,0.000190,0.000631,0.000828,0.000651,0.000031,-0.000897,-0.001338,-0.000861,-0.000163,0.000168,0.000284,0.000197,-0.000022,-0.000219,-0.000489,-0.000788,-0.000891,-0.000701,-0.000474,-0.000227,0.000013,0.000059,-0.000027,-0.000038,-0.000061,-0.000409,-0.000857,-0.001082,-0.001032,-0.000228,0.001065,0.001728,0.001392,0.000697,-0.000116,-0.000818,-0.001083,-0.001206,-0.001020,-0.000296,0.000237,0.000351,0.000225,0.000094,0.000070,0.000128,0.000261,0.000229,0.000151,0.000414,0.000989,0.001559,0.001496,0.000389,-0.000741,-0.000929,-0.000749,-0.000649,-0.000428,-0.000011,0.000301,0.000452,0.000496,0.000380,0.000134,-0.000092,-0.000110,-0.000012,0.000038,0.000027,-0.000075,-0.000108,-0.000100,-0.000112,-0.000192,-0.000242,-0.000187,-0.000105,-0.000126,-0.000133,-0.000054,-0.000013,-0.000097,-0.000217,-0.000191,-0.000099,-0.000082,-0.000141,-0.000108,-0.000021,0.000108,0.000261,0.000205,0.000145,0.000167,0.000087,-0.000037,-0.000041,-0.000084,-0.000171,-0.000113,0.000040,0.000214,0.000255,0.012778,0.007779,0.008699,0.008513,0.007125,0.005838,0.004486,0.003035,0.001931,0.001909,0.002070,0.001262,0.000296,-0.000442,-0.001152,-0.001258,-0.000570,0.000223,0.000819,0.000782,-0.000148,-0.001107,-0.001363,-0.000750,0.000111,0.000444,0.000016,-0.000791,-0.001389,-0.001484,-0.001286,-0.001107,-0.000816,-0.000363,-0.000050,0.000076,0.000241,0.000308,0.000314,0.000245,0.000213,0.000175,0.000113,0.000100,-0.000052,-0.000155,-0.000131,-0.000109,-0.000089,0.000098,0.000241,0.000257,0.000378,0.000494,0.000336,0.000019,0.000101,0.000628,0.000777,0.000239,0.000046,0.000839,0.001723,0.001325,-0.000151,-0.001252,-0.001518,-0.001560,-0.001747,-0.001728,-0.001357,-0.000630,0.000377,0.000983,0.000641,-0.000199,-0.000565,-0.000301,0.000197,0.000444,0.000314,0.000138,0.000108,0.000211,0.000213,-0.000091,-0.000727,-0.001517,-0.002156,-0.002242,-0.001587,-0.000524,0.000211,0.000118,-0.000135,-0.000093,-0.000004,-0.000065,-0.000131,-0.000087,0.000088,0.000213,0.000139,-0.000034,-0.000100,-0.000120,-0.000146,-0.000086,-0.000009,0.000101,0.000088,-0.000094,-0.000160,-0.000174,-0.000116,-0.000009,-0.000006,-0.000052,-0.000034,-0.000057,-0.000024,0.000010,-0.000025,-0.000051,-0.000071,-0.000151,-0.000165,-0.000061,-0.000007,-0.000054,-0.000083,-0.000107,0.000024,0.000106,0.000003,0.000011,0.000120,0.000151,
-0.013208,-0.013243,-0.009725,-0.002372,0.002856,0.003595,0.000596,-0.001698,-0.001564,-0.000400,0.000836,0.001373,0.000912,0.000256,0.000057,0.000128,0.000618,0.001118,0.001304,0.001440,0.001394,0.001080,0.000566,-0.000381,-0.001352,-0.001657,-0.001116,0.000018,0.000903,0.001045,0.000613,0.000078,-0.000274,-0.000192,0.000267,0.000774,0.001072,0.000900,0.000062,-0.001107,-0.001496,-0.000854,-0.000053,0.000309,0.000403,0.000228,-0.000080,-0.000268,-0.000459,-0.000677,-0.000823,-0.000698,-0.000482,-0.000238,0.000027,0.000034,-0.000064,-0.000050,-0.000059,-0.000479,-0.001060,-0.001222,-0.000891,0.000160,0.001398,0.001905,0.001534,0.000799,-0.000199,-0.000956,-0.001186,-0.001307,-0.001172,-0.000629,-0.000084,0.000099,0.000066,0.000070,0.000124,0.000189,0.000190,0.000166,0.000165,0.000398,0.001017,0.001691,0.001579,0.000387,-0.000679,-0.000970,-0.000936,-0.000737,-0.000466,-0.000139,0.000092,0.000195,0.000324,0.000333,0.000099,-0.000062,-0.000043,0.000002,0.000007,-0.000014,-0.000016,-0.000065,-0.000079,-0.000063,-0.000046,-0.000043,0.000003,0.000079,0.000040,-0.000056,-0.000036,0.000054,0.000026,-0.000052,-0.000016,-0.000006,-0.000138,-0.000211,-0.000142,-0.000092,0.000053,0.000179,0.000170,0.000134,0.000058,0.000007,0.000006,-0.000040,-0.000109,-0.000190,-0.000112,0.000078,0.000095,0.000090,0.012434,0.007513,0.008526,0.008549,0.007315,0.005972,0.004540,0.003022,0.001826,0.001920,0.002194,0.001352,0.000370,-0.000394,-0.001121,-0.001141,-0.000378,0.000454,0.000922,0.000904,0.000011,-0.001100,-0.001454,-0.000882,0.000061,0.000433,0.000133,-0.000442,-0.001047,-0.001293,-0.001120,-0.001005,-0.000860,-0.000541,-0.000270,-0.000096,0.000116,0.000294,0.000338,0.000222,0.000162,0.000220,0.000242,0.000075,-0.000230,-0.000371,-0.000360,-0.000292,-0.000193,-0.000014,0.000135,0.000153,0.000304,0.000582,0.000613,0.000329,0.000305,0.000769,0.000905,0.000238,-0.000086,0.000850,0.001938,0.001471,-0.000230,-0.001388,-0.001593,-0.001732,-0.001876,-0.001674,-0.001267,-0.000723,0.000060,0.000750,0.000683,0.000062,-0.000313,-0.000110,0.000332,0.000524,0.000412,0.000171,0.000012,0.000073,0.000123,-0.000093,-0.000654,-0.001469,-0.002055,-0.002135,-0.001598,-0.000650,0.000073,0.000197,0.000014,-0.000030,-0.000042,-0.000188,-0.000169,-0.000033,0.000119,0.000242,0.000170,0.000067,-0.000070,-0.000113,-0.000066,-0.000090,0.000123,0.000188,0.000091,-0.000029,-0.000174,-0.000189,-0.000137,-0.000184,-0.000191,-0.000098,-0.000006,0.000027,0.000023,-0.000047,-0.000119,-0.000107,-0.000083,-0.000149,-0.000251,-0.000172,-0.000060,-0.000077,-0.000038,-0.000029,-0.000063,-0.000031,0.000014,0.000021,-0.000004,0.000093,
-0.013217,-0.013272,-0.009640,-0.002217,0.002856,0.003563,0.000615,-0.001723,-0.001615,-0.000352,0.000969,0.001483,0.000834,0.000090,-0.000038,0.000144,0.000704,0.001158,0.001285,0.001398,0.001402,0.001063,0.000522,-0.000350,-0.001430,-0.001769,-0.001080,0.000069,0.000811,0.000894,0.000622,0.000161,-0.000232,-0.000213,0.000120,0.000549,0.000845,0.000742,0.000058,-0.000974,-0.001338,-0.000812,-0.000142,0.000280,0.000349,0.000161,-0.000083,-0.000284,-0.000504,-0.000815,-0.000937,-0.000711,-0.000455,-0.000254,0.000071,0.000157,0.000078,0.000071,0.000023,-0.000460,-0.001138,-0.001538,-0.001250,0.000030,0.001418,0.001703,0.001044,0.000215,-0.000546,-0.001075,-0.001178,-0.001079,-0.000811,-0.000412,0.000090,0.000245,0.000131,0.000090,0.000094,0.000092,0.000187,0.000216,0.000223,0.000449,0.000955,0.001612,0.001486,0.000168,-0.001012,-0.001218,-0.000875,-0.000596,-0.000325,-0.000005,0.000220,0.000340,0.000360,0.000350,0.000157,0.000034,0.000022,0.000026,0.000022,0.000022,-0.000002,-0.000119,-0.000171,0.000017,0.000072,-0.000060,-0.000151,-0.000229,-0.000166,-0.000071,0.000071,0.000119,-0.000085,-0.000239,-0.000221,-0.000107,-0.000100,-0.000151,-0.000096,-0.000092,0.000021,0.000209,0.000226,0.000154,0.000133,0.000080,0.000000,-0.000063,-0.000098,-0.000150,-0.000110,0.000082,0.000143,0.000090,0.012526,0.007552,0.008581,0.008505,0.007161,0.005854,0.004416,0.002950,0.001900,0.002009,0.002218,0.001341,0.000277,-0.000495,-0.001175,-0.001257,-0.000466,0.000361,0.000827,0.000722,-0.000205,-0.001145,-0.001427,-0.000900,0.000027,0.000379,0.000043,-0.000515,-0.001119,-0.001368,-0.001304,-0.001167,-0.000856,-0.000310,0.000128,0.000239,0.000233,0.000177,0.000209,0.000303,0.000299,0.000233,0.000157,0.000210,0.000086,-0.000170,-0.000151,-0.000024,-0.000117,-0.000149,0.000008,0.000043,0.000228,0.000504,0.000389,0.000038,0.000195,0.000757,0.000851,0.000207,-0.000125,0.000741,0.001842,0.001511,-0.000334,-0.001828,-0.002111,-0.001960,-0.001818,-0.001590,-0.001157,-0.000613,0.000129,0.000606,0.000342,-0.000160,-0.000444,-0.000287,0.000141,0.000361,0.000175,0.000051,0.000104,0.000196,0.000138,-0.000215,-0.000819,-0.001571,-0.002103,-0.002151,-0.001543,-0.000432,0.000262,0.000300,0.000207,0.000180,0.000042,-0.000183,-0.000183,0.000006,0.000202,0.000279,0.000155,0.000045,-0.000037,-0.000071,-0.000075,-0.000059,-0.000016,0.000093,0.000168,0.000013,-0.000206,-0.000205,-0.000126,-0.000165,-0.000164,-0.000053,-0.000169,-0.000288,-0.000227,-0.000224,-0.000073,-0.000012,-0.000123,-0.000255,-0.000232,-0.000082,0.000030,-0.000016,-0.000135,-0.000148,-0.000076,-0.000005,0.000029,-0.000042,-0.000103,0.000009,
-0.012887,-0.012910,-0.009251,-0.001888,0.003206,0.003654,0.000602,-0.001542,-0.001535,-0.000446,0.000922,0.001471,0.001017,0.000317,-0.000029,0.000112,0.000728,0.001230,0.001354,0.001475,0.001479,0.001088,0.000529,-0.000335,-0.001395,-0.001740,-0.001087,-0.000018,0.000763,0.000934,0.000654,0.000261,-0.000042,-0.000048,0.000179,0.000523,0.000803,0.000735,0.000068,-0.000862,-0.001138,-0.000759,-0.000116,0.000414,0.000435,0.000075,-0.000165,-0.000282,-0.000435,-0.000654,-0.000789,-0.000660,-0.000482,-0.000206,0.000137,0.000202,0.000069,0.000089,0.000095,-0.000354,-0.000782,-0.000900,-0.000789,0.000157,0.001527,0.002154,0.001818,0.001017,0.000094,-0.000668,-0.000911,-0.000943,-0.000863,-0.000363,0.000031,0.000086,0.000095,0.000054,-0.000040,-0.000037,0.000006,0.000076,0.000172,0.000375,0.000889,0.001551,0.001589,0.000361,-0.000832,-0.001066,-0.000905,-0.000700,-0.000487,-0.000147,0.000101,0.000240,0.000382,0.000298,0.000004,-0.000187,-0.000190,-0.000036,0.000089,0.000026,0.000013,0.000060,0.000032,-0.000022,-0.000104,-0.000110,-0.000105,-0.000214,-0.000208,-0.000056,0.000032,0.000018,0.000017,-0.000064,-0.000104,0.000005,-0.000040,-0.000106,-0.000099,-0.000123,-0.000032,0.000053,0.000070,0.000038,0.000045,0.000009,0.000000,-0.000042,-0.000099,-0.000134,-0.000075,0.000056,0.000078,0.000103,0.012773,0.007652,0.008559,0.008374,0.007104,0.005866,0.004430,0.002933,0.001898,0.001982,0.002068,0.001119,0.000124,-0.000605,-0.001240,-0.001213,-0.000455,0.000323,0.000897,0.000843,-0.000066,-0.001049,-0.001397,-0.000889,-0.000073,0.000369,0.000216,-0.000390,-0.001129,-0.001427,-0.001221,-0.000966,-0.000753,-0.000428,-0.000041,0.000216,0.000308,0.000370,0.000339,0.000258,0.000400,0.000492,0.000293,0.000028,-0.000190,-0.000276,-0.000229,-0.000105,-0.000013,0.000040,0.000123,0.000163,0.000364,0.000525,0.000417,0.000101,0.000059,0.000610,0.000836,0.000183,-0.000273,0.000448,0.001320,0.001103,-0.000131,-0.001336,-0.001727,-0.001791,-0.001887,-0.001764,-0.001350,-0.000715,0.000150,0.000642,0.000393,-0.000200,-0.000500,-0.000168,0.000277,0.000404,0.000317,0.000084,-0.000002,0.000137,0.000170,-0.000136,-0.000811,-0.001599,-0.002163,-0.002195,-0.001498,-0.000366,0.000318,0.000202,-0.000060,-0.000032,0.000039,-0.000166,-0.000203,-0.000054,0.000055,0.000157,0.000182,0.000060,-0.000092,-0.000106,-0.000096,-0.000118,-0.000030,0.000071,0.000030,-0.000096,-0.000153,-0.000104,-0.000105,-0.000114,-0.000073,-0.000086,-0.000087,-0.000059,-0.000115,-0.000181,-0.000115,-0.000084,-0.000191,-0.000233,-0.000169,-0.000095,0.000024,0.000032,-0.000090,-0.000081,-0.000031,-0.000080,-0.000080,0.000035,0.000013,-0.000040,
-0.013033,-0.012966,-0.009319,-0.001873,0.003343,0.003952,0.000818,-0.001554,-0.001538,-0.000429,0.000893,0.001535,0.000985,0.000111,-0.000152,0.000122,0.000713,0.001177,0.001392,0.001541,0.001410,0.001007,0.000504,-0.000359,-0.001391,-0.001750,-0.001148,-0.000095,0.000665,0.000836,0.000586,0.000097,-0.000243,-0.000123,0.000301,0.000693,0.000836,0.000683,0.000007,-0.000953,-0.001272,-0.000800,-0.000076,0.000219,0.000193,0.000045,-0.000163,-0.000208,-0.000342,-0.000631,-0.000913,-0.000833,-0.000571,-0.000373,-0.000073,0.000093,-0.000026,-0.000011,0.000105,-0.000306,-0.000875,-0.001097,-0.000810,0.000140,0.001163,0.001495,0.001152,0.000595,-0.000130,-0.000787,-0.000958,-0.000920,-0.000813,-0.000354,0.000209,0.000409,0.000227,0.000068,0.000094,0.000041,-0.000002,0.000048,0.000093,0.000286,0.000882,0.001565,0.001429,0.000331,-0.000697,-0.001079,-0.000961,-0.000593,-0.000230,0.000026,0.000208,0.000331,0.000416,0.000431,0.000263,0.000088,0.000017,-0.000015,-0.000085,-0.000142,-0.000081,-0.000068,-0.000025,-0.000026,-0.000094,-0.000179,-0.000203,-0.000162,-0.000083,0.000006,0.000058,0.000031,-0.000071,-0.000114,-0.000053,-0.000012,-0.000005,-0.000026,-0.000095,0.000011,0.000192,0.000193,0.000089,0.000112,0.000200,0.000163,0.000064,-0.000006,-0.000075,-0.000176,-0.000127,0.000045,0.000249,0.000312,0.012839,0.007701,0.008538,0.008384,0.007143,0.005901,0.004355,0.002855,0.001846,0.001944,0.002080,0.001163,0.000103,-0.000614,-0.001218,-0.001215,-0.000435,0.000358,0.000811,0.000796,-0.000040,-0.001059,-0.001413,-0.000929,-0.000017,0.000405,0.000141,-0.000578,-0.001297,-0.001473,-0.001176,-0.000901,-0.000586,-0.000212,0.000065,0.000096,0.000059,0.000148,0.000172,0.000191,0.000259,0.000246,0.000174,0.000129,-0.000052,-0.000125,-0.000030,-0.000063,-0.000242,-0.000130,0.000099,0.000141,0.000357,0.000658,0.000509,0.000218,0.000305,0.000808,0.000878,0.000177,0.000074,0.001183,0.001989,0.001234,-0.000672,-0.001951,-0.001855,-0.001541,-0.001650,-0.001678,-0.001279,-0.000560,0.000304,0.000743,0.000441,-0.000213,-0.000501,-0.000232,0.000234,0.000418,0.000213,-0.000006,-0.000043,0.000137,0.000326,0.000084,-0.000626,-0.001470,-0.002154,-0.002233,-0.001568,-0.000470,0.000314,0.000325,0.000045,0.000031,0.000091,-0.000088,-0.000204,-0.000074,0.000057,0.000233,0.000348,0.000185,-0.000017,-0.000090,-0.000125,-0.000088,-0.000032,0.000042,0.000048,-0.000146,-0.000226,-0.000061,0.000047,-0.000014,-0.000081,-0.000058,0.000005,-0.000094,-0.000131,-0.000058,-0.000176,-0.000235,-0.000171,-0.000182,-0.000194,-0.000063,0.000045,-0.000043,-0.000068,-0.000016,-0.000044,-0.000003,-0.000022,-0.000018,0.000118,0.000130,
-0.012921,-0.012872,-0.009373,-0.001841,0.003606,0.004176,0.000916,-0.001516,-0.001532,-0.000485,0.000807,0.001466,0.001014,0.000202,-0.000066,0.000109,0.000560,0.001067,0.001338,0.001557,0.001566,0.001141,0.000531,-0.000410,-0.001392,-0.001606,-0.000932,-0.000049,0.000513,0.000724,0.000475,-0.000134,-0.000489,-0.000260,0.000165,0.000587,0.000706,0.000408,-0.000232,-0.001101,-0.001422,-0.000813,0.000048,0.000403,0.000282,-0.000034,-0.000329,-0.000376,-0.000498,-0.000828,-0.001010,-0.000864,-0.000540,-0.000106,0.000205,0.000164,0.000017,0.000027,-0.000005,-0.000486,-0.001068,-0.001248,-0.000972,0.000268,0.001673,0.002044,0.001537,0.000817,0.000023,-0.000683,-0.000866,-0.000862,-0.000698,-0.000165,0.000356,0.000411,0.000201,0.000194,0.000193,0.000083,0.000034,0.000088,0.000159,0.000394,0.000947,0.001522,0.001385,0.000291,-0.000720,-0.000898,-0.000752,-0.000577,-0.000273,-0.000048,0.000162,0.000272,0.000378,0.000429,0.000330,0.000088,-0.000054,-0.000114,-0.000113,-0.000016,-0.000014,-0.000155,-0.000219,-0.000105,-0.000022,-0.000112,-0.000200,-0.000191,-0.000123,0.000030,0.000099,0.000110,-0.000022,-0.000184,-0.000197,-0.000128,-0.000038,-0.000052,-0.000055,0.000024,0.000195,0.000339,0.000219,0.000083,0.000037,0.000094,0.000091,-0.000072,-0.000163,-0.000124,0.000024,0.000145,0.000212,0.000238,0.013027,0.007884,0.008796,0.008480,0.007118,0.005760,0.004323,0.002895,0.001866,0.001982,0.002095,0.001174,0.000170,-0.000527,-0.001165,-0.001168,-0.000402,0.000399,0.000969,0.000954,0.000025,-0.001065,-0.001404,-0.000861,0.000036,0.000515,0.000186,-0.000486,-0.001167,-0.001492,-0.001030,-0.000248,0.000377,0.000454,0.000067,-0.000275,-0.000339,-0.000183,0.000149,0.000267,0.000256,0.000157,0.000016,0.000013,-0.000131,-0.000163,-0.000134,-0.000146,-0.000201,-0.000240,-0.000075,0.000141,0.000317,0.000546,0.000621,0.000314,0.000241,0.000718,0.000853,0.000236,-0.000058,0.000898,0.001945,0.001574,-0.000109,-0.001435,-0.001601,-0.001550,-0.001575,-0.001507,-0.001290,-0.000695,0.000179,0.000734,0.000479,-0.000127,-0.000447,-0.000144,0.000481,0.000636,0.000232,-0.000060,0.000026,0.000222,0.000336,-0.000000,-0.000757,-0.001594,-0.002194,-0.002198,-0.001622,-0.000540,0.000231,0.000297,0.000155,0.000047,-0.000005,-0.000081,-0.000055,0.000011,0.000082,0.000203,0.000159,-0.000049,-0.000093,-0.000061,0.000010,-0.000092,-0.000164,-0.000024,0.000133,0.000079,-0.000029,-0.000077,-0.000068,0.000001,0.000111,0.000042,-0.000101,-0.000134,-0.000024,-0.000054,-0.000085,-0.000079,-0.000115,-0.000087,-0.000050,-0.000054,-0.000114,-0.000228,-0.000170,-0.000009,0.000039,0.000037,-0.000030,-0.000096,-0.000022,0.000067,
-0.012903,-0.012806,-0.009143,-0.001600,0.003740,0.004324,0.001034,-0.001546,-0.001551,-0.000393,0.000935,0.001490,0.001019,0.000249,-0.000017,0.000169,0.000703,0.001247,0.001426,0.001546,0.001491,0.001072,0.000549,-0.000380,-0.001356,-0.001510,-0.000951,0.000029,0.000713,0.000833,0.000608,0.000062,-0.000314,-0.000079,0.000338,0.000705,0.000933,0.000771,0.000153,-0.000739,-0.001191,-0.000683,0.000101,0.000436,0.000525,0.000340,-0.000049,-0.000403,-0.000568,-0.000714,-0.000893,-0.000879,-0.000631,-0.000340,-0.000062,0.000100,0.000019,-0.000072,-0.000104,-0.000417,-0.000917,-0.001336,-0.001252,-0.000345,0.000960,0.001492,0.001029,0.000342,-0.000294,-0.000860,-0.001108,-0.001168,-0.000957,-0.000328,0.000212,0.000232,0.000080,0.000077,0.000089,0.000191,0.000273,0.000209,0.000293,0.000550,0.000986,0.001513,0.001435,0.000321,-0.000845,-0.001061,-0.000806,-0.000539,-0.000232,-0.000049,0.000076,0.000302,0.000612,0.000522,0.000103,-0.000089,-0.000102,-0.000070,-0.000065,-0.000064,-0.000022,-0.000011,-0.000056,-0.000026,0.000040,-0.000122,-0.000238,-0.000211,-0.000107,0.000012,0.000057,-0.000001,-0.000130,-0.000067,-0.000009,-0.000026,0.000012,0.000040,0.000046,0.000107,0.000139,0.000163,0.000169,0.000057,0.000019,0.000022,-0.000007,-0.000036,-0.000157,-0.000224,-0.000100,0.000074,0.000219,0.000238,0.013142,0.007904,0.008673,0.008450,0.007004,0.005572,0.004122,0.002766,0.001790,0.001814,0.001946,0.001042,0.000019,-0.000678,-0.001288,-0.001201,-0.000364,0.000338,0.000814,0.000825,-0.000107,-0.001215,-0.001584,-0.000963,-0.000153,0.000241,0.000060,-0.000558,-0.001283,-0.001555,-0.001237,-0.000914,-0.000638,-0.000218,0.000008,0.000063,0.000151,0.000237,0.000335,0.000333,0.000270,0.000260,0.000183,0.000101,0.000024,-0.000064,-0.000039,0.000005,-0.000049,-0.000048,0.000086,0.000184,0.000263,0.000487,0.000468,0.000213,0.000310,0.000857,0.000877,0.000122,-0.000111,0.000809,0.001888,0.001764,0.000243,-0.001163,-0.001413,-0.001370,-0.001603,-0.001624,-0.001235,-0.000434,0.000593,0.001091,0.000712,-0.000044,-0.000428,-0.000189,0.000163,0.000263,0.000170,0.000114,0.000099,0.000030,0.000070,-0.000008,-0.000566,-0.001308,-0.001886,-0.002088,-0.001670,-0.000628,0.000165,0.000172,-0.000019,-0.000113,-0.000101,-0.000059,-0.000170,-0.000209,0.000033,0.000255,0.000252,0.000150,0.000072,0.000075,0.000062,-0.000111,-0.000161,0.000031,0.000135,0.000048,-0.000083,-0.000111,-0.000054,-0.000057,-0.000027,-0.000062,-0.000159,-0.000217,-0.000140,-0.000006,-0.000063,-0.000192,-0.000143,-0.000037,0.000086,0.000108,0.000093,-0.000006,-0.000142,-0.000073,-0.000007,-0.000081,-0.000018,-0.000003,0.000016,0.000184,
-0.013075,-0.012773,-0.008986,-0.001466,0.003746,0.004258,0.001035,-0.001468,-0.001453,-0.000304,0.000994,0.001581,0.000962,0.000153,-0.000106,-0.000022,0.000482,0.001120,0.001419,0.001519,0.001510,0.001154,0.000625,-0.000323,-0.001392,-0.001664,-0.001093,-0.000067,0.000617,0.000777,0.000498,0.000103,-0.000165,-0.000137,0.000390,0.000851,0.001033,0.000933,0.000251,-0.000843,-0.001312,-0.000807,-0.000075,0.000417,0.000465,0.000116,-0.000176,-0.000272,-0.000521,-0.000885,-0.000920,-0.000687,-0.000470,-0.000355,-0.000155,0.000053,-0.000006,-0.000025,0.000075,-0.000225,-0.000802,-0.001064,-0.000726,0.000246,0.001380,0.001809,0.001396,0.000685,-0.000139,-0.000844,-0.001126,-0.001290,-0.001168,-0.000571,0.000007,0.000240,0.000171,0.000100,0.000115,0.000184,0.000263,0.000236,0.000154,0.000390,0.001015,0.001631,0.001519,0.000276,-0.001003,-0.001213,-0.000981,-0.000741,-0.000382,-0.000116,0.000066,0.000247,0.000350,0.000285,0.000123,-0.000062,-0.000069,0.000008,-0.000030,-0.000016,0.000018,-0.000008,-0.000069,-0.000009,0.000108,0.000110,-0.000071,-0.000202,-0.000190,-0.000092,-0.000001,0.000007,-0.000032,-0.000057,-0.000064,-0.000071,-0.000063,-0.000092,-0.000152,-0.000159,0.000057,0.000280,0.000247,0.000100,0.000064,0.000048,0.000025,0.000041,0.000015,0.000001,0.000025,0.000103,0.000220,0.000179,0.012917,0.007946,0.008792,0.008465,0.007033,0.005660,0.004236,0.002811,0.001759,0.001804,0.001937,0.001071,0.000072,-0.000619,-0.001224,-0.001165,-0.000308,0.000500,0.000958,0.000836,-0.000079,-0.001086,-0.001367,-0.000735,0.000114,0.000457,0.000209,-0.000465,-0.001209,-0.001481,-0.001331,-0.001138,-0.000819,-0.000360,-0.000048,0.000142,0.000156,0.000132,0.000203,0.000152,0.000165,0.000204,0.000061,-0.000048,-0.000064,-0.000153,-0.000216,-0.000139,-0.000096,-0.000038,0.000121,0.000175,0.000303,0.000497,0.000404,0.000147,0.000241,0.000742,0.000914,0.000255,-0.000094,0.000876,0.001714,0.001101,-0.000475,-0.001587,-0.001690,-0.001699,-0.001800,-0.001690,-0.001406,-0.000804,0.000142,0.000818,0.000717,0.000090,-0.000341,-0.000149,0.000321,0.000445,0.000256,0.000153,0.000139,0.000139,0.000034,-0.000304,-0.000789,-0.001574,-0.002188,-0.002082,-0.001449,-0.000534,0.000090,0.000142,0.000048,0.000010,-0.000045,-0.000227,-0.000301,-0.000114,0.000050,0.000220,0.000176,-0.000035,-0.000083,-0.000065,-0.000028,0.000019,-0.000019,-0.000031,-0.000010,-0.000124,-0.000231,-0.000176,-0.000110,-0.000167,-0.000125,-0.000115,-0.000142,-0.000086,-0.000070,-0.000057,0.000016,-0.000011,-0.000057,-0.000011,-0.000057,-0.000089,-0.000039,-0.000091,-0.000194,-0.000105,0.000069,0.000094,0.000067,0.000040,0.000018,0.000063,
-0.013158,-0.012768,-0.009106,-0.001565,0.003869,0.004403,0.000995,-0.001540,-0.001436,-0.000315,0.000918,0.001474,0.000983,0.000205,-0.000118,-0.000036,0.000456,0.001095,0.001451,0.001532,0.001471,0.001199,0.000665,-0.000336,-0.001383,-0.001610,-0.000983,0.000113,0.000916,0.001008,0.000613,0.000089,-0.000259,-0.000237,0.000189,0.000613,0.000852,0.000766,0.000126,-0.000869,-0.001312,-0.000886,-0.000079,0.000417,0.000444,0.000181,-0.000118,-0.000298,-0.000583,-0.000952,-0.000963,-0.000695,-0.000506,-0.000348,-0.000108,0.000101,0.000054,-0.000086,-0.000081,-0.000495,-0.001147,-0.001442,-0.001175,-0.000059,0.001336,0.001666,0.001055,0.000370,-0.000380,-0.001012,-0.001155,-0.001041,-0.000759,-0.000348,-0.000072,0.000105,0.000134,0.000097,0.000109,0.000201,0.000134,0.000005,0.000058,0.000344,0.001021,0.001636,0.001331,0.000111,-0.000872,-0.000993,-0.000738,-0.000565,-0.000311,0.000045,0.000242,0.000317,0.000387,0.000339,0.000165,0.000060,0.000006,-0.000105,-0.000159,-0.000101,-0.000065,-0.000163,-0.000179,-0.000133,-0.000085,-0.000132,-0.000138,-0.000022,0.000021,0.000059,0.000023,-0.000039,-0.000043,-0.000032,0.000058,0.000065,-0.000047,-0.000122,-0.000177,-0.000116,0.000011,0.000052,0.000077,0.000088,0.000072,0.000101,0.000099,-0.000073,-0.000177,-0.000118,-0.000032,0.000138,0.000272,0.000248,0.012711,0.007816,0.008591,0.008370,0.007177,0.005772,0.004215,0.002778,0.001808,0.001800,0.001810,0.000943,-0.000005,-0.000717,-0.001298,-0.001191,-0.000357,0.000446,0.000957,0.000898,0.000034,-0.000955,-0.001315,-0.000841,-0.000148,0.000214,0.000027,-0.000457,-0.001032,-0.001332,-0.001230,-0.001162,-0.000930,-0.000459,-0.000074,0.000195,0.000402,0.000396,0.000247,0.000223,0.000371,0.000393,0.000246,0.000120,-0.000077,-0.000243,-0.000209,-0.000132,-0.000090,-0.000018,0.000100,0.000159,0.000319,0.000523,0.000370,0.000081,0.000186,0.000669,0.000780,0.000196,-0.000030,0.000823,0.001823,0.001426,-0.000293,-0.001583,-0.001777,-0.001796,-0.001733,-0.001435,-0.000954,-0.000388,0.000228,0.000611,0.000456,0.000019,-0.000248,-0.000055,0.000251,0.000375,0.000350,0.000147,-0.000003,0.000059,0.000254,0.000042,-0.000757,-0.001594,-0.002120,-0.002221,-0.001622,-0.000563,0.000083,0.000192,0.000118,0.000110,0.000066,-0.000074,-0.000148,-0.000001,0.000206,0.000220,0.000036,-0.000066,-0.000062,-0.000146,-0.000191,-0.000091,-0.000122,-0.000063,0.000065,-0.000047,-0.000143,-0.000032,0.000011,-0.000073,-0.000101,-0.000108,-0.000145,-0.000150,-0.000108,-0.000036,0.000005,-0.000014,-0.000013,-0.000110,-0.000142,-0.000102,-0.000078,-0.000075,-0.000075,-0.000019,0.000007,-0.000064,-0.000155,-0.000171,-0.000097,-0.000013,
-0.013026,-0.012738,-0.008975,-0.001321,0.004069,0.004622,0.001120,-0.001603,-0.001568,-0.000413,0.000899,0.001603,0.001169,0.000268,-0.000108,0.000032,0.000536,0.001181,0.001505,0.001582,0.001460,0.001007,0.000487,-0.000366,-0.001477,-0.001793,-0.001089,-0.000025,0.000659,0.000730,0.000436,0.000056,-0.000213,-0.000105,0.000309,0.000691,0.000905,0.000766,0.000153,-0.000817,-0.001275,-0.000797,-0.000108,0.000256,0.000321,0.000128,-0.000133,-0.000235,-0.000354,-0.000652,-0.000835,-0.000789,-0.000602,-0.000291,0.000062,0.000238,0.000142,-0.000023,-0.000069,-0.000387,-0.000902,-0.001335,-0.001247,0.000002,0.001748,0.002526,0.001924,0.000836,-0.000132,-0.000858,-0.001049,-0.001048,-0.000977,-0.000510,-0.000033,0.000100,0.000100,0.000126,0.000134,0.000204,0.000238,0.000256,0.000311,0.000512,0.001055,0.001668,0.001518,0.000239,-0.001031,-0.001229,-0.000851,-0.000500,-0.000195,0.000020,0.000170,0.000377,0.000527,0.000473,0.000181,-0.000077,-0.000073,0.000055,0.000150,-0.000030,-0.000134,-0.000099,-0.000162,-0.000140,-0.000064,-0.000027,-0.000024,-0.000075,-0.000114,-0.000057,0.000099,0.000105,-0.000111,-0.000123,0.000099,0.000093,-0.000052,-0.000151,-0.000171,-0.000131,-0.000054,0.000119,0.000243,0.000214,0.000213,0.000132,0.000026,-0.000035,-0.000116,-0.000188,-0.000182,-0.000032,0.000147,0.000151,0.013068,0.008084,0.008855,0.008625,0.007169,0.005652,0.004220,0.002806,0.001682,0.001671,0.001772,0.000881,-0.000129,-0.000751,-0.001176,-0.000953,-0.000177,0.000464,0.000921,0.000831,-0.000113,-0.001128,-0.001367,-0.000879,-0.000164,0.000254,0.000135,-0.000357,-0.001010,-0.001371,-0.001245,-0.001185,-0.000938,-0.000467,-0.000104,0.000095,0.000259,0.000389,0.000407,0.000353,0.000308,0.000269,0.000242,0.000091,-0.000153,-0.000262,-0.000229,-0.000144,-0.000062,0.000067,0.000151,0.000073,0.000219,0.000461,0.000359,0.000154,0.000231,0.000787,0.000958,0.000261,-0.000155,0.000500,0.001390,0.001138,-0.000421,-0.001905,-0.002275,-0.002178,-0.002000,-0.001869,-0.001473,-0.000571,0.000313,0.000841,0.000670,-0.000066,-0.000465,-0.000248,0.000201,0.000422,0.000310,0.000083,-0.000038,0.000075,0.000140,-0.000255,-0.000916,-0.001651,-0.002177,-0.002207,-0.001590,-0.000423,0.000228,0.000142,-0.000056,-0.000012,0.000073,-0.000064,-0.000137,-0.000017,0.000126,0.000141,0.000021,-0.000054,-0.000110,-0.000166,-0.000171,-0.000137,-0.000095,-0.000071,-0.000037,-0.000030,-0.000062,-0.000018,-0.000013,-0.000109,-0.000124,-0.000200,-0.000220,-0.000109,-0.000073,-0.000118,-0.000135,-0.000215,-0.000237,-0.000122,-0.000097,-0.000149,-0.000193,-0.000228,-0.000276,-0.000236,-0.000069,0.000052,0.000091,0.000044,0.000041,0.000006,
-0.012945,-0.012601,-0.008909,-0.001308,0.004091,0.004640,0.001203,-0.001449,-0.001515,-0.000483,0.000811,0.001480,0.001044,0.000279,-0.000050,0.000026,0.000526,0.001109,0.001377,0.001509,0.001396,0.001115,0.000706,-0.000284,-0.001435,-0.001660,-0.000989,-0.000057,0.000612,0.000707,0.000473,0.000126,-0.000173,-0.000210,0.000124,0.000631,0.000867,0.000760,0.000226,-0.000862,-0.001425,-0.000945,-0.000201,0.000233,0.000315,0.000091,-0.000154,-0.000222,-0.000366,-0.000715,-0.000802,-0.000654,-0.000490,-0.000230,0.000017,0.000089,0.000004,0.000098,0.000152,-0.000228,-0.000688,-0.000843,-0.000570,0.000177,0.001008,0.001272,0.001020,0.000618,-0.000080,-0.000799,-0.001014,-0.000943,-0.000806,-0.000327,0.000206,0.000395,0.000200,-0.000029,-0.000025,0.000094,0.000085,0.000015,0.000151,0.000428,0.001052,0.001733,0.001454,0.000208,-0.000916,-0.001147,-0.000996,-0.000748,-0.000407,-0.000102,0.000195,0.000429,0.000578,0.000510,0.000168,-0.000051,-0.000035,-0.000041,-0.000054,-0.000002,0.000046,-0.000014,-0.000085,-0.000069,-0.000076,-0.000138,-0.000175,-0.000224,-0.000194,-0.000111,0.000010,0.000045,-0.000020,-0.000067,-0.000062,-0.000075,-0.000100,-0.000048,-0.000096,-0.000167,-0.000065,0.000124,0.000207,0.000051,-0.000116,-0.000138,-0.000028,0.000031,0.000062,0.000006,0.000007,0.000131,0.000147,0.000059,0.013059,0.008123,0.008861,0.008573,0.007220,0.005751,0.004166,0.002746,0.001790,0.001745,0.001858,0.000935,-0.000065,-0.000696,-0.001260,-0.001132,-0.000305,0.000518,0.000939,0.000775,-0.000183,-0.001209,-0.001383,-0.000725,0.000122,0.000552,0.000289,-0.000477,-0.001334,-0.001557,-0.001249,-0.001046,-0.000749,-0.000332,-0.000059,0.000018,0.000040,0.000157,0.000228,0.000195,0.000247,0.000230,0.000110,0.000037,-0.000113,-0.000198,-0.000133,-0.000092,-0.000066,0.000048,0.000186,0.000144,0.000293,0.000563,0.000497,0.000192,0.000176,0.000676,0.000795,0.000245,0.000227,0.001226,0.001939,0.001366,-0.000151,-0.001271,-0.001519,-0.001583,-0.001575,-0.001471,-0.001157,-0.000509,0.000304,0.000674,0.000279,-0.000311,-0.000376,-0.000039,0.000258,0.000380,0.000321,0.000125,0.000005,0.000160,0.000273,-0.000091,-0.000831,-0.001620,-0.002141,-0.002230,-0.001625,-0.000477,0.000094,0.000076,0.000003,-0.000059,-0.000110,-0.000240,-0.000427,-0.000323,0.000017,0.000200,0.000172,0.000071,0.000078,0.000031,-0.000038,-0.000095,-0.000073,0.000096,0.000126,-0.000069,-0.000145,-0.000075,0.000004,-0.000039,-0.000101,-0.000118,-0.000144,-0.000132,-0.000108,-0.000125,-0.000089,-0.000089,-0.000157,-0.000160,-0.000097,-0.000014,0.000044,0.000038,-0.000104,-0.000214,-0.000110,0.000029,0.000016,0.000023,0.000076,0.000060,
-0.013053,-0.012492,-0.008824,-0.001227,0.004248,0.004638,0.001101,-0.001448,-0.001340,-0.000315,0.000789,0.001456,0.001076,0.000269,-0.000061,-0.000016,0.000497,0.001191,0.001470,0.001491,0.001330,0.000982,0.000603,-0.000291,-0.001459,-0.001735,-0.001094,-0.000066,0.000639,0.000720,0.000480,0.000062,-0.000190,-0.000011,0.000466,0.000687,0.000600,0.000391,-0.000126,-0.001016,-0.001403,-0.000825,0.000079,0.000463,0.000380,0.000149,-0.000096,-0.000272,-0.000481,-0.000736,-0.000891,-0.000821,-0.000625,-0.000324,-0.000073,0.000040,0.000098,0.000086,-0.000036,-0.000429,-0.001081,-0.001518,-0.001161,0.000145,0.001515,0.001806,0.001212,0.000636,0.000090,-0.000488,-0.000905,-0.001098,-0.000743,-0.000027,0.000414,0.000406,0.000203,0.000011,0.000047,0.000097,0.000028,0.000129,0.000219,0.000342,0.000904,0.001545,0.001458,0.000430,-0.000607,-0.000896,-0.000812,-0.000634,-0.000324,-0.000064,0.000111,0.000320,0.000475,0.000368,0.000148,0.000072,0.000104,0.000105,-0.000012,-0.000101,-0.000089,-0.000111,-0.000122,-0.000005,0.000022,-0.000090,-0.000081,0.000046,0.000135,0.000156,0.000065,-0.000031,-0.000132,-0.000108,-0.000056,0.000013,0.000019,-0.000075,-0.000079,-0.000045,0.000037,0.000159,0.000210,0.000144,0.000067,0.000067,0.000063,0.000007,-0.000073,-0.000181,-0.000173,-0.000054,0.000100,0.000174,0.012719,0.007818,0.008750,0.008665,0.007406,0.005899,0.004250,0.002715,0.001729,0.001767,0.001711,0.000855,-0.000050,-0.000772,-0.001284,-0.001036,-0.000156,0.000637,0.001024,0.000927,0.000044,-0.001041,-0.001412,-0.000943,-0.000063,0.000425,0.000183,-0.000538,-0.001251,-0.001403,-0.000899,-0.000399,-0.000046,0.000225,0.000148,-0.000127,-0.000259,-0.000111,0.000172,0.000313,0.000378,0.000306,0.000066,-0.000101,-0.000097,-0.000032,0.000045,0.000107,-0.000052,-0.000194,-0.000083,0.000167,0.000394,0.000593,0.000584,0.000335,0.000398,0.000845,0.000897,0.000239,-0.000013,0.001001,0.001995,0.001525,-0.000248,-0.001592,-0.001755,-0.001674,-0.001718,-0.001748,-0.001416,-0.000681,0.000288,0.000809,0.000468,-0.000197,-0.000424,-0.000174,0.000204,0.000397,0.000336,0.000136,0.000033,0.000098,0.000112,-0.000120,-0.000791,-0.001603,-0.002216,-0.002273,-0.001619,-0.000579,0.000178,0.000271,0.000038,-0.000086,-0.000088,-0.000226,-0.000301,-0.000141,0.000105,0.000254,0.000179,0.000027,-0.000056,-0.000066,-0.000090,-0.000114,-0.000083,0.000032,0.000105,0.000048,-0.000100,-0.000153,-0.000011,0.000035,-0.000038,-0.000039,-0.000023,-0.000082,-0.000118,-0.000039,0.000026,0.000008,-0.000151,-0.000311,-0.000244,-0.000016,0.000042,-0.000064,-0.000096,-0.000089,0.000025,0.000094,0.000014,-0.000053,-0.000046,0.000090,
-0.012786,-0.012384,-0.008569,-0.000875,0.004583,0.004901,0.001226,-0.001398,-0.001376,-0.000352,0.000866,0.001572,0.001228,0.000470,0.000023,-0.000058,0.000572,0.001307,0.001491,0.001476,0.001489,0.001195,0.000573,-0.000352,-0.001348,-0.001656,-0.001022,0.000083,0.000765,0.000737,0.000487,0.000129,-0.000223,-0.000154,0.000264,0.000602,0.000718,0.000572,-0.000020,-0.000871,-0.001300,-0.000776,-0.000046,0.000268,0.000317,-0.000006,-0.000289,-0.000413,-0.000663,-0.000914,-0.000861,-0.000707,-0.000568,-0.000330,-0.000081,0.000023,-0.000029,-0.000007,0.000021,-0.000400,-0.001017,-0.001320,-0.001138,-0.000050,0.001351,0.001776,0.001297,0.000647,-0.000143,-0.000770,-0.000911,-0.000986,-0.000841,-0.000184,0.000247,0.000231,0.000084,-0.000078,-0.000053,0.000077,0.000136,0.000169,0.000112,0.000259,0.000919,0.001580,0.001421,0.000243,-0.000750,-0.000797,-0.000632,-0.000604,-0.000451,-0.000206,0.000042,0.000325,0.000562,0.000498,0.000167,-0.000082,0.000012,0.000100,0.000007,-0.000071,-0.000037,-0.000069,-0.000068,-0.000013,0.000005,-0.000070,-0.000107,-0.000115,-0.000156,-0.000058,0.000057,0.000114,0.000091,-0.000043,-0.000089,-0.000091,-0.000112,-0.000116,-0.000056,0.000000,0.000095,0.000299,0.000359,0.000263,0.000092,-0.000064,-0.000079,-0.000026,-0.000098,-0.000223,-0.000103,0.000068,0.000118,0.000161,0.013093,0.008155,0.008883,0.008670,0.007371,0.005813,0.004145,0.002706,0.001685,0.001641,0.001675,0.000797,-0.000217,-0.000904,-0.001269,-0.000940,-0.000128,0.000644,0.001107,0.000876,-0.000085,-0.001067,-0.001400,-0.000899,-0.000064,0.000365,0.000063,-0.000619,-0.001293,-0.001541,-0.001160,-0.000668,-0.000432,-0.000241,-0.000074,0.000052,0.000124,0.000208,0.000288,0.000242,0.000280,0.000333,0.000156,-0.000054,-0.000160,-0.000129,-0.000034,0.000023,-0.000027,-0.000127,-0.000024,0.000127,0.000246,0.000510,0.000540,0.000191,0.000195,0.000694,0.000862,0.000167,-0.000081,0.001005,0.002088,0.001747,0.000244,-0.001049,-0.001253,-0.001311,-0.001664,-0.001732,-0.001328,-0.000512,0.000460,0.000940,0.000513,-0.000165,-0.000443,-0.000228,0.000148,0.000234,0.000180,0.000096,-0.000069,-0.000042,0.000053,-0.000158,-0.000741,-0.001471,-0.002082,-0.002259,-0.001583,-0.000404,0.000292,0.000191,0.000026,-0.000001,-0.000033,-0.000090,-0.000163,-0.000102,0.000014,0.000131,0.000120,0.000022,0.000002,-0.000070,-0.000115,-0.000123,-0.000065,0.000008,-0.000036,-0.000178,-0.000195,-0.000137,-0.000228,-0.000146,0.000067,0.000065,0.000020,-0.000016,-0.000077,-0.000113,-0.000108,0.000016,0.000066,-0.000104,-0.000174,-0.000114,-0.000074,-0.000094,-0.000101,-0.000054,0.000061,0.000158,0.000081,0.000004,0.000015,0.000098,
-0.012242,-0.011970,-0.008225,-0.000723,0.004617,0.005065,0.001497,-0.001162,-0.001180,-0.000153,0.001058,0.001683,0.001273,0.000465,-0.000008,-0.000153,0.000395,0.001082,0.001405,0.001564,0.001471,0.001166,0.000685,-0.000190,-0.001280,-0.001612,-0.000988,0.000032,0.000776,0.000877,0.000566,0.000098,-0.000217,-0.000085,0.000319,0.000771,0.001016,0.000846,0.000155,-0.000967,-0.001403,-0.000783,-0.000068,0.000274,0.000344,0.000083,-0.000217,-0.000398,-0.000594,-0.000876,-0.001018,-0.000812,-0.000512,-0.000280,-0.000097,0.000042,0.000042,0.000061,0.000142,-0.000209,-0.000809,-0.001098,-0.000915,0.000022,0.001195,0.001611,0.001252,0.000544,-0.000284,-0.000766,-0.001067,-0.001401,-0.001268,-0.000527,0.000145,0.000289,0.000173,0.000065,0.000052,0.000139,0.000227,0.000271,0.000252,0.000406,0.000992,0.001611,0.001481,0.000367,-0.000832,-0.001113,-0.000857,-0.000598,-0.000281,0.000008,0.000179,0.000288,0.000363,0.000306,0.000141,0.000051,0.000038,0.000029,-0.000050,-0.000029,0.000044,-0.000013,-0.000052,-0.000015,-0.000067,-0.000072,-0.000034,-0.000169,-0.000216,-0.000044,0.000069,0.000043,-0.000134,-0.000215,-0.000055,0.000043,0.000053,0.000024,-0.000098,-0.000122,-0.000100,-0.000003,0.000030,-0.000007,0.000003,-0.000057,-0.000121,-0.000188,-0.000279,-0.000247,-0.000047,0.000156,0.000263,0.000232,0.013406,0.008465,0.009119,0.008746,0.007255,0.005603,0.004066,0.002771,0.001778,0.001688,0.001687,0.000726,-0.000230,-0.000842,-0.001326,-0.001182,-0.000228,0.000687,0.000999,0.000817,-0.000130,-0.001104,-0.001373,-0.000818,0.000090,0.000474,0.000231,-0.000421,-0.001173,-0.001478,-0.001165,-0.000924,-0.000625,-0.000174,-0.000001,0.000054,0.000222,0.000249,0.000159,0.000139,0.000111,-0.000002,0.000027,0.000124,-0.000060,-0.000173,-0.000152,-0.000088,-0.000101,-0.000069,0.000123,0.000265,0.000419,0.000567,0.000513,0.000217,0.000193,0.000709,0.000845,0.000228,0.000001,0.000879,0.001684,0.001223,-0.000275,-0.001563,-0.001827,-0.001748,-0.001790,-0.001709,-0.001369,-0.000663,0.000294,0.000951,0.000677,-0.000030,-0.000388,-0.000291,0.000044,0.000269,0.000164,0.000019,0.000032,0.000122,0.000126,-0.000182,-0.000725,-0.001465,-0.002103,-0.002173,-0.001496,-0.000431,0.000315,0.000298,0.000036,-0.000021,-0.000041,-0.000190,-0.000230,-0.000005,0.000205,0.000233,0.000171,0.000067,-0.000068,-0.000112,-0.000049,-0.000014,0.000016,0.000001,-0.000059,-0.000095,-0.000027,0.000085,0.000076,-0.000002,0.000017,-0.000061,-0.000133,-0.000147,-0.000110,-0.000031,-0.000078,-0.000104,-0.000167,-0.000191,-0.000139,-0.000033,0.000087,0.000031,-0.000115,-0.000130,0.000038,0.000184,0.000096,0.000060,0.000089,-0.000019,
-0.012296,-0.011978,-0.008237,-0.000675,0.004719,0.004992,0.001403,-0.001198,-0.001323,-0.000331,0.000827,0.001477,0.001153,0.000347,-0.000114,-0.000127,0.000410,0.001200,0.001582,0.001624,0.001495,0.001141,0.000656,-0.000266,-0.001394,-0.001722,-0.001143,-0.000004,0.000844,0.000964,0.000682,0.000202,-0.000205,-0.000111,0.000310,0.000756,0.001097,0.000952,0.000169,-0.000900,-0.001415,-0.000875,-0.000091,0.000301,0.000418,0.000163,-0.000229,-0.000380,-0.000465,-0.000634,-0.000742,-0.000750,-0.000643,-0.000380,-0.000118,0.000089,0.000069,-0.000042,-0.000074,-0.000368,-0.000952,-0.001298,-0.000927,0.000095,0.001263,0.001766,0.001293,0.000523,-0.000382,-0.001127,-0.001231,-0.001260,-0.001147,-0.000608,-0.000112,0.000136,0.000176,0.000166,0.000136,0.000142,0.000207,0.000237,0.000272,0.000469,0.000941,0.001569,0.001438,0.000273,-0.000772,-0.001064,-0.000935,-0.000624,-0.000335,-0.000084,0.000223,0.000335,0.000448,0.000485,0.000194,-0.000086,-0.000023,0.000065,0.000056,0.000027,0.000039,-0.000056,-0.000033,0.000095,0.000006,-0.000157,-0.000288,-0.000298,-0.000166,-0.000095,-0.000087,-0.000143,-0.000168,-0.000156,-0.000025,0.000007,-0.000066,-0.000046,-0.000076,-0.000037,0.000128,0.000248,0.000328,0.000216,0.000060,0.000034,0.000021,-0.000026,0.000031,-0.000009,-0.000039,0.000072,0.000151,0.000213,0.013265,0.008362,0.008985,0.008582,0.007210,0.005522,0.003873,0.002702,0.001822,0.001717,0.001591,0.000584,-0.000241,-0.000725,-0.001263,-0.001025,-0.000082,0.000623,0.000927,0.000796,-0.000121,-0.001019,-0.001286,-0.000726,0.000084,0.000379,0.000183,-0.000390,-0.001108,-0.001383,-0.001132,-0.000937,-0.000761,-0.000396,-0.000025,0.000074,0.000176,0.000380,0.000301,0.000256,0.000339,0.000308,0.000180,0.000082,-0.000050,-0.000252,-0.000283,-0.000169,-0.000084,0.000009,0.000143,0.000197,0.000274,0.000433,0.000323,0.000128,0.000333,0.000884,0.000852,0.000176,0.000066,0.001065,0.001913,0.001158,-0.000590,-0.001640,-0.001661,-0.001657,-0.001727,-0.001516,-0.001203,-0.000662,0.000120,0.000655,0.000548,0.000004,-0.000270,-0.000117,0.000247,0.000410,0.000150,-0.000008,0.000060,0.000203,0.000228,-0.000157,-0.000855,-0.001571,-0.001925,-0.001952,-0.001477,-0.000537,0.000007,0.000020,-0.000023,-0.000024,-0.000124,-0.000202,-0.000136,0.000005,0.000096,0.000225,0.000350,0.000226,0.000035,-0.000039,-0.000077,-0.000026,0.000059,0.000058,-0.000002,-0.000144,-0.000191,-0.000131,-0.000062,-0.000052,-0.000095,-0.000134,-0.000158,-0.000067,-0.000031,-0.000104,-0.000158,-0.000110,-0.000073,-0.000212,-0.000289,-0.000163,-0.000065,-0.000122,-0.000160,-0.000157,-0.000063,0.000104,0.000077,-0.000035,-0.000029,-0.000013,
-0.012797,-0.012290,-0.008582,-0.000875,0.004732,0.005185,0.001429,-0.001309,-0.001298,-0.000321,0.000783,0.001380,0.000975,0.000285,-0.000034,-0.000003,0.000569,0.001244,0.001427,0.001434,0.001502,0.001255,0.000659,-0.000321,-0.001398,-0.001662,-0.001063,0.000025,0.000862,0.000963,0.000534,0.000106,-0.000159,-0.000153,0.000247,0.000668,0.000910,0.000821,0.000144,-0.001002,-0.001492,-0.000983,-0.000151,0.000407,0.000412,0.000040,-0.000168,-0.000218,-0.000507,-0.000816,-0.000824,-0.000696,-0.000521,-0.000241,-0.000010,0.000016,-0.000033,0.000043,0.000036,-0.000398,-0.001091,-0.001610,-0.001406,-0.000037,0.001662,0.002135,0.001321,0.000360,-0.000491,-0.001146,-0.001197,-0.001107,-0.000902,-0.000398,0.000032,0.000177,0.000038,-0.000018,0.000118,0.000199,0.000185,0.000153,0.000234,0.000466,0.000961,0.001518,0.001417,0.000196,-0.000924,-0.001040,-0.000899,-0.000780,-0.000476,-0.000152,0.000179,0.000471,0.000513,0.000330,0.000105,-0.000097,-0.000124,-0.000050,-0.000024,0.000003,0.000040,0.000021,-0.000020,-0.000002,0.000007,-0.000099,-0.000156,-0.000101,-0.000047,-0.000011,0.000047,0.000053,0.000028,0.000036,-0.000020,0.000009,0.000003,-0.000161,-0.000233,-0.000132,0.000115,0.000315,0.000254,0.000102,0.000022,0.000076,0.000159,0.000100,-0.000008,-0.000119,-0.000095,0.000058,0.000254,0.000300,0.012821,0.007857,0.008759,0.008724,0.007375,0.005669,0.003905,0.002427,0.001534,0.001702,0.001720,0.000711,-0.000252,-0.000850,-0.001295,-0.001109,-0.000217,0.000653,0.001086,0.000864,-0.000140,-0.001095,-0.001394,-0.000955,-0.000112,0.000407,0.000245,-0.000356,-0.001086,-0.001385,-0.001258,-0.001205,-0.001010,-0.000467,0.000040,0.000260,0.000377,0.000411,0.000308,0.000177,0.000174,0.000301,0.000294,0.000157,-0.000180,-0.000441,-0.000333,-0.000159,-0.000117,-0.000129,-0.000007,0.000086,0.000177,0.000389,0.000400,0.000163,0.000116,0.000596,0.000749,0.000133,-0.000309,0.000452,0.001660,0.001449,-0.000400,-0.002056,-0.002274,-0.002039,-0.001961,-0.001757,-0.001209,-0.000471,0.000315,0.000803,0.000501,-0.000038,-0.000331,-0.000240,0.000104,0.000270,0.000222,0.000051,0.000032,0.000110,0.000122,-0.000150,-0.000774,-0.001517,-0.002079,-0.002149,-0.001494,-0.000356,0.000316,0.000319,0.000134,0.000103,0.000124,-0.000051,-0.000168,-0.000002,0.000158,0.000102,0.000141,0.000178,0.000043,-0.000108,-0.000172,-0.000068,0.000086,0.000111,0.000045,-0.000071,-0.000099,-0.000067,0.000010,0.000067,0.000035,-0.000045,-0.000099,0.000004,0.000001,-0.000065,0.000012,0.000005,-0.000025,-0.000091,-0.000050,0.000020,-0.000031,-0.000181,-0.000241,-0.000171,-0.000121,-0.000054,0.000013,0.000006,0.000060,0.000083,
-0.012620,-0.012241,-0.008433,-0.000581,0.004954,0.005340,0.001587,-0.001255,-0.001358,-0.000322,0.000852,0.001514,0.001142,0.000313,-0.000148,-0.000119,0.000490,0.001183,0.001491,0.001683,0.001601,0.001142,0.000570,-0.000402,-0.001541,-0.001854,-0.001125,-0.000060,0.000608,0.000743,0.000467,0.000116,-0.000294,-0.000356,0.000217,0.000625,0.000757,0.000745,0.000239,-0.000708,-0.001201,-0.000719,-0.000007,0.000343,0.000396,0.000195,-0.000098,-0.000160,-0.000290,-0.000660,-0.000805,-0.000718,-0.000581,-0.000319,-0.000004,0.000130,-0.000022,-0.000130,-0.000055,-0.000302,-0.000707,-0.000805,-0.000495,0.000434,0.001504,0.001903,0.001489,0.000753,-0.000069,-0.000712,-0.000865,-0.000784,-0.000678,-0.000366,0.000013,0.000155,0.000148,0.000143,0.000147,0.000136,0.000135,0.000149,0.000249,0.000539,0.001207,0.001759,0.001472,0.000279,-0.000932,-0.001188,-0.001003,-0.000822,-0.000506,-0.000172,0.000171,0.000412,0.000527,0.000376,0.000036,-0.000050,0.000065,0.000088,0.000034,0.000038,0.000052,0.000055,0.000036,-0.000059,-0.000106,-0.000078,-0.000061,-0.000125,-0.000111,0.000076,0.000185,0.000191,0.000117,-0.000024,-0.000088,-0.000175,-0.000172,-0.000059,-0.000074,-0.000092,0.000058,0.000191,0.000205,0.000168,0.000080,-0.000018,-0.000029,-0.000029,-0.000044,-0.000069,-0.000098,0.000052,0.000222,0.000224,0.012957,0.008056,0.008921,0.008783,0.007382,0.005702,0.004041,0.002673,0.001660,0.001569,0.001633,0.000769,-0.000258,-0.000972,-0.001412,-0.001015,0.000028,0.000745,0.001030,0.000883,0.000005,-0.001010,-0.001310,-0.000783,-0.000036,0.000355,0.000211,-0.000408,-0.001258,-0.001545,-0.001164,-0.000917,-0.000708,-0.000254,0.000115,0.000266,0.000356,0.000359,0.000334,0.000329,0.000341,0.000343,0.000173,0.000035,-0.000105,-0.000182,-0.000056,0.000097,0.000087,-0.000039,-0.000027,0.000128,0.000281,0.000392,0.000404,0.000191,0.000202,0.000697,0.000746,0.000061,-0.000094,0.000847,0.001557,0.001072,-0.000266,-0.001277,-0.001528,-0.001642,-0.001659,-0.001476,-0.001219,-0.000683,0.000147,0.000627,0.000333,-0.000232,-0.000346,-0.000017,0.000336,0.000444,0.000283,0.000137,0.000159,0.000285,0.000274,-0.000041,-0.000688,-0.001583,-0.002202,-0.002234,-0.001633,-0.000477,0.000276,0.000209,0.000073,0.000088,0.000001,-0.000292,-0.000282,-0.000001,0.000088,0.000126,0.000183,0.000133,0.000017,-0.000132,-0.000175,-0.000103,-0.000027,-0.000008,-0.000012,-0.000062,-0.000080,-0.000062,-0.000066,-0.000091,-0.000088,-0.000060,-0.000120,-0.000109,0.000018,-0.000008,-0.000058,-0.000047,-0.000169,-0.000295,-0.000273,-0.000263,-0.000146,-0.000048,-0.000107,-0.000073,-0.000038,-0.000006,-0.000029,-0.000200,-0.000068,0.000099,
-0.012792,-0.012273,-0.008480,-0.000659,0.004918,0.005190,0.001437,-0.001237,-0.001202,-0.000199,0.000994,0.001682,0.001235,0.000409,-0.000044,-0.000095,0.000382,0.001149,0.001470,0.001469,0.001426,0.001099,0.000567,-0.000346,-0.001361,-0.001551,-0.000916,-0.000011,0.000641,0.000757,0.000551,0.000157,-0.000266,-0.000176,0.000322,0.000605,0.000746,0.000723,0.000183,-0.000807,-0.001295,-0.000779,-0.000020,0.000314,0.000280,0.000029,-0.000194,-0.000299,-0.000485,-0.000842,-0.001034,-0.001007,-0.000786,-0.000370,-0.000062,0.000001,0.000035,0.000078,0.000021,-0.000393,-0.001087,-0.001393,-0.001005,0.000051,0.001298,0.001736,0.001277,0.000666,0.000023,-0.000574,-0.000965,-0.001125,-0.000928,-0.000359,0.000144,0.000259,0.000083,-0.000065,-0.000039,-0.000030,0.000070,0.000119,0.000080,0.000354,0.001011,0.001662,0.001576,0.000426,-0.000672,-0.000920,-0.000750,-0.000597,-0.000362,-0.000074,0.000037,0.000177,0.000389,0.000422,0.000238,0.000047,-0.000094,-0.000055,-0.000030,-0.000087,0.000040,0.000057,0.000012,0.000049,-0.000011,-0.000113,-0.000124,-0.000074,-0.000087,-0.000090,-0.000042,-0.000024,-0.000063,-0.000011,0.000053,0.000033,-0.000023,-0.000105,-0.000062,0.000065,0.000078,0.000077,0.000082,0.000038,0.000026,-0.000044,-0.000136,-0.000166,-0.000109,-0.000095,-0.000118,0.000035,0.000258,0.000194,0.012844,0.007926,0.008751,0.008751,0.007438,0.005770,0.004077,0.002666,0.001813,0.001840,0.001693,0.000675,-0.000188,-0.000750,-0.001192,-0.000918,-0.000076,0.000711,0.001092,0.000919,0.000057,-0.001049,-0.001450,-0.000839,0.000012,0.000416,0.000205,-0.000520,-0.001348,-0.001560,-0.001178,-0.000834,-0.000541,-0.000173,0.000016,0.000032,-0.000002,0.000098,0.000167,0.000192,0.000409,0.000456,0.000259,0.000112,-0.000072,-0.000229,-0.000143,-0.000070,-0.000072,-0.000018,0.000034,0.000092,0.000224,0.000523,0.000574,0.000379,0.000421,0.000795,0.000807,0.000181,0.000041,0.001085,0.002016,0.001343,-0.000518,-0.001761,-0.001786,-0.001652,-0.001639,-0.001509,-0.001185,-0.000571,0.000189,0.000652,0.000449,-0.000161,-0.000464,-0.000067,0.000422,0.000465,0.000308,0.000136,0.000076,0.000127,0.000186,-0.000145,-0.000841,-0.001517,-0.002045,-0.002101,-0.001511,-0.000535,0.000125,0.000220,0.000087,0.000077,0.000082,-0.000208,-0.000433,-0.000244,-0.000006,0.000100,0.000072,-0.000031,0.000014,0.000011,0.000003,0.000018,-0.000048,-0.000009,-0.000075,-0.000203,-0.000148,-0.000026,0.000045,-0.000053,-0.000096,0.000030,0.000054,-0.000091,-0.000193,-0.000144,-0.000014,0.000061,-0.000070,-0.000232,-0.000229,-0.000179,-0.000081,-0.000035,-0.000096,-0.000118,-0.000148,-0.000161,-0.000108,-0.000108,-0.000050,0.000117,
-0.012314,-0.011951,-0.008218,-0.000417,0.005038,0.005311,0.001589,-0.001243,-0.001368,-0.000270,0.001014,0.001624,0.001141,0.000287,-0.000116,-0.000098,0.000569,0.001325,0.001546,0.001589,0.001515,0.001091,0.000502,-0.000391,-0.001476,-0.001737,-0.000967,0.000068,0.000689,0.000753,0.000425,-0.000078,-0.000445,-0.000204,0.000421,0.000769,0.000766,0.000440,-0.000178,-0.001048,-0.001394,-0.000758,0.000035,0.000320,0.000303,-0.000023,-0.000368,-0.000438,-0.000580,-0.000820,-0.000907,-0.000835,-0.000601,-0.000297,0.000111,0.000298,0.000162,0.000117,0.000155,-0.000276,-0.000984,-0.001305,-0.001028,0.000138,0.001535,0.001920,0.001373,0.000738,0.000009,-0.000676,-0.000935,-0.000931,-0.000731,-0.000232,0.000144,0.000192,0.000124,0.000013,-0.000024,0.000129,0.000270,0.000210,0.000125,0.000311,0.000966,0.001630,0.001499,0.000322,-0.000812,-0.000984,-0.000707,-0.000557,-0.000338,-0.000070,0.000059,0.000116,0.000232,0.000401,0.000299,0.000024,-0.000073,-0.000133,-0.000148,-0.000004,0.000068,0.000037,-0.000075,-0.000057,-0.000013,-0.000083,-0.000149,-0.000148,-0.000112,-0.000103,0.000007,0.000106,0.000068,0.000014,0.000068,0.000032,-0.000051,-0.000118,-0.000149,-0.000066,0.000154,0.000206,0.000105,0.000118,0.000150,0.000078,-0.000015,-0.000143,-0.000120,0.000033,0.000059,0.000072,0.000150,0.000247,0.013543,0.008597,0.009195,0.008816,0.007313,0.005545,0.003988,0.002787,0.001778,0.001623,0.001527,0.000541,-0.000360,-0.000958,-0.001430,-0.001108,-0.000079,0.000725,0.001017,0.000851,-0.000026,-0.001070,-0.001456,-0.000934,-0.000057,0.000403,0.000197,-0.000487,-0.001348,-0.001610,-0.000973,-0.000199,0.000252,0.000273,0.000074,-0.000139,-0.000165,-0.000024,0.000115,0.000200,0.000303,0.000357,0.000235,0.000119,0.000069,-0.000014,-0.000028,-0.000058,-0.000124,-0.000056,0.000074,0.000172,0.000312,0.000562,0.000484,0.000170,0.000313,0.000715,0.000697,0.000109,-0.000037,0.000942,0.001898,0.001426,-0.000143,-0.001286,-0.001516,-0.001586,-0.001749,-0.001689,-0.001368,-0.000701,0.000238,0.000868,0.000651,-0.000119,-0.000508,-0.000113,0.000360,0.000429,0.000288,0.000068,-0.000013,0.000104,0.000123,-0.000225,-0.000879,-0.001592,-0.002152,-0.002276,-0.001627,-0.000488,0.000137,0.000153,-0.000021,-0.000077,-0.000091,-0.000221,-0.000234,-0.000075,0.000109,0.000247,0.000190,0.000093,0.000035,0.000019,-0.000011,-0.000077,0.000014,0.000135,0.000073,-0.000011,-0.000043,-0.000072,-0.000107,-0.000084,-0.000051,-0.000081,-0.000126,-0.000146,-0.000186,-0.000155,-0.000088,-0.000197,-0.000262,-0.000206,-0.000200,-0.000098,0.000029,-0.000102,-0.000171,-0.000003,0.000115,0.000161,0.000082,-0.000034,0.000026,0.000187,
-0.012328,-0.011770,-0.007939,-0.000318,0.005082,0.005432,0.001599,-0.001211,-0.001212,-0.000177,0.001117,0.001777,0.001299,0.000531,0.000036,-0.000086,0.000500,0.001349,0.001672,0.001628,0.001522,0.001201,0.000683,-0.000165,-0.001144,-0.001502,-0.000981,0.000006,0.000761,0.000858,0.000557,0.000134,-0.000178,-0.000018,0.000383,0.000621,0.000834,0.000818,0.000173,-0.000771,-0.001125,-0.000772,-0.000175,0.000281,0.000351,0.000062,-0.000263,-0.000369,-0.000513,-0.000840,-0.000997,-0.000869,-0.000596,-0.000350,-0.000037,0.000133,-0.000013,-0.000061,0.000076,-0.000233,-0.000804,-0.001179,-0.001093,-0.000198,0.001043,0.001505,0.001170,0.000600,-0.000109,-0.000744,-0.001117,-0.001352,-0.001133,-0.000465,0.000111,0.000290,0.000235,0.000068,0.000030,0.000154,0.000329,0.000421,0.000410,0.000538,0.001006,0.001501,0.001328,0.000203,-0.000841,-0.001097,-0.000893,-0.000631,-0.000317,-0.000014,0.000213,0.000489,0.000706,0.000611,0.000218,-0.000109,-0.000064,0.000015,0.000036,0.000128,0.000155,-0.000025,-0.000080,0.000078,0.000145,0.000052,-0.000060,-0.000163,-0.000158,-0.000046,0.000090,0.000179,0.000024,-0.000173,-0.000096,-0.000012,-0.000012,-0.000027,-0.000102,-0.000160,-0.000062,0.000136,0.000112,0.000021,0.000071,0.000104,0.000035,-0.000091,-0.000087,-0.000082,-0.000096,0.000051,0.000222,0.000311,0.013332,0.008444,0.009212,0.008814,0.007172,0.005486,0.003867,0.002547,0.001710,0.001732,0.001532,0.000571,-0.000207,-0.000762,-0.001260,-0.001013,-0.000021,0.000758,0.001048,0.000882,-0.000061,-0.001009,-0.001183,-0.000633,0.000130,0.000399,0.000163,-0.000466,-0.001174,-0.001426,-0.001146,-0.000860,-0.000630,-0.000256,0.000082,0.000222,0.000251,0.000310,0.000406,0.000317,0.000211,0.000259,0.000176,-0.000048,-0.000246,-0.000336,-0.000194,-0.000055,-0.000012,0.000086,0.000061,0.000075,0.000299,0.000506,0.000385,0.000110,0.000220,0.000590,0.000593,0.000133,-0.000026,0.000852,0.001774,0.001448,-0.000054,-0.001376,-0.001614,-0.001584,-0.001740,-0.001806,-0.001459,-0.000668,0.000359,0.000907,0.000417,-0.000329,-0.000455,-0.000154,0.000189,0.000331,0.000252,0.000120,0.000061,0.000124,0.000079,-0.000289,-0.000958,-0.001705,-0.002138,-0.002118,-0.001579,-0.000573,0.000018,0.000043,-0.000002,0.000049,-0.000014,-0.000101,-0.000152,-0.000045,0.000089,0.000067,0.000056,-0.000039,-0.000077,-0.000058,-0.000071,-0.000067,-0.000054,-0.000018,-0.000107,-0.000145,-0.000028,0.000017,-0.000111,-0.000183,-0.000122,0.000003,0.000083,-0.000014,-0.000120,-0.000088,-0.000073,-0.000016,-0.000052,-0.000090,-0.000109,-0.000101,-0.000141,-0.000244,-0.000257,-0.000223,-0.000089,0.000079,0.000034,-0.000064,-0.000025,0.000121,
-0.012785,-0.012183,-0.008286,-0.000459,0.005097,0.005437,0.001711,-0.001101,-0.001225,-0.000172,0.001038,0.001726,0.001285,0.000444,-0.000062,-0.000183,0.000342,0.001024,0.001267,0.001405,0.001437,0.001169,0.000750,-0.000126,-0.001285,-0.001663,-0.000966,0.000150,0.000839,0.000816,0.000429,0.000056,-0.000165,-0.000038,0.000326,0.000660,0.000941,0.000955,0.000300,-0.000769,-0.001369,-0.000927,-0.000050,0.000516,0.000564,0.000322,-0.000113,-0.000401,-0.000603,-0.000770,-0.000900,-0.000810,-0.000578,-0.000397,-0.000132,0.000088,0.000108,0.000125,0.000124,-0.000360,-0.000983,-0.001210,-0.000844,0.000311,0.001664,0.002045,0.001543,0.000794,-0.000047,-0.000808,-0.001146,-0.001475,-0.001390,-0.000736,-0.000101,0.000242,0.000407,0.000362,0.000145,0.000048,0.000094,0.000162,0.000197,0.000306,0.000849,0.001480,0.001492,0.000393,-0.000799,-0.001120,-0.001071,-0.000795,-0.000355,-0.000060,0.000001,0.000134,0.000346,0.000397,0.000237,-0.000035,-0.000275,-0.000238,-0.000027,0.000096,-0.000017,-0.000118,-0.000205,-0.000179,-0.000085,0.000086,0.000005,-0.000127,-0.000160,-0.000066,0.000041,0.000073,-0.000037,-0.000124,-0.000043,0.000137,0.000160,-0.000016,-0.000243,-0.000230,0.000069,0.000324,0.000374,0.000221,0.000118,0.000028,-0.000069,-0.000129,-0.000232,-0.000220,-0.000047,0.000035,0.000111,0.000140,0.013220,0.008304,0.009202,0.008966,0.007460,0.005615,0.003814,0.002596,0.001849,0.001775,0.001568,0.000570,-0.000288,-0.000854,-0.001327,-0.001125,-0.000219,0.000670,0.001003,0.000825,-0.000080,-0.001132,-0.001380,-0.000699,0.000172,0.000539,0.000322,-0.000309,-0.001046,-0.001387,-0.001209,-0.000988,-0.000746,-0.000351,0.000005,0.000121,0.000307,0.000448,0.000381,0.000305,0.000258,0.000144,0.000071,-0.000079,-0.000211,-0.000262,-0.000204,-0.000043,-0.000099,-0.000040,0.000102,0.000196,0.000389,0.000573,0.000521,0.000169,0.000173,0.000736,0.000860,0.000248,0.000031,0.000905,0.001693,0.001090,-0.000395,-0.001553,-0.001694,-0.001618,-0.001752,-0.001732,-0.001309,-0.000587,0.000206,0.000707,0.000451,-0.000162,-0.000252,0.000194,0.000484,0.000481,0.000302,0.000040,0.000019,0.000148,0.000176,-0.000103,-0.000739,-0.001465,-0.002067,-0.002137,-0.001552,-0.000479,0.000139,0.000213,0.000106,0.000004,-0.000089,-0.000177,-0.000115,0.000065,0.000184,0.000152,0.000021,-0.000082,-0.000121,-0.000105,-0.000122,-0.000231,-0.000215,-0.000124,0.000051,0.000084,0.000039,0.000051,0.000149,0.000211,0.000115,-0.000085,-0.000268,-0.000236,-0.000020,0.000182,0.000146,-0.000021,-0.000098,-0.000134,-0.000064,0.000046,0.000048,-0.000152,-0.000190,-0.000043,0.000032,-0.000089,-0.000064,0.000186,0.000377,0.000273,
-0.012454,-0.011808,-0.007956,-0.000081,0.005452,0.005655,0.001740,-0.001190,-0.001269,-0.000248,0.000967,0.001624,0.001154,0.000331,-0.000138,-0.000190,0.000417,0.001304,0.001622,0.001524,0.001418,0.001066,0.000509,-0.000334,-0.001347,-0.001605,-0.000943,0.000144,0.000902,0.001008,0.000671,0.000151,-0.000276,-0.000305,0.000137,0.000665,0.000847,0.000678,0.000130,-0.000814,-0.001304,-0.000793,-0.000039,0.000285,0.000285,0.000048,-0.000219,-0.000266,-0.000471,-0.000821,-0.000884,-0.000659,-0.000539,-0.000378,-0.000010,0.000177,-0.000008,-0.000086,0.000037,-0.000419,-0.001244,-0.001617,-0.001303,-0.000139,0.001154,0.001475,0.000932,0.000209,-0.000615,-0.001295,-0.001339,-0.001094,-0.000805,-0.000364,0.000053,0.000216,0.000173,0.000097,0.000009,0.000017,0.000111,0.000102,0.000164,0.000503,0.001080,0.001573,0.001285,0.000068,-0.000957,-0.001173,-0.000930,-0.000607,-0.000357,-0.000068,0.000161,0.000316,0.000460,0.000463,0.000170,-0.000025,-0.000032,-0.000008,-0.000099,-0.000101,0.000031,-0.000038,-0.000138,-0.000044,0.000017,-0.000057,-0.000077,-0.000177,-0.000210,-0.000079,0.000077,0.000127,0.000022,-0.000097,-0.000082,-0.000000,0.000027,-0.000091,-0.000184,-0.000145,0.000053,0.000244,0.000196,0.000021,-0.000031,0.000001,0.000021,-0.000065,-0.000155,-0.000115,-0.000108,-0.000064,0.000055,0.000112,0.013537,0.008585,0.009354,0.008978,0.007267,0.005419,0.003735,0.002482,0.001706,0.001635,0.001478,0.000608,-0.000228,-0.000962,-0.001398,-0.000962,0.000077,0.000772,0.001096,0.000962,-0.000100,-0.001126,-0.001425,-0.000845,0.000057,0.000427,0.000217,-0.000324,-0.001068,-0.001447,-0.001326,-0.001285,-0.001109,-0.000559,-0.000038,0.000213,0.000366,0.000331,0.000277,0.000333,0.000346,0.000286,0.000232,0.000204,-0.000054,-0.000361,-0.000410,-0.000270,-0.000189,-0.000040,0.000025,-0.000010,0.000136,0.000424,0.000425,0.000206,0.000221,0.000637,0.000830,0.000290,-0.000024,0.000924,0.001988,0.001431,-0.000393,-0.001743,-0.001908,-0.001832,-0.001822,-0.001633,-0.001258,-0.000667,0.000133,0.000659,0.000431,-0.000103,-0.000415,-0.000279,0.000222,0.000480,0.000320,0.000129,0.000100,0.000203,0.000179,-0.000181,-0.000823,-0.001496,-0.002086,-0.002201,-0.001537,-0.000397,0.000245,0.000221,0.000056,0.000017,0.000060,0.000001,-0.000116,-0.000037,0.000140,0.000167,0.000125,0.000055,0.000035,0.000013,-0.000111,-0.000115,0.000032,0.000144,0.000144,-0.000046,-0.000158,-0.000118,-0.000058,-0.000111,-0.000206,-0.000179,-0.000153,-0.000123,-0.000133,-0.000181,-0.000075,-0.000026,-0.000115,-0.000156,-0.000150,-0.000140,-0.000092,-0.000078,-0.000125,-0.000175,-0.000177,0.000074,0.000231,0.000107,0.000004,0.000033,
-0.012884,-0.012068,-0.008322,-0.000546,0.005087,0.005437,0.001489,-0.001370,-0.001216,-0.000207,0.000870,0.001578,0.001239,0.000513,0.000062,-0.000105,0.000316,0.001044,0.001481,0.001654,0.001550,0.001080,0.000585,-0.000175,-0.001228,-0.001648,-0.001079,0.000077,0.000894,0.000901,0.000599,0.000247,-0.000154,-0.000200,0.000139,0.000531,0.000793,0.000755,0.000133,-0.000872,-0.001237,-0.000719,-0.000042,0.000368,0.000509,0.000262,-0.000192,-0.000405,-0.000457,-0.000692,-0.000851,-0.000732,-0.000588,-0.000318,0.000055,0.000245,0.000082,0.000003,0.000045,-0.000331,-0.000856,-0.001142,-0.001038,0.000134,0.001865,0.002674,0.002097,0.000914,-0.000117,-0.000613,-0.000731,-0.000914,-0.000842,-0.000415,-0.000006,0.000088,-0.000070,-0.000080,0.000032,0.000091,0.000133,0.000139,0.000231,0.000530,0.001113,0.001767,0.001604,0.000381,-0.000868,-0.001233,-0.000902,-0.000514,-0.000200,-0.000005,0.000150,0.000302,0.000420,0.000407,0.000143,-0.000084,-0.000135,-0.000098,-0.000109,-0.000080,-0.000042,0.000046,0.000059,0.000022,-0.000002,-0.000103,-0.000120,-0.000107,-0.000099,-0.000023,0.000024,-0.000050,-0.000205,-0.000227,-0.000074,-0.000034,-0.000106,-0.000113,-0.000180,-0.000111,0.000133,0.000168,0.000088,0.000021,0.000010,-0.000038,-0.000050,0.000015,-0.000017,-0.000092,-0.000101,-0.000000,0.000036,0.000012,0.013240,0.008454,0.009210,0.009068,0.007663,0.005763,0.003945,0.002498,0.001610,0.001641,0.001586,0.000594,-0.000398,-0.000996,-0.001357,-0.001137,-0.000181,0.000704,0.001132,0.000984,0.000011,-0.001011,-0.001343,-0.000778,-0.000019,0.000408,0.000306,-0.000253,-0.000947,-0.001348,-0.001112,-0.000880,-0.000822,-0.000487,-0.000031,0.000249,0.000423,0.000538,0.000566,0.000382,0.000279,0.000355,0.000240,0.000068,-0.000108,-0.000251,-0.000114,-0.000009,-0.000135,-0.000095,-0.000001,0.000057,0.000171,0.000308,0.000289,0.000101,0.000210,0.000759,0.000848,0.000159,-0.000240,0.000482,0.001278,0.000984,-0.000339,-0.001579,-0.001841,-0.001838,-0.001982,-0.001896,-0.001448,-0.000648,0.000421,0.000939,0.000510,-0.000173,-0.000367,-0.000062,0.000308,0.000300,0.000104,0.000045,0.000099,0.000221,0.000191,-0.000143,-0.000745,-0.001496,-0.002108,-0.002222,-0.001650,-0.000492,0.000350,0.000278,0.000022,-0.000003,-0.000092,-0.000204,-0.000282,-0.000137,0.000082,0.000206,0.000159,-0.000018,-0.000094,-0.000050,-0.000010,0.000001,-0.000002,0.000022,-0.000000,-0.000133,-0.000128,-0.000015,-0.000023,-0.000116,-0.000177,-0.000186,-0.000154,-0.000080,-0.000035,-0.000001,-0.000013,-0.000071,-0.000036,-0.000008,-0.000006,-0.000028,-0.000153,-0.000273,-0.000280,-0.000293,-0.000187,-0.000035,-0.000030,-0.000037,0.000071,0.000074,
-0.013016,-0.012077,-0.008069,-0.000375,0.005166,0.005516,0.001553,-0.001393,-0.001361,-0.000170,0.001090,0.001744,0.001330,0.000479,-0.000004,-0.000121,0.000406,0.001265,0.001576,0.001563,0.001574,0.001368,0.000776,-0.000300,-0.001402,-0.001671,-0.001107,-0.000036,0.000825,0.000930,0.000624,0.000232,-0.000081,0.000031,0.000463,0.000699,0.000698,0.000644,0.000127,-0.000932,-0.001363,-0.000829,-0.000108,0.000217,0.000276,0.000147,-0.000123,-0.000229,-0.000408,-0.000779,-0.000850,-0.000682,-0.000524,-0.000261,-0.000012,0.000025,0.000013,0.000098,0.000103,-0.000258,-0.000843,-0.001082,-0.000705,0.000208,0.001095,0.001428,0.001194,0.000681,-0.000009,-0.000749,-0.001013,-0.000946,-0.000842,-0.000395,0.000147,0.000320,0.000234,0.000133,0.000081,0.000035,0.000024,0.000006,0.000067,0.000325,0.000965,0.001675,0.001561,0.000365,-0.000736,-0.001015,-0.000931,-0.000693,-0.000323,-0.000034,0.000084,0.000206,0.000376,0.000372,0.000151,0.000027,0.000040,-0.000026,-0.000135,-0.000130,-0.000066,-0.000073,-0.000130,-0.000124,-0.000036,-0.000083,-0.000298,-0.000221,0.000008,0.000013,0.000021,0.000056,0.000078,0.000099,0.000031,-0.000060,-0.000086,-0.000123,-0.000143,-0.000090,-0.000010,0.000076,0.000131,0.000101,-0.000024,-0.000080,-0.000092,-0.000082,-0.000180,-0.000190,-0.000054,0.000078,0.000208,0.000184,0.013239,0.008251,0.009007,0.008878,0.007536,0.005676,0.003765,0.002397,0.001566,0.001639,0.001636,0.000677,-0.000299,-0.000984,-0.001433,-0.001115,0.000023,0.000942,0.001156,0.000886,-0.000026,-0.000961,-0.001315,-0.000834,-0.000029,0.000322,0.000145,-0.000511,-0.001278,-0.001582,-0.001298,-0.000979,-0.000648,-0.000296,0.000023,0.000148,0.000110,0.000065,0.000187,0.000306,0.000314,0.000276,0.000185,0.000085,-0.000023,-0.000051,0.000013,0.000028,-0.000085,-0.000095,-0.000018,-0.000045,0.000077,0.000406,0.000425,0.000137,0.000171,0.000741,0.000871,0.000293,0.000150,0.001091,0.001922,0.001240,-0.000481,-0.001639,-0.001692,-0.001699,-0.001782,-0.001563,-0.001246,-0.000668,0.000166,0.000570,0.000276,-0.000274,-0.000458,-0.000072,0.000281,0.000320,0.000213,0.000077,-0.000002,0.000047,0.000116,-0.000078,-0.000622,-0.001431,-0.002170,-0.002326,-0.001726,-0.000664,0.000202,0.000361,0.000082,-0.000057,-0.000023,-0.000110,-0.000180,-0.000046,0.000029,0.000081,0.000153,0.000092,0.000016,-0.000037,-0.000104,-0.000083,-0.000090,0.000034,0.000106,-0.000098,-0.000201,-0.000058,0.000080,0.000015,-0.000096,-0.000161,-0.000180,-0.000152,-0.000186,-0.000269,-0.000299,-0.000217,-0.000204,-0.000214,-0.000033,0.000033,0.000042,-0.000040,-0.000153,-0.000078,0.000030,0.000054,0.000018,-0.000025,0.000068,0.000064,
-0.013133,-0.012165,-0.008223,-0.000362,0.005246,0.005444,0.001446,-0.001378,-0.001352,-0.000298,0.000990,0.001677,0.001242,0.000427,-0.000021,-0.000130,0.000350,0.001128,0.001397,0.001401,0.001468,0.001267,0.000654,-0.000345,-0.001428,-0.001748,-0.001112,0.000009,0.000780,0.000910,0.000620,-0.000002,-0.000336,-0.000006,0.000481,0.000667,0.000658,0.000430,-0.000142,-0.000991,-0.001375,-0.000837,0.000030,0.000436,0.000438,0.000152,-0.000165,-0.000286,-0.000494,-0.000833,-0.001000,-0.000834,-0.000575,-0.000311,-0.000005,0.000072,-0.000049,-0.000080,-0.000107,-0.000444,-0.001034,-0.001487,-0.001096,0.000351,0.001637,0.001807,0.001244,0.000683,0.000032,-0.000650,-0.000995,-0.001121,-0.000788,-0.000127,0.000368,0.000441,0.000259,0.000166,0.000067,-0.000010,0.000013,0.000100,0.000219,0.000466,0.000958,0.001620,0.001598,0.000360,-0.000784,-0.001052,-0.000900,-0.000724,-0.000343,0.000032,0.000108,0.000223,0.000469,0.000499,0.000239,-0.000035,-0.000033,0.000082,0.000049,-0.000048,-0.000014,0.000065,0.000061,0.000043,0.000012,-0.000059,-0.000053,0.000003,-0.000000,-0.000100,-0.000068,0.000057,0.000029,-0.000042,-0.000026,0.000047,-0.000012,-0.000070,0.000006,0.000090,0.000232,0.000303,0.000233,0.000106,0.000016,0.000024,-0.000010,-0.000085,-0.000145,-0.000155,-0.000003,0.000130,0.000208,0.000267,0.013181,0.008328,0.009124,0.009000,0.007556,0.005637,0.003700,0.002387,0.001698,0.001733,0.001714,0.000861,-0.000090,-0.000890,-0.001503,-0.001167,-0.000065,0.000768,0.001111,0.000802,-0.000169,-0.001018,-0.001314,-0.000914,-0.000102,0.000353,0.000082,-0.000571,-0.001283,-0.001547,-0.000997,-0.000335,0.000077,0.000282,0.000187,-0.000021,-0.000043,0.000036,0.000063,0.000103,0.000316,0.000330,0.000063,-0.000174,-0.000253,-0.000266,-0.000189,-0.000061,-0.000055,-0.000052,0.000067,0.000155,0.000299,0.000412,0.000268,0.000009,0.000170,0.000733,0.000824,0.000200,-0.000041,0.000797,0.001827,0.001398,-0.000340,-0.001643,-0.001780,-0.001660,-0.001711,-0.001652,-0.001293,-0.000556,0.000214,0.000639,0.000380,-0.000246,-0.000503,-0.000201,0.000301,0.000404,0.000198,0.000070,-0.000010,-0.000046,0.000068,-0.000074,-0.000713,-0.001578,-0.002105,-0.002005,-0.001427,-0.000467,0.000253,0.000296,0.000027,-0.000058,-0.000008,-0.000114,-0.000209,-0.000067,0.000114,0.000232,0.000078,-0.000153,-0.000152,-0.000091,-0.000064,-0.000083,0.000037,0.000142,0.000026,-0.000119,-0.000113,-0.000020,0.000020,0.000009,-0.000023,-0.000031,-0.000068,-0.000120,-0.000039,0.000096,0.000084,0.000023,-0.000011,-0.000096,-0.000147,-0.000051,-0.000040,-0.000136,-0.000206,-0.000176,0.000022,0.000162,0.000188,0.000149,0.000091,0.000090,
-0.012283,-0.011460,-0.007623,0.000032,0.005493,0.005728,0.001753,-0.001282,-0.001326,-0.000109,0.001107,0.001764,0.001398,0.000581,-0.000018,-0.000205,0.000431,0.001284,0.001596,0.001617,0.001494,0.001119,0.000504,-0.000443,-0.001385,-0.001615,-0.001033,-0.000049,0.000646,0.000644,0.000356,0.000022,-0.000286,-0.000138,0.000321,0.000627,0.000730,0.000640,0.000132,-0.000811,-0.001178,-0.000708,-0.000118,0.000231,0.000236,-0.000013,-0.000331,-0.000474,-0.000579,-0.000807,-0.000943,-0.000897,-0.000723,-0.000312,0.000119,0.000219,0.000085,0.000144,0.000162,-0.000282,-0.000991,-0.001353,-0.001068,-0.000053,0.001192,0.001529,0.001114,0.000617,-0.000135,-0.000843,-0.001064,-0.001051,-0.000825,-0.000331,0.000230,0.000359,0.000154,0.000098,0.000042,0.000102,0.000227,0.000284,0.000246,0.000428,0.000894,0.001436,0.001392,0.000357,-0.000710,-0.001019,-0.000792,-0.000531,-0.000307,-0.000040,0.000070,0.000212,0.000409,0.000372,0.000172,0.000068,0.000074,0.000077,-0.000054,-0.000094,-0.000046,-0.000105,-0.000102,0.000020,0.000025,-0.000068,-0.000168,-0.000155,-0.000132,-0.000033,0.000103,0.000056,-0.000034,0.000039,0.000003,-0.000150,-0.000141,-0.000065,-0.000102,-0.000038,0.000108,0.000154,0.000163,0.000154,0.000047,0.000019,-0.000056,-0.000223,-0.000195,-0.000153,-0.000198,-0.000028,0.000209,0.000230,0.013780,0.008893,0.009453,0.008993,0.007273,0.005374,0.003805,0.002616,0.001717,0.001672,0.001481,0.000479,-0.000427,-0.001004,-0.001341,-0.001017,-0.000039,0.000841,0.001135,0.000783,-0.000183,-0.000975,-0.001253,-0.000779,0.000086,0.000459,0.000244,-0.000492,-0.001323,-0.001459,-0.001176,-0.000861,-0.000507,-0.000200,-0.000002,0.000122,0.000309,0.000547,0.000656,0.000483,0.000354,0.000258,0.000094,-0.000016,-0.000106,-0.000136,-0.000112,-0.000047,0.000022,0.000098,0.000122,0.000144,0.000327,0.000587,0.000542,0.000279,0.000290,0.000749,0.000793,0.000147,-0.000056,0.000984,0.002124,0.001817,0.000245,-0.001013,-0.001294,-0.001379,-0.001658,-0.001698,-0.001287,-0.000546,0.000470,0.001012,0.000580,-0.000192,-0.000468,-0.000160,0.000211,0.000259,0.000127,0.000041,0.000038,0.000141,0.000190,-0.000174,-0.000799,-0.001435,-0.001974,-0.002121,-0.001521,-0.000548,0.000074,0.000184,0.000097,0.000022,-0.000084,-0.000152,-0.000151,-0.000126,-0.000049,0.000019,0.000070,0.000068,0.000063,0.000033,-0.000120,-0.000188,-0.000147,-0.000037,0.000005,-0.000070,-0.000085,-0.000067,-0.000016,0.000068,0.000110,0.000022,-0.000051,-0.000092,-0.000128,-0.000163,-0.000119,-0.000078,-0.000075,-0.000161,-0.000155,-0.000040,-0.000062,-0.000125,-0.000134,-0.000096,0.000055,0.000143,0.000162,0.000071,0.000018,-0.000028,
-0.012640,-0.011700,-0.007819,-0.000239,0.005343,0.005722,0.001628,-0.001343,-0.001310,-0.000243,0.001026,0.001733,0.001287,0.000443,-0.000061,-0.000257,0.000247,0.001176,0.001614,0.001637,0.001550,0.001179,0.000544,-0.000480,-0.001534,-0.001732,-0.000949,0.000138,0.000782,0.000675,0.000332,0.000122,-0.000041,0.000065,0.000464,0.000798,0.000963,0.000862,0.000218,-0.000935,-0.001463,-0.000962,-0.000219,0.000299,0.000450,0.000183,-0.000232,-0.000402,-0.000519,-0.000754,-0.000991,-0.000928,-0.000596,-0.000268,0.000042,0.000161,0.000094,0.000093,0.000058,-0.000346,-0.000956,-0.001156,-0.000856,0.000102,0.001256,0.001729,0.001412,0.000720,-0.000054,-0.000720,-0.001213,-0.001448,-0.001326,-0.000695,0.000049,0.000301,0.000210,0.000113,0.000119,0.000238,0.000202,0.000068,0.000189,0.000526,0.001062,0.001634,0.001444,0.000320,-0.000683,-0.000953,-0.000913,-0.000782,-0.000467,-0.000035,0.000229,0.000382,0.000502,0.000441,0.000116,-0.000136,-0.000093,0.000035,0.000033,-0.000060,-0.000010,-0.000001,-0.000082,-0.000033,0.000118,0.000090,-0.000087,-0.000100,-0.000089,-0.000112,0.000009,0.000159,0.000046,-0.000118,-0.000081,-0.000050,-0.000113,-0.000146,-0.000078,-0.000044,0.000002,0.000125,0.000213,0.000197,0.000138,0.000056,-0.000006,-0.000101,-0.000152,-0.000135,-0.000013,0.000188,0.000160,0.000108,0.013445,0.008613,0.009311,0.008880,0.007385,0.005608,0.003811,0.002496,0.001679,0.001620,0.001512,0.000605,-0.000282,-0.000913,-0.001401,-0.001118,-0.000083,0.000741,0.001105,0.000906,-0.000015,-0.000984,-0.001324,-0.000802,0.000017,0.000367,0.000271,-0.000278,-0.001192,-0.001528,-0.001154,-0.000818,-0.000528,-0.000123,0.000209,0.000315,0.000352,0.000321,0.000232,0.000114,0.000153,0.000208,0.000106,0.000064,-0.000007,-0.000147,-0.000229,-0.000163,-0.000110,-0.000111,-0.000004,0.000087,0.000240,0.000442,0.000384,0.000094,0.000144,0.000738,0.000901,0.000244,-0.000069,0.000809,0.001695,0.001172,-0.000389,-0.001551,-0.001694,-0.001671,-0.001819,-0.001781,-0.001476,-0.000769,0.000220,0.000821,0.000580,-0.000037,-0.000310,-0.000089,0.000325,0.000490,0.000376,0.000225,0.000167,0.000210,0.000095,-0.000205,-0.000771,-0.001567,-0.002110,-0.002079,-0.001516,-0.000537,0.000155,0.000175,0.000020,0.000087,0.000014,-0.000250,-0.000222,-0.000028,0.000072,0.000170,0.000200,0.000035,-0.000108,-0.000186,-0.000188,-0.000080,-0.000052,-0.000127,-0.000178,-0.000135,-0.000156,-0.000181,-0.000147,-0.000104,-0.000051,-0.000007,0.000026,-0.000060,-0.000240,-0.000222,-0.000138,-0.000078,-0.000076,-0.000183,-0.000132,-0.000020,-0.000018,-0.000171,-0.000242,-0.000155,-0.000112,-0.000077,-0.000009,-0.000023,-0.000013,0.000036,
-0.012553,-0.011679,-0.007931,-0.000245,0.005408,0.005696,0.001668,-0.001308,-0.001297,-0.000207,0.000981,0.001731,0.001395,0.000552,-0.000017,-0.000186,0.000299,0.001052,0.001455,0.001569,0.001572,0.001329,0.000779,-0.000288,-0.001409,-0.001655,-0.001051,0.000094,0.001013,0.000998,0.000495,0.000086,-0.000168,-0.000195,0.000174,0.000700,0.000943,0.000801,0.000074,-0.001017,-0.001346,-0.000743,0.000032,0.000344,0.000364,0.000161,-0.000105,-0.000250,-0.000394,-0.000698,-0.000809,-0.000694,-0.000538,-0.000346,-0.000099,0.000032,-0.000044,-0.000131,-0.000087,-0.000351,-0.000974,-0.001297,-0.001070,-0.000032,0.001223,0.001681,0.001332,0.000619,-0.000323,-0.001114,-0.001302,-0.001195,-0.000995,-0.000547,-0.000079,0.000123,0.000076,0.000007,0.000019,0.000088,0.000152,0.000155,0.000159,0.000423,0.001037,0.001597,0.001363,0.000254,-0.000759,-0.001055,-0.000911,-0.000627,-0.000366,-0.000111,0.000160,0.000275,0.000407,0.000446,0.000146,-0.000096,-0.000070,-0.000050,-0.000066,0.000041,0.000177,0.000206,0.000102,-0.000032,-0.000072,-0.000130,-0.000176,-0.000066,-0.000047,-0.000105,-0.000036,0.000006,-0.000068,-0.000099,-0.000030,0.000025,-0.000008,-0.000084,-0.000089,-0.000071,-0.000053,0.000080,0.000210,0.000165,0.000056,-0.000051,-0.000105,-0.000150,-0.000132,-0.000072,0.000007,0.000116,0.000117,0.000123,0.013559,0.008664,0.009200,0.008817,0.007366,0.005516,0.003676,0.002349,0.001515,0.001505,0.001475,0.000644,-0.000223,-0.000937,-0.001436,-0.001052,0.000121,0.000960,0.001189,0.000882,-0.000020,-0.000965,-0.001248,-0.000733,0.000029,0.000388,0.000248,-0.000204,-0.000965,-0.001543,-0.001427,-0.001168,-0.000837,-0.000354,0.000050,0.000274,0.000375,0.000375,0.000340,0.000283,0.000278,0.000261,0.000197,0.000161,0.000017,-0.000121,-0.000154,-0.000086,-0.000017,0.000042,0.000088,0.000067,0.000169,0.000449,0.000454,0.000201,0.000261,0.000678,0.000732,0.000254,0.000194,0.001122,0.001952,0.001362,-0.000417,-0.001617,-0.001640,-0.001558,-0.001557,-0.001332,-0.001037,-0.000616,0.000042,0.000595,0.000578,0.000090,-0.000291,-0.000141,0.000256,0.000416,0.000297,0.000118,-0.000030,0.000077,0.000239,-0.000083,-0.000749,-0.001436,-0.002005,-0.002094,-0.001525,-0.000559,0.000148,0.000168,-0.000058,-0.000046,0.000068,-0.000046,-0.000136,-0.000108,-0.000042,0.000089,0.000147,0.000111,0.000045,-0.000058,-0.000130,-0.000058,0.000031,0.000108,0.000089,0.000006,-0.000011,-0.000025,-0.000074,-0.000071,-0.000011,-0.000004,-0.000032,-0.000127,-0.000244,-0.000165,-0.000069,-0.000036,0.000014,-0.000075,-0.000135,-0.000115,-0.000017,0.000006,-0.000082,-0.000054,0.000009,-0.000005,-0.000055,-0.000132,-0.000039,0.000069,
-0.012460,-0.011653,-0.007972,-0.000399,0.005270,0.005688,0.001712,-0.001216,-0.001236,-0.000175,0.001086,0.001758,0.001282,0.000387,-0.000128,-0.000201,0.000382,0.001211,0.001588,0.001716,0.001593,0.001112,0.000547,-0.000400,-0.001476,-0.001788,-0.001070,0.000112,0.000845,0.000966,0.000699,0.000169,-0.000252,-0.000245,0.000226,0.000746,0.000943,0.000850,0.000298,-0.000739,-0.001311,-0.000885,-0.000224,0.000125,0.000217,0.000133,-0.000083,-0.000248,-0.000397,-0.000672,-0.000887,-0.000876,-0.000646,-0.000379,-0.000110,0.000006,-0.000031,-0.000072,-0.000121,-0.000442,-0.001098,-0.001584,-0.001391,0.000012,0.001712,0.002152,0.001464,0.000488,-0.000485,-0.001147,-0.001254,-0.001071,-0.000756,-0.000271,0.000030,0.000060,-0.000010,-0.000042,-0.000041,-0.000031,0.000110,0.000168,0.000226,0.000515,0.001002,0.001551,0.001384,0.000154,-0.000893,-0.001013,-0.000831,-0.000647,-0.000377,0.000018,0.000271,0.000416,0.000502,0.000421,0.000136,-0.000107,-0.000061,0.000010,0.000019,0.000014,0.000038,-0.000005,-0.000067,-0.000101,-0.000117,-0.000146,-0.000225,-0.000228,-0.000130,-0.000005,0.000096,0.000113,0.000002,-0.000012,0.000068,0.000073,-0.000062,-0.000222,-0.000219,-0.000069,0.000103,0.000190,0.000201,0.000211,0.000125,-0.000011,-0.000081,-0.000052,-0.000043,-0.000010,-0.000038,0.000012,0.000182,0.000221,0.013916,0.008867,0.009364,0.008978,0.007319,0.005392,0.003760,0.002595,0.001794,0.001738,0.001594,0.000652,-0.000193,-0.000818,-0.001364,-0.001014,0.000092,0.000924,0.001200,0.000925,-0.000062,-0.001086,-0.001318,-0.000721,0.000071,0.000490,0.000390,-0.000227,-0.001040,-0.001400,-0.001171,-0.000984,-0.000710,-0.000252,0.000021,0.000143,0.000306,0.000387,0.000407,0.000360,0.000340,0.000370,0.000322,0.000191,-0.000018,-0.000139,-0.000118,-0.000116,-0.000101,-0.000060,-0.000050,-0.000064,0.000107,0.000432,0.000477,0.000216,0.000308,0.000827,0.000892,0.000169,-0.000273,0.000517,0.001622,0.001275,-0.000468,-0.002079,-0.002431,-0.002193,-0.002091,-0.001814,-0.001360,-0.000675,0.000199,0.000707,0.000420,-0.000193,-0.000433,-0.000277,0.000117,0.000337,0.000292,0.000163,0.000065,0.000062,0.000065,-0.000131,-0.000745,-0.001545,-0.002113,-0.002182,-0.001552,-0.000384,0.000252,0.000213,0.000142,0.000083,0.000123,0.000039,-0.000115,-0.000129,-0.000061,0.000023,0.000102,0.000032,-0.000099,-0.000122,-0.000117,-0.000112,-0.000001,0.000129,0.000043,-0.000150,-0.000112,0.000054,0.000083,0.000034,-0.000010,-0.000035,-0.000067,-0.000117,-0.000158,-0.000175,-0.000198,-0.000098,-0.000047,-0.000139,-0.000189,-0.000154,-0.000043,-0.000065,-0.000213,-0.000184,-0.000087,0.000027,0.000120,0.000001,0.000001,0.000082,
-0.012596,-0.011556,-0.007933,-0.000338,0.005293,0.005510,0.001507,-0.001345,-0.001426,-0.000401,0.000932,0.001674,0.001247,0.000422,0.000011,-0.000032,0.000474,0.001256,0.001635,0.001614,0.001432,0.001171,0.000720,-0.000248,-0.001275,-0.001612,-0.001075,-0.000001,0.000833,0.000945,0.000608,0.000224,-0.000062,-0.000089,0.000134,0.000482,0.000741,0.000668,0.000004,-0.000953,-0.001310,-0.000752,0.000036,0.000368,0.000319,0.000024,-0.000151,-0.000109,-0.000356,-0.000722,-0.000938,-0.000890,-0.000629,-0.000418,-0.000084,0.000126,0.000027,0.000017,0.000053,-0.000335,-0.000847,-0.000894,-0.000617,0.000093,0.001122,0.001713,0.001457,0.000894,0.000109,-0.000663,-0.000864,-0.000805,-0.000711,-0.000377,0.000061,0.000225,0.000153,0.000194,0.000262,0.000260,0.000245,0.000190,0.000154,0.000336,0.000999,0.001766,0.001647,0.000356,-0.000789,-0.001042,-0.000944,-0.000765,-0.000542,-0.000259,0.000090,0.000327,0.000513,0.000481,0.000127,-0.000090,-0.000071,0.000021,0.000033,-0.000054,-0.000058,-0.000014,-0.000014,0.000097,0.000131,0.000035,0.000029,0.000011,0.000005,0.000102,0.000140,0.000184,0.000053,-0.000106,-0.000082,-0.000027,0.000034,0.000068,-0.000024,0.000007,0.000204,0.000288,0.000274,0.000169,0.000035,-0.000001,0.000056,0.000092,0.000025,-0.000057,-0.000055,-0.000033,0.000200,0.000380,0.013540,0.008626,0.009113,0.008874,0.007436,0.005518,0.003736,0.002448,0.001621,0.001602,0.001702,0.000820,-0.000215,-0.000936,-0.001394,-0.001002,0.000050,0.000909,0.001143,0.000904,0.000092,-0.000869,-0.001307,-0.000890,-0.000097,0.000276,0.000146,-0.000397,-0.001079,-0.001302,-0.001103,-0.000943,-0.000651,-0.000215,0.000045,0.000165,0.000218,0.000238,0.000251,0.000259,0.000372,0.000423,0.000277,0.000088,-0.000059,-0.000133,-0.000089,-0.000046,-0.000061,-0.000077,-0.000075,0.000024,0.000320,0.000484,0.000286,0.000032,0.000190,0.000734,0.000744,0.000098,-0.000074,0.000775,0.001648,0.001269,-0.000064,-0.001126,-0.001489,-0.001629,-0.001711,-0.001618,-0.001257,-0.000709,0.000079,0.000749,0.000606,-0.000061,-0.000300,-0.000049,0.000283,0.000489,0.000350,0.000092,-0.000013,0.000097,0.000099,-0.000218,-0.000849,-0.001641,-0.002150,-0.002168,-0.001488,-0.000451,0.000114,0.000139,0.000126,0.000111,-0.000047,-0.000219,-0.000308,-0.000227,-0.000073,0.000090,0.000170,0.000183,0.000082,-0.000047,-0.000111,-0.000058,0.000155,0.000150,-0.000052,-0.000177,-0.000155,-0.000019,-0.000030,-0.000129,-0.000048,-0.000006,-0.000060,-0.000053,-0.000012,0.000049,0.000037,0.000071,0.000083,-0.000035,-0.000150,-0.000124,-0.000059,-0.000150,-0.000206,-0.000261,-0.000271,-0.000097,-0.000000,-0.000018,0.000085,0.000209,
-0.012029,-0.011236,-0.007600,-0.000110,0.005444,0.005679,0.001672,-0.001218,-0.001270,-0.000243,0.001012,0.001739,0.001253,0.000351,-0.000164,-0.000333,0.000305,0.001279,0.001598,0.001595,0.001525,0.001191,0.000613,-0.000386,-0.001391,-0.001694,-0.001135,-0.000139,0.000533,0.000719,0.000528,0.000157,-0.000179,-0.000155,0.000282,0.000566,0.000651,0.000575,0.000029,-0.000937,-0.001330,-0.000689,0.000042,0.000356,0.000293,0.000024,-0.000201,-0.000370,-0.000583,-0.000854,-0.001021,-0.000953,-0.000739,-0.000387,0.000050,0.000272,0.000111,-0.000003,0.000001,-0.000418,-0.001055,-0.001270,-0.000917,0.000223,0.001420,0.001606,0.001058,0.000456,-0.000153,-0.000697,-0.001041,-0.001142,-0.000881,-0.000283,0.000194,0.000218,0.000138,0.000047,-0.000025,0.000022,0.000114,0.000143,0.000107,0.000356,0.001023,0.001667,0.001480,0.000245,-0.000929,-0.001114,-0.000829,-0.000649,-0.000519,-0.000315,0.000024,0.000380,0.000566,0.000413,0.000120,-0.000023,-0.000015,0.000022,-0.000007,-0.000026,-0.000023,0.000014,0.000026,0.000047,0.000055,0.000024,-0.000090,-0.000200,-0.000203,-0.000092,0.000039,0.000072,0.000016,-0.000099,-0.000123,-0.000048,-0.000037,-0.000179,-0.000217,-0.000074,0.000018,0.000111,0.000226,0.000236,0.000092,-0.000047,-0.000084,-0.000091,-0.000171,-0.000194,-0.000077,0.000118,0.000219,0.000178,0.014191,0.009324,0.009650,0.008978,0.007155,0.005207,0.003620,0.002445,0.001657,0.001694,0.001608,0.000729,-0.000149,-0.000904,-0.001343,-0.000930,0.000098,0.000869,0.001167,0.000896,0.000014,-0.000862,-0.001218,-0.000752,0.000111,0.000494,0.000219,-0.000514,-0.001367,-0.001668,-0.001285,-0.000864,-0.000542,-0.000171,0.000018,-0.000019,0.000115,0.000245,0.000247,0.000232,0.000289,0.000329,0.000267,0.000160,0.000005,-0.000102,-0.000076,-0.000063,-0.000117,-0.000094,-0.000039,-0.000013,0.000192,0.000488,0.000525,0.000271,0.000248,0.000812,0.001011,0.000359,0.000112,0.001172,0.002148,0.001324,-0.000737,-0.001887,-0.001697,-0.001509,-0.001709,-0.001762,-0.001301,-0.000530,0.000292,0.000697,0.000362,-0.000266,-0.000505,-0.000211,0.000202,0.000397,0.000331,0.000138,-0.000018,0.000053,0.000085,-0.000179,-0.000739,-0.001521,-0.002125,-0.002134,-0.001481,-0.000479,0.000168,0.000154,-0.000000,0.000034,0.000063,-0.000070,-0.000142,-0.000002,0.000123,0.000187,0.000249,0.000214,0.000050,-0.000060,-0.000092,-0.000143,-0.000126,0.000045,0.000220,0.000107,-0.000105,-0.000060,0.000014,-0.000038,0.000007,0.000062,-0.000087,-0.000173,-0.000062,-0.000053,-0.000221,-0.000280,-0.000215,-0.000298,-0.000292,-0.000124,0.000000,0.000034,-0.000082,-0.000152,-0.000059,0.000015,0.000066,0.000192,0.000213,0.000110,
-0.012308,-0.011321,-0.007689,-0.000255,0.005340,0.005759,0.001798,-0.001282,-0.001475,-0.000309,0.001023,0.001755,0.001463,0.000547,-0.000191,-0.000360,0.000309,0.001245,0.001668,0.001642,0.001488,0.001133,0.000563,-0.000349,-0.001334,-0.001637,-0.001091,-0.000028,0.000683,0.000797,0.000480,-0.000090,-0.000352,-0.000139,0.000292,0.000609,0.000775,0.000580,-0.000129,-0.001087,-0.001412,-0.000803,0.000001,0.000395,0.000352,0.000102,-0.000147,-0.000430,-0.000608,-0.000807,-0.001025,-0.000952,-0.000706,-0.000328,-0.000001,0.000038,-0.000082,-0.000012,0.000003,-0.000451,-0.001035,-0.001295,-0.000976,0.000204,0.001566,0.001904,0.001376,0.000785,0.000010,-0.000618,-0.000778,-0.000777,-0.000693,-0.000228,0.000257,0.000221,-0.000037,-0.000020,0.000065,0.000122,0.000193,0.000157,0.000106,0.000307,0.000904,0.001558,0.001515,0.000411,-0.000766,-0.001008,-0.000760,-0.000597,-0.000395,0.000018,0.000261,0.000338,0.000478,0.000491,0.000261,0.000062,0.000010,0.000062,0.000065,0.000042,0.000042,0.000042,0.000044,0.000090,0.000129,0.000012,-0.000199,-0.000172,-0.000015,0.000091,0.000076,-0.000015,-0.000069,-0.000071,-0.000063,-0.000065,-0.000058,-0.000088,-0.000168,-0.000147,0.000018,0.000199,0.000302,0.000232,0.000102,-0.000021,-0.000109,-0.000089,-0.000055,-0.000020,-0.000025,-0.000006,0.000068,0.000155,0.014269,0.009288,0.009534,0.008950,0.007419,0.005462,0.003616,0.002367,0.001535,0.001591,0.001621,0.000695,-0.000163,-0.000837,-0.001494,-0.001210,-0.000031,0.000825,0.001098,0.000820,-0.000190,-0.001097,-0.001361,-0.000831,-0.000039,0.000335,0.000210,-0.000462,-0.001364,-0.001641,-0.001028,-0.000269,0.000153,0.000278,0.000216,0.000042,0.000001,0.000077,0.000312,0.000392,0.000302,0.000193,0.000045,-0.000039,-0.000104,-0.000126,-0.000047,-0.000065,-0.000160,-0.000102,0.000079,0.000166,0.000180,0.000316,0.000350,0.000127,0.000266,0.000768,0.000769,0.000216,-0.000036,0.000855,0.002090,0.001740,-0.000073,-0.001390,-0.001596,-0.001615,-0.001700,-0.001661,-0.001365,-0.000636,0.000230,0.000718,0.000547,-0.000078,-0.000436,-0.000173,0.000291,0.000360,0.000203,0.000073,-0.000034,0.000141,0.000255,-0.000130,-0.000747,-0.001405,-0.002012,-0.002223,-0.001615,-0.000510,0.000249,0.000296,0.000075,-0.000036,-0.000073,-0.000121,-0.000206,-0.000104,0.000098,0.000180,0.000115,0.000055,0.000060,0.000023,0.000115,0.000211,0.000202,0.000123,0.000044,-0.000055,-0.000091,-0.000043,0.000007,0.000003,-0.000077,-0.000061,-0.000050,-0.000059,-0.000064,-0.000087,-0.000112,-0.000173,-0.000163,-0.000223,-0.000207,-0.000065,0.000042,-0.000027,-0.000101,-0.000104,-0.000080,-0.000115,-0.000018,0.000090,-0.000001,-0.000113,
-0.012611,-0.011351,-0.007846,-0.000449,0.005170,0.005594,0.001672,-0.001346,-0.001526,-0.000404,0.000935,0.001677,0.001273,0.000457,0.000012,-0.000319,0.000121,0.001128,0.001576,0.001618,0.001504,0.001141,0.000535,-0.000412,-0.001401,-0.001691,-0.001001,0.000106,0.000755,0.000844,0.000569,0.000162,-0.000152,-0.000103,0.000375,0.000757,0.000875,0.000774,0.000131,-0.000917,-0.001302,-0.000797,-0.000130,0.000285,0.000454,0.000326,-0.000002,-0.000351,-0.000688,-0.000949,-0.000947,-0.000719,-0.000660,-0.000487,-0.000039,0.000184,0.000101,-0.000003,-0.000048,-0.000460,-0.000959,-0.001197,-0.001084,-0.000206,0.000964,0.001470,0.001140,0.000576,-0.000124,-0.000810,-0.001101,-0.001219,-0.001096,-0.000381,0.000252,0.000215,0.000035,0.000001,0.000004,0.000049,0.000160,0.000261,0.000216,0.000419,0.001027,0.001681,0.001568,0.000421,-0.000753,-0.000970,-0.000691,-0.000538,-0.000280,-0.000003,0.000105,0.000312,0.000586,0.000461,0.000105,-0.000062,-0.000102,-0.000101,-0.000108,-0.000116,-0.000072,-0.000018,0.000013,0.000063,0.000098,-0.000022,-0.000170,-0.000227,-0.000207,-0.000150,-0.000032,0.000056,-0.000005,-0.000110,-0.000110,-0.000013,-0.000087,-0.000115,-0.000002,0.000083,0.000127,0.000277,0.000310,0.000165,0.000100,0.000086,-0.000038,-0.000100,-0.000063,-0.000071,-0.000048,0.000030,0.000092,0.000151,0.014342,0.009095,0.009268,0.008853,0.007342,0.005348,0.003559,0.002368,0.001539,0.001560,0.001654,0.000889,0.000003,-0.000776,-0.001369,-0.001055,-0.000025,0.000797,0.001172,0.000987,0.000122,-0.000875,-0.001341,-0.000875,0.000001,0.000419,0.000184,-0.000409,-0.001231,-0.001560,-0.001227,-0.000969,-0.000681,-0.000232,-0.000024,0.000094,0.000285,0.000414,0.000295,0.000082,0.000128,0.000198,0.000118,0.000115,-0.000055,-0.000191,-0.000141,-0.000090,-0.000112,-0.000151,-0.000051,0.000051,0.000260,0.000545,0.000457,0.000212,0.000368,0.000826,0.000819,0.000073,-0.000261,0.000641,0.001692,0.001465,-0.000000,-0.001331,-0.001679,-0.001674,-0.001738,-0.001732,-0.001444,-0.000734,0.000320,0.000957,0.000552,-0.000232,-0.000531,-0.000225,0.000170,0.000342,0.000272,0.000055,0.000026,0.000151,0.000123,-0.000122,-0.000697,-0.001408,-0.001990,-0.002193,-0.001669,-0.000604,0.000110,0.000051,-0.000064,-0.000022,-0.000041,-0.000204,-0.000311,-0.000096,0.000050,0.000085,0.000048,-0.000013,-0.000002,-0.000017,-0.000044,0.000010,0.000078,0.000091,0.000082,-0.000091,-0.000221,-0.000116,-0.000007,0.000012,-0.000062,-0.000087,-0.000059,0.000008,0.000066,-0.000007,-0.000135,-0.000149,-0.000146,-0.000233,-0.000125,0.000058,0.000018,-0.000097,-0.000147,-0.000134,0.000047,0.000152,0.000025,0.000069,0.000138,0.000056,
-0.012510,-0.011200,-0.007669,-0.000306,0.005321,0.005665,0.001572,-0.001368,-0.001390,-0.000309,0.000952,0.001657,0.001337,0.000537,-0.000035,-0.000199,0.000312,0.001090,0.001463,0.001513,0.001472,0.001206,0.000573,-0.000469,-0.001574,-0.001851,-0.001138,-0.000005,0.000790,0.000846,0.000362,-0.000021,-0.000165,-0.000067,0.000349,0.000770,0.000952,0.000709,-0.000042,-0.001021,-0.001387,-0.000896,-0.000116,0.000385,0.000473,0.000205,-0.000081,-0.000291,-0.000562,-0.000805,-0.000875,-0.000762,-0.000564,-0.000314,-0.000018,0.000151,0.000001,-0.000090,-0.000046,-0.000374,-0.000945,-0.001150,-0.000792,0.000262,0.001388,0.001809,0.001473,0.000703,-0.000207,-0.000890,-0.001230,-0.001349,-0.001157,-0.000567,0.000013,0.000239,0.000212,0.000192,0.000266,0.000249,0.000245,0.000258,0.000202,0.000371,0.001078,0.001831,0.001658,0.000364,-0.000833,-0.001175,-0.000992,-0.000654,-0.000369,-0.000164,0.000045,0.000269,0.000471,0.000449,0.000229,0.000016,-0.000107,-0.000027,0.000055,0.000003,0.000003,-0.000047,-0.000127,-0.000067,-0.000040,-0.000079,-0.000156,-0.000151,-0.000083,-0.000047,0.000061,0.000080,-0.000083,-0.000123,0.000027,0.000072,-0.000122,-0.000192,-0.000041,0.000049,0.000116,0.000180,0.000188,0.000071,0.000005,0.000041,-0.000011,-0.000108,-0.000125,-0.000059,0.000020,0.000019,0.000107,0.000199,0.014386,0.009335,0.009527,0.008867,0.007274,0.005352,0.003633,0.002388,0.001576,0.001608,0.001765,0.001079,0.000094,-0.000808,-0.001453,-0.001152,-0.000037,0.000842,0.001153,0.000914,-0.000086,-0.001079,-0.001319,-0.000805,-0.000009,0.000350,0.000127,-0.000433,-0.001125,-0.001421,-0.001227,-0.001079,-0.000937,-0.000506,-0.000075,0.000096,0.000244,0.000350,0.000290,0.000297,0.000392,0.000390,0.000276,0.000061,-0.000162,-0.000309,-0.000260,-0.000151,-0.000109,0.000001,0.000099,0.000136,0.000268,0.000532,0.000551,0.000324,0.000266,0.000661,0.000856,0.000298,0.000007,0.000896,0.001821,0.001235,-0.000541,-0.001622,-0.001576,-0.001627,-0.001814,-0.001687,-0.001382,-0.000815,0.000134,0.000773,0.000549,-0.000077,-0.000427,-0.000167,0.000301,0.000443,0.000253,0.000088,0.000074,0.000117,0.000149,-0.000054,-0.000680,-0.001559,-0.002222,-0.002237,-0.001606,-0.000665,0.000014,0.000118,0.000007,-0.000032,-0.000137,-0.000331,-0.000333,-0.000102,0.000045,0.000151,0.000190,0.000042,-0.000124,-0.000072,-0.000017,-0.000061,-0.000017,0.000055,-0.000013,-0.000190,-0.000214,-0.000012,0.000076,0.000059,0.000005,-0.000046,0.000006,-0.000023,-0.000093,-0.000075,-0.000021,-0.000020,-0.000075,-0.000136,-0.000005,0.000210,0.000185,0.000011,-0.000063,-0.000068,-0.000080,-0.000000,0.000084,0.000077,0.000067,0.000047,
-0.012350,-0.011073,-0.007592,-0.000212,0.005428,0.005721,0.001561,-0.001478,-0.001521,-0.000308,0.000964,0.001679,0.001425,0.000634,0.000000,-0.000336,0.000162,0.001126,0.001628,0.001712,0.001571,0.001151,0.000599,-0.000304,-0.001374,-0.001656,-0.001061,0.000076,0.000968,0.001036,0.000638,0.000075,-0.000402,-0.000385,0.000079,0.000532,0.000824,0.000792,0.000056,-0.001076,-0.001471,-0.000819,0.000006,0.000419,0.000354,0.000090,-0.000120,-0.000163,-0.000355,-0.000732,-0.000845,-0.000742,-0.000621,-0.000324,0.000034,0.000164,0.000135,0.000047,-0.000100,-0.000478,-0.001106,-0.001541,-0.001330,-0.000022,0.001372,0.001479,0.000951,0.000363,-0.000500,-0.001189,-0.001275,-0.001116,-0.000785,-0.000322,0.000058,0.000214,0.000111,-0.000003,0.000012,0.000109,0.000173,0.000157,0.000138,0.000366,0.000983,0.001664,0.001497,0.000153,-0.000973,-0.001084,-0.000834,-0.000613,-0.000297,0.000001,0.000202,0.000512,0.000653,0.000442,0.000095,-0.000072,0.000001,-0.000016,-0.000097,-0.000144,-0.000174,-0.000122,-0.000098,-0.000055,-0.000028,-0.000094,-0.000199,-0.000246,-0.000174,-0.000118,-0.000064,-0.000025,-0.000068,-0.000036,0.000018,-0.000004,-0.000037,-0.000020,-0.000000,0.000081,0.000176,0.000218,0.000175,0.000171,0.000081,0.000060,0.000042,-0.000041,-0.000086,-0.000195,-0.000139,0.000101,0.000198,0.000126,0.014820,0.009694,0.009708,0.008970,0.007130,0.005106,0.003522,0.002438,0.001611,0.001641,0.001751,0.000874,-0.000127,-0.000858,-0.001423,-0.001121,0.000074,0.001027,0.001281,0.000892,-0.000113,-0.001060,-0.001378,-0.000837,0.000011,0.000496,0.000299,-0.000356,-0.001167,-0.001603,-0.001514,-0.001239,-0.000846,-0.000384,-0.000021,0.000171,0.000278,0.000308,0.000312,0.000322,0.000310,0.000204,0.000041,-0.000014,-0.000093,-0.000192,-0.000089,-0.000081,-0.000198,-0.000154,-0.000104,-0.000079,0.000078,0.000394,0.000518,0.000332,0.000268,0.000720,0.000902,0.000229,-0.000113,0.000848,0.001819,0.001439,-0.000289,-0.001840,-0.002076,-0.001912,-0.001890,-0.001656,-0.001231,-0.000645,0.000191,0.000656,0.000341,-0.000183,-0.000346,-0.000143,0.000201,0.000358,0.000290,0.000176,0.000129,0.000213,0.000281,-0.000033,-0.000702,-0.001520,-0.002159,-0.002244,-0.001569,-0.000443,0.000252,0.000177,-0.000039,0.000010,-0.000032,-0.000264,-0.000283,-0.000052,0.000051,0.000144,0.000192,0.000023,-0.000076,-0.000046,-0.000071,-0.000119,-0.000080,-0.000044,-0.000044,-0.000136,-0.000108,0.000062,0.000060,0.000013,0.000083,0.000026,-0.000094,-0.000125,-0.000104,-0.000117,-0.000151,-0.000106,-0.000163,-0.000146,-0.000100,-0.000089,-0.000071,-0.000063,-0.000041,-0.000074,-0.000018,0.000089,0.000140,0.000048,-0.000046,-0.000008,
-0.012178,-0.010845,-0.007281,0.000020,0.005550,0.005824,0.001741,-0.001339,-0.001535,-0.000408,0.001009,0.001835,0.001530,0.000730,0.000038,-0.000305,0.000209,0.001156,0.001668,0.001720,0.001518,0.001159,0.000547,-0.000368,-0.001341,-0.001668,-0.001063,-0.000021,0.000703,0.000746,0.000524,0.000193,-0.000250,-0.000318,0.000117,0.000555,0.000768,0.000738,0.000089,-0.000886,-0.001278,-0.000826,-0.000026,0.000361,0.000340,0.000151,-0.000060,-0.000226,-0.000480,-0.000779,-0.000993,-0.000829,-0.000528,-0.000310,-0.000045,0.000094,0.000028,0.000002,-0.000065,-0.000367,-0.000744,-0.000991,-0.000939,0.000057,0.001700,0.002395,0.001778,0.000833,0.000025,-0.000594,-0.000936,-0.001052,-0.000794,-0.000199,0.000211,0.000120,-0.000004,0.000049,0.000053,-0.000012,0.000014,0.000063,0.000172,0.000447,0.001029,0.001674,0.001463,0.000256,-0.000884,-0.001229,-0.000951,-0.000616,-0.000327,-0.000031,0.000242,0.000362,0.000412,0.000363,0.000122,-0.000116,-0.000173,-0.000184,-0.000176,-0.000084,-0.000114,-0.000159,-0.000138,-0.000072,-0.000064,-0.000171,-0.000192,-0.000120,-0.000074,0.000002,0.000033,-0.000011,-0.000045,-0.000014,0.000059,0.000101,0.000027,-0.000132,-0.000130,-0.000056,0.000031,0.000176,0.000113,0.000074,0.000110,0.000031,-0.000040,-0.000021,-0.000024,-0.000010,0.000050,0.000062,0.000152,0.000231,0.015086,0.009831,0.009750,0.008902,0.006936,0.004940,0.003508,0.002542,0.001749,0.001649,0.001646,0.000875,-0.000049,-0.000852,-0.001454,-0.001163,-0.000084,0.000740,0.001030,0.000746,-0.000168,-0.001034,-0.001333,-0.000823,0.000089,0.000454,0.000220,-0.000277,-0.000967,-0.001408,-0.001356,-0.001194,-0.001003,-0.000465,0.000092,0.000239,0.000371,0.000479,0.000418,0.000348,0.000318,0.000330,0.000220,-0.000005,-0.000247,-0.000388,-0.000250,-0.000091,-0.000021,0.000070,0.000030,-0.000010,0.000213,0.000567,0.000462,0.000081,0.000169,0.000657,0.000788,0.000149,-0.000172,0.000588,0.001473,0.001189,-0.000395,-0.001912,-0.002285,-0.002139,-0.001938,-0.001717,-0.001280,-0.000504,0.000322,0.000766,0.000473,-0.000266,-0.000582,-0.000265,0.000104,0.000225,0.000205,0.000138,0.000053,0.000114,0.000256,-0.000037,-0.000860,-0.001672,-0.002101,-0.002075,-0.001374,-0.000197,0.000403,0.000197,-0.000047,-0.000062,-0.000076,-0.000187,-0.000158,0.000046,0.000162,0.000092,0.000010,0.000012,0.000086,0.000018,-0.000065,-0.000006,0.000025,0.000036,-0.000065,-0.000180,-0.000221,-0.000147,0.000011,0.000066,-0.000036,-0.000093,-0.000112,-0.000135,-0.000136,-0.000040,0.000001,-0.000064,-0.000025,-0.000019,-0.000089,-0.000089,-0.000104,-0.000093,-0.000157,-0.000244,-0.000131,0.000043,0.000162,0.000111,0.000038,0.000084,
-0.012497,-0.010977,-0.007461,-0.000225,0.005437,0.005855,0.001737,-0.001438,-0.001561,-0.000385,0.000911,0.001599,0.001284,0.000594,0.000034,-0.000328,0.000218,0.001254,0.001716,0.001727,0.001596,0.001135,0.000464,-0.000472,-0.001504,-0.001769,-0.001063,0.000049,0.000784,0.000812,0.000448,0.000025,-0.000285,-0.000161,0.000249,0.000566,0.000726,0.000683,0.000130,-0.000868,-0.001278,-0.000728,-0.000050,0.000262,0.000309,0.000122,-0.000077,-0.000167,-0.000497,-0.000831,-0.000952,-0.000862,-0.000718,-0.000485,-0.000186,-0.000034,0.000046,0.000150,0.000167,-0.000297,-0.000879,-0.000989,-0.000660,0.000093,0.000957,0.001293,0.001054,0.000611,0.000018,-0.000662,-0.000992,-0.001058,-0.000754,-0.000151,0.000227,0.000256,0.000059,-0.000014,-0.000012,-0.000015,0.000139,0.000189,0.000223,0.000516,0.001062,0.001672,0.001601,0.000360,-0.000754,-0.001059,-0.000945,-0.000637,-0.000322,-0.000124,0.000097,0.000304,0.000366,0.000336,0.000175,0.000022,0.000076,0.000052,-0.000056,-0.000052,-0.000040,-0.000075,-0.000048,0.000106,0.000176,-0.000022,-0.000188,-0.000189,-0.000079,0.000028,0.000101,0.000080,0.000048,-0.000006,-0.000020,-0.000063,-0.000087,-0.000064,-0.000076,-0.000036,0.000050,0.000159,0.000159,0.000066,-0.000014,-0.000022,-0.000047,-0.000127,-0.000142,-0.000135,-0.000074,0.000003,0.000090,0.000179,0.014919,0.009807,0.009688,0.008918,0.007152,0.005101,0.003490,0.002453,0.001712,0.001695,0.001744,0.000844,-0.000127,-0.000771,-0.001397,-0.001226,-0.000131,0.000848,0.001222,0.000880,-0.000167,-0.001137,-0.001341,-0.000820,-0.000029,0.000365,0.000190,-0.000479,-0.001279,-0.001679,-0.001422,-0.001008,-0.000646,-0.000281,0.000002,-0.000006,-0.000089,-0.000019,0.000093,0.000138,0.000208,0.000272,0.000185,0.000027,-0.000072,-0.000077,0.000028,0.000143,0.000026,-0.000050,-0.000024,-0.000004,0.000196,0.000422,0.000384,0.000239,0.000274,0.000699,0.000775,0.000191,0.000089,0.001121,0.001890,0.001182,-0.000438,-0.001615,-0.001815,-0.001719,-0.001733,-0.001685,-0.001282,-0.000587,0.000202,0.000606,0.000361,-0.000119,-0.000298,0.000031,0.000354,0.000448,0.000424,0.000219,0.000123,0.000256,0.000327,-0.000021,-0.000747,-0.001611,-0.002282,-0.002345,-0.001672,-0.000581,0.000224,0.000334,0.000088,-0.000041,-0.000061,-0.000240,-0.000335,-0.000143,0.000000,-0.000065,-0.000127,-0.000096,-0.000057,-0.000056,-0.000065,-0.000042,-0.000020,0.000042,0.000150,0.000028,-0.000072,-0.000062,0.000055,0.000072,0.000033,0.000041,-0.000059,-0.000125,-0.000081,-0.000049,0.000031,-0.000013,-0.000140,-0.000184,-0.000151,-0.000121,-0.000180,-0.000235,-0.000179,-0.000160,-0.000087,0.000102,0.000072,0.000041,0.000155,0.000175,
-0.012766,-0.011086,-0.007530,-0.000303,0.005402,0.005864,0.001773,-0.001384,-0.001626,-0.000579,0.000853,0.001740,0.001319,0.000372,-0.000155,-0.000344,0.000181,0.001147,0.001599,0.001614,0.001460,0.001086,0.000490,-0.000463,-0.001525,-0.001774,-0.001035,0.000011,0.000605,0.000628,0.000388,0.000000,-0.000297,-0.000145,0.000289,0.000536,0.000530,0.000312,-0.000246,-0.001097,-0.001392,-0.000778,0.000047,0.000333,0.000292,0.000105,-0.000186,-0.000368,-0.000556,-0.000718,-0.000784,-0.000789,-0.000650,-0.000354,0.000048,0.000218,0.000122,0.000110,0.000054,-0.000376,-0.001116,-0.001404,-0.000985,0.000209,0.001592,0.001913,0.001283,0.000696,0.000165,-0.000553,-0.001048,-0.001087,-0.000728,-0.000066,0.000429,0.000421,0.000252,0.000171,0.000134,0.000120,0.000139,0.000143,0.000182,0.000364,0.000882,0.001484,0.001321,0.000161,-0.000803,-0.001006,-0.000883,-0.000661,-0.000410,-0.000134,0.000131,0.000377,0.000479,0.000394,0.000110,-0.000076,-0.000099,-0.000009,0.000053,0.000017,-0.000016,-0.000046,-0.000017,0.000041,-0.000042,-0.000166,-0.000187,-0.000081,0.000038,0.000092,0.000142,0.000082,-0.000061,-0.000181,-0.000148,-0.000016,0.000007,-0.000048,-0.000053,0.000069,0.000211,0.000241,0.000127,0.000057,0.000041,0.000023,0.000033,0.000051,-0.000057,-0.000084,-0.000079,-0.000020,0.000055,0.000083,0.015161,0.009995,0.009842,0.008986,0.007152,0.005062,0.003363,0.002257,0.001482,0.001600,0.001751,0.000926,0.000014,-0.000714,-0.001282,-0.000951,0.000140,0.000927,0.001197,0.001002,0.000006,-0.001012,-0.001322,-0.000769,0.000037,0.000420,0.000212,-0.000565,-0.001458,-0.001675,-0.001079,-0.000364,0.000060,0.000266,0.000205,-0.000080,-0.000186,-0.000081,0.000065,0.000139,0.000241,0.000283,0.000158,0.000049,-0.000003,-0.000037,-0.000019,0.000019,0.000037,0.000042,0.000054,0.000127,0.000308,0.000512,0.000414,0.000105,0.000212,0.000757,0.000909,0.000289,-0.000067,0.000754,0.001770,0.001310,-0.000579,-0.001856,-0.001863,-0.001755,-0.001806,-0.001702,-0.001344,-0.000596,0.000299,0.000751,0.000457,-0.000280,-0.000534,-0.000116,0.000348,0.000441,0.000289,0.000175,0.000143,0.000146,0.000192,-0.000009,-0.000777,-0.001593,-0.002096,-0.002117,-0.001469,-0.000408,0.000161,0.000004,-0.000127,-0.000025,-0.000048,-0.000223,-0.000269,-0.000162,0.000012,0.000100,0.000062,-0.000047,-0.000042,0.000005,-0.000038,-0.000083,-0.000053,0.000018,0.000007,-0.000037,0.000033,-0.000016,-0.000004,0.000037,0.000019,-0.000008,0.000049,-0.000003,-0.000164,-0.000186,-0.000179,-0.000114,-0.000003,-0.000024,-0.000090,-0.000030,-0.000048,-0.000128,-0.000167,-0.000155,-0.000042,0.000089,0.000150,0.000084,0.000079,0.000121,
-0.012615,-0.010975,-0.007460,-0.000297,0.005374,0.005874,0.001691,-0.001606,-0.001721,-0.000558,0.000794,0.001588,0.001288,0.000519,-0.000095,-0.000326,0.000204,0.001136,0.001685,0.001705,0.001489,0.001207,0.000649,-0.000322,-0.001389,-0.001690,-0.001034,-0.000059,0.000639,0.000725,0.000480,0.000087,-0.000314,-0.000233,0.000078,0.000418,0.000616,0.000539,0.000011,-0.000982,-0.001386,-0.000839,-0.000164,0.000185,0.000221,0.000056,-0.000251,-0.000426,-0.000656,-0.000961,-0.001014,-0.000824,-0.000585,-0.000389,-0.000112,0.000036,0.000080,0.000174,0.000124,-0.000383,-0.001056,-0.001423,-0.001288,-0.000210,0.001140,0.001592,0.001189,0.000516,-0.000195,-0.000777,-0.001066,-0.001081,-0.000724,-0.000114,0.000373,0.000437,0.000127,-0.000184,-0.000158,-0.000020,0.000064,0.000140,0.000211,0.000379,0.000881,0.001453,0.001316,0.000286,-0.000699,-0.000859,-0.000633,-0.000489,-0.000360,-0.000172,0.000048,0.000263,0.000361,0.000327,0.000205,0.000099,0.000081,0.000024,-0.000071,-0.000124,-0.000089,-0.000068,-0.000065,-0.000041,-0.000013,-0.000075,-0.000147,-0.000114,-0.000046,0.000024,0.000058,0.000054,-0.000048,-0.000169,-0.000170,-0.000145,-0.000078,-0.000089,-0.000185,-0.000133,0.000044,0.000096,0.000057,0.000123,0.000159,0.000060,-0.000057,-0.000081,-0.000092,-0.000093,0.000018,0.000068,0.000066,0.000165,0.015123,0.009901,0.009707,0.008952,0.007150,0.005099,0.003466,0.002366,0.001576,0.001772,0.001904,0.000834,-0.000157,-0.000841,-0.001476,-0.001258,-0.000104,0.000896,0.001221,0.000890,-0.000122,-0.001126,-0.001358,-0.000848,-0.000048,0.000385,0.000105,-0.000576,-0.001373,-0.001684,-0.001296,-0.000942,-0.000715,-0.000290,0.000052,0.000154,0.000187,0.000302,0.000499,0.000449,0.000328,0.000342,0.000200,0.000075,0.000002,-0.000071,-0.000022,0.000002,-0.000086,-0.000159,-0.000123,0.000022,0.000255,0.000552,0.000559,0.000169,0.000151,0.000748,0.000925,0.000190,-0.000210,0.000826,0.001973,0.001703,0.000227,-0.001096,-0.001347,-0.001388,-0.001651,-0.001670,-0.001295,-0.000513,0.000510,0.000979,0.000580,-0.000149,-0.000495,-0.000123,0.000273,0.000328,0.000225,0.000050,-0.000058,-0.000050,0.000079,-0.000069,-0.000686,-0.001590,-0.002189,-0.002221,-0.001655,-0.000625,0.000128,0.000216,0.000063,0.000089,0.000044,-0.000146,-0.000239,-0.000132,0.000120,0.000328,0.000260,0.000005,-0.000067,-0.000100,-0.000130,-0.000065,-0.000028,-0.000004,-0.000018,-0.000060,-0.000107,-0.000094,-0.000003,0.000012,-0.000026,-0.000058,-0.000052,-0.000015,-0.000149,-0.000247,-0.000274,-0.000286,-0.000200,-0.000123,-0.000026,0.000082,0.000126,0.000098,0.000006,-0.000091,-0.000062,0.000114,0.000161,0.000093,0.000082,0.000102,
-0.012401,-0.010737,-0.007213,-0.000000,0.005643,0.006104,0.001932,-0.001336,-0.001599,-0.000490,0.000794,0.001543,0.001304,0.000607,0.000020,-0.000287,0.000289,0.001199,0.001614,0.001752,0.001625,0.001184,0.000568,-0.000408,-0.001449,-0.001756,-0.001107,0.000040,0.000810,0.000796,0.000444,0.000061,-0.000202,-0.000094,0.000305,0.000729,0.000936,0.000810,0.000083,-0.001001,-0.001373,-0.000928,-0.000130,0.000459,0.000530,0.000153,-0.000213,-0.000336,-0.000518,-0.000819,-0.000953,-0.000797,-0.000542,-0.000251,0.000028,0.000136,0.000012,0.000014,0.000048,-0.000338,-0.000820,-0.001022,-0.000849,-0.000038,0.001171,0.001827,0.001525,0.000740,-0.000177,-0.000826,-0.001180,-0.001449,-0.001377,-0.000694,-0.000026,0.000191,0.000120,0.000123,0.000255,0.000219,0.000181,0.000194,0.000167,0.000432,0.001076,0.001679,0.001437,0.000256,-0.000824,-0.001123,-0.000951,-0.000664,-0.000373,-0.000049,0.000211,0.000295,0.000431,0.000433,0.000079,-0.000015,0.000117,0.000053,-0.000084,-0.000109,-0.000070,-0.000130,-0.000088,0.000031,0.000026,-0.000065,-0.000169,-0.000147,-0.000135,-0.000154,-0.000068,0.000051,0.000006,-0.000101,-0.000030,-0.000046,-0.000163,-0.000198,-0.000096,0.000054,0.000183,0.000253,0.000302,0.000258,0.000132,0.000099,-0.000034,-0.000217,-0.000209,-0.000173,-0.000119,0.000021,0.000174,0.000248,0.015125,0.009823,0.009631,0.008895,0.007163,0.005124,0.003467,0.002375,0.001575,0.001627,0.001710,0.000952,0.000073,-0.000763,-0.001439,-0.001164,-0.000031,0.000883,0.001192,0.000876,-0.000038,-0.000975,-0.001353,-0.000835,0.000004,0.000407,0.000263,-0.000344,-0.001174,-0.001510,-0.001257,-0.001002,-0.000580,-0.000063,0.000170,0.000204,0.000289,0.000304,0.000256,0.000142,0.000167,0.000238,0.000120,0.000004,-0.000200,-0.000312,-0.000253,-0.000080,-0.000057,-0.000126,-0.000025,0.000127,0.000343,0.000507,0.000407,0.000122,0.000107,0.000561,0.000831,0.000365,0.000070,0.000847,0.001628,0.001140,-0.000381,-0.001629,-0.001839,-0.001745,-0.001827,-0.001795,-0.001449,-0.000741,0.000255,0.001026,0.000721,-0.000174,-0.000501,-0.000154,0.000243,0.000335,0.000104,-0.000089,-0.000041,0.000044,0.000057,-0.000139,-0.000671,-0.001418,-0.002068,-0.002204,-0.001553,-0.000384,0.000259,0.000232,0.000199,0.000307,0.000225,-0.000134,-0.000333,-0.000208,0.000091,0.000177,0.000069,0.000056,0.000062,0.000033,0.000024,-0.000061,-0.000183,-0.000096,-0.000036,-0.000084,-0.000014,0.000077,0.000006,-0.000103,-0.000003,0.000005,-0.000038,-0.000141,-0.000238,-0.000081,0.000072,-0.000012,-0.000183,-0.000193,-0.000105,-0.000036,-0.000026,-0.000107,-0.000096,-0.000061,-0.000069,0.000011,0.000053,0.000028,0.000108,0.000167,
-0.011940,-0.010471,-0.006969,0.000202,0.005682,0.005998,0.001944,-0.001283,-0.001549,-0.000341,0.001089,0.001797,0.001376,0.000490,-0.000131,-0.000425,0.000168,0.001154,0.001612,0.001686,0.001426,0.001011,0.000646,-0.000293,-0.001395,-0.001597,-0.000962,0.000050,0.000803,0.000944,0.000642,0.000164,-0.000164,-0.000049,0.000323,0.000716,0.000934,0.000819,0.000096,-0.001010,-0.001434,-0.000871,-0.000043,0.000457,0.000470,0.000155,-0.000082,-0.000138,-0.000430,-0.000840,-0.000976,-0.000810,-0.000615,-0.000346,-0.000045,0.000106,0.000117,0.000096,0.000012,-0.000463,-0.001071,-0.001355,-0.001165,-0.000141,0.001092,0.001638,0.001366,0.000675,-0.000251,-0.000976,-0.001173,-0.001319,-0.001086,-0.000475,-0.000045,0.000105,0.000104,0.000145,0.000115,0.000088,0.000094,0.000075,0.000170,0.000451,0.001026,0.001666,0.001439,0.000177,-0.000926,-0.001166,-0.000896,-0.000654,-0.000364,-0.000033,0.000256,0.000479,0.000494,0.000366,0.000176,-0.000026,-0.000097,-0.000088,-0.000039,0.000012,-0.000001,-0.000068,-0.000059,0.000020,-0.000036,-0.000188,-0.000158,-0.000096,-0.000092,-0.000109,-0.000068,0.000003,-0.000032,-0.000121,-0.000078,0.000004,0.000019,0.000012,0.000011,-0.000022,0.000102,0.000287,0.000292,0.000219,0.000091,-0.000037,-0.000086,-0.000086,-0.000102,-0.000166,-0.000132,0.000044,0.000202,0.000185,0.015523,0.010201,0.009871,0.008985,0.007083,0.004843,0.003318,0.002443,0.001683,0.001725,0.001773,0.000949,0.000006,-0.000759,-0.001271,-0.000995,0.000061,0.000848,0.001085,0.000760,-0.000185,-0.001062,-0.001291,-0.000772,0.000012,0.000476,0.000372,-0.000257,-0.001081,-0.001536,-0.001422,-0.001169,-0.000916,-0.000491,-0.000076,0.000144,0.000241,0.000271,0.000294,0.000283,0.000262,0.000222,0.000129,0.000040,-0.000129,-0.000262,-0.000302,-0.000164,-0.000041,-0.000007,0.000019,0.000059,0.000230,0.000418,0.000302,0.000092,0.000231,0.000755,0.000846,0.000228,0.000105,0.001092,0.001930,0.001302,-0.000442,-0.001653,-0.001784,-0.001687,-0.001642,-0.001434,-0.001114,-0.000661,0.000144,0.000723,0.000530,-0.000025,-0.000283,-0.000005,0.000355,0.000464,0.000279,-0.000011,-0.000108,0.000002,0.000050,-0.000168,-0.000710,-0.001476,-0.002067,-0.002202,-0.001598,-0.000545,0.000075,0.000047,-0.000082,-0.000029,-0.000050,-0.000188,-0.000236,-0.000099,0.000010,0.000081,0.000033,-0.000008,0.000019,-0.000085,-0.000178,-0.000106,-0.000011,0.000087,0.000029,-0.000106,-0.000101,-0.000048,-0.000014,-0.000042,-0.000088,-0.000078,-0.000100,-0.000205,-0.000207,-0.000144,-0.000074,-0.000036,-0.000104,-0.000155,-0.000163,-0.000180,-0.000115,-0.000082,-0.000155,-0.000185,-0.000141,0.000097,0.000272,0.000179,0.000088,0.000122,
-0.012208,-0.010614,-0.007247,-0.000199,0.005389,0.005859,0.001870,-0.001394,-0.001749,-0.000606,0.000960,0.001805,0.001367,0.000509,-0.000191,-0.000497,0.000123,0.001045,0.001500,0.001674,0.001546,0.001065,0.000530,-0.000321,-0.001371,-0.001724,-0.001060,0.000042,0.000851,0.000951,0.000629,0.000177,-0.000316,-0.000278,0.000252,0.000732,0.000939,0.000786,0.000090,-0.000983,-0.001468,-0.000935,-0.000131,0.000350,0.000452,0.000145,-0.000205,-0.000380,-0.000539,-0.000719,-0.000783,-0.000654,-0.000516,-0.000330,-0.000067,0.000113,-0.000002,-0.000110,-0.000150,-0.000581,-0.001248,-0.001647,-0.001397,0.000006,0.001609,0.002039,0.001412,0.000546,-0.000283,-0.000965,-0.001077,-0.000936,-0.000764,-0.000281,0.000077,0.000091,0.000051,0.000079,0.000199,0.000174,0.000162,0.000254,0.000338,0.000544,0.001101,0.001729,0.001428,0.000195,-0.000861,-0.001110,-0.000777,-0.000454,-0.000196,0.000037,0.000129,0.000278,0.000493,0.000423,0.000137,-0.000010,0.000033,0.000065,-0.000056,-0.000082,-0.000107,-0.000163,-0.000109,-0.000039,-0.000049,-0.000106,-0.000110,-0.000076,-0.000020,0.000080,0.000120,0.000066,0.000003,-0.000078,-0.000052,0.000043,0.000011,-0.000064,-0.000128,-0.000222,-0.000177,0.000115,0.000355,0.000275,0.000138,0.000016,-0.000026,-0.000063,-0.000172,-0.000203,-0.000134,-0.000054,0.000004,0.000063,0.015161,0.009940,0.009658,0.008917,0.007099,0.004978,0.003384,0.002376,0.001744,0.001869,0.001858,0.001005,0.000124,-0.000641,-0.001227,-0.001013,-0.000015,0.000819,0.001125,0.000893,0.000026,-0.000891,-0.001254,-0.000838,-0.000021,0.000398,0.000221,-0.000332,-0.001011,-0.001484,-0.001548,-0.001404,-0.001085,-0.000549,0.000019,0.000302,0.000352,0.000336,0.000365,0.000321,0.000241,0.000293,0.000237,0.000040,-0.000190,-0.000278,-0.000193,-0.000177,-0.000205,-0.000092,-0.000003,0.000039,0.000187,0.000381,0.000359,0.000092,0.000102,0.000554,0.000723,0.000107,-0.000342,0.000533,0.001605,0.001322,-0.000454,-0.002099,-0.002375,-0.002219,-0.002143,-0.001935,-0.001405,-0.000546,0.000380,0.000835,0.000454,-0.000254,-0.000424,-0.000120,0.000164,0.000299,0.000240,0.000036,-0.000044,0.000049,0.000124,-0.000063,-0.000681,-0.001544,-0.002057,-0.002001,-0.001460,-0.000456,0.000256,0.000290,0.000175,0.000111,0.000028,-0.000098,-0.000055,0.000051,0.000054,0.000013,0.000021,0.000056,0.000027,-0.000055,-0.000095,-0.000144,-0.000126,0.000082,0.000102,-0.000143,-0.000178,-0.000013,0.000061,0.000009,-0.000013,-0.000042,-0.000157,-0.000166,-0.000033,-0.000015,-0.000098,-0.000089,-0.000071,-0.000115,-0.000114,-0.000097,-0.000005,-0.000016,-0.000126,-0.000129,-0.000042,0.000075,0.000110,0.000016,0.000075,0.000028,
-0.012282,-0.010555,-0.007158,0.000051,0.005764,0.006037,0.001744,-0.001371,-0.001592,-0.000527,0.000837,0.001510,0.001075,0.000313,-0.000309,-0.000557,0.000184,0.001259,0.001609,0.001605,0.001412,0.000988,0.000544,-0.000264,-0.001271,-0.001685,-0.001156,-0.000141,0.000671,0.000853,0.000573,0.000196,-0.000237,-0.000323,-0.000048,0.000328,0.000569,0.000601,0.000136,-0.000832,-0.001292,-0.000794,-0.000038,0.000298,0.000277,0.000084,-0.000047,-0.000133,-0.000382,-0.000739,-0.000945,-0.000757,-0.000442,-0.000179,0.000190,0.000228,-0.000101,-0.000237,-0.000102,-0.000138,-0.000405,-0.000563,-0.000500,0.000230,0.001445,0.001889,0.001472,0.000877,0.000118,-0.000597,-0.000870,-0.000981,-0.000777,-0.000291,0.000214,0.000365,0.000207,0.000143,0.000065,0.000075,0.000198,0.000193,0.000120,0.000397,0.001088,0.001740,0.001584,0.000325,-0.000899,-0.001200,-0.000975,-0.000819,-0.000513,-0.000029,0.000187,0.000316,0.000494,0.000492,0.000107,-0.000197,-0.000155,-0.000017,0.000024,0.000021,-0.000029,-0.000154,-0.000148,-0.000071,-0.000111,-0.000091,-0.000015,0.000099,0.000033,-0.000051,0.000031,0.000143,0.000054,-0.000048,-0.000131,-0.000142,-0.000168,-0.000216,-0.000251,-0.000113,0.000087,0.000147,0.000166,0.000050,-0.000096,-0.000115,-0.000039,0.000049,0.000070,0.000031,-0.000047,-0.000035,0.000109,0.000217,0.015374,0.010211,0.009782,0.008920,0.007177,0.005052,0.003362,0.002236,0.001590,0.001860,0.001887,0.000906,0.000051,-0.000624,-0.001337,-0.001132,0.000050,0.001052,0.001378,0.000962,-0.000144,-0.001135,-0.001340,-0.000787,0.000043,0.000551,0.000286,-0.000517,-0.001315,-0.001594,-0.001285,-0.000989,-0.000691,-0.000273,0.000106,0.000289,0.000301,0.000155,0.000155,0.000255,0.000445,0.000505,0.000287,0.000127,-0.000070,-0.000266,-0.000197,0.000025,0.000018,-0.000026,-0.000031,-0.000096,0.000092,0.000309,0.000315,0.000189,0.000288,0.000647,0.000642,0.000058,-0.000166,0.000697,0.001467,0.001056,-0.000163,-0.001134,-0.001378,-0.001482,-0.001573,-0.001530,-0.001273,-0.000655,0.000253,0.000741,0.000337,-0.000224,-0.000426,-0.000217,0.000067,0.000318,0.000361,0.000156,0.000085,0.000155,0.000046,-0.000165,-0.000702,-0.001574,-0.002184,-0.002220,-0.001618,-0.000493,0.000176,0.000132,-0.000059,-0.000094,-0.000084,-0.000096,-0.000174,-0.000082,0.000076,0.000058,0.000004,0.000027,0.000052,0.000038,-0.000080,-0.000200,-0.000177,0.000059,0.000087,0.000007,0.000061,0.000037,0.000035,-0.000030,-0.000092,0.000001,0.000009,-0.000031,-0.000091,-0.000157,-0.000174,-0.000130,-0.000111,-0.000185,-0.000201,-0.000139,-0.000178,-0.000310,-0.000392,-0.000273,-0.000021,0.000130,0.000168,0.000091,0.000000,0.000001,
-0.011971,-0.010266,-0.007072,-0.000009,0.005656,0.006045,0.001890,-0.001354,-0.001610,-0.000476,0.000935,0.001789,0.001407,0.000529,-0.000091,-0.000398,0.000031,0.001058,0.001607,0.001608,0.001515,0.001169,0.000492,-0.000443,-0.001372,-0.001747,-0.001190,-0.000147,0.000577,0.000775,0.000567,0.000081,-0.000242,-0.000104,0.000194,0.000417,0.000520,0.000402,-0.000032,-0.000904,-0.001318,-0.000758,-0.000051,0.000243,0.000378,0.000158,-0.000230,-0.000354,-0.000435,-0.000703,-0.000892,-0.000820,-0.000788,-0.000506,-0.000052,0.000146,0.000093,0.000035,0.000026,-0.000322,-0.001050,-0.001410,-0.000956,0.000214,0.001327,0.001642,0.001191,0.000562,-0.000071,-0.000713,-0.001000,-0.001119,-0.000917,-0.000177,0.000375,0.000438,0.000221,0.000065,0.000092,0.000094,0.000122,0.000249,0.000370,0.000625,0.001047,0.001532,0.001426,0.000324,-0.000776,-0.001058,-0.000965,-0.000810,-0.000527,-0.000249,0.000037,0.000317,0.000434,0.000345,0.000175,-0.000040,-0.000054,0.000078,0.000003,-0.000012,0.000062,0.000011,-0.000037,0.000067,0.000049,-0.000133,-0.000163,-0.000053,0.000076,0.000107,0.000007,-0.000082,-0.000089,-0.000068,0.000035,0.000028,-0.000100,-0.000108,-0.000043,-0.000025,0.000086,0.000203,0.000173,0.000069,-0.000040,-0.000132,-0.000085,-0.000054,-0.000168,-0.000205,-0.000116,0.000017,0.000181,0.000271,0.015575,0.010377,0.010003,0.009064,0.007167,0.004981,0.003317,0.002279,0.001561,0.001623,0.001742,0.000919,-0.000039,-0.000800,-0.001401,-0.001162,-0.000103,0.000782,0.001101,0.000735,-0.000238,-0.001132,-0.001321,-0.000701,0.000045,0.000450,0.000255,-0.000520,-0.001413,-0.001671,-0.001219,-0.000915,-0.000657,-0.000228,-0.000063,-0.000093,0.000018,0.000077,0.000171,0.000245,0.000207,0.000201,0.000219,0.000179,-0.000033,-0.000220,-0.000238,-0.000172,-0.000090,-0.000040,0.000004,0.000055,0.000209,0.000453,0.000447,0.000152,0.000290,0.000903,0.000873,0.000197,0.000126,0.001150,0.002017,0.001297,-0.000638,-0.001964,-0.001910,-0.001680,-0.001812,-0.001741,-0.001405,-0.000697,0.000196,0.000645,0.000376,-0.000198,-0.000524,-0.000320,0.000063,0.000210,0.000237,0.000185,0.000112,0.000180,0.000260,-0.000015,-0.000663,-0.001412,-0.002105,-0.002300,-0.001520,-0.000375,0.000211,0.000193,0.000055,0.000038,-0.000022,-0.000247,-0.000271,-0.000080,-0.000044,0.000052,0.000096,-0.000056,-0.000113,-0.000131,-0.000121,-0.000142,-0.000100,0.000009,-0.000024,-0.000112,-0.000130,-0.000100,-0.000147,-0.000167,-0.000027,-0.000010,-0.000058,-0.000024,-0.000030,-0.000041,-0.000060,-0.000064,-0.000037,-0.000127,-0.000113,0.000012,-0.000045,-0.000102,-0.000066,0.000018,0.000039,0.000018,0.000006,-0.000042,-0.000001,0.000085,
-0.012493,-0.010580,-0.007340,-0.000217,0.005507,0.005891,0.001801,-0.001353,-0.001606,-0.000541,0.000753,0.001580,0.001265,0.000413,-0.000180,-0.000436,0.000125,0.001030,0.001479,0.001666,0.001592,0.001191,0.000525,-0.000439,-0.001387,-0.001719,-0.001099,0.000030,0.000738,0.000784,0.000514,0.000048,-0.000344,-0.000218,0.000219,0.000435,0.000414,0.000264,-0.000218,-0.001090,-0.001462,-0.000826,0.000051,0.000325,0.000159,-0.000035,-0.000243,-0.000409,-0.000592,-0.000924,-0.001095,-0.000937,-0.000665,-0.000307,0.000046,0.000122,-0.000070,-0.000049,0.000070,-0.000314,-0.000994,-0.001390,-0.001114,0.000170,0.001680,0.002095,0.001551,0.000783,-0.000009,-0.000569,-0.000793,-0.000868,-0.000713,-0.000163,0.000382,0.000459,0.000169,-0.000017,-0.000037,-0.000050,0.000052,0.000211,0.000266,0.000453,0.000946,0.001535,0.001551,0.000460,-0.000787,-0.001086,-0.000742,-0.000535,-0.000335,0.000005,0.000200,0.000330,0.000453,0.000437,0.000211,0.000038,0.000058,0.000066,0.000089,0.000066,-0.000045,-0.000090,-0.000061,0.000011,0.000092,0.000016,-0.000176,-0.000193,-0.000069,-0.000023,0.000019,0.000005,-0.000057,-0.000040,0.000010,-0.000031,-0.000119,-0.000144,-0.000055,0.000065,0.000138,0.000196,0.000261,0.000191,-0.000019,-0.000137,-0.000113,-0.000099,-0.000061,-0.000025,-0.000032,0.000080,0.000146,0.000106,0.015141,0.009980,0.009636,0.009002,0.007418,0.005243,0.003426,0.002313,0.001634,0.001760,0.001807,0.000952,0.000036,-0.000671,-0.001285,-0.001002,0.000172,0.001086,0.001238,0.000851,-0.000031,-0.000980,-0.001363,-0.000894,-0.000023,0.000451,0.000248,-0.000470,-0.001288,-0.001422,-0.000871,-0.000288,0.000140,0.000313,0.000084,-0.000114,-0.000084,-0.000024,0.000150,0.000219,0.000232,0.000243,0.000031,-0.000081,-0.000103,-0.000134,0.000033,0.000112,0.000012,-0.000026,0.000051,0.000060,0.000125,0.000346,0.000464,0.000301,0.000362,0.000791,0.000739,0.000066,-0.000189,0.000717,0.001888,0.001666,-0.000043,-0.001391,-0.001573,-0.001557,-0.001617,-0.001585,-0.001403,-0.000658,0.000338,0.000772,0.000381,-0.000273,-0.000538,-0.000164,0.000420,0.000497,0.000227,0.000064,0.000037,0.000157,0.000156,-0.000159,-0.000737,-0.001513,-0.002118,-0.002239,-0.001688,-0.000572,0.000211,0.000260,0.000118,0.000118,0.000023,-0.000118,-0.000229,-0.000212,-0.000075,0.000013,0.000065,0.000029,-0.000033,-0.000098,-0.000092,-0.000031,0.000058,0.000083,0.000027,-0.000106,-0.000222,-0.000115,-0.000037,-0.000086,-0.000169,-0.000141,-0.000020,0.000004,0.000063,0.000091,0.000036,0.000021,-0.000017,-0.000095,-0.000136,-0.000067,0.000009,-0.000080,-0.000215,-0.000256,-0.000176,-0.000019,0.000000,-0.000111,0.000043,0.000206,
-0.011947,-0.010073,-0.006805,0.000187,0.005857,0.006208,0.001864,-0.001433,-0.001702,-0.000587,0.000845,0.001636,0.001274,0.000428,-0.000226,-0.000468,0.000017,0.001042,0.001643,0.001761,0.001589,0.001068,0.000452,-0.000381,-0.001370,-0.001748,-0.001051,0.000069,0.000687,0.000738,0.000507,0.000182,-0.000098,-0.000078,0.000245,0.000586,0.000704,0.000594,0.000092,-0.000805,-0.001274,-0.000960,-0.000190,0.000340,0.000380,0.000137,-0.000158,-0.000247,-0.000421,-0.000843,-0.001143,-0.001005,-0.000583,-0.000300,-0.000027,0.000183,0.000121,0.000042,-0.000018,-0.000434,-0.000999,-0.001279,-0.001197,-0.000298,0.001032,0.001552,0.001140,0.000565,-0.000133,-0.000834,-0.001179,-0.001318,-0.001074,-0.000338,0.000221,0.000312,0.000146,0.000041,0.000037,0.000116,0.000267,0.000291,0.000303,0.000479,0.000897,0.001436,0.001399,0.000253,-0.000877,-0.001029,-0.000794,-0.000592,-0.000366,-0.000035,0.000274,0.000420,0.000394,0.000322,0.000112,-0.000141,-0.000123,0.000022,0.000095,0.000081,-0.000045,-0.000141,-0.000038,0.000121,0.000103,-0.000018,-0.000057,-0.000116,-0.000228,-0.000119,0.000028,-0.000037,-0.000085,-0.000053,0.000059,0.000040,-0.000088,-0.000120,-0.000170,-0.000154,-0.000061,0.000088,0.000151,0.000079,0.000029,0.000031,0.000039,-0.000032,-0.000109,-0.000207,-0.000199,0.000006,0.000067,0.000028,0.015609,0.010493,0.010078,0.009220,0.007460,0.005262,0.003509,0.002427,0.001694,0.001751,0.001794,0.000946,-0.000004,-0.000801,-0.001374,-0.001053,0.000013,0.000778,0.001032,0.000847,-0.000030,-0.000984,-0.001327,-0.000823,-0.000044,0.000262,0.000085,-0.000476,-0.001251,-0.001562,-0.001284,-0.000875,-0.000498,-0.000105,0.000151,0.000213,0.000329,0.000446,0.000397,0.000294,0.000283,0.000228,0.000150,0.000111,-0.000007,-0.000133,-0.000120,-0.000077,-0.000047,0.000032,0.000071,0.000055,0.000211,0.000374,0.000290,0.000093,0.000184,0.000730,0.000852,0.000141,-0.000179,0.000742,0.001805,0.001545,0.000051,-0.001289,-0.001653,-0.001617,-0.001669,-0.001655,-0.001379,-0.000702,0.000469,0.001089,0.000609,-0.000145,-0.000453,-0.000175,0.000210,0.000351,0.000248,0.000053,0.000057,0.000170,0.000186,-0.000166,-0.000879,-0.001550,-0.002050,-0.002149,-0.001627,-0.000625,0.000052,0.000049,-0.000077,-0.000011,-0.000012,-0.000190,-0.000223,-0.000089,0.000106,0.000159,0.000076,0.000127,0.000119,0.000041,-0.000006,-0.000014,0.000039,-0.000026,-0.000032,-0.000062,-0.000125,0.000023,0.000040,-0.000117,-0.000095,-0.000010,-0.000065,-0.000029,-0.000031,-0.000160,-0.000207,-0.000154,-0.000086,-0.000131,-0.000194,-0.000096,0.000013,0.000000,-0.000037,-0.000089,-0.000034,0.000059,0.000032,-0.000022,-0.000032,0.000017,
-0.011813,-0.009997,-0.006598,0.000352,0.006019,0.006387,0.001917,-0.001487,-0.001706,-0.000592,0.000853,0.001668,0.001228,0.000336,-0.000279,-0.000528,0.000059,0.001099,0.001667,0.001740,0.001599,0.001112,0.000486,-0.000304,-0.001250,-0.001656,-0.001076,-0.000019,0.000692,0.000731,0.000357,-0.000021,-0.000322,-0.000295,0.000188,0.000609,0.000748,0.000723,0.000230,-0.000762,-0.001283,-0.000799,-0.000044,0.000288,0.000262,0.000043,-0.000232,-0.000348,-0.000504,-0.000855,-0.001044,-0.000865,-0.000522,-0.000260,-0.000012,0.000182,0.000115,0.000045,0.000097,-0.000222,-0.000835,-0.001031,-0.000663,0.000331,0.001472,0.001815,0.001351,0.000591,-0.000180,-0.000756,-0.001143,-0.001449,-0.001251,-0.000537,0.000096,0.000316,0.000223,0.000142,0.000128,0.000219,0.000266,0.000126,0.000135,0.000463,0.001027,0.001624,0.001460,0.000218,-0.000932,-0.001181,-0.001011,-0.000830,-0.000502,-0.000146,0.000054,0.000196,0.000275,0.000266,0.000080,0.000031,0.000083,-0.000022,-0.000083,-0.000036,-0.000087,-0.000265,-0.000301,-0.000169,0.000005,0.000043,-0.000074,-0.000044,0.000022,-0.000060,-0.000131,-0.000066,-0.000107,-0.000211,-0.000173,-0.000119,-0.000194,-0.000195,-0.000105,-0.000024,0.000052,0.000133,0.000065,0.000066,0.000064,-0.000066,-0.000098,-0.000073,-0.000123,-0.000155,-0.000046,0.000066,0.000119,0.000068,0.015831,0.010497,0.010018,0.009132,0.007278,0.005032,0.003344,0.002378,0.001736,0.001825,0.001829,0.000891,-0.000001,-0.000682,-0.001367,-0.001084,0.000168,0.000931,0.001118,0.000718,-0.000277,-0.001130,-0.001247,-0.000679,-0.000005,0.000445,0.000418,-0.000144,-0.001048,-0.001493,-0.001304,-0.001202,-0.001061,-0.000634,-0.000144,0.000137,0.000242,0.000258,0.000303,0.000334,0.000336,0.000349,0.000228,0.000072,-0.000151,-0.000294,-0.000204,-0.000027,-0.000048,0.000068,0.000197,0.000115,0.000276,0.000507,0.000405,0.000138,0.000222,0.000687,0.000740,0.000145,0.000065,0.001011,0.001771,0.001105,-0.000600,-0.001733,-0.001759,-0.001682,-0.001809,-0.001768,-0.001474,-0.000813,0.000188,0.000792,0.000627,0.000047,-0.000296,-0.000119,0.000146,0.000269,0.000249,0.000203,0.000235,0.000324,0.000297,-0.000004,-0.000628,-0.001472,-0.002124,-0.002139,-0.001529,-0.000541,0.000100,0.000185,0.000039,0.000008,-0.000044,-0.000229,-0.000212,-0.000052,0.000135,0.000272,0.000180,0.000046,-0.000032,-0.000204,-0.000229,-0.000022,0.000093,0.000138,0.000088,-0.000116,-0.000141,-0.000066,-0.000119,-0.000118,-0.000045,-0.000111,-0.000128,0.000005,0.000023,-0.000027,-0.000061,-0.000042,-0.000003,-0.000118,-0.000193,-0.000136,0.000007,0.000040,-0.000110,-0.000117,-0.000012,0.000093,0.000172,0.000045,0.000004,0.000075,
-0.011582,-0.009721,-0.006500,0.000510,0.006263,0.006631,0.002217,-0.001234,-0.001487,-0.000318,0.001038,0.001693,0.001233,0.000433,-0.000135,-0.000436,0.000086,0.001064,0.001678,0.001829,0.001659,0.001128,0.000379,-0.000509,-0.001418,-0.001650,-0.001023,0.000056,0.000912,0.001068,0.000672,0.000044,-0.000470,-0.000549,-0.000077,0.000547,0.000903,0.000820,0.000110,-0.000885,-0.001374,-0.000972,-0.000132,0.000379,0.000445,0.000110,-0.000315,-0.000472,-0.000652,-0.000866,-0.000900,-0.000846,-0.000708,-0.000344,0.000013,0.000121,0.000048,0.000049,0.000124,-0.000304,-0.001031,-0.001504,-0.001283,-0.000089,0.001287,0.001492,0.000881,0.000289,-0.000440,-0.001188,-0.001388,-0.001181,-0.000866,-0.000332,0.000227,0.000257,-0.000025,-0.000085,0.000037,0.000174,0.000261,0.000257,0.000161,0.000315,0.000907,0.001557,0.001322,0.000005,-0.001101,-0.001244,-0.000950,-0.000647,-0.000306,0.000067,0.000338,0.000365,0.000393,0.000229,-0.000023,0.000020,0.000106,0.000041,-0.000072,-0.000066,0.000026,0.000027,0.000033,0.000134,0.000185,-0.000050,-0.000259,-0.000221,-0.000309,-0.000202,0.000084,0.000235,0.000161,0.000013,-0.000130,-0.000164,-0.000143,-0.000123,-0.000131,0.000008,0.000176,0.000341,0.000300,0.000105,0.000004,-0.000006,-0.000020,-0.000053,-0.000148,-0.000352,-0.000324,0.000037,0.000211,0.000113,0.016025,0.010780,0.010321,0.009297,0.007274,0.004940,0.003321,0.002392,0.001741,0.001855,0.001872,0.000904,-0.000096,-0.000914,-0.001417,-0.000907,0.000277,0.000975,0.001119,0.000793,-0.000157,-0.000983,-0.001249,-0.000747,0.000076,0.000420,0.000304,-0.000189,-0.000963,-0.001497,-0.001426,-0.001097,-0.000742,-0.000397,-0.000003,0.000250,0.000310,0.000278,0.000323,0.000340,0.000369,0.000304,0.000187,0.000100,-0.000064,-0.000100,-0.000037,-0.000059,-0.000176,-0.000274,-0.000242,-0.000112,0.000226,0.000568,0.000485,0.000168,0.000301,0.000810,0.000807,0.000233,0.000067,0.001007,0.001941,0.001402,-0.000419,-0.001883,-0.002021,-0.001780,-0.001724,-0.001615,-0.001252,-0.000665,-0.000000,0.000439,0.000349,-0.000048,-0.000278,-0.000203,0.000014,0.000187,0.000196,0.000097,0.000134,0.000085,-0.000023,-0.000289,-0.000877,-0.001430,-0.001891,-0.002017,-0.001500,-0.000495,0.000119,0.000107,0.000078,0.000158,0.000159,-0.000038,-0.000190,-0.000049,0.000157,0.000211,0.000154,0.000051,-0.000030,-0.000109,-0.000099,-0.000119,-0.000157,0.000028,0.000107,0.000004,-0.000089,-0.000107,-0.000110,-0.000073,-0.000049,0.000017,0.000036,-0.000057,-0.000119,-0.000028,0.000038,0.000031,-0.000023,-0.000066,-0.000082,-0.000001,0.000019,-0.000119,-0.000248,-0.000125,0.000146,0.000270,0.000143,-0.000029,-0.000117,0.000003,
-0.012209,-0.010166,-0.006790,0.000298,0.006138,0.006537,0.002102,-0.001322,-0.001583,-0.000463,0.000964,0.001829,0.001513,0.000683,-0.000053,-0.000512,-0.000108,0.000957,0.001575,0.001543,0.001362,0.001096,0.000549,-0.000449,-0.001433,-0.001585,-0.000945,0.000105,0.000888,0.001007,0.000738,0.000220,-0.000232,-0.000216,0.000172,0.000579,0.000811,0.000759,0.000109,-0.000922,-0.001382,-0.000874,-0.000117,0.000311,0.000427,0.000177,-0.000206,-0.000449,-0.000628,-0.000820,-0.000907,-0.000763,-0.000619,-0.000319,0.000107,0.000254,0.000069,-0.000068,-0.000055,-0.000365,-0.000905,-0.001180,-0.001014,0.000103,0.001722,0.002402,0.001913,0.001014,0.000070,-0.000631,-0.000936,-0.000990,-0.000764,-0.000255,0.000117,0.000105,0.000016,0.000121,0.000147,0.000063,0.000061,0.000230,0.000393,0.000575,0.001153,0.001733,0.001561,0.000372,-0.000835,-0.001122,-0.000934,-0.000701,-0.000368,0.000022,0.000090,0.000149,0.000345,0.000359,0.000105,-0.000076,-0.000128,-0.000099,-0.000058,0.000027,0.000089,-0.000107,-0.000227,-0.000131,-0.000081,-0.000130,-0.000141,-0.000030,0.000081,0.000046,0.000045,0.000116,-0.000026,-0.000145,-0.000096,-0.000002,-0.000075,-0.000202,-0.000123,0.000009,0.000119,0.000161,0.000114,0.000060,-0.000012,-0.000022,-0.000014,-0.000022,-0.000036,-0.000118,-0.000075,0.000052,0.000212,0.000347,0.015798,0.010592,0.010187,0.009400,0.007599,0.005252,0.003472,0.002491,0.001804,0.001818,0.001771,0.000856,-0.000080,-0.000860,-0.001443,-0.001025,0.000144,0.000959,0.001178,0.000951,-0.000027,-0.001095,-0.001396,-0.000842,-0.000049,0.000392,0.000326,-0.000197,-0.000943,-0.001361,-0.001359,-0.001296,-0.001036,-0.000559,-0.000141,0.000126,0.000338,0.000565,0.000633,0.000387,0.000194,0.000231,0.000254,0.000179,-0.000071,-0.000266,-0.000230,-0.000116,-0.000083,-0.000111,-0.000041,0.000004,0.000122,0.000322,0.000277,0.000168,0.000325,0.000809,0.000851,0.000114,-0.000256,0.000489,0.001407,0.001148,-0.000374,-0.001732,-0.001974,-0.001927,-0.001993,-0.001881,-0.001482,-0.000689,0.000313,0.000797,0.000393,-0.000165,-0.000330,-0.000167,0.000191,0.000391,0.000255,0.000057,0.000017,0.000085,0.000094,-0.000232,-0.000905,-0.001676,-0.002129,-0.002072,-0.001455,-0.000334,0.000334,0.000374,0.000184,0.000039,-0.000016,-0.000153,-0.000193,-0.000134,-0.000084,0.000004,-0.000000,-0.000027,-0.000028,-0.000097,-0.000151,-0.000036,0.000150,0.000189,0.000028,-0.000194,-0.000282,-0.000265,-0.000158,-0.000015,0.000040,-0.000005,-0.000049,-0.000084,-0.000124,-0.000109,-0.000032,0.000055,-0.000022,-0.000114,-0.000089,-0.000022,-0.000022,-0.000049,-0.000080,-0.000148,-0.000111,0.000010,0.000078,0.000083,0.000088,0.000089,
-0.012215,-0.010014,-0.006747,0.000327,0.006178,0.006611,0.002121,-0.001391,-0.001690,-0.000503,0.001000,0.001754,0.001287,0.000484,-0.000177,-0.000586,-0.000094,0.001015,0.001593,0.001683,0.001572,0.001213,0.000581,-0.000443,-0.001438,-0.001742,-0.001144,-0.000045,0.000767,0.000863,0.000554,0.000227,-0.000114,-0.000175,0.000108,0.000479,0.000733,0.000620,0.000036,-0.000946,-0.001426,-0.000886,-0.000091,0.000272,0.000354,0.000196,-0.000039,-0.000143,-0.000314,-0.000671,-0.001003,-0.000966,-0.000763,-0.000467,-0.000057,0.000162,0.000080,0.000021,0.000141,-0.000103,-0.000692,-0.000949,-0.000669,0.000169,0.001050,0.001326,0.001040,0.000555,-0.000100,-0.000704,-0.000939,-0.000930,-0.000741,-0.000131,0.000353,0.000340,0.000116,-0.000062,-0.000075,0.000020,0.000143,0.000221,0.000308,0.000530,0.001168,0.001800,0.001482,0.000224,-0.000825,-0.001052,-0.000836,-0.000618,-0.000325,-0.000020,0.000093,0.000195,0.000398,0.000339,0.000047,-0.000024,0.000080,0.000006,-0.000195,-0.000160,-0.000000,-0.000136,-0.000249,-0.000096,0.000096,0.000045,-0.000035,0.000019,0.000036,-0.000028,-0.000089,-0.000088,-0.000103,-0.000204,-0.000164,-0.000062,-0.000125,-0.000201,-0.000114,0.000025,0.000087,0.000157,0.000159,0.000055,0.000080,0.000175,0.000128,-0.000051,-0.000144,-0.000138,-0.000039,0.000195,0.000344,0.000233,0.015908,0.010610,0.010157,0.009400,0.007652,0.005398,0.003510,0.002317,0.001578,0.001702,0.001778,0.000884,-0.000055,-0.000783,-0.001464,-0.001223,0.000032,0.001045,0.001242,0.000782,-0.000097,-0.000937,-0.001249,-0.000885,-0.000150,0.000359,0.000274,-0.000359,-0.001233,-0.001613,-0.001336,-0.000984,-0.000645,-0.000243,-0.000040,0.000007,0.000097,0.000217,0.000316,0.000270,0.000272,0.000295,0.000190,0.000086,-0.000085,-0.000238,-0.000100,-0.000003,-0.000096,-0.000059,0.000043,0.000103,0.000242,0.000458,0.000549,0.000311,0.000303,0.000718,0.000708,0.000164,0.000148,0.001183,0.001944,0.001246,-0.000508,-0.001726,-0.001821,-0.001753,-0.001802,-0.001685,-0.001265,-0.000530,0.000277,0.000603,0.000241,-0.000337,-0.000463,-0.000031,0.000440,0.000576,0.000356,0.000071,0.000060,0.000191,0.000244,-0.000014,-0.000718,-0.001581,-0.002212,-0.002298,-0.001660,-0.000518,0.000203,0.000230,0.000080,0.000061,-0.000012,-0.000212,-0.000225,-0.000052,0.000050,0.000114,0.000069,-0.000039,-0.000033,-0.000088,-0.000057,-0.000043,-0.000083,-0.000000,-0.000043,-0.000191,-0.000250,-0.000107,-0.000077,-0.000150,-0.000143,-0.000126,-0.000007,0.000063,-0.000010,-0.000024,0.000005,0.000020,-0.000045,-0.000116,-0.000088,-0.000060,-0.000105,-0.000174,-0.000182,-0.000080,0.000058,0.000034,-0.000039,0.000017,0.000049,0.000046,
-0.012110,-0.009821,-0.006472,0.000665,0.006490,0.006815,0.002158,-0.001344,-0.001530,-0.000373,0.000973,0.001754,0.001405,0.000578,-0.000171,-0.000653,-0.000176,0.000943,0.001628,0.001716,0.001541,0.001213,0.000650,-0.000294,-0.001388,-0.001657,-0.000959,0.000006,0.000698,0.000812,0.000370,-0.000169,-0.000409,-0.000188,0.000241,0.000472,0.000514,0.000333,-0.000265,-0.001137,-0.001470,-0.000859,-0.000037,0.000337,0.000355,0.000043,-0.000330,-0.000484,-0.000614,-0.000847,-0.001013,-0.000889,-0.000568,-0.000216,0.000165,0.000249,0.000051,-0.000070,-0.000142,-0.000486,-0.001152,-0.001555,-0.001178,0.000127,0.001554,0.001875,0.001309,0.000767,0.000182,-0.000446,-0.000866,-0.001032,-0.000778,-0.000062,0.000472,0.000436,0.000213,0.000073,0.000042,-0.000028,-0.000076,0.000027,0.000144,0.000346,0.000868,0.001536,0.001450,0.000246,-0.000792,-0.000928,-0.000788,-0.000622,-0.000345,-0.000107,0.000078,0.000258,0.000367,0.000383,0.000231,0.000074,-0.000020,-0.000083,-0.000095,-0.000064,-0.000067,-0.000145,-0.000118,-0.000036,-0.000040,-0.000134,-0.000160,-0.000083,-0.000075,0.000019,0.000132,-0.000027,-0.000105,0.000006,0.000058,0.000041,0.000017,-0.000075,-0.000096,-0.000016,-0.000039,0.000004,0.000116,0.000062,0.000049,0.000080,0.000028,-0.000055,-0.000102,-0.000081,0.000006,0.000082,0.000176,0.000170,0.016108,0.010732,0.010150,0.009390,0.007627,0.005315,0.003363,0.002299,0.001701,0.001698,0.001603,0.000742,-0.000127,-0.000840,-0.001301,-0.000915,0.000160,0.000943,0.001141,0.000855,-0.000083,-0.001088,-0.001377,-0.000779,0.000079,0.000385,0.000112,-0.000418,-0.001248,-0.001631,-0.001087,-0.000441,0.000041,0.000328,0.000267,0.000010,-0.000132,-0.000029,0.000086,0.000079,0.000193,0.000260,0.000135,-0.000006,-0.000152,-0.000166,-0.000002,0.000081,-0.000005,-0.000036,0.000015,0.000026,0.000243,0.000489,0.000353,0.000083,0.000260,0.000833,0.000868,0.000120,-0.000139,0.000886,0.001959,0.001488,-0.000346,-0.001683,-0.001742,-0.001701,-0.001906,-0.001807,-0.001302,-0.000589,0.000222,0.000738,0.000420,-0.000200,-0.000357,-0.000059,0.000294,0.000377,0.000269,0.000182,0.000140,0.000188,0.000148,-0.000130,-0.000753,-0.001575,-0.002136,-0.002128,-0.001411,-0.000379,0.000267,0.000357,0.000157,-0.000031,-0.000134,-0.000224,-0.000286,-0.000199,-0.000010,0.000118,0.000204,0.000135,-0.000007,-0.000137,-0.000218,-0.000145,-0.000059,-0.000084,-0.000116,-0.000093,-0.000127,-0.000088,0.000068,-0.000007,-0.000085,-0.000062,-0.000056,-0.000052,-0.000036,-0.000151,-0.000227,-0.000176,-0.000191,-0.000152,-0.000049,-0.000060,-0.000118,-0.000207,-0.000281,-0.000163,-0.000036,0.000063,-0.000008,-0.000092,-0.000036,0.000036,
-0.012129,-0.009926,-0.006554,0.000559,0.006427,0.006752,0.002215,-0.001327,-0.001565,-0.000322,0.001085,0.001806,0.001445,0.000585,-0.000083,-0.000519,-0.000177,0.000808,0.001486,0.001741,0.001654,0.001221,0.000564,-0.000406,-0.001385,-0.001600,-0.001013,0.000020,0.000699,0.000686,0.000434,0.000081,-0.000309,-0.000245,0.000236,0.000582,0.000694,0.000582,0.000029,-0.000898,-0.001279,-0.000667,0.000062,0.000305,0.000287,0.000080,-0.000220,-0.000454,-0.000670,-0.000948,-0.001072,-0.001021,-0.000722,-0.000335,-0.000045,0.000097,-0.000009,-0.000003,0.000082,-0.000291,-0.001025,-0.001541,-0.001272,-0.000147,0.001131,0.001583,0.001175,0.000554,-0.000188,-0.000851,-0.000957,-0.000956,-0.000735,-0.000179,0.000216,0.000276,0.000117,0.000014,0.000052,0.000122,0.000178,0.000120,0.000073,0.000448,0.001157,0.001686,0.001565,0.000397,-0.000734,-0.000890,-0.000682,-0.000542,-0.000333,-0.000133,0.000048,0.000295,0.000483,0.000364,0.000085,0.000009,0.000025,0.000055,0.000076,0.000060,0.000012,-0.000200,-0.000245,-0.000059,0.000031,-0.000032,-0.000105,-0.000069,-0.000062,-0.000103,0.000043,0.000059,-0.000097,-0.000163,-0.000158,-0.000124,-0.000079,-0.000055,-0.000093,-0.000116,-0.000033,0.000080,0.000086,0.000016,-0.000123,-0.000123,-0.000033,-0.000119,-0.000180,-0.000179,-0.000191,-0.000036,0.000164,0.000148,0.015918,0.010722,0.010284,0.009504,0.007749,0.005341,0.003406,0.002286,0.001589,0.001690,0.001735,0.000822,-0.000213,-0.000953,-0.001364,-0.000896,0.000256,0.000976,0.001024,0.000731,-0.000096,-0.000997,-0.001273,-0.000781,0.000003,0.000464,0.000331,-0.000403,-0.001247,-0.001545,-0.001218,-0.000908,-0.000621,-0.000308,-0.000081,0.000156,0.000378,0.000450,0.000506,0.000466,0.000389,0.000322,0.000189,0.000121,0.000011,-0.000144,-0.000129,-0.000027,-0.000055,-0.000128,-0.000124,-0.000039,0.000161,0.000374,0.000304,0.000143,0.000297,0.000816,0.000882,0.000133,-0.000204,0.000782,0.002008,0.001799,0.000180,-0.001156,-0.001365,-0.001374,-0.001524,-0.001579,-0.001266,-0.000418,0.000644,0.001138,0.000628,-0.000220,-0.000465,-0.000114,0.000142,0.000126,0.000097,0.000115,0.000075,0.000073,0.000145,-0.000076,-0.000730,-0.001506,-0.002126,-0.002223,-0.001559,-0.000547,0.000069,0.000076,-0.000028,-0.000039,-0.000115,-0.000185,-0.000106,-0.000011,-0.000015,0.000079,0.000133,0.000048,-0.000008,0.000068,0.000080,-0.000028,-0.000140,-0.000091,-0.000024,-0.000129,-0.000165,-0.000077,-0.000019,-0.000030,-0.000045,-0.000094,-0.000074,-0.000063,-0.000026,-0.000109,-0.000205,-0.000149,-0.000082,-0.000150,-0.000131,0.000005,0.000008,-0.000128,-0.000193,-0.000071,0.000012,0.000031,0.000046,0.000086,0.000078,-0.000014,
-0.011562,-0.009523,-0.006157,0.000961,0.006833,0.007130,0.002476,-0.001118,-0.001510,-0.000298,0.001217,0.001942,0.001485,0.000485,-0.000387,-0.000826,-0.000288,0.000771,0.001546,0.001776,0.001564,0.001048,0.000443,-0.000412,-0.001309,-0.001530,-0.000933,0.000070,0.000791,0.000781,0.000398,-0.000007,-0.000383,-0.000260,0.000201,0.000613,0.001027,0.001112,0.000345,-0.000930,-0.001492,-0.000937,-0.000118,0.000299,0.000334,0.000088,-0.000162,-0.000344,-0.000596,-0.000897,-0.001088,-0.000996,-0.000707,-0.000332,0.000013,0.000157,0.000036,0.000001,0.000046,-0.000352,-0.000996,-0.001109,-0.000719,0.000136,0.001153,0.001574,0.001275,0.000631,-0.000202,-0.000854,-0.001185,-0.001395,-0.001266,-0.000527,0.000191,0.000232,0.000054,0.000129,0.000202,0.000177,0.000159,0.000117,0.000205,0.000543,0.001096,0.001687,0.001485,0.000267,-0.000835,-0.001119,-0.000970,-0.000781,-0.000496,-0.000219,0.000012,0.000314,0.000467,0.000338,0.000137,0.000005,-0.000091,-0.000064,0.000066,0.000015,-0.000130,-0.000087,-0.000004,0.000123,0.000199,0.000077,-0.000113,-0.000183,-0.000119,-0.000039,0.000103,0.000098,-0.000127,-0.000220,-0.000150,-0.000050,0.000000,-0.000047,-0.000079,-0.000045,0.000090,0.000152,0.000191,0.000229,0.000150,0.000040,-0.000059,-0.000061,0.000033,-0.000027,-0.000021,0.000129,0.000157,0.000117,0.016303,0.010950,0.010362,0.009407,0.007361,0.004933,0.003222,0.002427,0.001851,0.001774,0.001720,0.000748,-0.000158,-0.000728,-0.001206,-0.000957,0.000089,0.000955,0.001203,0.000881,-0.000116,-0.001127,-0.001360,-0.000721,0.000069,0.000466,0.000253,-0.000459,-0.001257,-0.001609,-0.001322,-0.000946,-0.000660,-0.000364,-0.000013,0.000248,0.000358,0.000323,0.000274,0.000236,0.000247,0.000285,0.000226,0.000204,0.000047,-0.000259,-0.000283,-0.000092,-0.000022,-0.000012,0.000055,0.000097,0.000187,0.000385,0.000339,0.000061,0.000121,0.000569,0.000688,0.000128,-0.000109,0.000857,0.001711,0.001097,-0.000493,-0.001587,-0.001769,-0.001761,-0.001773,-0.001772,-0.001552,-0.000840,0.000272,0.000968,0.000680,-0.000040,-0.000302,-0.000139,0.000083,0.000363,0.000319,0.000094,0.000071,0.000141,0.000078,-0.000213,-0.000838,-0.001584,-0.002139,-0.002254,-0.001589,-0.000458,0.000272,0.000320,0.000044,-0.000109,-0.000119,-0.000103,-0.000111,-0.000045,0.000051,0.000133,0.000141,0.000104,-0.000001,-0.000059,0.000025,-0.000052,-0.000010,0.000170,0.000150,-0.000028,-0.000036,0.000003,-0.000079,-0.000010,0.000090,0.000046,-0.000084,-0.000130,-0.000113,-0.000182,-0.000201,-0.000084,-0.000051,-0.000192,-0.000195,-0.000068,0.000048,0.000081,-0.000000,-0.000160,-0.000148,-0.000055,-0.000020,-0.000024,0.000063,0.000073,
-0.011608,-0.009536,-0.006197,0.001095,0.007068,0.007397,0.002561,-0.001230,-0.001530,-0.000293,0.001187,0.001955,0.001535,0.000511,-0.000326,-0.000754,-0.000232,0.000955,0.001626,0.001692,0.001599,0.001284,0.000617,-0.000455,-0.001338,-0.001547,-0.001051,0.000026,0.000854,0.000842,0.000439,0.000065,-0.000316,-0.000448,-0.000026,0.000515,0.000744,0.000669,0.000074,-0.000896,-0.001304,-0.000871,-0.000148,0.000294,0.000323,0.000069,-0.000231,-0.000375,-0.000481,-0.000703,-0.000912,-0.000864,-0.000626,-0.000265,0.000093,0.000182,0.000070,0.000045,-0.000019,-0.000476,-0.001062,-0.001381,-0.001130,-0.000055,0.001156,0.001435,0.001082,0.000582,-0.000299,-0.001059,-0.001171,-0.001177,-0.000979,-0.000440,0.000055,0.000265,0.000226,0.000104,0.000058,0.000147,0.000203,0.000205,0.000222,0.000439,0.001074,0.001646,0.001328,0.000116,-0.000917,-0.001038,-0.000772,-0.000460,-0.000201,-0.000054,0.000182,0.000359,0.000374,0.000280,0.000159,-0.000023,-0.000087,-0.000010,-0.000074,-0.000163,-0.000200,-0.000184,-0.000197,-0.000132,0.000005,-0.000026,-0.000180,-0.000198,-0.000054,0.000012,0.000015,-0.000004,0.000010,-0.000002,0.000002,0.000079,0.000077,-0.000069,-0.000173,-0.000117,-0.000028,0.000053,0.000116,0.000136,0.000072,-0.000033,-0.000129,-0.000135,-0.000134,-0.000190,-0.000166,-0.000029,0.000142,0.000156,0.016204,0.011008,0.010506,0.009577,0.007470,0.004967,0.003293,0.002422,0.001828,0.001866,0.001764,0.000818,-0.000194,-0.000877,-0.001353,-0.001054,0.000140,0.001074,0.001246,0.000750,-0.000202,-0.001022,-0.001240,-0.000832,-0.000114,0.000392,0.000386,-0.000098,-0.000954,-0.001435,-0.001405,-0.001227,-0.000889,-0.000380,0.000034,0.000069,0.000126,0.000276,0.000393,0.000370,0.000457,0.000494,0.000336,0.000202,0.000005,-0.000128,-0.000220,-0.000281,-0.000181,-0.000050,0.000026,0.000102,0.000173,0.000293,0.000298,0.000126,0.000257,0.000670,0.000697,0.000039,-0.000119,0.000942,0.001895,0.001305,-0.000402,-0.001604,-0.001843,-0.001883,-0.001865,-0.001550,-0.001141,-0.000609,0.000205,0.000748,0.000574,0.000101,-0.000200,-0.000180,0.000193,0.000376,0.000181,-0.000034,-0.000053,0.000151,0.000287,0.000001,-0.000700,-0.001403,-0.001937,-0.002136,-0.001478,-0.000385,0.000170,0.000097,0.000013,0.000102,0.000041,-0.000185,-0.000158,-0.000013,0.000068,0.000108,0.000142,0.000099,0.000032,-0.000047,-0.000035,0.000032,0.000029,0.000037,0.000068,-0.000000,-0.000104,-0.000110,-0.000038,-0.000072,-0.000119,-0.000130,-0.000153,-0.000116,-0.000036,-0.000055,-0.000108,-0.000061,-0.000140,-0.000131,0.000005,0.000111,0.000068,-0.000051,-0.000067,-0.000053,-0.000015,0.000028,0.000040,-0.000035,-0.000012,0.000124,
-0.012334,-0.009893,-0.006338,0.000963,0.006920,0.007100,0.002280,-0.001259,-0.001489,-0.000351,0.001083,0.001889,0.001476,0.000562,-0.000118,-0.000648,-0.000323,0.000882,0.001556,0.001645,0.001597,0.001171,0.000567,-0.000321,-0.001320,-0.001504,-0.000898,0.000082,0.000842,0.000954,0.000632,0.000201,-0.000144,-0.000156,0.000206,0.000587,0.000816,0.000811,0.000290,-0.000763,-0.001394,-0.000915,-0.000115,0.000245,0.000309,0.000086,-0.000179,-0.000349,-0.000546,-0.000743,-0.000839,-0.000748,-0.000543,-0.000281,-0.000015,0.000122,0.000010,-0.000013,0.000053,-0.000392,-0.001043,-0.001431,-0.001281,-0.000013,0.001741,0.002307,0.001568,0.000607,-0.000308,-0.000931,-0.001050,-0.000971,-0.000727,-0.000191,0.000192,0.000146,-0.000036,-0.000074,-0.000042,0.000055,0.000124,0.000208,0.000318,0.000561,0.001122,0.001731,0.001561,0.000308,-0.000779,-0.000989,-0.000789,-0.000619,-0.000382,-0.000046,0.000215,0.000319,0.000298,0.000252,0.000148,0.000068,0.000101,0.000117,-0.000030,-0.000120,-0.000088,-0.000075,-0.000107,-0.000078,-0.000101,-0.000198,-0.000220,-0.000127,-0.000024,0.000016,0.000033,0.000015,-0.000068,-0.000138,-0.000065,0.000026,0.000057,0.000117,-0.000020,0.000003,0.000104,0.000140,0.000164,0.000066,0.000110,0.000145,0.000042,-0.000059,-0.000104,-0.000105,-0.000062,0.000095,0.000176,0.000156,0.016181,0.010720,0.010278,0.009784,0.008034,0.005460,0.003398,0.002258,0.001700,0.001823,0.001774,0.000813,-0.000123,-0.000846,-0.001427,-0.001129,0.000120,0.001104,0.001379,0.000891,-0.000170,-0.001100,-0.001358,-0.000845,-0.000057,0.000289,0.000247,-0.000094,-0.000805,-0.001261,-0.001143,-0.001049,-0.000893,-0.000462,-0.000063,0.000198,0.000373,0.000423,0.000448,0.000354,0.000312,0.000344,0.000238,0.000144,-0.000094,-0.000348,-0.000266,-0.000093,-0.000086,-0.000011,0.000056,-0.000036,0.000083,0.000357,0.000336,0.000066,0.000142,0.000694,0.000804,0.000168,-0.000203,0.000475,0.001417,0.001139,-0.000634,-0.002217,-0.002418,-0.002218,-0.002085,-0.001844,-0.001403,-0.000584,0.000370,0.000737,0.000383,-0.000214,-0.000409,-0.000122,0.000191,0.000335,0.000238,0.000069,0.000072,0.000205,0.000271,-0.000001,-0.000797,-0.001744,-0.002318,-0.002263,-0.001502,-0.000323,0.000377,0.000353,0.000189,0.000194,0.000173,-0.000047,-0.000098,0.000054,0.000161,0.000104,0.000007,-0.000117,-0.000218,-0.000231,-0.000174,-0.000067,0.000056,0.000129,0.000053,0.000015,0.000015,-0.000072,-0.000142,-0.000101,0.000022,0.000070,0.000007,-0.000006,-0.000011,0.000009,0.000021,-0.000013,0.000048,-0.000077,-0.000192,-0.000118,0.000035,0.000049,-0.000119,-0.000250,-0.000173,0.000053,0.000143,0.000054,-0.000025,-0.000074,
-0.011887,-0.009648,-0.006356,0.000921,0.006984,0.007363,0.002601,-0.001097,-0.001491,-0.000265,0.001217,0.001879,0.001551,0.000625,-0.000350,-0.000805,-0.000205,0.000885,0.001483,0.001659,0.001627,0.001230,0.000544,-0.000359,-0.001316,-0.001617,-0.001029,-0.000076,0.000754,0.000948,0.000615,0.000236,-0.000077,-0.000146,0.000117,0.000554,0.000747,0.000690,0.000128,-0.000869,-0.001396,-0.000814,0.000142,0.000533,0.000513,0.000303,0.000022,-0.000259,-0.000561,-0.000823,-0.000930,-0.000952,-0.000692,-0.000256,0.000014,0.000118,-0.000007,-0.000099,-0.000063,-0.000244,-0.000647,-0.000789,-0.000520,0.000235,0.001243,0.001701,0.001372,0.000633,-0.000125,-0.000683,-0.000848,-0.000875,-0.000751,-0.000300,0.000080,0.000084,-0.000029,0.000011,0.000005,-0.000025,0.000009,0.000105,0.000239,0.000476,0.001028,0.001639,0.001535,0.000400,-0.000817,-0.001166,-0.000979,-0.000798,-0.000525,-0.000125,0.000194,0.000335,0.000434,0.000339,-0.000019,-0.000177,-0.000055,0.000057,0.000032,-0.000068,-0.000172,-0.000169,-0.000085,-0.000047,-0.000099,-0.000175,-0.000088,0.000025,-0.000106,-0.000142,-0.000041,-0.000006,-0.000003,-0.000025,0.000012,0.000014,-0.000086,-0.000237,-0.000253,-0.000166,-0.000063,0.000187,0.000336,0.000224,0.000016,-0.000046,0.000004,-0.000034,-0.000131,-0.000190,-0.000104,0.000041,0.000092,0.000072,0.016167,0.010982,0.010494,0.009804,0.007909,0.005254,0.003365,0.002474,0.001828,0.001849,0.001793,0.000788,-0.000189,-0.000767,-0.001305,-0.001105,0.000124,0.001069,0.001241,0.000913,-0.000013,-0.000881,-0.001198,-0.000763,0.000056,0.000460,0.000308,-0.000333,-0.001255,-0.001627,-0.001359,-0.001065,-0.000858,-0.000485,-0.000122,-0.000022,0.000048,0.000205,0.000281,0.000207,0.000269,0.000406,0.000325,0.000071,-0.000223,-0.000322,-0.000156,-0.000023,-0.000084,-0.000141,-0.000064,-0.000005,0.000012,0.000203,0.000255,0.000037,0.000100,0.000662,0.000780,0.000150,-0.000020,0.000889,0.001698,0.001255,-0.000186,-0.001358,-0.001615,-0.001674,-0.001849,-0.001808,-0.001495,-0.000824,0.000091,0.000593,0.000283,-0.000278,-0.000424,-0.000094,0.000265,0.000370,0.000218,0.000011,0.000057,0.000271,0.000257,-0.000061,-0.000660,-0.001449,-0.002096,-0.002192,-0.001606,-0.000506,0.000153,0.000101,-0.000018,-0.000086,-0.000164,-0.000235,-0.000316,-0.000250,-0.000072,-0.000006,0.000018,0.000045,-0.000061,-0.000207,-0.000200,-0.000014,-0.000075,-0.000072,0.000036,-0.000134,-0.000208,-0.000021,0.000004,-0.000094,-0.000121,-0.000054,0.000024,0.000121,0.000146,-0.000024,-0.000038,0.000069,0.000018,-0.000077,-0.000146,-0.000152,-0.000145,-0.000221,-0.000214,-0.000166,-0.000103,-0.000022,0.000061,0.000084,0.000134,0.000191,
-0.011979,-0.009595,-0.006069,0.001138,0.007132,0.007462,0.002708,-0.001085,-0.001497,-0.000342,0.001130,0.001982,0.001622,0.000700,-0.000110,-0.000629,-0.000220,0.000852,0.001532,0.001677,0.001541,0.001194,0.000670,-0.000287,-0.001310,-0.001608,-0.001017,0.000033,0.000823,0.000847,0.000443,0.000116,-0.000064,-0.000039,0.000327,0.000584,0.000563,0.000502,0.000047,-0.000884,-0.001246,-0.000734,-0.000108,0.000263,0.000260,-0.000129,-0.000290,-0.000237,-0.000499,-0.000785,-0.000868,-0.000792,-0.000635,-0.000362,0.000014,0.000062,-0.000133,-0.000156,0.000006,-0.000289,-0.001037,-0.001478,-0.001108,0.000117,0.001459,0.001834,0.001264,0.000735,0.000117,-0.000622,-0.000941,-0.001045,-0.000924,-0.000230,0.000442,0.000522,0.000244,0.000119,0.000070,0.000058,0.000061,0.000102,0.000263,0.000528,0.001049,0.001598,0.001366,0.000223,-0.000845,-0.001082,-0.000820,-0.000580,-0.000391,-0.000177,0.000120,0.000354,0.000412,0.000367,0.000286,0.000191,0.000144,0.000007,-0.000103,-0.000063,-0.000097,-0.000125,-0.000062,0.000080,0.000093,-0.000084,-0.000113,0.000009,0.000103,0.000039,-0.000010,-0.000012,-0.000022,-0.000091,-0.000183,-0.000139,-0.000050,0.000038,0.000126,0.000063,0.000025,0.000068,0.000095,0.000121,0.000125,0.000068,0.000018,-0.000031,-0.000164,-0.000259,-0.000180,0.000030,0.000218,0.000211,0.016218,0.011037,0.010622,0.009961,0.008087,0.005363,0.003371,0.002483,0.001885,0.001783,0.001555,0.000631,-0.000135,-0.000784,-0.001375,-0.001070,0.000143,0.001047,0.001262,0.000921,0.000014,-0.000823,-0.001074,-0.000700,-0.000071,0.000324,0.000229,-0.000392,-0.001309,-0.001727,-0.001324,-0.000908,-0.000596,-0.000252,-0.000059,0.000005,-0.000015,0.000094,0.000258,0.000295,0.000412,0.000421,0.000118,-0.000133,-0.000260,-0.000207,-0.000042,-0.000019,-0.000061,0.000059,0.000110,0.000055,0.000207,0.000437,0.000414,0.000144,0.000172,0.000685,0.000831,0.000197,-0.000067,0.000935,0.001973,0.001375,-0.000543,-0.001822,-0.001810,-0.001653,-0.001751,-0.001733,-0.001398,-0.000675,0.000235,0.000681,0.000321,-0.000211,-0.000433,-0.000155,0.000249,0.000331,0.000199,0.000067,0.000063,0.000085,0.000060,-0.000163,-0.000825,-0.001540,-0.002072,-0.002224,-0.001561,-0.000397,0.000322,0.000288,0.000098,0.000084,0.000008,-0.000178,-0.000284,-0.000163,0.000073,0.000175,0.000073,0.000016,-0.000081,-0.000098,-0.000038,-0.000097,-0.000103,-0.000026,-0.000033,-0.000089,-0.000020,0.000005,0.000006,-0.000047,-0.000147,-0.000100,0.000055,0.000115,-0.000020,-0.000125,-0.000070,0.000005,-0.000063,-0.000166,-0.000098,-0.000047,-0.000038,-0.000047,-0.000172,-0.000213,-0.000098,-0.000104,-0.000120,-0.000124,-0.000099,0.000078,
-0.011499,-0.009257,-0.005842,0.001471,0.007452,0.007661,0.002690,-0.001118,-0.001526,-0.000309,0.001256,0.002118,0.001632,0.000596,-0.000229,-0.000783,-0.000393,0.000689,0.001348,0.001660,0.001652,0.001158,0.000535,-0.000452,-0.001508,-0.001736,-0.001028,0.000062,0.000889,0.000952,0.000468,-0.000027,-0.000321,-0.000098,0.000366,0.000565,0.000500,0.000375,-0.000085,-0.001029,-0.001344,-0.000782,-0.000036,0.000388,0.000350,-0.000008,-0.000318,-0.000408,-0.000515,-0.000870,-0.001140,-0.000986,-0.000617,-0.000280,0.000035,0.000206,0.000074,0.000029,0.000052,-0.000347,-0.000923,-0.001240,-0.000953,0.000238,0.001494,0.001800,0.001293,0.000660,-0.000082,-0.000621,-0.000764,-0.000845,-0.000679,-0.000122,0.000315,0.000355,0.000122,0.000026,0.000121,0.000147,0.000146,0.000148,0.000205,0.000463,0.000968,0.001527,0.001394,0.000189,-0.000924,-0.001174,-0.000954,-0.000625,-0.000323,-0.000153,0.000143,0.000377,0.000489,0.000388,0.000092,-0.000078,-0.000089,-0.000063,-0.000084,-0.000105,-0.000044,-0.000019,0.000004,0.000053,0.000065,-0.000090,-0.000183,-0.000111,-0.000078,-0.000008,0.000138,0.000117,-0.000085,-0.000177,-0.000066,-0.000042,-0.000051,-0.000002,-0.000011,-0.000021,0.000053,0.000106,0.000126,0.000169,0.000161,0.000041,-0.000028,-0.000089,-0.000068,-0.000014,-0.000071,-0.000158,-0.000095,0.000010,0.016421,0.011078,0.010591,0.009977,0.008014,0.005295,0.003372,0.002537,0.001969,0.001891,0.001630,0.000594,-0.000267,-0.000916,-0.001486,-0.001177,0.000028,0.000988,0.001206,0.000826,-0.000012,-0.000892,-0.001208,-0.000702,0.000077,0.000485,0.000365,-0.000293,-0.001131,-0.001456,-0.001050,-0.000427,-0.000047,0.000099,0.000084,-0.000018,0.000045,0.000257,0.000479,0.000539,0.000551,0.000412,0.000157,0.000032,-0.000095,-0.000226,-0.000112,0.000039,-0.000036,-0.000034,0.000083,0.000118,0.000177,0.000382,0.000361,0.000125,0.000319,0.000896,0.000886,0.000138,-0.000110,0.000847,0.001923,0.001707,0.000056,-0.001366,-0.001595,-0.001622,-0.001781,-0.001747,-0.001305,-0.000499,0.000431,0.000904,0.000564,-0.000106,-0.000417,-0.000094,0.000382,0.000457,0.000183,0.000069,0.000074,0.000134,0.000142,-0.000118,-0.000690,-0.001490,-0.002101,-0.002195,-0.001581,-0.000461,0.000230,0.000182,0.000067,0.000074,0.000015,-0.000208,-0.000303,-0.000176,0.000073,0.000262,0.000224,0.000068,0.000044,0.000034,-0.000001,0.000015,0.000027,0.000044,0.000012,-0.000058,-0.000081,-0.000036,0.000037,-0.000017,-0.000110,-0.000107,-0.000185,-0.000153,0.000022,0.000071,-0.000011,-0.000018,0.000043,-0.000095,-0.000132,0.000013,0.000084,-0.000068,-0.000207,-0.000176,-0.000036,0.000117,0.000177,0.000122,-0.000029,-0.000063,
-0.011322,-0.009109,-0.005784,0.001500,0.007545,0.007781,0.002769,-0.001151,-0.001509,-0.000272,0.001253,0.002099,0.001679,0.000671,-0.000230,-0.000776,-0.000269,0.000874,0.001574,0.001685,0.001487,0.001112,0.000492,-0.000502,-0.001375,-0.001598,-0.001034,0.000081,0.000844,0.000909,0.000554,0.000186,-0.000075,-0.000089,0.000223,0.000560,0.000744,0.000652,0.000037,-0.000903,-0.001251,-0.000810,-0.000062,0.000373,0.000332,0.000046,-0.000322,-0.000463,-0.000496,-0.000747,-0.000973,-0.000892,-0.000672,-0.000407,-0.000088,0.000097,0.000103,0.000085,0.000080,-0.000349,-0.001013,-0.001290,-0.001153,-0.000259,0.000982,0.001427,0.001131,0.000619,-0.000224,-0.000823,-0.001089,-0.001239,-0.001063,-0.000420,0.000170,0.000277,0.000107,0.000003,0.000109,0.000201,0.000254,0.000209,0.000263,0.000571,0.000983,0.001488,0.001408,0.000277,-0.000789,-0.001060,-0.000940,-0.000788,-0.000464,-0.000100,0.000218,0.000448,0.000528,0.000366,0.000112,0.000004,0.000052,0.000100,-0.000048,-0.000190,-0.000237,-0.000187,-0.000101,-0.000003,0.000042,-0.000073,-0.000140,-0.000089,-0.000020,-0.000005,-0.000059,-0.000057,-0.000041,-0.000083,-0.000070,-0.000027,0.000031,-0.000052,-0.000104,-0.000052,0.000032,0.000141,0.000153,0.000065,0.000008,0.000004,-0.000063,-0.000034,-0.000005,-0.000075,-0.000125,-0.000070,0.000042,0.000098,0.016446,0.011245,0.010634,0.009833,0.007968,0.005366,0.003453,0.002583,0.001976,0.001885,0.001763,0.000808,-0.000103,-0.000737,-0.001366,-0.001078,0.000245,0.001130,0.001162,0.000714,-0.000173,-0.001079,-0.001320,-0.000697,0.000089,0.000476,0.000345,-0.000283,-0.001131,-0.001487,-0.001335,-0.001134,-0.000847,-0.000260,0.000177,0.000242,0.000298,0.000353,0.000414,0.000263,0.000220,0.000316,0.000173,0.000108,-0.000065,-0.000185,-0.000113,-0.000084,-0.000071,-0.000037,0.000005,-0.000039,0.000107,0.000398,0.000402,0.000109,0.000133,0.000619,0.000712,0.000110,-0.000105,0.000889,0.001859,0.001372,-0.000256,-0.001458,-0.001609,-0.001586,-0.001765,-0.001763,-0.001440,-0.000642,0.000458,0.000896,0.000420,-0.000374,-0.000600,-0.000151,0.000177,0.000156,0.000133,0.000124,0.000112,0.000220,0.000214,-0.000178,-0.000814,-0.001540,-0.002135,-0.002222,-0.001561,-0.000470,0.000156,0.000117,-0.000049,-0.000016,-0.000085,-0.000313,-0.000368,-0.000116,0.000114,0.000245,0.000280,0.000033,-0.000097,-0.000009,0.000060,0.000019,-0.000018,0.000038,-0.000025,-0.000132,-0.000028,0.000028,-0.000045,-0.000015,0.000040,0.000022,-0.000035,-0.000033,0.000002,-0.000059,-0.000158,-0.000128,-0.000079,-0.000156,-0.000068,0.000084,0.000051,-0.000103,-0.000152,-0.000162,-0.000084,-0.000015,0.000000,0.000043,0.000097,0.000088,
-0.011978,-0.009525,-0.005845,0.001481,0.007321,0.007540,0.002631,-0.001205,-0.001516,-0.000322,0.001138,0.002074,0.001781,0.000768,-0.000115,-0.000644,-0.000263,0.000695,0.001399,0.001652,0.001509,0.001144,0.000564,-0.000421,-0.001378,-0.001588,-0.001063,-0.000043,0.000763,0.000882,0.000699,0.000372,-0.000032,-0.000063,0.000329,0.000770,0.000931,0.000750,0.000096,-0.000913,-0.001350,-0.000880,-0.000050,0.000446,0.000436,0.000022,-0.000376,-0.000481,-0.000615,-0.000841,-0.000971,-0.000797,-0.000602,-0.000462,-0.000052,0.000254,0.000191,0.000076,-0.000047,-0.000450,-0.001093,-0.001340,-0.000946,0.000108,0.001392,0.001989,0.001559,0.000655,-0.000340,-0.001037,-0.001242,-0.001271,-0.001151,-0.000576,0.000105,0.000340,0.000279,0.000136,0.000205,0.000321,0.000309,0.000303,0.000227,0.000441,0.000984,0.001538,0.001493,0.000359,-0.000802,-0.001121,-0.000933,-0.000700,-0.000429,-0.000113,0.000150,0.000268,0.000286,0.000247,0.000068,-0.000071,-0.000061,-0.000069,-0.000010,0.000073,0.000070,0.000097,0.000116,-0.000028,-0.000045,0.000006,0.000046,0.000022,0.000033,0.000079,0.000067,0.000002,-0.000015,0.000017,-0.000006,0.000000,-0.000082,-0.000129,-0.000078,0.000016,0.000276,0.000355,0.000233,0.000200,0.000088,0.000016,0.000041,0.000009,-0.000046,-0.000124,-0.000148,-0.000098,0.000056,0.000219,0.016041,0.010858,0.010624,0.010179,0.008375,0.005669,0.003466,0.002294,0.001720,0.001761,0.001725,0.000776,-0.000216,-0.000924,-0.001482,-0.001045,0.000222,0.001115,0.001216,0.000761,-0.000151,-0.000925,-0.001085,-0.000569,0.000135,0.000520,0.000474,-0.000055,-0.000938,-0.001453,-0.001224,-0.000903,-0.000632,-0.000319,-0.000041,0.000023,0.000084,0.000173,0.000385,0.000487,0.000387,0.000255,0.000230,0.000190,-0.000044,-0.000157,-0.000099,-0.000079,-0.000206,-0.000222,-0.000120,-0.000052,0.000122,0.000295,0.000174,-0.000087,0.000153,0.000818,0.000830,0.000190,0.000017,0.000937,0.001714,0.001065,-0.000611,-0.001740,-0.001701,-0.001543,-0.001659,-0.001669,-0.001425,-0.000890,-0.000015,0.000765,0.000675,-0.000037,-0.000326,-0.000061,0.000236,0.000372,0.000348,0.000239,0.000110,0.000159,0.000136,-0.000158,-0.000658,-0.001483,-0.002112,-0.002178,-0.001549,-0.000565,0.000003,0.000199,0.000154,-0.000029,-0.000122,-0.000331,-0.000369,0.000012,0.000293,0.000254,0.000172,0.000106,0.000010,-0.000088,-0.000111,-0.000123,-0.000096,-0.000081,-0.000049,-0.000037,-0.000096,-0.000139,-0.000007,-0.000005,-0.000108,-0.000041,0.000016,0.000075,0.000157,0.000067,-0.000091,-0.000085,0.000002,0.000053,0.000085,0.000099,-0.000010,-0.000145,-0.000150,-0.000083,0.000044,0.000109,0.000034,-0.000027,-0.000050,0.000016,
-0.011932,-0.009518,-0.006043,0.001373,0.007539,0.007810,0.002873,-0.001103,-0.001463,-0.000118,0.001391,0.002183,0.001802,0.000738,-0.000212,-0.000709,-0.000338,0.000707,0.001418,0.001634,0.001571,0.001271,0.000710,-0.000343,-0.001402,-0.001631,-0.001028,0.000045,0.001012,0.001212,0.000825,0.000387,-0.000104,-0.000272,0.000047,0.000530,0.000851,0.000765,0.000042,-0.001025,-0.001467,-0.000876,0.000046,0.000472,0.000366,0.000098,-0.000144,-0.000324,-0.000554,-0.000875,-0.001018,-0.000811,-0.000577,-0.000293,0.000094,0.000198,0.000044,-0.000105,-0.000140,-0.000485,-0.001125,-0.001601,-0.001348,0.000076,0.001545,0.001671,0.000940,0.000388,-0.000314,-0.001071,-0.001225,-0.001051,-0.000792,-0.000342,0.000075,0.000136,0.000045,0.000048,0.000082,0.000060,0.000100,0.000113,0.000156,0.000489,0.001179,0.001734,0.001455,0.000157,-0.000982,-0.001189,-0.000852,-0.000574,-0.000325,-0.000010,0.000095,0.000222,0.000460,0.000487,0.000310,0.000095,-0.000050,-0.000052,0.000005,0.000041,0.000050,0.000030,0.000000,0.000073,0.000027,-0.000098,-0.000149,-0.000142,-0.000061,0.000054,0.000109,-0.000067,-0.000140,-0.000060,-0.000000,-0.000019,-0.000056,-0.000159,-0.000159,-0.000002,0.000093,0.000165,0.000239,0.000198,0.000095,0.000011,0.000027,0.000032,-0.000102,-0.000133,0.000009,0.000173,0.000234,0.000132,0.016216,0.010981,0.010645,0.010289,0.008634,0.005846,0.003601,0.002318,0.001604,0.001665,0.001580,0.000679,-0.000122,-0.000759,-0.001419,-0.001196,0.000043,0.001087,0.001404,0.001097,0.000118,-0.000880,-0.001216,-0.000710,0.000139,0.000627,0.000468,-0.000145,-0.000926,-0.001321,-0.001112,-0.000925,-0.000766,-0.000474,-0.000071,0.000237,0.000407,0.000567,0.000581,0.000380,0.000276,0.000316,0.000385,0.000366,0.000058,-0.000213,-0.000224,-0.000188,-0.000249,-0.000190,-0.000131,-0.000177,-0.000115,0.000100,0.000210,0.000134,0.000304,0.000768,0.000779,0.000076,-0.000217,0.000743,0.001826,0.001352,-0.000489,-0.002002,-0.002246,-0.002049,-0.001909,-0.001668,-0.001221,-0.000642,0.000065,0.000540,0.000240,-0.000292,-0.000498,-0.000293,0.000113,0.000351,0.000317,0.000123,0.000006,-0.000049,0.000026,-0.000059,-0.000623,-0.001444,-0.002145,-0.002399,-0.001700,-0.000392,0.000416,0.000452,0.000198,0.000026,-0.000095,-0.000294,-0.000347,-0.000067,0.000086,0.000089,0.000121,0.000145,0.000058,0.000018,-0.000078,-0.000180,-0.000126,-0.000003,-0.000031,-0.000163,-0.000127,0.000002,0.000087,0.000048,0.000009,0.000029,-0.000094,-0.000235,-0.000162,-0.000037,0.000035,0.000013,-0.000042,-0.000111,-0.000076,0.000004,-0.000066,-0.000194,-0.000225,-0.000047,0.000161,0.000195,0.000143,0.000151,0.000128,0.000139,
-0.011854,-0.009429,-0.005809,0.001555,0.007576,0.007845,0.002856,-0.001047,-0.001487,-0.000358,0.001180,0.002146,0.001885,0.000879,-0.000135,-0.000825,-0.000413,0.000751,0.001443,0.001699,0.001724,0.001323,0.000631,-0.000400,-0.001479,-0.001763,-0.001131,-0.000069,0.000746,0.000889,0.000543,0.000118,-0.000180,-0.000175,0.000113,0.000528,0.000832,0.000782,0.000171,-0.000825,-0.001269,-0.000906,-0.000183,0.000268,0.000345,0.000061,-0.000275,-0.000374,-0.000529,-0.000769,-0.000934,-0.000918,-0.000676,-0.000340,0.000036,0.000286,0.000165,0.000049,-0.000011,-0.000314,-0.000714,-0.000967,-0.000834,0.000162,0.001717,0.002349,0.001784,0.000923,-0.000032,-0.000709,-0.000902,-0.000944,-0.000800,-0.000311,0.000101,0.000129,-0.000119,-0.000173,0.000017,0.000174,0.000162,0.000026,0.000102,0.000499,0.001113,0.001578,0.001389,0.000266,-0.000937,-0.001269,-0.001008,-0.000651,-0.000328,-0.000066,0.000154,0.000354,0.000475,0.000393,0.000091,-0.000109,-0.000057,0.000012,-0.000004,0.000121,0.000125,0.000013,-0.000012,-0.000029,-0.000058,-0.000062,-0.000055,-0.000083,-0.000070,0.000091,0.000233,0.000223,0.000034,-0.000089,-0.000065,-0.000003,-0.000010,-0.000102,-0.000132,-0.000090,0.000108,0.000238,0.000224,0.000169,0.000095,0.000024,-0.000013,-0.000102,-0.000194,-0.000166,-0.000152,-0.000078,0.000091,0.000236,0.016365,0.011183,0.010855,0.010339,0.008607,0.005785,0.003420,0.002350,0.001824,0.001758,0.001506,0.000607,-0.000178,-0.000720,-0.001325,-0.001221,0.000082,0.001253,0.001450,0.000873,-0.000079,-0.000825,-0.001152,-0.000810,-0.000086,0.000301,0.000353,-0.000034,-0.000886,-0.001447,-0.001308,-0.001017,-0.000787,-0.000401,-0.000015,0.000203,0.000358,0.000399,0.000396,0.000404,0.000425,0.000311,0.000194,0.000065,-0.000172,-0.000259,-0.000121,-0.000043,-0.000029,-0.000016,0.000016,0.000028,0.000016,0.000162,0.000274,0.000196,0.000303,0.000776,0.000868,0.000163,-0.000110,0.000662,0.001400,0.001055,-0.000341,-0.001537,-0.001888,-0.001983,-0.001968,-0.001765,-0.001437,-0.000702,0.000293,0.000749,0.000364,-0.000238,-0.000447,-0.000207,0.000187,0.000376,0.000355,0.000194,0.000054,0.000088,0.000170,-0.000105,-0.000841,-0.001693,-0.002222,-0.002261,-0.001621,-0.000474,0.000307,0.000280,0.000034,-0.000070,-0.000126,-0.000153,-0.000101,-0.000012,-0.000031,0.000026,0.000091,0.000063,0.000098,-0.000017,-0.000118,-0.000150,-0.000114,0.000009,-0.000001,-0.000105,-0.000093,-0.000066,0.000003,0.000091,0.000063,-0.000027,-0.000127,-0.000152,-0.000107,-0.000093,-0.000047,0.000034,0.000013,-0.000060,0.000002,0.000092,-0.000032,-0.000163,-0.000210,-0.000226,-0.000210,-0.000211,-0.000099,0.000031,0.000083,0.000052,
-0.012122,-0.009716,-0.006281,0.001273,0.007456,0.007621,0.002714,-0.001011,-0.001312,-0.000125,0.001325,0.002131,0.001800,0.000810,-0.000247,-0.000795,-0.000352,0.000614,0.001287,0.001615,0.001656,0.001207,0.000518,-0.000494,-0.001489,-0.001728,-0.001240,-0.000231,0.000693,0.000905,0.000564,0.000145,-0.000083,0.000053,0.000369,0.000599,0.000667,0.000438,-0.000055,-0.000884,-0.001339,-0.000832,-0.000127,0.000240,0.000339,0.000131,-0.000093,-0.000180,-0.000395,-0.000725,-0.000859,-0.000789,-0.000600,-0.000316,-0.000062,0.000014,-0.000037,0.000027,0.000134,-0.000209,-0.000923,-0.001237,-0.000787,0.000201,0.001214,0.001464,0.001049,0.000547,-0.000010,-0.000500,-0.000701,-0.000834,-0.000714,-0.000138,0.000379,0.000446,0.000053,-0.000179,-0.000145,-0.000047,0.000078,0.000182,0.000254,0.000503,0.001076,0.001669,0.001410,0.000244,-0.000774,-0.000972,-0.000775,-0.000650,-0.000424,-0.000171,0.000014,0.000205,0.000343,0.000404,0.000207,-0.000060,-0.000159,-0.000192,-0.000179,-0.000170,-0.000133,-0.000059,0.000025,0.000153,0.000086,-0.000101,-0.000136,-0.000072,-0.000012,-0.000061,-0.000141,-0.000088,-0.000021,0.000018,0.000042,0.000067,-0.000031,-0.000092,-0.000067,-0.000016,0.000071,0.000133,0.000144,0.000128,0.000129,0.000140,0.000141,0.000090,-0.000034,-0.000169,-0.000125,0.000109,0.000332,0.000266,0.015943,0.010884,0.010692,0.010381,0.008815,0.006004,0.003544,0.002328,0.001716,0.001818,0.001736,0.000775,-0.000148,-0.000859,-0.001403,-0.001046,0.000180,0.001150,0.001354,0.001011,0.000082,-0.000876,-0.001089,-0.000673,-0.000047,0.000397,0.000390,-0.000242,-0.001220,-0.001582,-0.001202,-0.000816,-0.000611,-0.000307,0.000004,0.000112,0.000211,0.000306,0.000374,0.000319,0.000265,0.000318,0.000268,0.000133,0.000028,-0.000025,0.000015,-0.000044,-0.000166,-0.000209,-0.000097,0.000064,0.000193,0.000363,0.000336,0.000038,0.000138,0.000776,0.000912,0.000273,0.000146,0.001223,0.002025,0.001161,-0.000682,-0.001828,-0.001805,-0.001708,-0.001805,-0.001666,-0.001245,-0.000632,0.000146,0.000608,0.000309,-0.000279,-0.000424,-0.000131,0.000243,0.000374,0.000313,0.000171,0.000072,0.000225,0.000356,-0.000006,-0.000757,-0.001547,-0.002115,-0.002310,-0.001685,-0.000469,0.000218,0.000216,0.000068,0.000031,0.000016,-0.000128,-0.000230,-0.000083,0.000044,0.000087,0.000071,-0.000004,-0.000112,-0.000147,-0.000097,-0.000080,-0.000044,-0.000003,0.000001,-0.000057,-0.000087,0.000015,0.000090,0.000098,0.000036,-0.000038,-0.000062,-0.000064,-0.000031,-0.000060,-0.000078,-0.000049,-0.000099,-0.000196,-0.000213,-0.000097,-0.000024,-0.000119,-0.000222,-0.000299,-0.000255,-0.000069,-0.000050,-0.000064,0.000082,0.000246,
-0.011822,-0.009374,-0.005774,0.001658,0.007723,0.007888,0.002800,-0.001133,-0.001428,-0.000053,0.001467,0.002277,0.001859,0.000890,0.000006,-0.000641,-0.000410,0.000527,0.001235,0.001537,0.001476,0.001132,0.000541,-0.000438,-0.001373,-0.001720,-0.001098,0.000078,0.000755,0.000731,0.000408,-0.000094,-0.000393,-0.000127,0.000308,0.000545,0.000572,0.000304,-0.000200,-0.000936,-0.001361,-0.000808,0.000025,0.000388,0.000330,0.000039,-0.000300,-0.000426,-0.000499,-0.000830,-0.001028,-0.000719,-0.000476,-0.000299,0.000019,0.000179,0.000164,0.000185,0.000105,-0.000396,-0.001032,-0.001390,-0.001132,0.000158,0.001686,0.002033,0.001414,0.000767,0.000199,-0.000396,-0.000733,-0.000810,-0.000607,-0.000051,0.000412,0.000511,0.000253,0.000046,0.000229,0.000278,0.000208,0.000309,0.000363,0.000441,0.000959,0.001688,0.001537,0.000316,-0.000795,-0.001051,-0.000846,-0.000566,-0.000283,-0.000008,0.000194,0.000253,0.000280,0.000339,0.000169,-0.000012,-0.000001,0.000023,0.000064,-0.000026,-0.000136,-0.000066,-0.000018,-0.000065,-0.000180,-0.000158,-0.000109,-0.000133,0.000015,0.000058,0.000006,-0.000008,-0.000038,0.000054,0.000084,-0.000009,-0.000103,-0.000187,-0.000197,-0.000075,0.000145,0.000229,0.000186,0.000182,0.000099,0.000021,0.000039,0.000012,-0.000092,-0.000150,-0.000153,-0.000062,0.000164,0.000233,0.016179,0.011143,0.010851,0.010545,0.008831,0.005909,0.003602,0.002413,0.001789,0.001817,0.001685,0.000708,-0.000162,-0.000688,-0.001372,-0.001281,0.000129,0.001243,0.001367,0.000908,-0.000063,-0.000975,-0.001192,-0.000681,0.000042,0.000500,0.000452,-0.000228,-0.001144,-0.001480,-0.000993,-0.000298,0.000243,0.000533,0.000323,-0.000081,-0.000117,0.000156,0.000310,0.000317,0.000333,0.000271,0.000098,0.000025,-0.000075,-0.000086,-0.000023,0.000046,0.000056,-0.000086,-0.000199,-0.000140,-0.000013,0.000209,0.000288,0.000085,0.000218,0.000715,0.000730,0.000032,-0.000131,0.000890,0.001949,0.001605,-0.000218,-0.001568,-0.001620,-0.001600,-0.001726,-0.001636,-0.001231,-0.000546,0.000325,0.000782,0.000389,-0.000264,-0.000435,-0.000037,0.000328,0.000416,0.000182,-0.000040,-0.000027,0.000076,0.000129,-0.000203,-0.000817,-0.001548,-0.002107,-0.002233,-0.001589,-0.000408,0.000258,0.000186,-0.000009,0.000096,0.000144,-0.000148,-0.000361,-0.000201,-0.000034,-0.000030,-0.000039,-0.000142,-0.000236,-0.000217,-0.000221,-0.000199,-0.000047,0.000046,0.000083,0.000014,-0.000041,0.000048,0.000056,-0.000089,-0.000220,-0.000284,-0.000232,-0.000223,-0.000132,-0.000051,-0.000115,-0.000186,-0.000169,-0.000167,-0.000098,-0.000038,-0.000070,-0.000182,-0.000191,-0.000131,-0.000080,-0.000029,-0.000088,-0.000083,0.000026,0.000028,
-0.011785,-0.009397,-0.005808,0.001645,0.007736,0.008041,0.002991,-0.001033,-0.001331,0.000005,0.001481,0.002321,0.002002,0.000986,-0.000111,-0.000829,-0.000491,0.000628,0.001469,0.001695,0.001549,0.001180,0.000604,-0.000284,-0.001314,-0.001762,-0.001217,-0.000051,0.000839,0.000944,0.000606,0.000130,-0.000278,-0.000311,0.000113,0.000536,0.000752,0.000712,0.000072,-0.000913,-0.001243,-0.000730,0.000040,0.000450,0.000386,0.000168,-0.000110,-0.000400,-0.000626,-0.000855,-0.000959,-0.000841,-0.000633,-0.000373,-0.000035,0.000193,0.000126,0.000067,0.000099,-0.000317,-0.001013,-0.001490,-0.001429,-0.000352,0.001008,0.001452,0.001007,0.000432,-0.000209,-0.000741,-0.001036,-0.001192,-0.000951,-0.000234,0.000287,0.000175,-0.000019,-0.000094,-0.000098,-0.000055,0.000012,0.000092,0.000193,0.000453,0.000975,0.001627,0.001487,0.000289,-0.000786,-0.001012,-0.000852,-0.000631,-0.000341,-0.000123,0.000093,0.000274,0.000358,0.000348,0.000193,0.000023,0.000001,0.000120,0.000097,-0.000042,-0.000064,-0.000055,0.000003,0.000004,-0.000055,-0.000026,-0.000084,-0.000202,-0.000147,0.000005,0.000050,0.000080,0.000101,-0.000025,-0.000096,0.000035,0.000043,0.000028,0.000052,0.000027,0.000079,0.000137,0.000098,0.000029,0.000068,0.000088,0.000074,0.000063,-0.000054,-0.000165,-0.000048,0.000120,0.000254,0.000264,0.015992,0.010995,0.010847,0.010573,0.008892,0.005979,0.003561,0.002338,0.001704,0.001733,0.001579,0.000732,-0.000026,-0.000680,-0.001266,-0.001081,0.000080,0.001102,0.001400,0.001004,0.000042,-0.000920,-0.001246,-0.000689,0.000110,0.000475,0.000357,-0.000287,-0.001151,-0.001463,-0.001144,-0.000834,-0.000578,-0.000219,0.000068,0.000239,0.000373,0.000494,0.000626,0.000526,0.000344,0.000274,0.000218,0.000195,0.000033,-0.000164,-0.000088,-0.000002,-0.000089,-0.000073,0.000005,0.000057,0.000242,0.000453,0.000411,0.000189,0.000248,0.000687,0.000718,0.000029,-0.000151,0.000786,0.001805,0.001611,0.000070,-0.001288,-0.001596,-0.001595,-0.001736,-0.001778,-0.001359,-0.000511,0.000501,0.000930,0.000377,-0.000375,-0.000590,-0.000188,0.000284,0.000326,0.000160,0.000050,0.000025,0.000120,0.000160,-0.000145,-0.000740,-0.001455,-0.002073,-0.002191,-0.001551,-0.000507,0.000245,0.000239,-0.000007,0.000013,0.000018,-0.000171,-0.000252,-0.000052,0.000005,0.000042,0.000103,-0.000025,-0.000127,-0.000192,-0.000128,0.000072,0.000016,-0.000061,-0.000018,-0.000032,-0.000049,-0.000004,0.000047,-0.000081,-0.000033,0.000067,0.000060,0.000114,0.000081,-0.000020,-0.000051,-0.000090,-0.000130,-0.000134,-0.000185,-0.000079,0.000052,-0.000047,-0.000043,0.000047,0.000027,0.000023,-0.000002,-0.000065,-0.000105,-0.000023,
-0.012231,-0.009803,-0.006082,0.001563,0.007745,0.007917,0.002770,-0.001108,-0.001398,-0.000209,0.001310,0.002193,0.001850,0.000923,0.000020,-0.000644,-0.000357,0.000626,0.001354,0.001603,0.001502,0.001157,0.000519,-0.000488,-0.001477,-0.001703,-0.001109,0.000031,0.000972,0.001043,0.000652,0.000188,-0.000184,-0.000195,0.000171,0.000548,0.000746,0.000737,0.000126,-0.000890,-0.001313,-0.000876,-0.000087,0.000396,0.000382,0.000081,-0.000234,-0.000414,-0.000677,-0.000964,-0.001032,-0.000882,-0.000632,-0.000304,0.000007,0.000117,0.000078,-0.000011,-0.000097,-0.000477,-0.000963,-0.001084,-0.000788,0.000257,0.001487,0.001853,0.001393,0.000718,-0.000065,-0.000719,-0.001008,-0.001320,-0.001237,-0.000575,0.000044,0.000195,0.000009,-0.000085,0.000002,0.000130,0.000197,0.000159,0.000183,0.000469,0.001096,0.001682,0.001453,0.000260,-0.000872,-0.001177,-0.000913,-0.000696,-0.000449,-0.000101,0.000097,0.000265,0.000378,0.000378,0.000143,-0.000033,0.000018,-0.000048,-0.000087,-0.000082,-0.000080,-0.000106,-0.000241,-0.000151,0.000006,0.000003,-0.000206,-0.000236,-0.000112,-0.000117,-0.000109,-0.000068,-0.000118,-0.000120,-0.000055,0.000054,0.000038,-0.000014,-0.000041,-0.000014,0.000043,0.000087,0.000032,-0.000032,0.000072,0.000143,0.000039,-0.000035,-0.000107,-0.000154,-0.000088,0.000070,0.000205,0.000135,0.015824,0.010705,0.010530,0.010531,0.009187,0.006336,0.003731,0.002427,0.001767,0.001709,0.001605,0.000739,-0.000005,-0.000607,-0.001331,-0.001199,0.000050,0.001119,0.001394,0.000986,0.000014,-0.000929,-0.001247,-0.000670,0.000121,0.000408,0.000329,-0.000140,-0.000897,-0.001325,-0.001214,-0.000966,-0.000810,-0.000487,0.000022,0.000257,0.000196,0.000203,0.000258,0.000292,0.000353,0.000380,0.000352,0.000192,-0.000142,-0.000316,-0.000239,-0.000154,-0.000157,-0.000013,0.000100,0.000034,0.000026,0.000289,0.000295,-0.000015,0.000163,0.000769,0.000944,0.000258,-0.000127,0.000686,0.001565,0.001165,-0.000469,-0.001754,-0.001919,-0.001815,-0.001799,-0.001672,-0.001269,-0.000577,0.000365,0.000895,0.000567,-0.000116,-0.000388,-0.000112,0.000252,0.000360,0.000193,0.000056,0.000062,0.000098,0.000059,-0.000124,-0.000645,-0.001553,-0.002251,-0.002251,-0.001576,-0.000554,0.000140,0.000188,0.000040,0.000018,-0.000012,-0.000117,-0.000131,-0.000014,0.000141,0.000194,0.000141,0.000117,0.000012,-0.000059,0.000017,0.000030,-0.000039,-0.000006,0.000062,0.000050,-0.000126,-0.000218,-0.000128,-0.000027,0.000004,0.000096,0.000169,0.000055,-0.000016,0.000039,0.000105,0.000103,-0.000072,-0.000147,-0.000037,0.000078,0.000009,-0.000050,0.000003,0.000029,0.000086,0.000121,0.000089,0.000021,-0.000008,-0.000013,
-0.012227,-0.009727,-0.006091,0.001371,0.007576,0.007816,0.002725,-0.001155,-0.001385,-0.000065,0.001453,0.002268,0.001873,0.000868,-0.000109,-0.000808,-0.000508,0.000609,0.001383,0.001557,0.001490,0.001117,0.000505,-0.000428,-0.001434,-0.001682,-0.001121,0.000058,0.000966,0.001055,0.000650,0.000156,-0.000178,-0.000217,0.000160,0.000584,0.000810,0.000774,0.000122,-0.000940,-0.001408,-0.000956,-0.000213,0.000351,0.000544,0.000180,-0.000289,-0.000450,-0.000527,-0.000798,-0.001067,-0.000955,-0.000664,-0.000289,0.000061,0.000209,0.000074,-0.000010,0.000069,-0.000293,-0.001034,-0.001446,-0.001234,-0.000147,0.001107,0.001535,0.001125,0.000421,-0.000412,-0.001066,-0.001239,-0.001190,-0.000918,-0.000375,0.000162,0.000322,0.000231,0.000135,0.000112,0.000052,0.000054,0.000115,0.000198,0.000523,0.001082,0.001645,0.001401,0.000206,-0.000750,-0.000816,-0.000626,-0.000557,-0.000258,0.000071,0.000187,0.000329,0.000531,0.000494,0.000169,0.000016,-0.000039,-0.000145,-0.000171,-0.000088,0.000028,-0.000021,-0.000103,0.000017,0.000003,-0.000114,-0.000148,-0.000182,-0.000094,-0.000020,0.000031,-0.000038,-0.000164,-0.000077,0.000096,0.000084,0.000005,0.000035,0.000031,-0.000011,0.000068,0.000182,0.000202,0.000192,0.000136,0.000053,0.000021,0.000029,-0.000066,-0.000205,-0.000125,-0.000013,0.000077,0.000095,0.015575,0.010610,0.010701,0.010652,0.009073,0.006171,0.003640,0.002364,0.001771,0.001768,0.001636,0.000758,-0.000030,-0.000632,-0.001284,-0.001104,0.000113,0.001168,0.001418,0.000935,-0.000036,-0.000933,-0.001244,-0.000786,0.000009,0.000413,0.000299,0.000015,-0.000641,-0.001250,-0.001276,-0.001152,-0.000905,-0.000398,0.000067,0.000247,0.000382,0.000369,0.000311,0.000286,0.000298,0.000309,0.000265,0.000119,-0.000111,-0.000202,-0.000158,-0.000087,-0.000107,-0.000185,-0.000169,-0.000073,0.000093,0.000314,0.000325,0.000136,0.000236,0.000711,0.000821,0.000226,-0.000002,0.000965,0.001884,0.001309,-0.000415,-0.001700,-0.001805,-0.001666,-0.001770,-0.001654,-0.001219,-0.000577,0.000139,0.000530,0.000346,-0.000182,-0.000407,-0.000149,0.000223,0.000472,0.000441,0.000176,0.000142,0.000217,0.000138,-0.000106,-0.000704,-0.001501,-0.002082,-0.002162,-0.001553,-0.000507,0.000103,0.000092,0.000039,0.000036,0.000053,-0.000035,-0.000224,-0.000203,-0.000103,-0.000023,0.000089,0.000038,-0.000152,-0.000183,-0.000038,0.000099,0.000151,0.000233,0.000165,-0.000039,-0.000104,-0.000069,0.000012,0.000035,-0.000055,-0.000064,-0.000080,-0.000109,-0.000097,-0.000098,-0.000095,-0.000010,0.000002,-0.000049,-0.000107,-0.000064,-0.000044,-0.000133,-0.000184,-0.000189,-0.000057,0.000063,0.000080,-0.000048,-0.000028,0.000056,
-0.011932,-0.009624,-0.006018,0.001603,0.007799,0.007949,0.002876,-0.001041,-0.001378,-0.000078,0.001410,0.002354,0.002008,0.000941,0.000027,-0.000633,-0.000369,0.000617,0.001258,0.001373,0.001347,0.001127,0.000554,-0.000420,-0.001412,-0.001680,-0.001095,0.000052,0.000831,0.000952,0.000741,0.000293,-0.000156,-0.000229,0.000056,0.000492,0.000807,0.000690,0.000114,-0.000808,-0.001308,-0.000858,-0.000081,0.000261,0.000333,0.000096,-0.000255,-0.000405,-0.000556,-0.000821,-0.000908,-0.000728,-0.000561,-0.000360,-0.000048,0.000062,-0.000012,0.000054,-0.000010,-0.000471,-0.000998,-0.001350,-0.001258,-0.000049,0.001739,0.002386,0.001667,0.000744,-0.000176,-0.000877,-0.001119,-0.001081,-0.000740,-0.000184,0.000187,0.000147,0.000016,-0.000009,0.000028,0.000055,0.000116,0.000232,0.000320,0.000548,0.001116,0.001678,0.001454,0.000225,-0.000866,-0.001028,-0.000741,-0.000572,-0.000373,-0.000103,0.000076,0.000158,0.000333,0.000396,0.000126,-0.000055,0.000020,0.000068,0.000053,-0.000011,-0.000034,-0.000064,-0.000129,-0.000046,0.000050,0.000021,-0.000093,-0.000114,-0.000005,0.000034,0.000026,-0.000017,-0.000027,-0.000052,-0.000010,0.000055,-0.000074,-0.000129,-0.000083,-0.000011,0.000157,0.000237,0.000127,0.000047,-0.000020,-0.000050,0.000009,-0.000010,-0.000038,-0.000071,-0.000124,0.000038,0.000158,0.000042,0.015738,0.010755,0.010749,0.010598,0.009111,0.006262,0.003647,0.002349,0.001816,0.001842,0.001570,0.000654,-0.000071,-0.000658,-0.001301,-0.001102,0.000145,0.001158,0.001377,0.000901,-0.000074,-0.000931,-0.001215,-0.000702,0.000022,0.000369,0.000435,0.000046,-0.000812,-0.001353,-0.001301,-0.001115,-0.000953,-0.000580,-0.000029,0.000417,0.000607,0.000549,0.000501,0.000418,0.000347,0.000321,0.000325,0.000214,-0.000042,-0.000187,-0.000179,-0.000131,-0.000157,-0.000196,-0.000150,-0.000131,-0.000065,0.000194,0.000219,0.000048,0.000203,0.000715,0.000774,0.000022,-0.000369,0.000366,0.001343,0.000997,-0.000630,-0.002076,-0.002475,-0.002324,-0.002111,-0.001744,-0.001241,-0.000551,0.000332,0.000848,0.000508,-0.000217,-0.000406,-0.000123,0.000206,0.000304,0.000190,0.000007,-0.000017,0.000152,0.000252,-0.000075,-0.000805,-0.001596,-0.002159,-0.002133,-0.001463,-0.000365,0.000393,0.000337,0.000082,0.000151,0.000178,-0.000029,-0.000140,-0.000046,0.000031,0.000083,0.000029,-0.000130,-0.000244,-0.000263,-0.000133,0.000000,0.000039,0.000070,0.000075,-0.000059,-0.000095,0.000058,0.000074,-0.000096,-0.000115,0.000078,0.000022,-0.000146,-0.000046,0.000015,-0.000018,0.000020,0.000087,0.000015,-0.000098,-0.000052,-0.000041,-0.000101,-0.000131,-0.000108,-0.000013,0.000082,0.000109,0.000082,0.000057,-0.000058,
-0.011741,-0.009512,-0.005833,0.001723,0.007816,0.008126,0.003063,-0.000950,-0.001223,0.000076,0.001552,0.002400,0.001926,0.000897,0.000088,-0.000550,-0.000236,0.000769,0.001364,0.001564,0.001514,0.001101,0.000486,-0.000499,-0.001515,-0.001794,-0.001188,-0.000027,0.000758,0.000830,0.000570,0.000225,-0.000120,-0.000179,0.000148,0.000486,0.000657,0.000710,0.000175,-0.000914,-0.001364,-0.000852,-0.000001,0.000425,0.000432,0.000222,-0.000061,-0.000247,-0.000543,-0.000826,-0.000994,-0.000873,-0.000587,-0.000273,0.000012,0.000153,0.000139,0.000121,0.000142,-0.000222,-0.000696,-0.000827,-0.000569,0.000182,0.001034,0.001317,0.001069,0.000555,-0.000170,-0.000754,-0.000929,-0.000972,-0.000728,-0.000069,0.000374,0.000309,0.000076,-0.000070,-0.000037,0.000136,0.000253,0.000259,0.000310,0.000501,0.001061,0.001749,0.001586,0.000328,-0.000899,-0.001242,-0.001018,-0.000745,-0.000420,-0.000122,0.000044,0.000203,0.000411,0.000341,0.000039,-0.000040,-0.000103,-0.000242,-0.000172,-0.000073,-0.000078,-0.000072,-0.000122,-0.000189,-0.000062,-0.000008,-0.000063,-0.000037,-0.000045,-0.000043,-0.000089,-0.000127,-0.000181,-0.000194,-0.000124,-0.000154,-0.000216,-0.000226,-0.000215,-0.000056,0.000128,0.000147,0.000055,0.000015,0.000057,0.000000,-0.000025,-0.000035,-0.000090,-0.000070,0.000006,0.000090,0.000098,0.000127,0.015840,0.010929,0.010915,0.010715,0.009076,0.006123,0.003521,0.002382,0.001862,0.001620,0.001347,0.000556,-0.000214,-0.000819,-0.001352,-0.001114,0.000074,0.001077,0.001293,0.000807,-0.000099,-0.000908,-0.001189,-0.000702,0.000059,0.000473,0.000379,-0.000180,-0.000975,-0.001427,-0.001247,-0.001084,-0.000872,-0.000477,-0.000140,0.000060,0.000159,0.000251,0.000438,0.000356,0.000192,0.000274,0.000292,0.000273,0.000171,-0.000005,-0.000038,-0.000039,-0.000224,-0.000240,-0.000121,-0.000061,0.000097,0.000327,0.000267,0.000092,0.000222,0.000739,0.000810,0.000175,0.000019,0.001011,0.001829,0.001200,-0.000278,-0.001368,-0.001548,-0.001567,-0.001681,-0.001608,-0.001247,-0.000567,0.000204,0.000593,0.000332,-0.000137,-0.000289,0.000007,0.000325,0.000431,0.000319,0.000145,0.000127,0.000184,0.000153,-0.000135,-0.000727,-0.001504,-0.002008,-0.002083,-0.001543,-0.000453,0.000217,0.000151,0.000039,0.000065,-0.000001,-0.000159,-0.000291,-0.000186,0.000015,0.000037,-0.000021,-0.000002,-0.000046,-0.000141,-0.000103,-0.000054,-0.000014,0.000072,-0.000005,-0.000102,-0.000094,-0.000059,-0.000037,-0.000022,0.000035,0.000077,0.000002,-0.000091,-0.000095,-0.000124,-0.000099,0.000004,-0.000036,-0.000153,-0.000133,0.000010,-0.000115,-0.000251,-0.000146,-0.000086,0.000019,0.000158,0.000115,0.000007,0.000030,0.000071,
-0.011839,-0.009661,-0.005872,0.001772,0.007870,0.007964,0.002863,-0.000903,-0.001082,0.000222,0.001724,0.002456,0.001969,0.000995,-0.000001,-0.000699,-0.000372,0.000610,0.001298,0.001567,0.001431,0.001020,0.000505,-0.000473,-0.001512,-0.001768,-0.001176,-0.000166,0.000512,0.000620,0.000390,0.000076,-0.000180,-0.000088,0.000208,0.000442,0.000538,0.000366,-0.000201,-0.001033,-0.001296,-0.000723,0.000015,0.000311,0.000232,-0.000028,-0.000365,-0.000511,-0.000567,-0.000703,-0.000827,-0.000774,-0.000585,-0.000265,0.000082,0.000175,0.000087,0.000141,0.000129,-0.000247,-0.000981,-0.001461,-0.001097,0.000126,0.001494,0.001802,0.001105,0.000429,-0.000092,-0.000647,-0.000857,-0.000843,-0.000625,-0.000082,0.000349,0.000343,0.000146,0.000072,0.000046,0.000023,0.000054,0.000146,0.000223,0.000441,0.001018,0.001619,0.001447,0.000263,-0.000900,-0.001145,-0.000879,-0.000634,-0.000424,-0.000163,0.000026,0.000213,0.000415,0.000337,0.000027,-0.000070,0.000020,0.000058,-0.000084,-0.000132,-0.000023,0.000011,-0.000026,-0.000016,-0.000047,-0.000216,-0.000235,-0.000076,0.000009,0.000107,0.000160,0.000104,0.000139,0.000205,0.000246,0.000131,-0.000044,-0.000110,-0.000182,-0.000131,0.000033,0.000167,0.000167,0.000089,0.000063,0.000007,-0.000068,-0.000029,0.000011,0.000015,0.000009,0.000062,0.000156,0.000229,0.015533,0.010722,0.010701,0.010342,0.008870,0.006136,0.003677,0.002479,0.001908,0.001835,0.001535,0.000728,0.000028,-0.000646,-0.001293,-0.001144,-0.000022,0.001029,0.001393,0.001079,0.000065,-0.000912,-0.001178,-0.000667,0.000057,0.000418,0.000272,-0.000358,-0.001140,-0.001436,-0.001027,-0.000540,-0.000195,0.000105,0.000187,-0.000008,0.000002,0.000189,0.000390,0.000413,0.000321,0.000306,0.000183,0.000017,-0.000069,-0.000060,-0.000035,-0.000058,-0.000132,-0.000105,0.000023,0.000040,0.000166,0.000325,0.000247,0.000114,0.000296,0.000736,0.000758,0.000177,0.000100,0.001128,0.002115,0.001441,-0.000473,-0.001742,-0.001780,-0.001549,-0.001634,-0.001797,-0.001468,-0.000589,0.000338,0.000829,0.000425,-0.000277,-0.000420,-0.000014,0.000317,0.000350,0.000233,0.000150,0.000076,0.000087,0.000200,-0.000011,-0.000730,-0.001607,-0.002203,-0.002219,-0.001466,-0.000282,0.000404,0.000386,0.000153,0.000136,0.000037,-0.000243,-0.000232,0.000071,0.000190,0.000115,-0.000024,-0.000151,-0.000104,-0.000168,-0.000225,-0.000126,-0.000029,0.000049,0.000003,-0.000097,0.000010,0.000083,-0.000016,-0.000141,-0.000084,0.000025,0.000138,0.000118,0.000042,0.000056,-0.000001,-0.000056,-0.000105,-0.000140,-0.000120,-0.000007,0.000001,-0.000060,0.000050,0.000135,0.000137,0.000038,-0.000039,-0.000001,0.000062,0.000094,
-0.011631,-0.009516,-0.005769,0.001843,0.007935,0.008124,0.003007,-0.000910,-0.001246,0.000016,0.001543,0.002386,0.001983,0.000944,-0.000059,-0.000751,-0.000369,0.000672,0.001310,0.001603,0.001666,0.001321,0.000638,-0.000407,-0.001450,-0.001808,-0.001218,-0.000039,0.000726,0.000855,0.000532,0.000075,-0.000232,-0.000055,0.000363,0.000535,0.000589,0.000534,-0.000009,-0.000966,-0.001328,-0.000730,0.000004,0.000304,0.000290,0.000075,-0.000257,-0.000389,-0.000552,-0.000923,-0.001085,-0.000931,-0.000659,-0.000366,0.000012,0.000204,0.000141,0.000105,0.000043,-0.000346,-0.000962,-0.001361,-0.001109,0.000128,0.001499,0.001865,0.001382,0.000663,-0.000115,-0.000731,-0.000837,-0.000850,-0.000657,-0.000132,0.000163,0.000170,0.000003,-0.000081,-0.000077,0.000014,0.000180,0.000211,0.000196,0.000442,0.000991,0.001645,0.001588,0.000339,-0.000917,-0.001064,-0.000747,-0.000531,-0.000227,-0.000022,0.000053,0.000228,0.000469,0.000507,0.000248,-0.000062,-0.000086,-0.000058,-0.000171,-0.000189,-0.000111,-0.000018,0.000108,0.000234,0.000201,0.000030,-0.000102,-0.000096,0.000043,0.000104,0.000126,0.000068,-0.000068,-0.000074,0.000013,0.000019,0.000002,-0.000105,-0.000193,-0.000117,-0.000014,0.000144,0.000232,0.000087,-0.000025,-0.000004,-0.000089,-0.000105,-0.000090,-0.000147,-0.000103,0.000070,0.000177,0.000169,0.015608,0.010759,0.010733,0.010434,0.008799,0.005945,0.003497,0.002396,0.001852,0.001682,0.001446,0.000603,-0.000177,-0.000754,-0.001318,-0.001126,0.000041,0.001057,0.001306,0.000885,-0.000119,-0.000962,-0.001178,-0.000683,0.000073,0.000519,0.000393,-0.000237,-0.001157,-0.001486,-0.001028,-0.000590,-0.000337,-0.000020,0.000129,0.000077,0.000085,0.000341,0.000568,0.000534,0.000412,0.000394,0.000359,0.000278,0.000103,-0.000028,-0.000029,-0.000035,-0.000008,-0.000018,-0.000052,-0.000073,0.000132,0.000343,0.000334,0.000186,0.000238,0.000764,0.000903,0.000226,-0.000058,0.000891,0.002001,0.001672,0.000024,-0.001268,-0.001497,-0.001571,-0.001740,-0.001754,-0.001330,-0.000491,0.000358,0.000742,0.000370,-0.000292,-0.000566,-0.000312,0.000152,0.000315,0.000189,0.000094,0.000120,0.000254,0.000203,-0.000139,-0.000731,-0.001435,-0.002046,-0.002206,-0.001513,-0.000461,0.000222,0.000326,0.000097,0.000025,-0.000033,-0.000242,-0.000310,-0.000223,-0.000086,0.000057,0.000139,0.000089,0.000017,-0.000029,-0.000044,0.000002,-0.000044,-0.000064,-0.000025,-0.000070,-0.000029,-0.000033,0.000001,0.000027,0.000037,0.000059,-0.000041,-0.000164,-0.000240,-0.000209,-0.000164,-0.000183,-0.000180,-0.000202,-0.000096,0.000052,0.000044,0.000010,-0.000043,-0.000132,-0.000097,0.000043,0.000095,0.000079,0.000086,-0.000020,
-0.012209,-0.009987,-0.006259,0.001356,0.007581,0.007959,0.002985,-0.000920,-0.001188,0.000053,0.001442,0.002345,0.002066,0.000980,-0.000032,-0.000653,-0.000367,0.000609,0.001296,0.001514,0.001419,0.001071,0.000490,-0.000488,-0.001476,-0.001722,-0.001100,0.000003,0.000781,0.000800,0.000496,0.000143,-0.000232,-0.000245,0.000235,0.000701,0.000890,0.000767,0.000115,-0.000973,-0.001448,-0.000862,-0.000116,0.000333,0.000486,0.000140,-0.000285,-0.000523,-0.000673,-0.000924,-0.001059,-0.000874,-0.000605,-0.000336,0.000096,0.000328,0.000149,0.000061,0.000071,-0.000290,-0.000854,-0.001132,-0.001021,-0.000175,0.001042,0.001585,0.001303,0.000719,-0.000004,-0.000687,-0.001060,-0.001316,-0.001215,-0.000564,0.000089,0.000198,-0.000015,-0.000045,0.000068,0.000186,0.000242,0.000229,0.000155,0.000411,0.001145,0.001721,0.001514,0.000371,-0.000721,-0.000955,-0.000828,-0.000750,-0.000497,-0.000108,0.000046,0.000201,0.000401,0.000439,0.000260,-0.000037,-0.000124,-0.000077,-0.000062,-0.000014,-0.000026,-0.000068,0.000038,0.000203,0.000194,0.000000,-0.000129,-0.000156,-0.000063,-0.000001,0.000000,-0.000118,-0.000179,-0.000029,0.000011,-0.000043,-0.000123,-0.000176,-0.000070,0.000031,0.000065,0.000143,0.000118,0.000129,0.000079,0.000021,0.000053,-0.000021,-0.000005,-0.000033,-0.000104,-0.000025,0.000113,0.000077,0.015242,0.010405,0.010564,0.010488,0.009093,0.006389,0.003745,0.002392,0.001826,0.001747,0.001479,0.000615,-0.000097,-0.000699,-0.001400,-0.001191,0.000091,0.001113,0.001338,0.001014,0.000204,-0.000758,-0.001168,-0.000628,0.000152,0.000457,0.000351,-0.000171,-0.000993,-0.001418,-0.001183,-0.000908,-0.000727,-0.000393,-0.000012,0.000251,0.000364,0.000438,0.000436,0.000272,0.000116,0.000124,0.000165,0.000133,-0.000029,-0.000238,-0.000286,-0.000215,-0.000127,0.000004,0.000116,0.000053,0.000101,0.000421,0.000441,0.000183,0.000256,0.000818,0.000992,0.000209,-0.000146,0.000787,0.001648,0.001160,-0.000347,-0.001559,-0.001768,-0.001707,-0.001784,-0.001791,-0.001487,-0.000740,0.000317,0.000995,0.000639,-0.000200,-0.000633,-0.000283,0.000269,0.000424,0.000336,0.000182,0.000168,0.000259,0.000244,-0.000143,-0.000718,-0.001466,-0.002158,-0.002245,-0.001559,-0.000547,0.000071,0.000086,-0.000030,0.000003,-0.000041,-0.000230,-0.000259,-0.000021,0.000092,0.000065,0.000074,0.000136,-0.000012,-0.000135,-0.000078,-0.000165,-0.000156,-0.000052,-0.000042,-0.000071,-0.000018,0.000055,0.000020,0.000017,0.000077,-0.000003,-0.000145,-0.000138,-0.000024,-0.000059,-0.000153,-0.000185,-0.000147,-0.000044,-0.000096,-0.000156,-0.000108,-0.000181,-0.000218,-0.000249,-0.000077,0.000232,0.000206,0.000013,0.000064,0.000088,
-0.011758,-0.009657,-0.005824,0.001880,0.007844,0.007978,0.002890,-0.001032,-0.001242,0.000061,0.001543,0.002324,0.001917,0.000942,-0.000019,-0.000699,-0.000351,0.000684,0.001216,0.001469,0.001521,0.001164,0.000495,-0.000486,-0.001389,-0.001584,-0.001046,-0.000008,0.000857,0.000937,0.000537,0.000047,-0.000278,-0.000190,0.000278,0.000683,0.000883,0.000815,0.000060,-0.001105,-0.001479,-0.000930,-0.000144,0.000330,0.000343,0.000092,-0.000258,-0.000426,-0.000627,-0.000890,-0.001008,-0.000920,-0.000600,-0.000296,-0.000069,0.000091,0.000072,0.000004,0.000087,-0.000308,-0.001054,-0.001356,-0.000957,0.000156,0.001275,0.001641,0.001277,0.000677,-0.000179,-0.000961,-0.001255,-0.001304,-0.001104,-0.000626,-0.000055,0.000144,0.000077,0.000115,0.000263,0.000281,0.000205,0.000165,0.000183,0.000455,0.001085,0.001662,0.001436,0.000215,-0.000999,-0.001227,-0.000884,-0.000667,-0.000471,-0.000129,0.000061,0.000166,0.000340,0.000403,0.000240,0.000081,-0.000006,-0.000125,-0.000043,0.000086,0.000075,-0.000023,-0.000073,-0.000017,0.000051,0.000009,-0.000139,-0.000127,-0.000090,-0.000059,0.000091,0.000105,-0.000058,-0.000036,0.000005,-0.000048,0.000007,-0.000019,-0.000043,0.000053,0.000064,0.000135,0.000258,0.000141,0.000018,0.000033,-0.000007,0.000012,0.000036,-0.000028,-0.000040,0.000041,0.000164,0.000201,0.015600,0.010712,0.010800,0.010489,0.008861,0.006041,0.003536,0.002333,0.001790,0.001729,0.001479,0.000576,-0.000262,-0.000807,-0.001286,-0.001052,0.000112,0.001070,0.001264,0.000907,-0.000046,-0.001036,-0.001325,-0.000796,0.000010,0.000409,0.000347,-0.000067,-0.000857,-0.001450,-0.001418,-0.001158,-0.000901,-0.000523,-0.000096,0.000132,0.000271,0.000427,0.000495,0.000314,0.000262,0.000260,0.000100,0.000059,-0.000063,-0.000175,-0.000187,-0.000191,-0.000194,-0.000185,-0.000150,-0.000223,-0.000049,0.000251,0.000258,0.000164,0.000390,0.000798,0.000780,0.000145,0.000029,0.001100,0.001960,0.001238,-0.000454,-0.001522,-0.001590,-0.001587,-0.001647,-0.001489,-0.001216,-0.000763,0.000038,0.000764,0.000670,-0.000024,-0.000409,-0.000179,0.000265,0.000505,0.000392,0.000079,0.000062,0.000119,0.000070,-0.000111,-0.000669,-0.001447,-0.002010,-0.002120,-0.001532,-0.000469,0.000019,-0.000012,0.000065,0.000084,-0.000082,-0.000183,-0.000176,-0.000076,0.000075,0.000127,0.000110,0.000139,0.000024,-0.000156,-0.000098,0.000033,0.000069,0.000139,0.000146,0.000002,-0.000108,-0.000075,-0.000002,0.000006,-0.000039,-0.000074,-0.000112,-0.000136,-0.000119,-0.000096,-0.000051,-0.000016,-0.000093,-0.000219,-0.000185,-0.000090,0.000001,-0.000025,-0.000187,-0.000277,-0.000107,0.000054,0.000115,0.000181,0.000148,0.000048,
-0.011845,-0.009726,-0.005951,0.001742,0.007945,0.008047,0.002924,-0.000824,-0.001100,0.000032,0.001541,0.002528,0.002101,0.000941,-0.000039,-0.000684,-0.000413,0.000634,0.001405,0.001613,0.001428,0.001015,0.000504,-0.000386,-0.001366,-0.001666,-0.001143,0.000039,0.000881,0.000893,0.000515,0.000073,-0.000277,-0.000302,0.000085,0.000588,0.000939,0.000878,0.000196,-0.000979,-0.001572,-0.001003,-0.000145,0.000317,0.000388,0.000135,-0.000180,-0.000346,-0.000499,-0.000741,-0.000823,-0.000756,-0.000628,-0.000315,0.000050,0.000231,0.000206,0.000154,0.000100,-0.000320,-0.001058,-0.001505,-0.001204,0.000057,0.001456,0.001818,0.001264,0.000504,-0.000350,-0.001057,-0.001151,-0.000993,-0.000705,-0.000208,0.000172,0.000240,0.000087,-0.000039,0.000045,0.000157,0.000213,0.000176,0.000309,0.000569,0.001059,0.001687,0.001525,0.000289,-0.000863,-0.001165,-0.001067,-0.000845,-0.000376,0.000013,0.000141,0.000300,0.000461,0.000371,0.000115,-0.000087,0.000016,0.000160,0.000089,-0.000033,-0.000009,0.000084,0.000095,0.000002,-0.000024,-0.000045,-0.000090,-0.000088,-0.000136,-0.000171,-0.000039,0.000011,0.000017,0.000037,0.000010,-0.000003,0.000009,-0.000083,-0.000150,0.000015,0.000108,0.000197,0.000273,0.000185,0.000111,0.000032,-0.000119,-0.000266,-0.000321,-0.000152,0.000055,0.000207,0.000240,0.000105,0.015586,0.010573,0.010679,0.010572,0.008882,0.006055,0.003736,0.002516,0.001798,0.001660,0.001438,0.000515,-0.000303,-0.000796,-0.001254,-0.001052,0.000206,0.001271,0.001462,0.001058,0.000070,-0.000945,-0.001208,-0.000605,0.000153,0.000506,0.000480,0.000065,-0.000690,-0.001224,-0.001152,-0.000962,-0.000683,-0.000280,0.000059,0.000314,0.000378,0.000397,0.000353,0.000327,0.000423,0.000448,0.000377,0.000189,-0.000081,-0.000221,-0.000112,-0.000025,-0.000061,-0.000093,-0.000040,-0.000014,0.000011,0.000181,0.000255,0.000096,0.000173,0.000771,0.000920,0.000173,-0.000215,0.000691,0.001821,0.001400,-0.000450,-0.001954,-0.002294,-0.002103,-0.001876,-0.001659,-0.001205,-0.000518,0.000214,0.000675,0.000402,-0.000179,-0.000348,-0.000174,0.000168,0.000392,0.000305,0.000040,-0.000069,0.000050,0.000127,-0.000101,-0.000650,-0.001371,-0.002020,-0.002160,-0.001499,-0.000449,0.000153,0.000177,0.000036,0.000000,0.000065,-0.000184,-0.000359,-0.000127,0.000070,0.000132,0.000105,-0.000003,-0.000025,-0.000043,-0.000025,0.000056,0.000032,0.000059,0.000127,0.000098,0.000040,0.000025,-0.000016,-0.000052,-0.000063,-0.000026,-0.000070,-0.000234,-0.000259,-0.000153,-0.000022,0.000011,-0.000052,-0.000090,-0.000059,-0.000051,-0.000130,-0.000192,-0.000215,-0.000198,-0.000128,0.000031,0.000090,0.000058,0.000029,0.000083,
-0.011639,-0.009491,-0.005950,0.001563,0.007812,0.008122,0.003014,-0.000945,-0.001299,-0.000037,0.001530,0.002387,0.001934,0.000896,0.000013,-0.000579,-0.000282,0.000677,0.001377,0.001605,0.001491,0.001058,0.000565,-0.000244,-0.001328,-0.001737,-0.001084,0.000075,0.000830,0.000896,0.000611,0.000223,-0.000212,-0.000289,0.000105,0.000550,0.000745,0.000664,0.000157,-0.000773,-0.001209,-0.000760,-0.000067,0.000352,0.000458,0.000287,0.000000,-0.000248,-0.000458,-0.000718,-0.000907,-0.000854,-0.000676,-0.000429,-0.000048,0.000263,0.000176,0.000067,0.000100,-0.000218,-0.000631,-0.000822,-0.000701,0.000113,0.001448,0.002120,0.001694,0.000844,0.000035,-0.000575,-0.000790,-0.000775,-0.000728,-0.000277,0.000116,0.000091,0.000053,0.000089,0.000138,0.000148,0.000102,0.000112,0.000189,0.000459,0.001022,0.001649,0.001537,0.000220,-0.001021,-0.001242,-0.001011,-0.000866,-0.000551,-0.000130,0.000113,0.000325,0.000495,0.000398,0.000075,-0.000050,0.000002,-0.000041,-0.000083,-0.000058,0.000037,-0.000027,-0.000185,-0.000104,-0.000028,-0.000064,-0.000146,-0.000234,-0.000206,-0.000066,0.000062,0.000059,-0.000073,-0.000088,-0.000008,-0.000044,-0.000170,-0.000179,-0.000082,0.000050,0.000209,0.000355,0.000309,0.000188,0.000151,0.000044,-0.000022,-0.000039,0.000002,0.000011,-0.000035,0.000128,0.000261,0.000194,0.015755,0.010799,0.010783,0.010435,0.008726,0.005937,0.003612,0.002403,0.001747,0.001629,0.001424,0.000609,-0.000111,-0.000647,-0.001214,-0.001050,0.000098,0.001073,0.001288,0.000875,-0.000001,-0.000823,-0.001158,-0.000722,0.000078,0.000462,0.000359,-0.000086,-0.000882,-0.001410,-0.001253,-0.000886,-0.000584,-0.000261,0.000050,0.000193,0.000306,0.000349,0.000327,0.000384,0.000517,0.000530,0.000435,0.000290,-0.000003,-0.000207,-0.000192,-0.000086,-0.000020,0.000051,0.000029,-0.000007,0.000208,0.000427,0.000388,0.000185,0.000201,0.000712,0.000750,0.000076,-0.000105,0.000753,0.001484,0.001054,-0.000278,-0.001308,-0.001552,-0.001631,-0.001698,-0.001629,-0.001320,-0.000528,0.000405,0.000802,0.000442,-0.000262,-0.000450,-0.000069,0.000306,0.000374,0.000268,0.000065,0.000026,0.000219,0.000203,-0.000169,-0.000806,-0.001536,-0.002065,-0.002193,-0.001654,-0.000517,0.000250,0.000316,0.000129,0.000100,0.000042,-0.000080,-0.000036,0.000149,0.000219,0.000124,0.000074,0.000024,-0.000079,-0.000128,-0.000065,-0.000033,-0.000035,0.000029,0.000023,-0.000144,-0.000165,-0.000000,0.000043,0.000044,0.000026,-0.000023,-0.000010,0.000020,0.000001,-0.000055,-0.000076,-0.000067,-0.000148,-0.000186,-0.000065,0.000091,0.000106,-0.000054,-0.000185,-0.000166,-0.000148,-0.000145,-0.000160,-0.000063,0.000116,0.000128,
-0.011504,-0.009214,-0.005560,0.001867,0.007911,0.008090,0.003018,-0.000889,-0.001155,0.000056,0.001545,0.002404,0.001929,0.000906,-0.000016,-0.000642,-0.000330,0.000718,0.001528,0.001692,0.001514,0.001139,0.000502,-0.000469,-0.001424,-0.001605,-0.001029,-0.000033,0.000662,0.000715,0.000458,0.000026,-0.000324,-0.000216,0.000213,0.000495,0.000583,0.000586,0.000214,-0.000674,-0.001205,-0.000820,-0.000095,0.000241,0.000286,0.000072,-0.000265,-0.000351,-0.000506,-0.000821,-0.000942,-0.000844,-0.000646,-0.000371,-0.000037,0.000045,0.000006,0.000140,0.000168,-0.000315,-0.001040,-0.001331,-0.000882,0.000173,0.001205,0.001528,0.001163,0.000598,-0.000143,-0.000753,-0.000969,-0.001002,-0.000743,-0.000138,0.000322,0.000287,0.000025,-0.000169,-0.000180,-0.000078,0.000043,0.000158,0.000310,0.000566,0.001104,0.001672,0.001378,0.000208,-0.000772,-0.001057,-0.000962,-0.000789,-0.000470,-0.000124,0.000041,0.000250,0.000552,0.000495,0.000171,0.000038,-0.000048,-0.000032,0.000103,0.000089,-0.000059,-0.000168,-0.000243,-0.000107,0.000053,-0.000003,-0.000090,-0.000058,0.000026,0.000069,0.000120,0.000106,-0.000018,-0.000096,-0.000092,-0.000115,-0.000116,-0.000015,0.000014,0.000028,0.000130,0.000186,0.000166,0.000138,0.000024,-0.000123,-0.000189,-0.000185,-0.000179,-0.000216,-0.000155,-0.000001,0.000083,0.000187,0.016172,0.011165,0.010900,0.010276,0.008410,0.005640,0.003544,0.002548,0.001870,0.001695,0.001374,0.000417,-0.000350,-0.000917,-0.001398,-0.001068,0.000154,0.001157,0.001370,0.000955,0.000051,-0.000850,-0.001240,-0.000745,0.000088,0.000485,0.000394,-0.000199,-0.001161,-0.001538,-0.001143,-0.000799,-0.000528,-0.000202,0.000015,0.000128,0.000226,0.000279,0.000292,0.000326,0.000392,0.000385,0.000271,0.000194,0.000040,-0.000076,-0.000009,0.000065,-0.000051,-0.000171,-0.000144,-0.000080,0.000109,0.000350,0.000278,0.000160,0.000347,0.000869,0.001019,0.000456,0.000253,0.001214,0.002106,0.001286,-0.000758,-0.002025,-0.001903,-0.001651,-0.001783,-0.001793,-0.001342,-0.000644,0.000175,0.000678,0.000426,-0.000221,-0.000584,-0.000263,0.000224,0.000290,0.000195,0.000049,-0.000031,0.000055,0.000226,-0.000098,-0.000867,-0.001546,-0.002095,-0.002267,-0.001701,-0.000633,0.000168,0.000287,0.000090,-0.000008,-0.000026,-0.000123,-0.000218,-0.000039,0.000164,0.000170,0.000137,0.000066,-0.000021,-0.000053,-0.000066,-0.000081,-0.000058,0.000028,0.000103,-0.000104,-0.000248,-0.000103,-0.000097,-0.000149,-0.000018,0.000092,0.000045,-0.000007,-0.000020,-0.000042,-0.000048,-0.000053,-0.000140,-0.000204,-0.000259,-0.000204,-0.000081,-0.000070,-0.000173,-0.000202,-0.000066,0.000005,-0.000046,-0.000121,-0.000100,-0.000093,
-0.011801,-0.009274,-0.005763,0.001647,0.007844,0.008076,0.002976,-0.000953,-0.001241,-0.000058,0.001414,0.002264,0.001779,0.000758,-0.000164,-0.000819,-0.000441,0.000660,0.001409,0.001705,0.001575,0.001087,0.000476,-0.000351,-0.001319,-0.001660,-0.001127,-0.000135,0.000718,0.000852,0.000424,-0.000111,-0.000435,-0.000214,0.000289,0.000520,0.000451,0.000352,-0.000096,-0.001043,-0.001402,-0.000708,0.000033,0.000285,0.000292,0.000028,-0.000330,-0.000408,-0.000476,-0.000720,-0.000906,-0.000827,-0.000557,-0.000229,0.000094,0.000219,0.000117,0.000101,0.000058,-0.000369,-0.001031,-0.001344,-0.000995,0.000268,0.001669,0.001936,0.001357,0.000713,0.000125,-0.000444,-0.000789,-0.000913,-0.000639,-0.000009,0.000403,0.000391,0.000148,-0.000003,-0.000000,0.000099,0.000171,0.000285,0.000404,0.000559,0.001070,0.001707,0.001573,0.000308,-0.000886,-0.001088,-0.000754,-0.000419,-0.000293,-0.000094,0.000118,0.000209,0.000377,0.000407,0.000266,0.000151,-0.000011,-0.000073,-0.000048,-0.000061,-0.000041,-0.000094,-0.000140,-0.000065,-0.000029,-0.000123,-0.000237,-0.000230,-0.000091,0.000046,0.000118,0.000034,-0.000095,-0.000158,-0.000139,-0.000020,0.000015,-0.000116,-0.000203,-0.000075,0.000200,0.000298,0.000253,0.000152,-0.000055,-0.000115,-0.000109,0.000017,0.000073,0.000016,0.000022,0.000022,0.000021,-0.000015,0.016212,0.011086,0.010769,0.010330,0.008725,0.005931,0.003577,0.002488,0.001949,0.001879,0.001656,0.000678,-0.000243,-0.000773,-0.001334,-0.001274,0.000008,0.001125,0.001288,0.000937,0.000065,-0.000894,-0.001176,-0.000608,0.000138,0.000530,0.000413,-0.000207,-0.001075,-0.001412,-0.000880,-0.000252,0.000197,0.000405,0.000197,0.000057,0.000047,0.000116,0.000388,0.000551,0.000538,0.000342,0.000102,-0.000013,-0.000095,-0.000058,0.000008,0.000113,0.000075,-0.000116,-0.000121,0.000019,0.000149,0.000376,0.000485,0.000265,0.000271,0.000683,0.000674,0.000075,-0.000174,0.000800,0.001935,0.001570,-0.000090,-0.001407,-0.001619,-0.001537,-0.001640,-0.001622,-0.001237,-0.000639,0.000150,0.000765,0.000533,-0.000199,-0.000508,-0.000226,0.000264,0.000417,0.000352,0.000103,-0.000058,0.000049,0.000092,-0.000138,-0.000740,-0.001603,-0.002249,-0.002296,-0.001624,-0.000499,0.000223,0.000203,0.000022,-0.000032,-0.000132,-0.000264,-0.000250,-0.000144,-0.000060,0.000044,0.000102,0.000032,-0.000109,-0.000234,-0.000178,-0.000031,-0.000011,0.000000,0.000024,-0.000134,-0.000241,-0.000096,0.000026,-0.000008,-0.000148,-0.000050,0.000122,0.000145,0.000082,0.000001,-0.000037,-0.000083,-0.000191,-0.000215,-0.000045,0.000018,-0.000056,-0.000087,-0.000122,-0.000167,-0.000058,0.000083,0.000091,0.000097,0.000172,0.000071,
-0.011989,-0.009336,-0.005991,0.001332,0.007641,0.008074,0.003112,-0.000861,-0.001408,-0.000215,0.001474,0.002416,0.002040,0.000842,-0.000183,-0.000741,-0.000379,0.000698,0.001364,0.001613,0.001576,0.001155,0.000492,-0.000489,-0.001479,-0.001783,-0.001137,0.000039,0.000886,0.000932,0.000521,0.000064,-0.000256,-0.000175,0.000252,0.000698,0.000944,0.000843,0.000119,-0.000915,-0.001302,-0.000807,-0.000125,0.000312,0.000394,0.000126,-0.000248,-0.000394,-0.000589,-0.000935,-0.001088,-0.000892,-0.000533,-0.000211,0.000110,0.000207,0.000013,-0.000090,-0.000082,-0.000459,-0.000985,-0.001347,-0.001300,-0.000357,0.000973,0.001521,0.001135,0.000528,-0.000094,-0.000653,-0.000997,-0.001160,-0.000955,-0.000369,0.000174,0.000243,-0.000023,-0.000132,0.000021,0.000188,0.000258,0.000267,0.000245,0.000505,0.001067,0.001660,0.001555,0.000408,-0.000669,-0.000903,-0.000787,-0.000627,-0.000469,-0.000227,0.000104,0.000275,0.000378,0.000254,-0.000049,-0.000194,-0.000116,-0.000055,-0.000082,-0.000099,-0.000040,0.000068,0.000027,0.000037,0.000073,-0.000023,-0.000140,-0.000192,-0.000166,0.000011,0.000171,0.000109,-0.000005,-0.000121,-0.000116,0.000019,0.000058,-0.000057,-0.000114,-0.000072,0.000037,0.000214,0.000195,0.000142,0.000088,-0.000027,-0.000106,-0.000148,-0.000159,-0.000206,-0.000154,0.000016,0.000098,0.000129,0.016201,0.011122,0.010844,0.010377,0.008727,0.005975,0.003629,0.002527,0.001953,0.001819,0.001634,0.000765,-0.000026,-0.000668,-0.001272,-0.001056,0.000160,0.001231,0.001416,0.000947,-0.000045,-0.001008,-0.001233,-0.000682,0.000005,0.000380,0.000288,-0.000323,-0.001162,-0.001483,-0.001179,-0.000823,-0.000560,-0.000205,0.000067,0.000157,0.000305,0.000454,0.000600,0.000614,0.000530,0.000373,0.000244,0.000174,-0.000049,-0.000154,-0.000056,-0.000048,-0.000126,-0.000080,-0.000042,-0.000115,-0.000049,0.000274,0.000331,0.000095,0.000186,0.000696,0.000758,0.000073,-0.000119,0.000789,0.001755,0.001538,0.000076,-0.001276,-0.001633,-0.001628,-0.001754,-0.001815,-0.001446,-0.000553,0.000537,0.001030,0.000538,-0.000231,-0.000514,-0.000177,0.000257,0.000327,0.000176,0.000127,0.000127,0.000295,0.000437,0.000104,-0.000739,-0.001628,-0.002198,-0.002322,-0.001644,-0.000508,0.000184,0.000172,-0.000055,-0.000042,0.000010,-0.000075,-0.000212,-0.000075,0.000147,0.000151,0.000120,0.000031,-0.000130,-0.000165,-0.000095,-0.000117,-0.000005,0.000210,0.000209,0.000072,-0.000026,-0.000039,0.000068,0.000093,-0.000015,0.000018,0.000051,-0.000087,-0.000057,0.000015,-0.000036,-0.000004,0.000020,-0.000017,0.000021,0.000159,0.000125,-0.000036,-0.000068,-0.000167,-0.000096,0.000123,0.000139,0.000022,-0.000033,0.000007,
-0.011888,-0.008976,-0.005510,0.001699,0.007880,0.008132,0.002927,-0.001089,-0.001463,-0.000202,0.001389,0.002262,0.001812,0.000814,-0.000178,-0.000884,-0.000528,0.000599,0.001387,0.001592,0.001490,0.001065,0.000484,-0.000408,-0.001362,-0.001616,-0.001036,-0.000051,0.000694,0.000870,0.000680,0.000413,-0.000036,-0.000274,0.000058,0.000580,0.000885,0.000784,0.000085,-0.000978,-0.001411,-0.000852,0.000057,0.000561,0.000515,0.000147,-0.000230,-0.000439,-0.000624,-0.000903,-0.001057,-0.000834,-0.000601,-0.000368,0.000028,0.000205,0.000110,0.000072,0.000101,-0.000241,-0.000883,-0.001203,-0.000910,0.000185,0.001556,0.002088,0.001592,0.000755,-0.000135,-0.000812,-0.001070,-0.001306,-0.001293,-0.000700,-0.000016,0.000175,0.000058,0.000002,0.000149,0.000284,0.000275,0.000256,0.000239,0.000482,0.001082,0.001714,0.001556,0.000313,-0.000855,-0.001081,-0.000854,-0.000704,-0.000460,-0.000122,0.000063,0.000263,0.000435,0.000365,0.000102,-0.000072,-0.000080,0.000003,0.000037,0.000033,0.000111,0.000029,-0.000083,0.000060,0.000049,-0.000050,-0.000027,0.000003,-0.000041,-0.000013,0.000048,0.000011,-0.000043,-0.000104,-0.000169,-0.000220,-0.000188,-0.000139,-0.000112,-0.000065,0.000032,0.000128,0.000104,0.000066,0.000089,0.000025,-0.000050,-0.000027,-0.000137,-0.000100,0.000000,0.000026,0.000133,0.000216,0.016713,0.011324,0.010796,0.010392,0.008699,0.005744,0.003425,0.002505,0.001961,0.001897,0.001717,0.000765,-0.000046,-0.000631,-0.001275,-0.001093,0.000150,0.001199,0.001415,0.000919,-0.000006,-0.000865,-0.001168,-0.000571,0.000324,0.000615,0.000308,-0.000339,-0.001074,-0.001422,-0.001289,-0.001066,-0.000797,-0.000311,0.000123,0.000316,0.000398,0.000367,0.000276,0.000244,0.000312,0.000273,0.000187,0.000146,-0.000050,-0.000182,-0.000117,-0.000126,-0.000053,0.000051,-0.000021,-0.000041,0.000214,0.000411,0.000299,0.000045,0.000088,0.000639,0.000777,0.000231,0.000019,0.000852,0.001644,0.001053,-0.000465,-0.001570,-0.001708,-0.001754,-0.001961,-0.001952,-0.001614,-0.000778,0.000289,0.000817,0.000414,-0.000224,-0.000368,-0.000046,0.000355,0.000437,0.000326,0.000215,0.000186,0.000224,0.000149,-0.000273,-0.000851,-0.001589,-0.002216,-0.002299,-0.001653,-0.000539,0.000195,0.000241,0.000095,0.000017,-0.000074,-0.000245,-0.000286,-0.000086,0.000096,0.000098,0.000068,-0.000031,-0.000096,-0.000088,-0.000064,0.000045,0.000132,0.000162,0.000059,-0.000125,-0.000188,-0.000109,0.000038,0.000073,0.000041,-0.000022,-0.000141,-0.000123,0.000081,0.000044,-0.000109,-0.000026,0.000018,-0.000097,-0.000114,-0.000034,-0.000017,-0.000123,-0.000224,-0.000108,0.000061,0.000106,0.000112,0.000037,-0.000012,0.000014,
-0.011814,-0.008882,-0.005531,0.001689,0.007843,0.008064,0.003068,-0.000894,-0.001300,-0.000086,0.001364,0.002219,0.001867,0.000872,-0.000075,-0.000745,-0.000467,0.000675,0.001488,0.001601,0.001473,0.001223,0.000605,-0.000449,-0.001452,-0.001686,-0.000913,0.000308,0.001027,0.001058,0.000681,0.000188,-0.000132,-0.000115,0.000262,0.000626,0.000810,0.000693,0.000071,-0.000917,-0.001385,-0.000885,-0.000098,0.000405,0.000468,0.000240,-0.000072,-0.000258,-0.000451,-0.000761,-0.000890,-0.000815,-0.000614,-0.000296,0.000061,0.000235,0.000134,0.000033,-0.000069,-0.000523,-0.001102,-0.001441,-0.001228,-0.000098,0.001199,0.001531,0.000968,0.000304,-0.000393,-0.000939,-0.001092,-0.001037,-0.000725,-0.000200,0.000115,0.000105,0.000002,-0.000004,0.000006,0.000062,0.000259,0.000253,0.000170,0.000441,0.001086,0.001622,0.001358,0.000127,-0.000918,-0.001028,-0.000806,-0.000620,-0.000276,0.000041,0.000038,0.000107,0.000333,0.000405,0.000241,-0.000093,-0.000196,-0.000092,-0.000147,-0.000243,-0.000174,-0.000064,-0.000089,-0.000170,-0.000147,-0.000140,-0.000134,-0.000134,-0.000155,-0.000141,-0.000136,-0.000092,-0.000087,-0.000171,-0.000122,0.000025,-0.000042,-0.000110,-0.000117,-0.000122,-0.000016,0.000148,0.000184,0.000111,0.000041,-0.000053,-0.000087,-0.000098,-0.000113,-0.000055,0.000000,0.000027,0.000093,0.000086,0.016835,0.011520,0.010937,0.010354,0.008472,0.005492,0.003290,0.002488,0.002066,0.002024,0.001875,0.000892,-0.000017,-0.000628,-0.001273,-0.001084,0.000231,0.001229,0.001346,0.000918,-0.000002,-0.000875,-0.001058,-0.000488,0.000223,0.000577,0.000466,-0.000053,-0.000808,-0.001225,-0.001173,-0.001074,-0.000871,-0.000400,0.000023,0.000258,0.000385,0.000349,0.000340,0.000395,0.000407,0.000349,0.000312,0.000219,0.000036,-0.000123,-0.000146,-0.000138,-0.000189,-0.000125,-0.000061,-0.000053,0.000036,0.000181,0.000136,-0.000056,0.000131,0.000737,0.000847,0.000205,-0.000068,0.000899,0.002007,0.001542,-0.000367,-0.001793,-0.001910,-0.001772,-0.001751,-0.001539,-0.001177,-0.000609,0.000172,0.000630,0.000362,-0.000199,-0.000523,-0.000264,0.000231,0.000332,0.000231,0.000096,0.000014,0.000108,0.000204,-0.000044,-0.000655,-0.001454,-0.002200,-0.002358,-0.001655,-0.000543,0.000143,0.000139,-0.000029,0.000011,0.000033,-0.000196,-0.000261,-0.000106,-0.000006,0.000131,0.000124,-0.000096,-0.000207,-0.000161,-0.000089,-0.000036,0.000018,0.000085,-0.000009,-0.000179,-0.000135,0.000009,0.000032,-0.000049,-0.000085,-0.000009,-0.000021,-0.000136,-0.000143,-0.000173,-0.000193,0.000006,0.000098,0.000008,-0.000078,-0.000140,-0.000139,-0.000161,-0.000214,-0.000238,-0.000173,-0.000076,-0.000014,0.000030,0.000070,0.000059,
-0.011590,-0.008464,-0.005070,0.002018,0.008251,0.008348,0.002975,-0.001113,-0.001565,-0.000266,0.001292,0.002217,0.001936,0.000875,-0.000293,-0.001040,-0.000663,0.000559,0.001407,0.001579,0.001427,0.000969,0.000285,-0.000562,-0.001382,-0.001619,-0.001044,-0.000038,0.000635,0.000674,0.000433,0.000125,-0.000176,-0.000221,-0.000048,0.000443,0.000918,0.000805,0.000089,-0.000918,-0.001356,-0.000830,-0.000014,0.000316,0.000236,-0.000032,-0.000418,-0.000532,-0.000599,-0.000942,-0.000991,-0.000710,-0.000596,-0.000398,-0.000030,0.000095,-0.000005,0.000083,0.000071,-0.000442,-0.001035,-0.001435,-0.001217,0.000087,0.001759,0.002481,0.001919,0.000842,-0.000240,-0.000859,-0.001013,-0.001032,-0.000763,-0.000262,0.000112,0.000112,-0.000168,-0.000185,-0.000004,0.000039,0.000066,0.000130,0.000274,0.000665,0.001164,0.001559,0.001467,0.000288,-0.001041,-0.001337,-0.001011,-0.000637,-0.000210,0.000159,0.000267,0.000286,0.000408,0.000399,0.000199,0.000020,-0.000127,-0.000187,-0.000031,0.000019,-0.000068,-0.000119,-0.000178,-0.000104,0.000073,0.000014,-0.000135,-0.000142,-0.000103,-0.000063,0.000069,0.000083,-0.000117,-0.000083,-0.000038,-0.000017,0.000010,-0.000066,-0.000020,0.000073,0.000138,0.000263,0.000342,0.000241,0.000084,-0.000039,-0.000031,-0.000052,-0.000169,-0.000176,-0.000055,0.000079,0.000187,0.000159,0.017175,0.011674,0.010846,0.010198,0.008307,0.005348,0.003144,0.002266,0.001892,0.001904,0.001644,0.000674,-0.000083,-0.000599,-0.001187,-0.001034,0.000165,0.001060,0.001213,0.000906,0.000037,-0.000854,-0.001145,-0.000724,0.000109,0.000621,0.000447,-0.000126,-0.000857,-0.001357,-0.001299,-0.001088,-0.000878,-0.000520,-0.000112,0.000148,0.000257,0.000351,0.000403,0.000433,0.000546,0.000547,0.000376,0.000240,-0.000011,-0.000234,-0.000200,-0.000070,0.000028,0.000047,-0.000004,0.000030,0.000079,0.000224,0.000290,0.000083,0.000176,0.000694,0.000776,0.000089,-0.000298,0.000490,0.001345,0.000945,-0.000662,-0.002054,-0.002314,-0.002163,-0.002031,-0.001716,-0.001294,-0.000540,0.000515,0.000934,0.000464,-0.000117,-0.000345,-0.000069,0.000310,0.000407,0.000411,0.000286,0.000127,0.000154,0.000196,-0.000145,-0.000880,-0.001607,-0.002067,-0.001993,-0.001329,-0.000338,0.000312,0.000327,0.000171,0.000077,0.000088,0.000021,-0.000016,0.000036,0.000038,0.000099,0.000251,0.000155,-0.000018,-0.000057,-0.000095,-0.000049,0.000057,0.000028,-0.000011,-0.000053,-0.000153,-0.000206,-0.000059,-0.000026,-0.000066,-0.000031,-0.000064,-0.000146,-0.000190,-0.000142,0.000003,0.000058,-0.000046,-0.000145,-0.000091,-0.000001,0.000034,-0.000068,-0.000306,-0.000299,-0.000218,-0.000120,0.000024,0.000041,-0.000032,-0.000064,
-0.011240,-0.008310,-0.005137,0.001911,0.008096,0.008312,0.003036,-0.001140,-0.001554,-0.000238,0.001384,0.002286,0.001845,0.000780,-0.000229,-0.000954,-0.000529,0.000701,0.001548,0.001850,0.001662,0.001053,0.000420,-0.000415,-0.001383,-0.001644,-0.000990,0.000087,0.000793,0.000858,0.000513,0.000123,-0.000165,-0.000180,0.000163,0.000468,0.000587,0.000569,0.000086,-0.000808,-0.001208,-0.000796,-0.000148,0.000263,0.000304,0.000096,-0.000095,-0.000182,-0.000387,-0.000732,-0.000951,-0.000824,-0.000532,-0.000290,-0.000058,0.000166,0.000138,0.000101,0.000095,-0.000306,-0.000768,-0.000809,-0.000522,0.000213,0.001066,0.001396,0.001168,0.000580,-0.000125,-0.000629,-0.000917,-0.001000,-0.000727,-0.000141,0.000330,0.000260,-0.000079,-0.000151,-0.000001,-0.000005,0.000034,0.000134,0.000190,0.000449,0.001039,0.001728,0.001598,0.000279,-0.000949,-0.001179,-0.000984,-0.000901,-0.000589,-0.000168,0.000070,0.000241,0.000367,0.000368,0.000132,-0.000113,-0.000119,-0.000012,0.000066,0.000052,-0.000032,-0.000164,-0.000163,0.000020,0.000117,0.000009,-0.000071,0.000000,0.000041,0.000097,0.000145,0.000070,-0.000048,-0.000063,0.000063,0.000113,-0.000029,-0.000094,-0.000086,-0.000016,0.000069,0.000143,0.000209,0.000185,0.000099,0.000076,0.000028,-0.000015,0.000027,-0.000030,-0.000081,0.000044,0.000221,0.000216,0.017207,0.011820,0.011049,0.010310,0.008223,0.005218,0.003203,0.002417,0.001959,0.001928,0.001722,0.000861,0.000043,-0.000627,-0.001248,-0.001057,0.000143,0.001038,0.001163,0.000727,-0.000172,-0.001033,-0.001241,-0.000648,0.000159,0.000436,0.000287,-0.000193,-0.001031,-0.001492,-0.001369,-0.001181,-0.001070,-0.000697,-0.000166,0.000104,0.000242,0.000336,0.000424,0.000420,0.000419,0.000402,0.000231,0.000026,-0.000042,-0.000026,0.000033,0.000030,-0.000058,-0.000050,-0.000014,-0.000055,0.000100,0.000323,0.000185,0.000013,0.000257,0.000701,0.000747,0.000239,0.000164,0.001128,0.001915,0.001303,-0.000295,-0.001426,-0.001639,-0.001661,-0.001740,-0.001502,-0.001098,-0.000548,0.000264,0.000662,0.000283,-0.000320,-0.000493,-0.000143,0.000312,0.000486,0.000320,0.000119,0.000121,0.000224,0.000243,-0.000061,-0.000679,-0.001537,-0.002165,-0.002293,-0.001684,-0.000498,0.000265,0.000282,0.000024,-0.000050,-0.000090,-0.000290,-0.000449,-0.000348,-0.000040,0.000110,0.000055,-0.000067,-0.000260,-0.000221,-0.000152,-0.000224,-0.000124,0.000060,0.000033,-0.000050,0.000039,0.000085,0.000002,-0.000045,0.000007,0.000017,-0.000066,-0.000146,-0.000126,-0.000122,-0.000073,-0.000129,-0.000188,-0.000167,-0.000122,-0.000051,0.000040,-0.000081,-0.000201,-0.000146,-0.000066,-0.000025,0.000079,0.000080,0.000016,0.000064,
-0.011724,-0.008524,-0.005393,0.001672,0.008038,0.008389,0.003100,-0.001131,-0.001650,-0.000389,0.001350,0.002375,0.001995,0.000874,-0.000249,-0.000992,-0.000611,0.000684,0.001596,0.001735,0.001499,0.001018,0.000471,-0.000393,-0.001357,-0.001587,-0.000963,-0.000080,0.000572,0.000688,0.000430,0.000071,-0.000200,-0.000143,0.000195,0.000400,0.000472,0.000390,-0.000125,-0.001063,-0.001496,-0.000782,0.000235,0.000502,0.000310,0.000002,-0.000259,-0.000358,-0.000453,-0.000692,-0.000947,-0.000959,-0.000782,-0.000379,0.000099,0.000241,-0.000018,-0.000044,-0.000015,-0.000357,-0.001029,-0.001561,-0.001273,-0.000019,0.001377,0.001841,0.001361,0.000740,0.000004,-0.000745,-0.001031,-0.001000,-0.000698,-0.000101,0.000400,0.000409,0.000097,-0.000059,0.000077,0.000103,0.000080,0.000144,0.000242,0.000393,0.000874,0.001510,0.001296,0.000122,-0.000884,-0.001110,-0.000883,-0.000628,-0.000289,-0.000015,0.000111,0.000305,0.000488,0.000407,0.000156,0.000017,0.000002,0.000098,0.000193,0.000091,0.000010,-0.000047,-0.000005,0.000164,0.000230,0.000022,-0.000198,-0.000283,-0.000198,-0.000082,0.000057,0.000102,-0.000008,-0.000071,-0.000047,-0.000024,-0.000073,-0.000074,-0.000012,0.000103,0.000139,0.000128,0.000100,-0.000024,-0.000002,0.000016,0.000037,0.000078,-0.000086,-0.000245,-0.000143,0.000067,0.000248,0.000303,0.017344,0.011752,0.010935,0.010262,0.008244,0.005361,0.003377,0.002514,0.001981,0.001908,0.001727,0.000757,0.000057,-0.000454,-0.001174,-0.001156,-0.000099,0.000943,0.001320,0.001040,0.000093,-0.000872,-0.001254,-0.000774,0.000029,0.000445,0.000348,-0.000261,-0.001182,-0.001549,-0.001012,-0.000403,-0.000057,0.000110,0.000078,-0.000093,-0.000205,-0.000010,0.000339,0.000458,0.000479,0.000336,0.000081,0.000026,-0.000027,-0.000148,-0.000157,-0.000117,-0.000068,-0.000029,-0.000014,-0.000019,0.000072,0.000219,0.000134,-0.000008,0.000187,0.000772,0.000813,0.000127,-0.000045,0.001011,0.002003,0.001381,-0.000524,-0.001760,-0.001737,-0.001640,-0.001814,-0.001820,-0.001375,-0.000526,0.000366,0.000724,0.000318,-0.000347,-0.000495,-0.000198,0.000258,0.000471,0.000352,0.000259,0.000199,0.000144,0.000069,-0.000217,-0.000792,-0.001617,-0.002170,-0.002259,-0.001697,-0.000540,0.000151,0.000205,0.000136,0.000110,0.000017,-0.000202,-0.000387,-0.000277,0.000016,0.000087,-0.000022,-0.000001,0.000037,-0.000019,-0.000098,-0.000067,0.000017,0.000129,0.000158,-0.000028,-0.000163,-0.000116,-0.000008,-0.000025,-0.000056,-0.000057,-0.000067,-0.000067,-0.000150,-0.000255,-0.000233,-0.000201,-0.000153,-0.000143,-0.000086,0.000041,-0.000044,-0.000178,-0.000120,-0.000020,0.000107,0.000017,-0.000226,-0.000187,-0.000013,0.000164,
-0.011906,-0.008690,-0.005398,0.001624,0.007882,0.008164,0.002985,-0.001159,-0.001644,-0.000242,0.001420,0.002223,0.001647,0.000574,-0.000309,-0.000870,-0.000506,0.000642,0.001431,0.001642,0.001531,0.001037,0.000382,-0.000449,-0.001340,-0.001620,-0.001023,0.000046,0.000751,0.000820,0.000623,0.000287,-0.000173,-0.000264,0.000110,0.000395,0.000431,0.000367,-0.000081,-0.000986,-0.001354,-0.000782,0.000011,0.000325,0.000307,0.000010,-0.000303,-0.000425,-0.000600,-0.000879,-0.001003,-0.000857,-0.000640,-0.000336,0.000086,0.000303,0.000220,0.000197,0.000246,-0.000219,-0.001072,-0.001567,-0.001319,-0.000148,0.001172,0.001649,0.001352,0.000770,-0.000099,-0.000749,-0.000819,-0.000816,-0.000603,-0.000018,0.000407,0.000330,0.000062,-0.000037,-0.000053,0.000056,0.000182,0.000186,0.000156,0.000362,0.000971,0.001680,0.001501,0.000229,-0.000853,-0.001062,-0.000828,-0.000574,-0.000282,-0.000016,0.000222,0.000303,0.000254,0.000342,0.000259,0.000083,-0.000023,-0.000078,-0.000107,-0.000107,-0.000055,-0.000042,0.000002,0.000140,0.000138,-0.000024,-0.000201,-0.000177,-0.000105,0.000007,0.000119,0.000108,-0.000054,-0.000152,-0.000094,-0.000080,-0.000126,-0.000134,-0.000144,-0.000042,0.000261,0.000356,0.000303,0.000223,0.000205,0.000218,0.000059,-0.000124,-0.000069,-0.000026,-0.000086,-0.000001,0.000118,0.000107,0.017215,0.011649,0.010928,0.010417,0.008522,0.005462,0.003333,0.002497,0.002027,0.002096,0.001926,0.000852,-0.000076,-0.000613,-0.001212,-0.001116,0.000081,0.001136,0.001298,0.000814,-0.000075,-0.000916,-0.001175,-0.000656,0.000126,0.000461,0.000358,-0.000249,-0.001251,-0.001661,-0.001292,-0.000807,-0.000412,-0.000062,0.000089,0.000097,0.000139,0.000340,0.000579,0.000558,0.000475,0.000354,0.000195,0.000127,0.000078,0.000018,-0.000028,-0.000022,-0.000054,-0.000025,0.000085,0.000050,0.000175,0.000374,0.000296,0.000074,0.000146,0.000631,0.000731,0.000188,-0.000038,0.000920,0.002065,0.001784,0.000111,-0.001281,-0.001567,-0.001579,-0.001813,-0.001807,-0.001352,-0.000511,0.000522,0.000999,0.000531,-0.000224,-0.000498,-0.000237,0.000158,0.000320,0.000156,-0.000033,0.000004,0.000123,0.000085,-0.000271,-0.000836,-0.001481,-0.002050,-0.002082,-0.001451,-0.000469,0.000185,0.000223,0.000140,0.000196,0.000039,-0.000156,-0.000166,-0.000114,-0.000003,0.000093,0.000161,0.000124,-0.000032,-0.000121,-0.000080,0.000009,0.000035,0.000077,0.000088,-0.000046,-0.000074,0.000002,0.000033,-0.000007,-0.000044,-0.000042,-0.000113,-0.000236,-0.000176,-0.000044,-0.000031,-0.000154,-0.000190,-0.000167,-0.000052,0.000080,0.000022,-0.000144,-0.000167,-0.000060,0.000008,0.000013,-0.000046,0.000041,0.000055,-0.000057,
-0.011810,-0.008405,-0.005189,0.001691,0.007803,0.008145,0.003117,-0.001014,-0.001591,-0.000348,0.001357,0.002286,0.001782,0.000681,-0.000279,-0.000869,-0.000513,0.000540,0.001353,0.001635,0.001433,0.000979,0.000411,-0.000548,-0.001484,-0.001620,-0.000982,0.000032,0.000744,0.000827,0.000567,0.000212,-0.000098,-0.000172,0.000159,0.000541,0.000762,0.000722,0.000126,-0.000919,-0.001373,-0.000866,-0.000061,0.000448,0.000535,0.000277,-0.000089,-0.000348,-0.000581,-0.000765,-0.000805,-0.000785,-0.000658,-0.000254,0.000052,0.000140,0.000080,-0.000023,0.000020,-0.000280,-0.000924,-0.001239,-0.001088,-0.000155,0.001175,0.001615,0.001155,0.000635,0.000027,-0.000639,-0.001185,-0.001561,-0.001352,-0.000498,0.000193,0.000325,0.000184,0.000046,0.000001,0.000074,0.000292,0.000359,0.000351,0.000605,0.001194,0.001770,0.001563,0.000385,-0.000737,-0.001031,-0.000929,-0.000774,-0.000482,-0.000094,0.000197,0.000335,0.000418,0.000442,0.000287,0.000047,-0.000012,-0.000008,-0.000087,-0.000127,-0.000129,-0.000123,-0.000160,-0.000155,-0.000100,-0.000064,-0.000090,-0.000111,-0.000140,-0.000093,0.000015,0.000083,0.000021,-0.000041,-0.000063,-0.000072,-0.000092,-0.000148,-0.000214,-0.000207,-0.000117,0.000007,0.000013,-0.000097,-0.000092,-0.000031,-0.000074,-0.000207,-0.000230,-0.000163,0.000004,0.000166,0.000245,0.000220,0.017395,0.011744,0.010895,0.010299,0.008375,0.005365,0.003252,0.002418,0.002039,0.002034,0.001836,0.000936,0.000156,-0.000477,-0.001162,-0.001058,0.000143,0.001140,0.001327,0.000895,0.000025,-0.000934,-0.001366,-0.000770,0.000047,0.000349,0.000277,-0.000243,-0.001037,-0.001417,-0.001182,-0.000970,-0.000800,-0.000352,0.000078,0.000247,0.000344,0.000409,0.000345,0.000220,0.000315,0.000415,0.000215,-0.000003,-0.000244,-0.000354,-0.000190,-0.000009,0.000036,-0.000083,-0.000163,-0.000094,0.000141,0.000401,0.000314,0.000040,0.000128,0.000617,0.000734,0.000171,-0.000116,0.000690,0.001587,0.001207,-0.000395,-0.001643,-0.001833,-0.001744,-0.001682,-0.001638,-0.001475,-0.000749,0.000424,0.001018,0.000481,-0.000417,-0.000784,-0.000555,-0.000131,0.000162,0.000166,0.000039,0.000102,0.000235,0.000302,-0.000015,-0.000739,-0.001587,-0.002313,-0.002440,-0.001714,-0.000609,0.000076,0.000175,0.000108,0.000053,0.000036,-0.000102,-0.000204,-0.000089,-0.000004,0.000056,0.000069,0.000070,0.000059,-0.000029,-0.000029,0.000004,0.000117,0.000182,0.000041,-0.000143,-0.000080,-0.000022,-0.000055,-0.000059,-0.000038,0.000001,-0.000047,-0.000138,-0.000164,-0.000155,-0.000182,-0.000059,0.000017,-0.000046,-0.000048,0.000089,0.000099,-0.000051,-0.000153,-0.000180,-0.000121,-0.000071,-0.000024,-0.000013,0.000033,0.000024,
-0.011460,-0.008063,-0.005018,0.001847,0.008017,0.008284,0.003023,-0.001210,-0.001790,-0.000454,0.001268,0.002098,0.001707,0.000775,-0.000210,-0.000960,-0.000640,0.000552,0.001289,0.001496,0.001458,0.001063,0.000415,-0.000500,-0.001418,-0.001603,-0.000995,0.000059,0.000745,0.000806,0.000471,0.000062,-0.000195,-0.000077,0.000339,0.000676,0.000832,0.000722,0.000049,-0.001014,-0.001384,-0.000791,-0.000060,0.000402,0.000548,0.000218,-0.000195,-0.000422,-0.000648,-0.000886,-0.000946,-0.000834,-0.000679,-0.000368,0.000080,0.000172,0.000080,0.000149,0.000144,-0.000275,-0.000890,-0.001310,-0.001135,0.000062,0.001335,0.001848,0.001461,0.000619,-0.000245,-0.000870,-0.001159,-0.001277,-0.000997,-0.000373,0.000094,0.000175,0.000025,-0.000054,0.000074,0.000207,0.000277,0.000314,0.000341,0.000483,0.001055,0.001657,0.001435,0.000194,-0.001030,-0.001206,-0.000927,-0.000654,-0.000289,-0.000017,0.000048,0.000160,0.000370,0.000336,0.000138,0.000063,0.000010,-0.000071,-0.000175,-0.000120,0.000011,-0.000070,-0.000056,0.000051,0.000102,0.000048,-0.000117,-0.000119,-0.000056,-0.000017,0.000040,0.000072,0.000005,-0.000156,-0.000168,0.000015,0.000028,-0.000090,-0.000081,-0.000030,0.000034,0.000093,0.000111,0.000155,0.000095,-0.000061,-0.000090,-0.000116,-0.000136,-0.000031,0.000011,0.000041,0.000058,0.000128,0.017513,0.011725,0.010755,0.010197,0.008172,0.005107,0.003156,0.002421,0.001953,0.002036,0.001953,0.001042,0.000184,-0.000547,-0.001164,-0.000994,0.000133,0.001061,0.001256,0.000940,0.000063,-0.000762,-0.001041,-0.000578,0.000125,0.000460,0.000397,-0.000116,-0.000897,-0.001301,-0.001161,-0.001006,-0.000885,-0.000485,-0.000064,0.000084,0.000166,0.000319,0.000431,0.000406,0.000334,0.000333,0.000241,0.000126,-0.000089,-0.000285,-0.000228,-0.000176,-0.000151,0.000010,0.000049,-0.000067,0.000115,0.000375,0.000315,0.000056,0.000178,0.000743,0.000906,0.000296,0.000104,0.001060,0.001829,0.001192,-0.000560,-0.001702,-0.001732,-0.001742,-0.001783,-0.001617,-0.001308,-0.000648,0.000196,0.000683,0.000481,-0.000121,-0.000356,-0.000077,0.000269,0.000418,0.000275,0.000038,0.000098,0.000182,0.000189,-0.000140,-0.000895,-0.001639,-0.002214,-0.002319,-0.001628,-0.000496,0.000273,0.000350,0.000140,-0.000011,-0.000089,-0.000180,-0.000239,-0.000119,0.000094,0.000221,0.000158,0.000034,-0.000049,-0.000109,-0.000055,0.000027,0.000116,0.000217,0.000124,-0.000054,-0.000077,-0.000019,-0.000057,-0.000061,0.000049,0.000087,0.000025,-0.000039,-0.000018,0.000037,0.000092,0.000116,-0.000050,-0.000160,-0.000170,-0.000167,-0.000041,-0.000029,-0.000157,-0.000152,-0.000078,0.000101,0.000121,0.000067,0.000060,0.000049,
-0.011319,-0.007993,-0.004834,0.002097,0.008197,0.008401,0.003137,-0.001001,-0.001534,-0.000260,0.001489,0.002375,0.001798,0.000702,-0.000277,-0.000947,-0.000575,0.000530,0.001332,0.001603,0.001553,0.001094,0.000519,-0.000356,-0.001283,-0.001469,-0.000962,0.000118,0.000834,0.000852,0.000616,0.000097,-0.000422,-0.000361,0.000134,0.000589,0.000845,0.000708,0.000014,-0.000974,-0.001346,-0.000848,-0.000071,0.000366,0.000318,0.000005,-0.000285,-0.000386,-0.000575,-0.000874,-0.000993,-0.000789,-0.000494,-0.000266,0.000032,0.000172,0.000106,0.000075,0.000073,-0.000374,-0.001196,-0.001617,-0.001322,0.000050,0.001631,0.001922,0.001199,0.000382,-0.000462,-0.001042,-0.001167,-0.000989,-0.000774,-0.000342,0.000133,0.000072,-0.000139,-0.000140,-0.000108,0.000006,0.000117,0.000147,0.000198,0.000453,0.001092,0.001620,0.001379,0.000121,-0.000996,-0.001180,-0.000965,-0.000726,-0.000338,0.000037,0.000301,0.000385,0.000408,0.000402,0.000178,-0.000023,-0.000074,-0.000113,-0.000098,-0.000008,0.000054,0.000023,0.000029,0.000158,0.000215,-0.000021,-0.000122,-0.000066,-0.000034,0.000069,0.000180,0.000151,0.000011,-0.000062,-0.000083,-0.000048,-0.000088,-0.000113,-0.000087,0.000008,0.000088,0.000133,0.000250,0.000234,0.000128,0.000028,-0.000083,-0.000058,-0.000135,-0.000215,-0.000086,0.000054,0.000167,0.000185,0.017767,0.011988,0.010950,0.010128,0.007929,0.004906,0.003059,0.002495,0.002109,0.001965,0.001720,0.000851,0.000055,-0.000545,-0.001189,-0.001084,0.000178,0.001208,0.001301,0.000725,-0.000118,-0.000861,-0.001104,-0.000550,0.000233,0.000590,0.000368,-0.000259,-0.001054,-0.001464,-0.001293,-0.001074,-0.000924,-0.000546,-0.000038,0.000191,0.000296,0.000367,0.000332,0.000260,0.000381,0.000522,0.000407,0.000196,-0.000080,-0.000171,-0.000057,-0.000024,-0.000094,-0.000029,0.000088,0.000103,0.000232,0.000307,0.000133,-0.000014,0.000219,0.000740,0.000818,0.000158,-0.000244,0.000625,0.001736,0.001339,-0.000496,-0.002076,-0.002396,-0.002191,-0.002065,-0.001865,-0.001407,-0.000595,0.000316,0.000650,0.000223,-0.000350,-0.000496,-0.000187,0.000114,0.000224,0.000163,0.000046,0.000082,0.000184,0.000113,-0.000230,-0.000897,-0.001631,-0.002030,-0.002022,-0.001338,-0.000200,0.000385,0.000281,0.000096,0.000128,0.000088,-0.000154,-0.000251,-0.000071,0.000079,0.000133,0.000096,-0.000056,-0.000169,-0.000153,-0.000136,-0.000086,0.000098,0.000110,-0.000010,-0.000136,-0.000196,-0.000072,-0.000045,-0.000107,-0.000067,-0.000040,-0.000070,-0.000189,-0.000221,-0.000181,-0.000139,-0.000114,-0.000047,-0.000137,-0.000181,-0.000091,-0.000083,-0.000027,-0.000080,-0.000178,-0.000222,-0.000212,-0.000089,-0.000008,-0.000040,-0.000005,
-0.011418,-0.008096,-0.004901,0.001974,0.008104,0.008438,0.003174,-0.001122,-0.001590,-0.000254,0.001385,0.002279,0.001816,0.000799,-0.000236,-0.000976,-0.000637,0.000648,0.001494,0.001746,0.001707,0.001185,0.000494,-0.000424,-0.001380,-0.001639,-0.001008,-0.000008,0.000676,0.000802,0.000552,0.000091,-0.000314,-0.000296,0.000022,0.000404,0.000604,0.000524,0.000079,-0.000825,-0.001236,-0.000773,0.000018,0.000521,0.000515,0.000173,-0.000162,-0.000274,-0.000466,-0.000833,-0.001050,-0.000955,-0.000575,-0.000191,-0.000040,0.000069,0.000015,-0.000110,-0.000088,-0.000306,-0.000694,-0.000823,-0.000609,0.000201,0.001364,0.001891,0.001496,0.000728,-0.000059,-0.000608,-0.000796,-0.000908,-0.000769,-0.000234,0.000196,0.000204,0.000027,-0.000071,-0.000009,0.000014,0.000102,0.000149,0.000185,0.000516,0.001196,0.001812,0.001587,0.000328,-0.000925,-0.001310,-0.001076,-0.000769,-0.000439,-0.000021,0.000245,0.000318,0.000331,0.000265,0.000080,-0.000047,-0.000037,-0.000020,-0.000006,-0.000014,-0.000047,-0.000145,-0.000092,0.000079,0.000120,-0.000007,-0.000104,-0.000018,-0.000019,0.000003,0.000107,0.000063,0.000016,-0.000002,0.000003,-0.000004,-0.000076,-0.000147,-0.000065,0.000050,0.000171,0.000259,0.000215,0.000102,0.000104,0.000084,0.000040,0.000016,-0.000052,-0.000076,0.000013,0.000182,0.000198,0.000093,0.017843,0.011890,0.010868,0.010193,0.008130,0.005114,0.003211,0.002467,0.001997,0.001990,0.001825,0.000844,0.000022,-0.000553,-0.001159,-0.001021,0.000115,0.001049,0.001187,0.000769,-0.000056,-0.000849,-0.001203,-0.000699,0.000155,0.000438,0.000252,-0.000219,-0.001008,-0.001390,-0.001197,-0.000986,-0.000739,-0.000300,0.000134,0.000289,0.000302,0.000307,0.000423,0.000473,0.000416,0.000365,0.000221,0.000100,-0.000099,-0.000317,-0.000244,-0.000136,-0.000100,-0.000019,-0.000019,-0.000047,0.000095,0.000344,0.000327,0.000142,0.000274,0.000702,0.000735,0.000194,0.000011,0.000819,0.001567,0.001120,-0.000180,-0.001254,-0.001606,-0.001735,-0.001775,-0.001590,-0.001246,-0.000646,0.000158,0.000643,0.000334,-0.000224,-0.000432,-0.000121,0.000238,0.000244,0.000148,-0.000000,-0.000013,0.000176,0.000233,-0.000137,-0.000822,-0.001603,-0.002092,-0.002126,-0.001508,-0.000354,0.000302,0.000231,0.000065,-0.000024,-0.000090,-0.000160,-0.000293,-0.000284,-0.000072,0.000149,0.000179,0.000001,-0.000188,-0.000158,-0.000099,0.000000,0.000133,0.000151,0.000020,-0.000144,-0.000217,-0.000110,0.000005,0.000033,0.000003,-0.000162,-0.000184,-0.000135,-0.000097,-0.000064,0.000017,0.000071,-0.000016,-0.000113,-0.000141,-0.000113,-0.000060,-0.000079,-0.000240,-0.000262,-0.000058,0.000018,0.000001,-0.000003,0.000065,0.000109,
-0.011872,-0.008245,-0.005038,0.001822,0.008009,0.008241,0.003010,-0.001095,-0.001585,-0.000273,0.001389,0.002252,0.001804,0.000756,-0.000290,-0.000918,-0.000510,0.000565,0.001327,0.001593,0.001571,0.001144,0.000416,-0.000443,-0.001220,-0.001443,-0.000999,-0.000078,0.000660,0.000765,0.000567,0.000157,-0.000257,-0.000317,-0.000001,0.000370,0.000606,0.000551,-0.000100,-0.001067,-0.001427,-0.000822,0.000021,0.000303,0.000216,-0.000082,-0.000430,-0.000641,-0.000753,-0.000905,-0.001012,-0.000997,-0.000818,-0.000385,0.000019,0.000130,0.000080,0.000125,0.000098,-0.000367,-0.001141,-0.001497,-0.001020,0.000165,0.001365,0.001625,0.001126,0.000516,-0.000148,-0.000722,-0.001021,-0.001100,-0.000735,-0.000030,0.000501,0.000451,0.000054,-0.000138,-0.000092,0.000053,0.000117,0.000064,0.000062,0.000384,0.001042,0.001687,0.001595,0.000413,-0.000747,-0.001030,-0.000831,-0.000554,-0.000277,-0.000071,0.000063,0.000220,0.000385,0.000337,0.000105,-0.000015,-0.000010,0.000043,0.000014,0.000047,0.000037,-0.000043,-0.000008,0.000063,0.000091,-0.000011,-0.000125,-0.000151,-0.000101,0.000001,0.000061,0.000080,0.000046,-0.000043,-0.000060,-0.000080,-0.000067,-0.000030,-0.000060,-0.000014,0.000080,0.000192,0.000236,0.000174,0.000158,0.000023,-0.000129,-0.000150,-0.000103,-0.000069,-0.000034,0.000069,0.000198,0.000241,0.017547,0.011833,0.010872,0.010286,0.008505,0.005534,0.003317,0.002506,0.002011,0.002036,0.001901,0.000983,0.000212,-0.000489,-0.001222,-0.001119,0.000071,0.001090,0.001203,0.000761,-0.000100,-0.000967,-0.001249,-0.000631,0.000184,0.000619,0.000479,-0.000350,-0.001286,-0.001674,-0.001318,-0.000923,-0.000624,-0.000293,-0.000105,-0.000039,0.000046,0.000184,0.000328,0.000375,0.000393,0.000403,0.000214,0.000078,0.000041,0.000009,0.000087,0.000099,0.000010,-0.000030,-0.000004,0.000032,0.000178,0.000395,0.000292,0.000099,0.000197,0.000715,0.000869,0.000275,0.000180,0.001180,0.002033,0.001292,-0.000694,-0.001932,-0.001875,-0.001667,-0.001713,-0.001653,-0.001290,-0.000556,0.000334,0.000821,0.000464,-0.000258,-0.000551,-0.000196,0.000136,0.000186,0.000196,0.000094,-0.000064,0.000005,0.000151,-0.000131,-0.000875,-0.001740,-0.002240,-0.002219,-0.001555,-0.000410,0.000239,0.000207,0.000087,0.000045,-0.000098,-0.000210,-0.000268,-0.000153,0.000022,0.000026,-0.000025,-0.000028,-0.000176,-0.000248,-0.000164,-0.000071,-0.000006,-0.000027,-0.000088,-0.000189,-0.000176,-0.000087,-0.000055,-0.000057,-0.000016,0.000095,0.000045,-0.000041,-0.000091,-0.000110,-0.000079,-0.000076,-0.000051,-0.000106,-0.000090,0.000057,0.000039,-0.000128,-0.000225,-0.000154,-0.000021,-0.000008,-0.000103,-0.000129,-0.000048,0.000061,
-0.011542,-0.008066,-0.004881,0.001949,0.008103,0.008443,0.003174,-0.001111,-0.001587,-0.000189,0.001507,0.002381,0.001954,0.000796,-0.000440,-0.001157,-0.000687,0.000567,0.001420,0.001681,0.001649,0.001173,0.000489,-0.000461,-0.001363,-0.001513,-0.000939,0.000055,0.000690,0.000613,0.000257,-0.000111,-0.000385,-0.000215,0.000212,0.000447,0.000528,0.000447,-0.000145,-0.001121,-0.001429,-0.000776,-0.000041,0.000320,0.000428,0.000126,-0.000306,-0.000491,-0.000668,-0.000863,-0.000949,-0.001019,-0.000873,-0.000378,0.000092,0.000225,0.000131,0.000052,-0.000029,-0.000411,-0.001008,-0.001351,-0.001079,0.000241,0.001628,0.001928,0.001434,0.000830,0.000140,-0.000481,-0.000788,-0.000907,-0.000712,-0.000103,0.000424,0.000347,-0.000083,-0.000263,-0.000137,0.000118,0.000280,0.000292,0.000248,0.000448,0.001127,0.001765,0.001540,0.000370,-0.000726,-0.001034,-0.000889,-0.000664,-0.000390,-0.000092,0.000174,0.000392,0.000523,0.000468,0.000161,-0.000018,0.000003,-0.000042,-0.000135,-0.000127,-0.000059,0.000000,0.000059,0.000012,-0.000058,-0.000166,-0.000147,-0.000138,-0.000138,-0.000046,0.000043,0.000052,-0.000076,-0.000163,-0.000156,-0.000083,-0.000090,-0.000138,-0.000062,0.000028,0.000057,0.000148,0.000101,0.000045,0.000183,0.000152,-0.000023,-0.000129,-0.000118,0.000032,0.000136,0.000112,0.000041,-0.000063,0.017896,0.012071,0.011054,0.010285,0.008296,0.005343,0.003209,0.002384,0.002049,0.002209,0.001973,0.000838,-0.000008,-0.000577,-0.001177,-0.000971,0.000206,0.001098,0.001212,0.000720,-0.000058,-0.000813,-0.001089,-0.000655,0.000029,0.000418,0.000328,-0.000326,-0.001156,-0.001469,-0.001079,-0.000488,0.000081,0.000358,0.000202,-0.000053,-0.000071,0.000064,0.000231,0.000265,0.000340,0.000360,0.000135,-0.000054,-0.000069,-0.000001,0.000084,0.000064,-0.000038,-0.000000,0.000060,0.000100,0.000193,0.000370,0.000343,0.000125,0.000275,0.000751,0.000783,0.000155,-0.000147,0.000812,0.002014,0.001666,-0.000047,-0.001321,-0.001523,-0.001520,-0.001663,-0.001601,-0.001242,-0.000580,0.000340,0.000724,0.000365,-0.000236,-0.000499,-0.000176,0.000257,0.000384,0.000289,0.000158,0.000074,0.000159,0.000184,-0.000134,-0.000701,-0.001536,-0.002269,-0.002293,-0.001610,-0.000519,0.000264,0.000352,0.000114,0.000048,0.000018,-0.000176,-0.000303,-0.000250,-0.000029,0.000163,0.000194,0.000082,-0.000156,-0.000176,0.000001,0.000074,-0.000040,-0.000081,0.000012,-0.000104,-0.000113,0.000074,0.000134,-0.000038,-0.000088,0.000056,0.000038,-0.000138,-0.000233,-0.000146,-0.000004,0.000009,-0.000149,-0.000193,-0.000098,-0.000034,0.000090,0.000070,-0.000035,-0.000088,-0.000166,-0.000135,-0.000047,0.000099,0.000147,0.000006,
-0.011510,-0.008011,-0.004906,0.001919,0.008088,0.008465,0.003337,-0.000912,-0.001532,-0.000207,0.001471,0.002271,0.001752,0.000735,-0.000236,-0.000974,-0.000600,0.000584,0.001397,0.001685,0.001637,0.001270,0.000558,-0.000404,-0.001310,-0.001571,-0.000950,0.000135,0.000853,0.000915,0.000574,0.000138,-0.000207,-0.000192,0.000167,0.000531,0.000737,0.000661,0.000112,-0.000841,-0.001261,-0.000711,0.000079,0.000460,0.000508,0.000210,-0.000174,-0.000353,-0.000676,-0.000950,-0.001003,-0.000980,-0.000716,-0.000298,0.000131,0.000212,0.000060,0.000006,-0.000057,-0.000394,-0.000975,-0.001339,-0.001231,-0.000293,0.000993,0.001514,0.001242,0.000639,-0.000078,-0.000760,-0.001000,-0.001135,-0.001024,-0.000280,0.000281,0.000250,0.000062,-0.000055,-0.000119,0.000054,0.000255,0.000309,0.000316,0.000514,0.001063,0.001674,0.001584,0.000458,-0.000653,-0.000932,-0.000819,-0.000693,-0.000357,-0.000128,0.000002,0.000271,0.000471,0.000391,0.000111,-0.000047,-0.000006,0.000153,0.000037,-0.000194,-0.000167,-0.000087,0.000013,0.000154,0.000029,-0.000165,-0.000101,-0.000049,-0.000059,-0.000069,-0.000077,-0.000004,0.000036,-0.000084,-0.000167,-0.000157,-0.000157,-0.000143,-0.000089,-0.000062,0.000052,0.000150,0.000114,0.000136,0.000130,-0.000001,-0.000019,-0.000068,-0.000164,-0.000128,-0.000058,0.000091,0.000111,0.000123,0.017720,0.012000,0.011026,0.010294,0.008249,0.005169,0.003151,0.002432,0.002027,0.002050,0.001919,0.000933,0.000024,-0.000542,-0.001197,-0.001158,0.000078,0.001077,0.001225,0.000848,-0.000076,-0.000781,-0.000950,-0.000544,0.000202,0.000601,0.000418,-0.000275,-0.001214,-0.001584,-0.001305,-0.000946,-0.000599,-0.000182,0.000182,0.000269,0.000268,0.000385,0.000480,0.000519,0.000640,0.000545,0.000296,0.000183,0.000029,-0.000083,-0.000038,-0.000029,-0.000157,-0.000192,-0.000207,-0.000158,0.000131,0.000303,0.000235,0.000127,0.000269,0.000734,0.000803,0.000129,-0.000213,0.000641,0.001668,0.001477,0.000016,-0.001358,-0.001579,-0.001498,-0.001606,-0.001648,-0.001383,-0.000574,0.000482,0.000941,0.000436,-0.000328,-0.000574,-0.000271,0.000042,0.000141,0.000126,0.000085,0.000060,0.000132,0.000156,-0.000121,-0.000681,-0.001491,-0.002089,-0.002074,-0.001466,-0.000532,0.000098,0.000148,-0.000031,-0.000082,-0.000137,-0.000251,-0.000314,-0.000215,-0.000029,0.000077,0.000116,-0.000013,-0.000198,-0.000177,-0.000190,-0.000173,0.000030,0.000120,0.000022,-0.000101,-0.000133,-0.000007,0.000075,-0.000011,-0.000033,-0.000020,-0.000058,-0.000061,-0.000067,-0.000108,-0.000111,-0.000114,-0.000079,-0.000053,-0.000111,-0.000113,-0.000027,-0.000034,-0.000130,-0.000095,-0.000005,0.000063,0.000070,0.000064,0.000167,0.000148,
-0.011934,-0.008323,-0.005089,0.001691,0.007746,0.008085,0.003036,-0.001050,-0.001625,-0.000343,0.001339,0.002150,0.001768,0.000759,-0.000272,-0.000887,-0.000485,0.000617,0.001374,0.001585,0.001558,0.001199,0.000487,-0.000478,-0.001346,-0.001457,-0.000811,0.000161,0.000865,0.000851,0.000492,0.000120,-0.000240,-0.000234,0.000161,0.000578,0.000714,0.000675,0.000171,-0.000842,-0.001269,-0.000727,0.000054,0.000402,0.000329,0.000005,-0.000265,-0.000379,-0.000579,-0.000854,-0.000967,-0.000794,-0.000519,-0.000250,0.000051,0.000205,0.000069,-0.000007,-0.000011,-0.000306,-0.000847,-0.001133,-0.000761,0.000435,0.001639,0.001959,0.001451,0.000659,-0.000182,-0.000823,-0.001060,-0.001246,-0.001133,-0.000452,0.000141,0.000227,0.000110,0.000011,0.000010,0.000144,0.000221,0.000201,0.000245,0.000463,0.001074,0.001711,0.001547,0.000385,-0.000739,-0.001109,-0.001028,-0.000824,-0.000539,-0.000131,0.000124,0.000176,0.000293,0.000254,0.000064,-0.000026,-0.000101,-0.000083,-0.000022,0.000058,0.000137,0.000077,-0.000048,-0.000037,-0.000039,-0.000148,-0.000181,-0.000177,-0.000130,-0.000035,0.000017,0.000007,-0.000059,-0.000083,0.000036,0.000045,-0.000105,-0.000114,0.000002,0.000094,0.000171,0.000286,0.000294,0.000208,0.000185,0.000044,-0.000081,-0.000128,-0.000172,-0.000101,-0.000027,0.000024,0.000154,0.000214,0.017477,0.011763,0.010886,0.010405,0.008565,0.005556,0.003357,0.002547,0.002133,0.002128,0.001993,0.001116,0.000291,-0.000467,-0.001231,-0.001143,0.000093,0.001227,0.001442,0.000913,0.000028,-0.000755,-0.001078,-0.000631,0.000155,0.000473,0.000341,-0.000103,-0.000965,-0.001484,-0.001217,-0.000964,-0.000758,-0.000360,0.000016,0.000219,0.000332,0.000397,0.000441,0.000446,0.000472,0.000430,0.000374,0.000203,-0.000110,-0.000254,-0.000253,-0.000133,-0.000075,0.000030,0.000093,0.000051,0.000185,0.000409,0.000265,0.000004,0.000120,0.000683,0.000761,0.000042,-0.000116,0.000849,0.001789,0.001264,-0.000470,-0.001628,-0.001732,-0.001804,-0.001902,-0.001747,-0.001427,-0.000806,0.000122,0.000837,0.000608,-0.000180,-0.000444,-0.000118,0.000186,0.000234,0.000163,0.000020,0.000020,0.000136,0.000169,-0.000132,-0.000757,-0.001501,-0.002088,-0.002195,-0.001637,-0.000681,0.000020,0.000156,0.000086,0.000034,-0.000015,-0.000184,-0.000342,-0.000162,0.000086,0.000199,0.000124,-0.000052,-0.000119,-0.000147,-0.000126,-0.000038,0.000067,0.000086,-0.000052,-0.000094,-0.000021,-0.000039,-0.000100,-0.000094,-0.000093,-0.000126,-0.000145,-0.000054,-0.000003,-0.000006,0.000016,-0.000011,-0.000070,-0.000141,-0.000156,-0.000136,-0.000076,-0.000038,-0.000046,-0.000129,-0.000097,-0.000042,0.000003,0.000007,0.000006,0.000003,
-0.011363,-0.007899,-0.004731,0.002088,0.008327,0.008648,0.003277,-0.000981,-0.001587,-0.000235,0.001538,0.002428,0.001952,0.000864,-0.000265,-0.001103,-0.000744,0.000589,0.001523,0.001752,0.001596,0.001161,0.000470,-0.000528,-0.001290,-0.001440,-0.000963,0.000082,0.000978,0.001085,0.000650,0.000131,-0.000260,-0.000354,-0.000037,0.000451,0.000723,0.000633,0.000018,-0.001026,-0.001435,-0.000898,-0.000070,0.000390,0.000368,0.000100,-0.000164,-0.000380,-0.000667,-0.000882,-0.000929,-0.000824,-0.000585,-0.000346,0.000007,0.000255,0.000171,0.000081,0.000071,-0.000382,-0.001152,-0.001517,-0.001216,-0.000051,0.001188,0.001365,0.000835,0.000210,-0.000520,-0.001098,-0.001194,-0.001012,-0.000684,-0.000177,0.000188,0.000153,-0.000024,-0.000007,0.000004,0.000073,0.000148,0.000188,0.000215,0.000463,0.001035,0.001518,0.001300,0.000174,-0.000792,-0.001114,-0.000984,-0.000693,-0.000397,0.000023,0.000249,0.000235,0.000316,0.000301,0.000077,-0.000087,-0.000103,-0.000077,0.000026,0.000059,0.000018,-0.000025,-0.000015,-0.000040,-0.000134,-0.000150,-0.000162,-0.000191,-0.000160,-0.000026,0.000132,0.000105,-0.000002,-0.000085,-0.000112,-0.000128,-0.000088,-0.000045,-0.000090,-0.000052,0.000044,0.000157,0.000228,0.000175,0.000033,-0.000016,-0.000118,-0.000251,-0.000219,-0.000144,-0.000098,0.000043,0.000137,0.000119,0.017886,0.012028,0.010938,0.010262,0.008302,0.005252,0.003219,0.002535,0.002103,0.002062,0.001890,0.000874,0.000089,-0.000455,-0.001176,-0.001050,0.000110,0.001055,0.001226,0.000767,-0.000102,-0.000897,-0.001168,-0.000707,0.000084,0.000494,0.000389,-0.000035,-0.000802,-0.001401,-0.001378,-0.001146,-0.000820,-0.000409,-0.000026,0.000251,0.000241,0.000219,0.000319,0.000348,0.000429,0.000382,0.000224,0.000196,0.000040,-0.000219,-0.000232,-0.000130,-0.000103,-0.000037,0.000037,-0.000007,-0.000022,0.000263,0.000339,0.000160,0.000242,0.000657,0.000728,0.000120,-0.000100,0.000836,0.001941,0.001538,-0.000438,-0.001996,-0.002064,-0.001860,-0.001921,-0.001668,-0.001205,-0.000592,0.000207,0.000550,0.000233,-0.000253,-0.000433,-0.000168,0.000138,0.000282,0.000243,0.000071,0.000042,0.000157,0.000182,-0.000157,-0.000824,-0.001580,-0.002103,-0.002183,-0.001541,-0.000507,0.000141,0.000185,0.000165,0.000196,0.000061,-0.000198,-0.000206,-0.000012,0.000108,0.000116,0.000083,0.000024,-0.000012,-0.000069,-0.000102,0.000024,0.000142,0.000065,0.000008,-0.000027,-0.000077,-0.000012,0.000050,0.000029,-0.000032,-0.000092,-0.000010,0.000008,-0.000029,-0.000003,0.000001,0.000057,0.000041,-0.000125,-0.000196,-0.000152,-0.000124,-0.000159,-0.000152,-0.000146,-0.000071,0.000047,0.000001,-0.000107,-0.000135,-0.000074,
-0.011901,-0.008258,-0.005056,0.001847,0.008105,0.008448,0.003227,-0.000951,-0.001507,-0.000258,0.001412,0.002276,0.001823,0.000775,-0.000290,-0.001044,-0.000699,0.000492,0.001395,0.001679,0.001556,0.001160,0.000535,-0.000352,-0.001223,-0.001493,-0.000994,0.000024,0.000756,0.000830,0.000554,0.000176,-0.000256,-0.000441,-0.000117,0.000358,0.000673,0.000700,0.000222,-0.000619,-0.001057,-0.000683,0.000009,0.000388,0.000362,0.000150,-0.000123,-0.000309,-0.000544,-0.000907,-0.000969,-0.000787,-0.000573,-0.000254,0.000026,0.000070,0.000036,0.000112,0.000119,-0.000229,-0.000824,-0.001132,-0.001045,0.000013,0.001739,0.002510,0.001876,0.000753,-0.000147,-0.000664,-0.000894,-0.000975,-0.000645,-0.000079,0.000198,0.000056,-0.000169,-0.000133,-0.000001,0.000106,0.000162,0.000108,0.000249,0.000542,0.001089,0.001707,0.001468,0.000206,-0.001031,-0.001334,-0.001122,-0.000926,-0.000514,-0.000043,0.000159,0.000219,0.000242,0.000195,0.000031,-0.000043,0.000028,0.000038,-0.000018,-0.000022,-0.000059,-0.000088,-0.000061,-0.000033,-0.000029,-0.000133,-0.000218,-0.000113,-0.000004,0.000076,0.000132,0.000098,-0.000051,-0.000105,-0.000035,0.000006,0.000072,0.000064,0.000053,0.000106,0.000228,0.000372,0.000303,0.000103,-0.000003,-0.000009,-0.000006,0.000040,-0.000055,-0.000087,0.000021,0.000134,0.000274,0.000315,0.017506,0.011924,0.011123,0.010602,0.008665,0.005516,0.003302,0.002419,0.001928,0.002010,0.001867,0.000893,0.000131,-0.000520,-0.001240,-0.001030,0.000170,0.001026,0.001246,0.000881,-0.000065,-0.000883,-0.001143,-0.000731,0.000038,0.000472,0.000425,-0.000072,-0.000904,-0.001291,-0.001136,-0.001018,-0.000792,-0.000388,0.000079,0.000333,0.000377,0.000435,0.000490,0.000519,0.000550,0.000486,0.000282,0.000137,-0.000062,-0.000340,-0.000324,-0.000137,-0.000104,-0.000067,-0.000003,-0.000016,0.000062,0.000323,0.000392,0.000181,0.000160,0.000665,0.000877,0.000312,-0.000070,0.000590,0.001411,0.001027,-0.000455,-0.001786,-0.002096,-0.001891,-0.001829,-0.001685,-0.001247,-0.000521,0.000389,0.000889,0.000465,-0.000294,-0.000487,-0.000116,0.000212,0.000397,0.000353,0.000100,0.000058,0.000148,0.000183,-0.000088,-0.000920,-0.001777,-0.002297,-0.002242,-0.001375,-0.000197,0.000490,0.000458,0.000181,0.000117,0.000098,-0.000108,-0.000094,0.000010,0.000031,0.000065,-0.000020,-0.000149,-0.000147,-0.000229,-0.000237,-0.000038,0.000046,0.000065,0.000091,-0.000073,-0.000118,0.000036,0.000030,-0.000008,-0.000027,-0.000055,-0.000054,-0.000053,-0.000013,-0.000024,-0.000014,0.000004,-0.000023,-0.000118,-0.000156,-0.000123,-0.000133,-0.000161,-0.000252,-0.000344,-0.000267,-0.000080,0.000007,0.000029,0.000146,0.000099,
-0.011955,-0.008415,-0.005130,0.001848,0.008056,0.008457,0.003247,-0.001068,-0.001615,-0.000284,0.001395,0.002419,0.002032,0.000890,-0.000224,-0.000993,-0.000618,0.000616,0.001522,0.001790,0.001645,0.001182,0.000582,-0.000414,-0.001401,-0.001524,-0.000871,-0.000021,0.000675,0.000839,0.000546,0.000096,-0.000226,-0.000177,0.000212,0.000584,0.000693,0.000602,0.000074,-0.000882,-0.001302,-0.000763,-0.000071,0.000168,0.000258,0.000104,-0.000144,-0.000212,-0.000545,-0.000939,-0.001004,-0.000947,-0.000710,-0.000307,0.000051,0.000195,0.000167,0.000145,0.000099,-0.000278,-0.000822,-0.001107,-0.000802,0.000218,0.001194,0.001450,0.001135,0.000617,-0.000019,-0.000575,-0.000900,-0.000931,-0.000582,0.000074,0.000567,0.000388,0.000045,-0.000039,-0.000087,-0.000130,0.000004,0.000120,0.000227,0.000568,0.001093,0.001591,0.001409,0.000246,-0.000907,-0.001142,-0.000847,-0.000595,-0.000304,-0.000063,0.000113,0.000322,0.000487,0.000444,0.000195,0.000083,0.000018,-0.000060,-0.000068,-0.000086,-0.000128,-0.000158,-0.000064,0.000091,0.000096,-0.000031,-0.000099,-0.000025,0.000016,-0.000015,0.000053,0.000109,0.000001,-0.000071,0.000047,0.000136,0.000061,-0.000011,-0.000072,-0.000056,0.000072,0.000113,0.000061,0.000042,0.000023,0.000006,0.000005,-0.000042,-0.000150,-0.000186,-0.000017,0.000144,0.000226,0.000171,0.017649,0.012029,0.011005,0.010511,0.008744,0.005592,0.003321,0.002543,0.002028,0.002061,0.001960,0.000933,0.000150,-0.000453,-0.001209,-0.001147,0.000016,0.001069,0.001293,0.000893,-0.000031,-0.000962,-0.001232,-0.000659,0.000080,0.000460,0.000333,-0.000382,-0.001235,-0.001506,-0.001247,-0.001051,-0.000751,-0.000286,0.000082,0.000188,0.000183,0.000320,0.000402,0.000295,0.000343,0.000348,0.000218,0.000105,-0.000069,-0.000167,-0.000110,-0.000089,-0.000146,-0.000204,-0.000062,0.000046,0.000215,0.000505,0.000461,0.000166,0.000217,0.000707,0.000759,0.000164,0.000126,0.001252,0.002140,0.001285,-0.000649,-0.001795,-0.001838,-0.001775,-0.001839,-0.001733,-0.001326,-0.000556,0.000320,0.000752,0.000302,-0.000379,-0.000507,-0.000150,0.000289,0.000401,0.000231,0.000088,0.000044,0.000225,0.000353,0.000025,-0.000721,-0.001523,-0.002127,-0.002318,-0.001785,-0.000671,0.000105,0.000307,0.000211,0.000053,-0.000113,-0.000337,-0.000356,-0.000167,-0.000020,0.000155,0.000166,0.000011,-0.000036,-0.000086,-0.000043,0.000029,0.000036,0.000099,0.000122,-0.000058,-0.000141,-0.000038,-0.000023,-0.000020,-0.000064,-0.000043,-0.000051,-0.000088,0.000012,0.000055,-0.000037,-0.000132,-0.000158,-0.000165,-0.000122,-0.000024,0.000013,-0.000168,-0.000262,-0.000171,-0.000083,-0.000082,-0.000025,0.000008,-0.000048,-0.000143,
-0.011583,-0.008038,-0.004673,0.002227,0.008355,0.008567,0.003319,-0.000881,-0.001467,-0.000193,0.001495,0.002322,0.001964,0.000922,-0.000293,-0.001073,-0.000654,0.000577,0.001435,0.001694,0.001576,0.001149,0.000494,-0.000506,-0.001413,-0.001603,-0.001095,-0.000148,0.000651,0.000712,0.000362,-0.000057,-0.000306,-0.000134,0.000231,0.000439,0.000364,0.000234,-0.000156,-0.000916,-0.001315,-0.000854,0.000005,0.000428,0.000285,-0.000054,-0.000317,-0.000433,-0.000573,-0.000723,-0.000862,-0.000911,-0.000657,-0.000256,0.000096,0.000187,0.000068,0.000120,0.000140,-0.000328,-0.001002,-0.001380,-0.001112,0.000096,0.001521,0.001899,0.001287,0.000559,0.000010,-0.000425,-0.000750,-0.000932,-0.000714,-0.000054,0.000494,0.000526,0.000238,0.000101,0.000137,0.000136,0.000150,0.000180,0.000287,0.000552,0.001095,0.001714,0.001534,0.000258,-0.000828,-0.001025,-0.000903,-0.000673,-0.000214,0.000079,0.000195,0.000343,0.000463,0.000436,0.000248,0.000064,0.000066,0.000148,0.000031,-0.000079,0.000035,0.000091,0.000068,0.000036,0.000050,-0.000049,-0.000097,-0.000035,0.000019,0.000083,0.000144,0.000086,-0.000021,-0.000031,0.000045,0.000079,-0.000126,-0.000251,-0.000184,-0.000018,0.000133,0.000204,0.000208,0.000153,0.000109,0.000088,0.000090,0.000023,-0.000016,0.000061,0.000053,-0.000028,0.000011,0.000077,0.017932,0.012193,0.011214,0.010612,0.008682,0.005543,0.003319,0.002576,0.002209,0.002146,0.001915,0.000940,0.000103,-0.000494,-0.001152,-0.001001,0.000156,0.001132,0.001268,0.000874,0.000071,-0.000826,-0.001199,-0.000670,0.000155,0.000413,0.000261,-0.000331,-0.001269,-0.001593,-0.001041,-0.000372,0.000135,0.000458,0.000296,-0.000033,-0.000072,0.000033,0.000200,0.000377,0.000526,0.000429,0.000159,0.000006,-0.000117,-0.000189,-0.000121,-0.000066,-0.000038,-0.000043,-0.000009,0.000061,0.000134,0.000225,0.000284,0.000216,0.000294,0.000817,0.001005,0.000250,-0.000062,0.000986,0.001999,0.001434,-0.000455,-0.001750,-0.001706,-0.001573,-0.001758,-0.001793,-0.001391,-0.000519,0.000440,0.000783,0.000317,-0.000312,-0.000508,-0.000082,0.000366,0.000397,0.000188,0.000062,0.000052,0.000026,0.000029,-0.000130,-0.000790,-0.001663,-0.002218,-0.002266,-0.001607,-0.000515,0.000240,0.000377,0.000135,-0.000022,-0.000107,-0.000214,-0.000198,-0.000130,-0.000055,0.000065,0.000148,0.000091,0.000027,0.000048,0.000098,0.000026,-0.000099,-0.000080,-0.000049,-0.000084,-0.000108,-0.000143,-0.000069,-0.000013,-0.000109,-0.000082,0.000015,-0.000052,-0.000002,0.000032,-0.000100,-0.000156,-0.000129,-0.000247,-0.000310,-0.000168,-0.000020,-0.000050,-0.000140,-0.000118,-0.000036,-0.000004,0.000016,0.000116,0.000198,0.000097,
-0.011793,-0.008357,-0.005078,0.001922,0.008194,0.008584,0.003245,-0.001027,-0.001553,-0.000242,0.001485,0.002424,0.002017,0.000848,-0.000297,-0.001017,-0.000650,0.000498,0.001331,0.001688,0.001524,0.001080,0.000627,-0.000251,-0.001311,-0.001646,-0.001058,-0.000054,0.000707,0.000866,0.000610,0.000286,-0.000027,-0.000227,-0.000065,0.000241,0.000484,0.000533,0.000010,-0.001032,-0.001503,-0.000880,0.000014,0.000429,0.000421,0.000121,-0.000286,-0.000396,-0.000457,-0.000788,-0.000989,-0.000859,-0.000506,-0.000191,0.000054,0.000124,0.000007,0.000045,0.000130,-0.000268,-0.001059,-0.001458,-0.001213,-0.000186,0.001142,0.001585,0.001123,0.000591,-0.000116,-0.000746,-0.001016,-0.000992,-0.000590,0.000033,0.000317,0.000204,-0.000057,-0.000218,-0.000112,0.000113,0.000389,0.000411,0.000386,0.000526,0.000960,0.001605,0.001522,0.000354,-0.000710,-0.000942,-0.000897,-0.000743,-0.000447,-0.000077,0.000219,0.000371,0.000387,0.000216,0.000001,-0.000026,0.000050,0.000066,0.000021,-0.000084,-0.000126,-0.000061,-0.000059,0.000006,0.000092,-0.000001,-0.000110,-0.000082,-0.000039,0.000020,0.000058,0.000002,-0.000098,-0.000126,-0.000047,0.000055,-0.000032,-0.000241,-0.000251,-0.000055,0.000087,0.000183,0.000155,0.000037,-0.000014,-0.000026,0.000043,0.000037,-0.000164,-0.000171,-0.000086,-0.000071,0.000057,0.000079,0.017821,0.012208,0.011214,0.010681,0.008843,0.005754,0.003362,0.002409,0.002008,0.002108,0.001912,0.000956,0.000097,-0.000420,-0.001059,-0.001024,0.000127,0.001085,0.001242,0.000800,-0.000084,-0.000913,-0.001276,-0.000755,0.000045,0.000454,0.000274,-0.000425,-0.001295,-0.001663,-0.001287,-0.000825,-0.000473,-0.000209,-0.000138,-0.000073,0.000106,0.000338,0.000626,0.000671,0.000529,0.000356,0.000172,0.000164,0.000041,-0.000091,-0.000101,-0.000023,0.000053,0.000145,0.000132,0.000049,0.000209,0.000541,0.000512,0.000236,0.000227,0.000702,0.000793,0.000054,-0.000218,0.000771,0.001863,0.001729,0.000266,-0.001161,-0.001517,-0.001541,-0.001718,-0.001718,-0.001318,-0.000551,0.000461,0.001022,0.000610,-0.000128,-0.000456,-0.000336,0.000023,0.000250,0.000200,-0.000003,-0.000001,0.000151,0.000054,-0.000278,-0.000823,-0.001548,-0.002165,-0.002180,-0.001504,-0.000367,0.000283,0.000158,0.000019,0.000083,0.000083,-0.000131,-0.000192,-0.000023,0.000178,0.000273,0.000205,0.000148,0.000003,-0.000223,-0.000262,-0.000083,0.000043,0.000075,0.000029,-0.000097,-0.000191,-0.000056,0.000058,0.000071,-0.000037,-0.000134,-0.000120,-0.000037,0.000010,-0.000042,-0.000131,-0.000243,-0.000173,-0.000042,-0.000009,0.000004,-0.000003,-0.000129,-0.000181,-0.000161,-0.000135,-0.000144,-0.000138,-0.000038,0.000123,0.000098,
-0.011878,-0.008333,-0.005011,0.001863,0.008185,0.008537,0.003324,-0.000869,-0.001510,-0.000260,0.001450,0.002399,0.001934,0.000814,-0.000299,-0.001103,-0.000667,0.000542,0.001279,0.001483,0.001432,0.001019,0.000349,-0.000514,-0.001392,-0.001650,-0.001043,-0.000053,0.000659,0.000775,0.000563,0.000252,-0.000149,-0.000243,0.000190,0.000641,0.000788,0.000728,0.000178,-0.000881,-0.001369,-0.000788,-0.000012,0.000403,0.000474,0.000243,-0.000159,-0.000454,-0.000673,-0.000979,-0.001110,-0.000906,-0.000596,-0.000242,0.000198,0.000348,0.000120,0.000000,0.000032,-0.000290,-0.000900,-0.001112,-0.000845,0.000068,0.001346,0.001795,0.001332,0.000693,-0.000077,-0.000741,-0.001161,-0.001518,-0.001384,-0.000619,0.000041,0.000156,0.000052,0.000019,0.000110,0.000103,0.000109,0.000183,0.000204,0.000462,0.001100,0.001737,0.001530,0.000383,-0.000656,-0.001006,-0.000891,-0.000745,-0.000406,-0.000009,0.000091,0.000212,0.000359,0.000355,0.000174,0.000053,0.000044,0.000045,0.000086,0.000008,-0.000024,0.000011,0.000000,0.000068,0.000157,0.000079,-0.000051,-0.000107,-0.000109,-0.000093,0.000016,0.000034,-0.000062,-0.000090,-0.000021,0.000012,0.000005,-0.000049,-0.000088,-0.000094,-0.000019,0.000137,0.000178,0.000126,0.000167,0.000175,0.000110,0.000035,-0.000022,-0.000075,-0.000012,0.000122,0.000129,0.000126,0.017499,0.011951,0.011075,0.010566,0.008848,0.005805,0.003388,0.002454,0.002001,0.002022,0.001839,0.000779,-0.000080,-0.000509,-0.001137,-0.001135,0.000032,0.001088,0.001316,0.000912,-0.000000,-0.000807,-0.001089,-0.000621,0.000111,0.000484,0.000423,-0.000193,-0.001076,-0.001504,-0.001261,-0.000895,-0.000577,-0.000119,0.000202,0.000276,0.000331,0.000420,0.000421,0.000326,0.000342,0.000342,0.000255,0.000223,0.000087,0.000017,-0.000018,-0.000134,-0.000205,-0.000137,0.000005,0.000024,0.000132,0.000255,0.000218,0.000166,0.000304,0.000695,0.000814,0.000259,-0.000004,0.000860,0.001751,0.001240,-0.000381,-0.001541,-0.001749,-0.001706,-0.001732,-0.001722,-0.001447,-0.000698,0.000230,0.000714,0.000408,-0.000302,-0.000453,-0.000057,0.000272,0.000417,0.000291,0.000104,0.000179,0.000255,0.000129,-0.000190,-0.000744,-0.001472,-0.002063,-0.002131,-0.001527,-0.000454,0.000237,0.000265,0.000131,-0.000019,-0.000053,-0.000207,-0.000299,-0.000124,0.000023,0.000108,0.000117,0.000096,0.000023,-0.000109,-0.000133,-0.000098,-0.000070,-0.000014,-0.000063,-0.000157,-0.000190,-0.000097,-0.000034,-0.000052,-0.000009,0.000042,-0.000024,-0.000040,0.000019,-0.000008,-0.000075,-0.000111,-0.000070,-0.000063,-0.000039,0.000016,-0.000023,-0.000100,-0.000133,-0.000133,0.000007,0.000164,0.000150,0.000108,0.000077,0.000028,
-0.011389,-0.007932,-0.004721,0.002269,0.008555,0.008805,0.003471,-0.000741,-0.001353,-0.000075,0.001584,0.002470,0.002039,0.000955,-0.000173,-0.001001,-0.000683,0.000417,0.001310,0.001630,0.001550,0.001093,0.000422,-0.000506,-0.001441,-0.001612,-0.001073,-0.000004,0.000838,0.001007,0.000761,0.000328,-0.000182,-0.000326,0.000076,0.000532,0.000781,0.000803,0.000158,-0.000991,-0.001415,-0.000843,-0.000039,0.000407,0.000393,0.000131,-0.000190,-0.000444,-0.000676,-0.000926,-0.000955,-0.000789,-0.000564,-0.000248,0.000070,0.000187,0.000130,0.000096,-0.000000,-0.000444,-0.001036,-0.001312,-0.001079,-0.000015,0.001143,0.001414,0.001121,0.000525,-0.000403,-0.001128,-0.001237,-0.001106,-0.000874,-0.000382,0.000050,0.000145,0.000058,0.000034,0.000029,-0.000005,0.000089,0.000227,0.000275,0.000470,0.001078,0.001748,0.001546,0.000191,-0.000967,-0.001095,-0.000865,-0.000665,-0.000392,-0.000029,0.000220,0.000353,0.000502,0.000426,0.000190,0.000014,-0.000112,-0.000157,-0.000182,-0.000110,0.000046,0.000025,-0.000022,0.000026,-0.000016,-0.000167,-0.000262,-0.000207,-0.000129,-0.000106,0.000013,0.000123,0.000116,-0.000037,-0.000180,-0.000210,-0.000141,-0.000036,0.000025,-0.000006,-0.000029,0.000103,0.000228,0.000201,0.000086,0.000061,0.000113,0.000039,-0.000084,-0.000172,-0.000147,0.000124,0.000277,0.000227,0.017910,0.012278,0.011348,0.010726,0.008755,0.005571,0.003258,0.002307,0.001848,0.001919,0.001779,0.000714,-0.000019,-0.000462,-0.001098,-0.001037,0.000067,0.000993,0.001165,0.000830,-0.000007,-0.000890,-0.001072,-0.000327,0.000365,0.000534,0.000388,-0.000120,-0.000925,-0.001492,-0.001431,-0.001194,-0.000949,-0.000454,0.000004,0.000235,0.000399,0.000443,0.000428,0.000390,0.000390,0.000317,0.000151,0.000115,-0.000050,-0.000219,-0.000149,-0.000140,-0.000101,0.000072,0.000081,-0.000105,-0.000114,0.000180,0.000157,-0.000122,0.000112,0.000771,0.000855,0.000204,0.000055,0.000966,0.001803,0.001276,-0.000414,-0.001699,-0.001851,-0.001695,-0.001729,-0.001599,-0.001183,-0.000520,0.000243,0.000708,0.000496,-0.000156,-0.000422,-0.000068,0.000342,0.000446,0.000140,-0.000155,-0.000078,0.000081,0.000115,-0.000138,-0.000660,-0.001487,-0.002195,-0.002215,-0.001545,-0.000434,0.000217,0.000115,-0.000095,-0.000089,-0.000059,-0.000217,-0.000340,-0.000188,0.000036,0.000135,0.000177,0.000179,0.000114,-0.000052,-0.000228,-0.000151,0.000032,0.000106,0.000111,0.000013,-0.000079,-0.000040,-0.000013,-0.000018,0.000085,0.000099,-0.000063,-0.000137,-0.000128,-0.000158,-0.000087,0.000033,-0.000062,-0.000159,-0.000152,-0.000076,0.000020,-0.000041,-0.000146,-0.000178,-0.000099,0.000045,0.000085,0.000054,-0.000004,0.000020,
-0.011529,-0.008105,-0.004886,0.002100,0.008470,0.008861,0.003443,-0.000974,-0.001554,-0.000212,0.001476,0.002396,0.001954,0.000857,-0.000236,-0.001164,-0.000977,0.000304,0.001357,0.001722,0.001575,0.001093,0.000569,-0.000425,-0.001525,-0.001717,-0.001042,0.000142,0.000993,0.001014,0.000566,0.000090,-0.000290,-0.000261,0.000118,0.000409,0.000590,0.000561,0.000001,-0.000974,-0.001407,-0.000836,-0.000081,0.000325,0.000357,0.000097,-0.000278,-0.000463,-0.000548,-0.000799,-0.000899,-0.000700,-0.000515,-0.000225,0.000084,0.000205,0.000171,0.000123,0.000006,-0.000360,-0.001008,-0.001489,-0.001327,-0.000037,0.001613,0.002056,0.001362,0.000492,-0.000414,-0.001041,-0.001076,-0.000979,-0.000729,-0.000176,0.000156,0.000065,-0.000059,-0.000003,0.000052,0.000075,0.000155,0.000285,0.000356,0.000647,0.001231,0.001719,0.001411,0.000194,-0.000856,-0.001076,-0.000887,-0.000649,-0.000338,-0.000027,0.000146,0.000225,0.000313,0.000327,0.000170,0.000017,-0.000014,0.000068,0.000100,0.000106,0.000098,0.000003,-0.000139,-0.000060,0.000062,0.000004,-0.000130,-0.000200,-0.000139,-0.000089,0.000000,0.000115,0.000047,-0.000053,-0.000043,-0.000035,-0.000151,-0.000152,-0.000015,0.000117,0.000205,0.000166,-0.000012,-0.000089,0.000006,0.000098,0.000113,-0.000003,-0.000134,-0.000161,-0.000186,-0.000059,0.000165,0.000221,0.017800,0.012308,0.011426,0.011014,0.009167,0.005974,0.003643,0.002656,0.002142,0.002177,0.002024,0.000998,0.000126,-0.000469,-0.001082,-0.001028,0.000112,0.001056,0.001272,0.000925,0.000088,-0.000746,-0.001034,-0.000599,0.000028,0.000399,0.000398,-0.000147,-0.001013,-0.001465,-0.001306,-0.001160,-0.001027,-0.000551,-0.000042,0.000252,0.000402,0.000451,0.000452,0.000390,0.000392,0.000328,0.000230,0.000208,-0.000050,-0.000308,-0.000223,-0.000098,-0.000088,0.000003,0.000046,-0.000170,-0.000223,0.000172,0.000251,0.000010,0.000123,0.000696,0.000801,-0.000014,-0.000425,0.000447,0.001564,0.001304,-0.000520,-0.002157,-0.002441,-0.002224,-0.002126,-0.001927,-0.001343,-0.000508,0.000408,0.000845,0.000396,-0.000252,-0.000341,-0.000044,0.000248,0.000305,0.000127,-0.000029,0.000015,0.000143,0.000185,-0.000059,-0.000776,-0.001685,-0.002246,-0.002144,-0.001436,-0.000354,0.000327,0.000392,0.000217,0.000097,0.000037,-0.000124,-0.000230,-0.000071,0.000131,0.000113,0.000042,0.000018,-0.000085,-0.000112,-0.000087,-0.000147,-0.000134,-0.000051,-0.000038,-0.000143,-0.000193,-0.000023,0.000071,0.000060,-0.000038,-0.000082,-0.000046,-0.000042,-0.000113,-0.000224,-0.000198,0.000003,0.000101,0.000064,-0.000018,-0.000096,-0.000121,-0.000122,-0.000181,-0.000202,-0.000146,-0.000050,-0.000022,-0.000064,-0.000010,0.000095,
-0.011562,-0.007834,-0.004476,0.002545,0.008769,0.008880,0.003488,-0.000830,-0.001402,-0.000049,0.001658,0.002444,0.001864,0.000780,-0.000213,-0.000946,-0.000775,0.000301,0.001268,0.001582,0.001461,0.001134,0.000547,-0.000437,-0.001369,-0.001608,-0.001065,-0.000072,0.000712,0.000869,0.000682,0.000273,-0.000206,-0.000334,-0.000071,0.000295,0.000476,0.000470,-0.000022,-0.000919,-0.001267,-0.000758,-0.000017,0.000342,0.000376,0.000151,-0.000114,-0.000243,-0.000542,-0.000810,-0.000815,-0.000665,-0.000436,-0.000212,0.000100,0.000184,-0.000005,0.000002,0.000032,-0.000298,-0.000728,-0.000750,-0.000479,0.000293,0.001291,0.001658,0.001397,0.000792,0.000075,-0.000556,-0.000840,-0.000868,-0.000615,-0.000074,0.000282,0.000195,0.000047,0.000035,0.000023,0.000016,0.000100,0.000273,0.000285,0.000476,0.001105,0.001763,0.001602,0.000403,-0.000771,-0.001136,-0.001117,-0.000897,-0.000447,-0.000080,0.000184,0.000286,0.000265,0.000316,0.000127,-0.000112,-0.000101,-0.000029,-0.000117,-0.000105,0.000027,0.000046,0.000002,-0.000000,-0.000023,-0.000080,-0.000065,-0.000003,0.000012,0.000015,0.000054,0.000039,-0.000030,-0.000142,-0.000147,-0.000038,0.000056,0.000011,-0.000072,-0.000026,0.000069,0.000111,0.000144,0.000231,0.000133,-0.000064,-0.000112,-0.000059,0.000056,0.000041,-0.000073,-0.000039,0.000061,0.000136,0.018218,0.012502,0.011612,0.011046,0.009114,0.005883,0.003458,0.002641,0.002153,0.002031,0.001966,0.001065,0.000217,-0.000356,-0.001043,-0.001028,0.000111,0.001132,0.001313,0.000850,-0.000022,-0.000819,-0.001145,-0.000626,0.000111,0.000446,0.000449,-0.000071,-0.000970,-0.001504,-0.001350,-0.001007,-0.000739,-0.000323,0.000044,0.000175,0.000220,0.000348,0.000497,0.000506,0.000439,0.000368,0.000232,0.000081,-0.000168,-0.000334,-0.000206,-0.000106,-0.000113,-0.000063,-0.000009,-0.000005,0.000085,0.000230,0.000235,0.000023,0.000148,0.000694,0.000791,0.000175,-0.000016,0.000825,0.001578,0.001082,-0.000212,-0.001283,-0.001605,-0.001592,-0.001575,-0.001440,-0.001279,-0.000696,0.000314,0.000730,0.000304,-0.000273,-0.000429,-0.000109,0.000351,0.000514,0.000307,0.000142,0.000116,0.000177,0.000123,-0.000219,-0.000821,-0.001607,-0.002187,-0.002196,-0.001650,-0.000640,0.000172,0.000208,0.000005,0.000021,-0.000046,-0.000076,-0.000078,-0.000060,-0.000001,0.000101,0.000138,0.000091,-0.000002,-0.000067,-0.000024,-0.000015,0.000003,0.000058,0.000111,0.000025,-0.000101,-0.000171,-0.000102,-0.000076,-0.000066,-0.000067,-0.000061,-0.000071,-0.000045,0.000018,-0.000044,-0.000086,-0.000147,-0.000225,-0.000161,-0.000102,-0.000082,-0.000120,-0.000114,-0.000111,-0.000124,-0.000050,-0.000029,-0.000005,0.000045,0.000031,
-0.011434,-0.007739,-0.004727,0.002070,0.008387,0.008805,0.003385,-0.001044,-0.001568,-0.000147,0.001614,0.002426,0.001995,0.000937,-0.000259,-0.001102,-0.000852,0.000249,0.001169,0.001472,0.001372,0.001115,0.000608,-0.000344,-0.001290,-0.001545,-0.001045,-0.000186,0.000572,0.000818,0.000573,0.000111,-0.000267,-0.000254,-0.000002,0.000282,0.000528,0.000416,-0.000115,-0.000923,-0.001250,-0.000724,0.000001,0.000306,0.000303,0.000058,-0.000261,-0.000391,-0.000501,-0.000861,-0.001067,-0.000845,-0.000553,-0.000278,0.000004,0.000189,0.000171,0.000116,0.000044,-0.000327,-0.001001,-0.001447,-0.001176,0.000096,0.001374,0.001623,0.001156,0.000632,-0.000010,-0.000656,-0.001051,-0.001168,-0.000795,-0.000004,0.000520,0.000437,-0.000050,-0.000173,0.000015,0.000072,0.000039,0.000067,0.000200,0.000529,0.001140,0.001636,0.001407,0.000328,-0.000693,-0.000904,-0.000767,-0.000674,-0.000437,-0.000148,0.000034,0.000186,0.000336,0.000305,0.000055,-0.000089,-0.000032,-0.000043,-0.000147,-0.000115,-0.000078,-0.000125,-0.000153,-0.000008,0.000103,-0.000070,-0.000260,-0.000197,-0.000078,-0.000032,0.000072,0.000090,0.000023,-0.000026,-0.000003,0.000011,-0.000080,-0.000117,-0.000050,0.000049,0.000118,0.000172,0.000162,0.000156,0.000119,-0.000099,-0.000217,-0.000101,0.000057,0.000140,0.000111,0.000009,-0.000014,0.000022,0.018127,0.012518,0.011475,0.011113,0.009227,0.005827,0.003426,0.002519,0.002066,0.002093,0.001964,0.001048,0.000246,-0.000335,-0.001014,-0.001067,-0.000024,0.000958,0.001188,0.000796,-0.000063,-0.000887,-0.001131,-0.000612,0.000071,0.000435,0.000283,-0.000428,-0.001324,-0.001737,-0.001363,-0.000815,-0.000400,-0.000040,0.000097,0.000057,0.000017,0.000122,0.000375,0.000476,0.000520,0.000497,0.000258,0.000080,-0.000021,-0.000118,-0.000047,0.000025,-0.000029,0.000044,-0.000066,-0.000212,0.000064,0.000375,0.000245,0.000079,0.000374,0.000957,0.000904,0.000159,-0.000038,0.001027,0.001982,0.001294,-0.000614,-0.001895,-0.001929,-0.001682,-0.001681,-0.001598,-0.001288,-0.000589,0.000338,0.000815,0.000483,-0.000143,-0.000525,-0.000403,0.000038,0.000371,0.000417,0.000267,0.000092,0.000056,0.000209,0.000050,-0.000739,-0.001612,-0.002141,-0.002211,-0.001514,-0.000345,0.000324,0.000289,0.000066,-0.000047,0.000023,-0.000101,-0.000216,-0.000079,0.000118,0.000128,-0.000043,-0.000063,-0.000048,-0.000105,-0.000143,-0.000117,0.000017,0.000185,0.000132,-0.000022,-0.000072,-0.000063,-0.000015,0.000091,0.000165,0.000091,-0.000093,-0.000172,-0.000101,-0.000059,0.000011,-0.000048,-0.000127,-0.000183,-0.000132,0.000094,0.000187,0.000058,-0.000148,-0.000251,-0.000146,0.000059,0.000166,0.000185,0.000166,0.000036,
-0.011276,-0.007589,-0.004498,0.002419,0.008722,0.008988,0.003538,-0.000904,-0.001458,-0.000048,0.001729,0.002653,0.002140,0.000923,-0.000294,-0.001149,-0.000891,0.000307,0.001248,0.001559,0.001504,0.000997,0.000330,-0.000451,-0.001353,-0.001573,-0.000908,0.000102,0.000770,0.000783,0.000468,0.000045,-0.000283,-0.000203,0.000157,0.000381,0.000388,0.000265,-0.000209,-0.001083,-0.001384,-0.000767,0.000040,0.000432,0.000370,0.000034,-0.000218,-0.000362,-0.000519,-0.000740,-0.000938,-0.000976,-0.000754,-0.000311,0.000052,0.000234,0.000145,0.000019,0.000083,-0.000225,-0.000988,-0.001478,-0.001143,0.000242,0.001735,0.002089,0.001497,0.000815,0.000095,-0.000491,-0.000738,-0.000930,-0.000680,0.000080,0.000616,0.000444,0.000034,-0.000162,-0.000130,0.000015,0.000185,0.000221,0.000156,0.000338,0.000907,0.001516,0.001387,0.000227,-0.000840,-0.001084,-0.000861,-0.000655,-0.000392,-0.000124,0.000048,0.000207,0.000354,0.000308,0.000096,0.000002,-0.000052,-0.000073,-0.000105,-0.000142,0.000012,0.000129,0.000063,0.000027,-0.000017,-0.000040,-0.000069,-0.000070,0.000041,0.000074,0.000017,0.000054,0.000160,0.000046,-0.000136,-0.000173,-0.000079,-0.000097,-0.000168,-0.000064,0.000171,0.000303,0.000334,0.000360,0.000251,0.000078,-0.000048,-0.000089,0.000002,-0.000045,-0.000009,0.000139,0.000158,0.000148,0.018172,0.012485,0.011527,0.011244,0.009582,0.006189,0.003527,0.002518,0.002078,0.002060,0.001837,0.000904,0.000098,-0.000516,-0.001174,-0.001123,-0.000045,0.000933,0.001213,0.000816,-0.000158,-0.001024,-0.001278,-0.000746,0.000071,0.000431,0.000302,-0.000186,-0.000997,-0.001367,-0.000995,-0.000463,0.000079,0.000303,0.000193,0.000089,0.000060,0.000149,0.000373,0.000449,0.000436,0.000405,0.000177,0.000025,-0.000041,-0.000056,0.000012,0.000084,-0.000030,-0.000104,-0.000171,-0.000254,-0.000069,0.000242,0.000263,0.000040,0.000120,0.000718,0.000929,0.000255,-0.000088,0.000819,0.001943,0.001725,0.000093,-0.001234,-0.001479,-0.001530,-0.001698,-0.001729,-0.001382,-0.000584,0.000381,0.000829,0.000418,-0.000284,-0.000567,-0.000240,0.000165,0.000271,0.000196,0.000049,0.000023,0.000159,0.000160,-0.000106,-0.000779,-0.001666,-0.002259,-0.002312,-0.001595,-0.000466,0.000198,0.000257,0.000124,0.000062,-0.000034,-0.000146,-0.000175,-0.000142,-0.000080,0.000054,0.000121,0.000031,-0.000100,-0.000107,0.000052,0.000030,-0.000013,-0.000077,-0.000093,-0.000076,-0.000136,-0.000084,0.000040,0.000039,-0.000015,-0.000082,-0.000153,-0.000065,-0.000062,-0.000055,0.000037,-0.000009,-0.000067,-0.000161,-0.000136,-0.000009,0.000058,-0.000022,-0.000165,-0.000151,-0.000028,0.000037,-0.000005,0.000058,0.000189,0.000197,
-0.011521,-0.007696,-0.004512,0.002530,0.008843,0.009035,0.003454,-0.001070,-0.001598,-0.000122,0.001571,0.002451,0.002059,0.000972,-0.000252,-0.001185,-0.000934,0.000214,0.001199,0.001591,0.001559,0.001212,0.000534,-0.000520,-0.001426,-0.001607,-0.001057,-0.000016,0.000710,0.000810,0.000666,0.000266,-0.000232,-0.000340,-0.000003,0.000442,0.000708,0.000677,0.000050,-0.000940,-0.001431,-0.000934,-0.000113,0.000374,0.000442,0.000137,-0.000272,-0.000489,-0.000732,-0.001077,-0.001075,-0.000859,-0.000653,-0.000362,0.000065,0.000216,0.000115,0.000141,0.000015,-0.000459,-0.001032,-0.001422,-0.001216,-0.000212,0.001032,0.001529,0.001179,0.000549,-0.000166,-0.000721,-0.001021,-0.001250,-0.001061,-0.000370,0.000248,0.000299,-0.000049,-0.000119,0.000034,0.000190,0.000312,0.000277,0.000351,0.000658,0.001244,0.001748,0.001523,0.000402,-0.000701,-0.000979,-0.000877,-0.000725,-0.000395,-0.000036,0.000180,0.000386,0.000472,0.000318,0.000041,-0.000101,0.000000,0.000086,0.000016,-0.000020,0.000002,-0.000026,-0.000055,-0.000002,-0.000015,-0.000146,-0.000044,-0.000010,-0.000049,0.000014,0.000061,0.000117,0.000088,-0.000058,-0.000138,-0.000084,-0.000042,0.000037,0.000088,0.000079,0.000128,0.000204,0.000246,0.000192,0.000132,0.000043,0.000014,0.000072,-0.000037,-0.000104,-0.000198,-0.000169,0.000018,0.000090,0.018346,0.012548,0.011514,0.011365,0.009661,0.006207,0.003556,0.002555,0.002228,0.002282,0.002128,0.001152,0.000265,-0.000404,-0.001136,-0.001118,0.000063,0.001060,0.001226,0.000844,-0.000043,-0.000861,-0.001099,-0.000669,0.000019,0.000432,0.000401,-0.000165,-0.001049,-0.001446,-0.001168,-0.000866,-0.000645,-0.000188,0.000186,0.000375,0.000406,0.000514,0.000605,0.000445,0.000424,0.000377,0.000237,0.000171,0.000064,-0.000117,-0.000116,-0.000006,-0.000015,0.000021,0.000048,-0.000002,0.000180,0.000355,0.000314,0.000225,0.000314,0.000767,0.000876,0.000225,-0.000089,0.000660,0.001499,0.001250,-0.000146,-0.001457,-0.001722,-0.001645,-0.001579,-0.001517,-0.001351,-0.000694,0.000403,0.000934,0.000418,-0.000322,-0.000565,-0.000284,0.000126,0.000279,0.000184,0.000026,0.000015,0.000210,0.000264,-0.000046,-0.000723,-0.001584,-0.002159,-0.002209,-0.001584,-0.000535,0.000137,0.000209,0.000034,0.000058,0.000007,-0.000292,-0.000325,-0.000100,0.000087,0.000141,0.000096,0.000053,0.000051,-0.000066,-0.000159,-0.000125,-0.000088,-0.000012,0.000056,-0.000055,-0.000184,-0.000127,-0.000131,-0.000155,0.000010,0.000038,-0.000109,-0.000056,0.000067,-0.000014,-0.000046,-0.000125,-0.000267,-0.000301,-0.000192,-0.000052,0.000070,0.000066,-0.000070,-0.000165,-0.000125,0.000007,0.000049,0.000002,-0.000026,-0.000065,
-0.011061,-0.007213,-0.004325,0.002512,0.008963,0.009229,0.003620,-0.000900,-0.001579,-0.000136,0.001828,0.002685,0.002039,0.000841,-0.000271,-0.001080,-0.000754,0.000377,0.001268,0.001577,0.001477,0.001245,0.000645,-0.000383,-0.001285,-0.001525,-0.001035,-0.000092,0.000683,0.000756,0.000481,0.000161,-0.000074,-0.000113,0.000111,0.000476,0.000666,0.000590,0.000027,-0.000941,-0.001367,-0.000935,-0.000166,0.000364,0.000425,0.000077,-0.000277,-0.000417,-0.000652,-0.000863,-0.000879,-0.000748,-0.000472,-0.000217,0.000061,0.000243,0.000133,-0.000006,0.000016,-0.000284,-0.000893,-0.001220,-0.000875,0.000329,0.001597,0.001901,0.001353,0.000624,-0.000163,-0.000912,-0.001252,-0.001382,-0.001244,-0.000569,0.000035,0.000170,0.000068,0.000048,0.000079,0.000258,0.000326,0.000187,0.000215,0.000466,0.001039,0.001668,0.001515,0.000355,-0.000837,-0.001204,-0.001039,-0.000853,-0.000595,-0.000156,0.000155,0.000283,0.000351,0.000299,0.000159,-0.000093,-0.000176,-0.000048,0.000061,0.000137,0.000104,-0.000038,-0.000038,0.000115,0.000145,0.000044,0.000018,0.000027,0.000034,0.000011,-0.000001,-0.000019,-0.000027,-0.000032,-0.000058,-0.000100,-0.000080,-0.000073,-0.000060,0.000001,0.000094,0.000148,0.000170,0.000180,0.000135,0.000071,0.000057,-0.000032,-0.000106,-0.000044,-0.000009,0.000003,0.000084,0.000082,0.018863,0.012896,0.011796,0.011584,0.009830,0.006266,0.003625,0.002675,0.002208,0.002153,0.001893,0.001030,0.000387,-0.000245,-0.001086,-0.001136,-0.000008,0.001048,0.001307,0.000883,-0.000061,-0.000864,-0.000973,-0.000450,0.000280,0.000676,0.000601,0.000043,-0.000907,-0.001531,-0.001457,-0.001188,-0.000873,-0.000390,-0.000023,0.000132,0.000257,0.000377,0.000443,0.000366,0.000455,0.000587,0.000403,0.000162,0.000058,-0.000038,-0.000141,-0.000105,-0.000025,-0.000021,-0.000064,-0.000149,0.000038,0.000298,0.000248,0.000129,0.000286,0.000736,0.000741,0.000176,0.000022,0.000921,0.001815,0.001214,-0.000541,-0.001634,-0.001786,-0.001814,-0.001772,-0.001597,-0.001269,-0.000638,0.000252,0.000769,0.000512,-0.000101,-0.000385,-0.000132,0.000278,0.000426,0.000362,0.000161,0.000052,0.000169,0.000168,-0.000177,-0.000758,-0.001515,-0.002101,-0.002197,-0.001598,-0.000501,0.000184,0.000200,0.000051,-0.000073,-0.000120,-0.000220,-0.000254,-0.000008,0.000135,0.000107,0.000058,0.000017,-0.000034,-0.000099,-0.000088,-0.000018,0.000079,0.000111,0.000067,-0.000005,-0.000046,-0.000024,0.000001,0.000025,0.000037,0.000007,0.000008,0.000068,-0.000035,-0.000170,-0.000143,-0.000067,-0.000149,-0.000299,-0.000293,-0.000116,0.000006,-0.000061,-0.000115,-0.000156,-0.000140,-0.000059,-0.000047,-0.000022,0.000085,0.000100,
-0.011153,-0.007102,-0.004131,0.002686,0.009089,0.009316,0.003657,-0.000947,-0.001555,-0.000127,0.001710,0.002699,0.002196,0.000975,-0.000261,-0.001156,-0.000947,0.000196,0.001230,0.001673,0.001470,0.001071,0.000431,-0.000608,-0.001383,-0.001373,-0.000694,0.000262,0.000900,0.000971,0.000647,0.000163,-0.000204,-0.000317,0.000026,0.000540,0.000753,0.000603,-0.000047,-0.001002,-0.001399,-0.000948,-0.000160,0.000283,0.000327,0.000034,-0.000280,-0.000427,-0.000622,-0.000829,-0.000921,-0.000712,-0.000440,-0.000158,0.000186,0.000287,0.000123,0.000023,-0.000001,-0.000518,-0.001266,-0.001643,-0.001331,-0.000029,0.001365,0.001561,0.000934,0.000333,-0.000350,-0.001035,-0.001343,-0.001184,-0.000737,-0.000249,0.000032,0.000007,-0.000041,-0.000077,-0.000079,-0.000037,0.000037,0.000115,0.000251,0.000546,0.001162,0.001753,0.001397,0.000090,-0.000988,-0.001119,-0.000907,-0.000782,-0.000530,-0.000142,0.000182,0.000414,0.000408,0.000319,0.000155,-0.000020,-0.000004,-0.000049,-0.000120,-0.000090,-0.000042,-0.000001,0.000043,0.000076,0.000071,-0.000025,-0.000065,-0.000013,-0.000068,-0.000144,-0.000058,0.000003,-0.000045,-0.000092,-0.000168,-0.000184,-0.000122,-0.000071,-0.000019,0.000139,0.000231,0.000107,0.000055,0.000037,0.000038,0.000004,0.000002,0.000036,-0.000112,-0.000202,-0.000150,-0.000009,0.000158,0.000153,0.018883,0.012850,0.011848,0.011685,0.009941,0.006318,0.003551,0.002598,0.002259,0.002323,0.002067,0.001048,0.000301,-0.000254,-0.001009,-0.001104,0.000022,0.001106,0.001242,0.000773,-0.000093,-0.000796,-0.001015,-0.000584,0.000109,0.000524,0.000479,-0.000008,-0.000774,-0.001298,-0.001176,-0.000950,-0.000647,-0.000260,-0.000034,0.000171,0.000342,0.000518,0.000549,0.000377,0.000392,0.000426,0.000251,0.000130,0.000067,-0.000113,-0.000215,-0.000148,-0.000099,-0.000028,-0.000032,-0.000114,-0.000030,0.000224,0.000180,-0.000077,0.000128,0.000652,0.000712,0.000124,-0.000136,0.000768,0.001771,0.001331,-0.000527,-0.002062,-0.002189,-0.001904,-0.001847,-0.001686,-0.001273,-0.000587,0.000193,0.000552,0.000245,-0.000356,-0.000547,-0.000211,0.000167,0.000299,0.000263,0.000087,0.000014,0.000150,0.000180,-0.000099,-0.000747,-0.001534,-0.002074,-0.002158,-0.001599,-0.000505,0.000231,0.000274,0.000104,0.000034,0.000045,-0.000017,-0.000133,-0.000025,0.000166,0.000143,0.000083,0.000048,-0.000006,-0.000048,-0.000048,-0.000033,0.000013,0.000104,0.000091,-0.000053,-0.000080,0.000026,0.000050,-0.000009,-0.000028,-0.000056,-0.000077,-0.000056,-0.000107,-0.000152,-0.000066,-0.000039,-0.000040,-0.000093,-0.000171,-0.000152,-0.000062,-0.000064,-0.000135,-0.000081,0.000044,0.000099,0.000062,0.000080,0.000193,0.000112,
-0.011560,-0.007186,-0.004254,0.002437,0.008783,0.009088,0.003521,-0.001020,-0.001575,-0.000099,0.001793,0.002744,0.002179,0.000978,-0.000302,-0.001310,-0.000997,0.000259,0.001248,0.001634,0.001610,0.001170,0.000428,-0.000562,-0.001405,-0.001536,-0.001017,-0.000034,0.000693,0.000826,0.000488,0.000031,-0.000233,-0.000250,0.000003,0.000424,0.000709,0.000661,0.000112,-0.000776,-0.001236,-0.000817,-0.000102,0.000318,0.000422,0.000140,-0.000232,-0.000416,-0.000640,-0.000846,-0.000944,-0.000885,-0.000631,-0.000363,-0.000136,0.000129,0.000133,0.000048,0.000007,-0.000353,-0.000833,-0.000981,-0.000722,0.000310,0.001941,0.002591,0.001891,0.000889,0.000032,-0.000606,-0.000894,-0.000982,-0.000741,-0.000171,0.000157,0.000164,0.000003,-0.000152,-0.000145,-0.000020,0.000158,0.000259,0.000275,0.000530,0.001062,0.001560,0.001402,0.000216,-0.000836,-0.001124,-0.001085,-0.000878,-0.000436,0.000041,0.000130,0.000154,0.000436,0.000520,0.000211,0.000025,0.000059,0.000048,0.000002,-0.000068,-0.000037,-0.000062,-0.000092,0.000013,-0.000002,-0.000140,-0.000266,-0.000117,0.000006,0.000037,0.000170,0.000117,-0.000022,-0.000051,0.000012,0.000051,0.000040,0.000007,-0.000082,-0.000078,0.000098,0.000182,0.000142,0.000139,0.000138,0.000081,-0.000018,-0.000132,-0.000207,-0.000224,-0.000008,0.000175,0.000185,0.000193,0.018931,0.012976,0.011879,0.012025,0.010480,0.006659,0.003605,0.002500,0.002194,0.002307,0.002102,0.001212,0.000512,-0.000096,-0.000912,-0.001143,-0.000045,0.001045,0.001238,0.000834,-0.000011,-0.000801,-0.001036,-0.000561,0.000171,0.000518,0.000351,-0.000174,-0.001006,-0.001515,-0.001376,-0.001170,-0.000898,-0.000387,0.000022,0.000154,0.000332,0.000462,0.000480,0.000406,0.000332,0.000368,0.000326,0.000228,-0.000002,-0.000196,-0.000163,-0.000030,-0.000011,0.000053,0.000123,0.000014,0.000049,0.000310,0.000279,0.000098,0.000245,0.000725,0.000797,0.000098,-0.000294,0.000473,0.001405,0.001130,-0.000232,-0.001471,-0.001858,-0.001963,-0.001859,-0.001648,-0.001479,-0.000697,0.000323,0.000763,0.000347,-0.000341,-0.000525,-0.000114,0.000282,0.000332,0.000272,0.000203,0.000175,0.000212,0.000106,-0.000266,-0.000877,-0.001726,-0.002310,-0.002278,-0.001465,-0.000211,0.000415,0.000199,0.000054,0.000112,0.000089,-0.000133,-0.000322,-0.000224,-0.000005,0.000153,0.000236,0.000172,0.000002,-0.000153,-0.000192,-0.000132,-0.000101,-0.000042,-0.000099,-0.000222,-0.000188,-0.000147,-0.000081,0.000009,0.000016,-0.000027,-0.000120,-0.000241,-0.000221,-0.000117,-0.000042,-0.000083,-0.000100,-0.000091,-0.000116,-0.000111,-0.000072,-0.000115,-0.000151,-0.000128,-0.000090,-0.000057,0.000078,0.000096,-0.000031,-0.000087,
-0.011396,-0.007091,-0.004219,0.002489,0.009006,0.009377,0.003642,-0.001021,-0.001603,-0.000053,0.001897,0.002679,0.002075,0.000935,-0.000292,-0.001179,-0.000882,0.000333,0.001187,0.001459,0.001401,0.001040,0.000445,-0.000428,-0.001252,-0.001516,-0.001049,-0.000097,0.000702,0.000863,0.000522,0.000060,-0.000207,-0.000037,0.000259,0.000398,0.000483,0.000375,-0.000224,-0.001158,-0.001469,-0.000785,0.000060,0.000400,0.000391,0.000111,-0.000182,-0.000275,-0.000470,-0.000769,-0.000939,-0.000779,-0.000475,-0.000178,0.000187,0.000325,0.000157,0.000078,0.000013,-0.000480,-0.001058,-0.001144,-0.000747,0.000137,0.001139,0.001506,0.001173,0.000562,-0.000137,-0.000684,-0.000930,-0.001005,-0.000791,-0.000128,0.000409,0.000359,0.000017,-0.000237,-0.000239,-0.000100,0.000077,0.000220,0.000301,0.000581,0.001120,0.001647,0.001388,0.000182,-0.000805,-0.001061,-0.000918,-0.000707,-0.000471,-0.000208,-0.000004,0.000272,0.000378,0.000211,0.000002,-0.000159,-0.000137,-0.000057,-0.000085,-0.000126,-0.000071,-0.000081,-0.000108,-0.000010,0.000127,0.000103,-0.000030,-0.000108,-0.000149,-0.000083,0.000060,0.000056,-0.000007,0.000022,0.000082,0.000078,0.000070,0.000015,-0.000125,-0.000085,0.000120,0.000214,0.000207,0.000176,0.000075,0.000005,-0.000004,-0.000120,-0.000129,-0.000042,-0.000039,-0.000083,0.000037,0.000158,0.019066,0.012883,0.011836,0.011951,0.010502,0.006748,0.003573,0.002521,0.002314,0.002374,0.002183,0.001263,0.000463,-0.000146,-0.001018,-0.001187,-0.000096,0.000990,0.001245,0.000801,-0.000057,-0.000822,-0.000992,-0.000451,0.000238,0.000511,0.000265,-0.000325,-0.001139,-0.001594,-0.001352,-0.000913,-0.000484,-0.000025,0.000131,0.000092,0.000054,0.000101,0.000341,0.000418,0.000444,0.000456,0.000389,0.000279,0.000025,-0.000075,0.000022,0.000072,-0.000058,-0.000080,-0.000026,-0.000023,0.000234,0.000529,0.000500,0.000244,0.000342,0.000828,0.000880,0.000287,0.000150,0.001127,0.001997,0.001218,-0.000725,-0.002014,-0.001955,-0.001578,-0.001608,-0.001624,-0.001360,-0.000711,0.000284,0.000776,0.000359,-0.000456,-0.000703,-0.000168,0.000337,0.000329,0.000139,0.000113,0.000267,0.000368,0.000334,0.000073,-0.000608,-0.001484,-0.002211,-0.002361,-0.001713,-0.000565,0.000192,0.000292,0.000125,-0.000075,-0.000267,-0.000340,-0.000211,0.000008,0.000081,0.000028,-0.000040,-0.000037,-0.000023,-0.000057,-0.000009,-0.000040,-0.000064,0.000085,0.000089,-0.000148,-0.000168,0.000051,0.000130,0.000029,-0.000052,0.000011,0.000011,-0.000058,0.000007,0.000057,0.000021,-0.000041,-0.000042,-0.000105,-0.000061,0.000047,0.000025,-0.000089,-0.000214,-0.000159,-0.000047,0.000030,0.000111,0.000095,0.000040,-0.000008,
-0.011131,-0.006789,-0.003874,0.002762,0.009188,0.009462,0.003731,-0.000859,-0.001470,-0.000016,0.001814,0.002724,0.002147,0.000765,-0.000466,-0.001172,-0.000862,0.000306,0.001246,0.001578,0.001406,0.000890,0.000238,-0.000667,-0.001408,-0.001553,-0.000947,0.000104,0.000738,0.000634,0.000251,-0.000197,-0.000492,-0.000300,0.000126,0.000296,0.000269,0.000266,-0.000205,-0.001148,-0.001424,-0.000729,0.000080,0.000399,0.000288,-0.000071,-0.000449,-0.000532,-0.000632,-0.000862,-0.000990,-0.000907,-0.000623,-0.000193,0.000227,0.000351,0.000174,0.000066,0.000030,-0.000418,-0.001111,-0.001510,-0.001137,0.000122,0.001463,0.001783,0.001195,0.000572,0.000023,-0.000480,-0.000803,-0.000869,-0.000568,0.000007,0.000457,0.000364,0.000021,-0.000080,-0.000022,0.000021,-0.000053,0.000086,0.000296,0.000539,0.001180,0.001792,0.001469,0.000109,-0.000995,-0.001164,-0.000867,-0.000611,-0.000278,0.000050,0.000094,0.000139,0.000400,0.000529,0.000257,0.000021,0.000011,-0.000085,-0.000128,0.000021,0.000097,0.000016,-0.000033,0.000025,0.000084,0.000043,-0.000066,-0.000128,-0.000067,0.000085,0.000201,0.000093,-0.000025,-0.000014,0.000062,0.000102,0.000001,-0.000114,-0.000059,0.000073,0.000208,0.000247,0.000173,0.000180,0.000228,0.000145,0.000048,0.000026,-0.000059,-0.000166,-0.000093,0.000061,0.000070,0.000054,0.019055,0.012790,0.011897,0.012154,0.010447,0.006517,0.003514,0.002572,0.002375,0.002409,0.002178,0.001148,0.000333,-0.000088,-0.000832,-0.000995,0.000126,0.001071,0.001144,0.000730,-0.000071,-0.000930,-0.001182,-0.000597,0.000116,0.000521,0.000519,-0.000181,-0.001223,-0.001634,-0.001097,-0.000307,0.000345,0.000510,0.000236,-0.000015,-0.000152,-0.000071,0.000177,0.000380,0.000503,0.000428,0.000174,0.000014,-0.000024,-0.000040,-0.000023,0.000032,0.000021,-0.000055,-0.000165,-0.000234,-0.000065,0.000225,0.000309,0.000184,0.000223,0.000762,0.000886,0.000164,-0.000138,0.000807,0.001849,0.001421,-0.000317,-0.001662,-0.001789,-0.001666,-0.001793,-0.001774,-0.001377,-0.000535,0.000444,0.000822,0.000324,-0.000408,-0.000564,-0.000139,0.000301,0.000412,0.000190,0.000020,0.000096,0.000161,0.000063,-0.000144,-0.000699,-0.001574,-0.002202,-0.002229,-0.001611,-0.000481,0.000287,0.000364,0.000196,0.000038,-0.000067,-0.000200,-0.000130,0.000042,0.000031,0.000041,0.000062,-0.000052,-0.000068,0.000028,-0.000022,-0.000108,-0.000033,-0.000005,0.000042,-0.000089,-0.000117,-0.000025,-0.000028,-0.000045,-0.000114,-0.000146,-0.000129,-0.000135,-0.000083,-0.000001,-0.000022,-0.000041,-0.000093,-0.000048,-0.000112,-0.000210,-0.000098,-0.000057,-0.000056,-0.000030,0.000074,0.000227,0.000165,0.000083,0.000014,-0.000009,
-0.010714,-0.006444,-0.003586,0.003099,0.009524,0.009578,0.003731,-0.000943,-0.001591,-0.000049,0.001853,0.002839,0.002331,0.000939,-0.000437,-0.001345,-0.001024,0.000134,0.001120,0.001617,0.001567,0.001195,0.000558,-0.000447,-0.001369,-0.001541,-0.000866,0.000141,0.000718,0.000605,0.000295,0.000032,-0.000275,-0.000315,-0.000069,0.000163,0.000446,0.000503,-0.000005,-0.000881,-0.001379,-0.000885,-0.000036,0.000388,0.000458,0.000141,-0.000252,-0.000424,-0.000562,-0.000825,-0.000987,-0.000905,-0.000615,-0.000269,0.000059,0.000260,0.000167,0.000036,0.000006,-0.000422,-0.001121,-0.001404,-0.001189,-0.000281,0.000935,0.001337,0.001050,0.000593,-0.000037,-0.000690,-0.000995,-0.001021,-0.000601,0.000039,0.000382,0.000221,-0.000032,-0.000091,-0.000116,-0.000093,0.000120,0.000283,0.000327,0.000559,0.001076,0.001590,0.001425,0.000213,-0.000820,-0.001023,-0.000890,-0.000670,-0.000469,-0.000257,-0.000062,0.000209,0.000411,0.000434,0.000223,0.000055,0.000047,0.000014,-0.000055,-0.000037,0.000083,0.000045,-0.000037,0.000077,0.000212,0.000155,-0.000004,-0.000055,-0.000076,0.000055,0.000179,0.000128,0.000063,0.000007,0.000024,0.000055,-0.000056,-0.000126,-0.000090,-0.000090,0.000022,0.000117,0.000082,0.000056,0.000046,-0.000015,-0.000110,-0.000094,-0.000059,-0.000100,-0.000166,-0.000096,0.000057,0.000059,0.019294,0.013109,0.012118,0.012320,0.010586,0.006538,0.003539,0.002684,0.002448,0.002417,0.002160,0.001124,0.000334,-0.000213,-0.000935,-0.000992,0.000048,0.000965,0.001175,0.000825,-0.000100,-0.000883,-0.001056,-0.000516,0.000179,0.000504,0.000404,-0.000164,-0.001051,-0.001549,-0.001253,-0.000876,-0.000629,-0.000303,-0.000039,0.000062,0.000223,0.000471,0.000575,0.000531,0.000547,0.000428,0.000169,0.000076,0.000045,-0.000060,0.000060,0.000189,0.000078,-0.000015,-0.000017,-0.000026,0.000039,0.000220,0.000202,0.000024,0.000203,0.000698,0.000756,0.000067,-0.000275,0.000700,0.001934,0.001787,0.000258,-0.001140,-0.001498,-0.001615,-0.001737,-0.001630,-0.001216,-0.000420,0.000517,0.000904,0.000394,-0.000398,-0.000631,-0.000207,0.000254,0.000338,0.000200,0.000064,0.000070,0.000147,0.000170,-0.000119,-0.000800,-0.001607,-0.002134,-0.002168,-0.001555,-0.000409,0.000311,0.000300,0.000028,0.000015,-0.000070,-0.000277,-0.000284,-0.000088,0.000030,0.000054,0.000134,0.000067,-0.000083,-0.000153,-0.000124,-0.000113,-0.000106,-0.000087,-0.000084,-0.000146,-0.000134,-0.000047,-0.000027,-0.000053,-0.000030,-0.000059,-0.000124,-0.000106,-0.000121,-0.000074,0.000054,0.000023,-0.000058,-0.000186,-0.000243,-0.000091,-0.000007,-0.000082,-0.000113,-0.000099,0.000001,0.000114,0.000058,0.000013,0.000116,0.000142,
-0.011281,-0.006831,-0.004045,0.002623,0.009206,0.009558,0.003771,-0.000975,-0.001600,0.000014,0.001893,0.002769,0.002209,0.000903,-0.000435,-0.001311,-0.001035,0.000133,0.001110,0.001467,0.001498,0.001172,0.000518,-0.000444,-0.001321,-0.001553,-0.001044,-0.000128,0.000656,0.000814,0.000515,0.000079,-0.000280,-0.000326,-0.000085,0.000273,0.000645,0.000749,0.000138,-0.000963,-0.001444,-0.000870,-0.000026,0.000420,0.000383,0.000036,-0.000324,-0.000542,-0.000691,-0.000880,-0.000927,-0.000780,-0.000554,-0.000205,0.000208,0.000374,0.000159,-0.000041,-0.000072,-0.000442,-0.000943,-0.001135,-0.000924,0.000101,0.001399,0.001767,0.001322,0.000672,-0.000084,-0.000665,-0.001017,-0.001268,-0.001099,-0.000386,0.000243,0.000198,-0.000029,-0.000022,0.000057,0.000076,0.000112,0.000177,0.000274,0.000540,0.001060,0.001681,0.001617,0.000396,-0.000861,-0.001139,-0.000892,-0.000665,-0.000398,-0.000130,0.000047,0.000232,0.000415,0.000287,0.000013,-0.000007,0.000094,0.000143,0.000039,-0.000024,0.000012,-0.000041,-0.000028,0.000088,0.000087,-0.000078,-0.000174,-0.000131,-0.000192,-0.000196,-0.000033,0.000025,0.000036,-0.000001,-0.000065,-0.000101,-0.000054,-0.000089,-0.000147,-0.000107,0.000006,0.000165,0.000178,0.000100,-0.000004,-0.000012,-0.000039,-0.000107,-0.000145,-0.000165,-0.000089,0.000007,0.000138,0.000216,0.019272,0.012992,0.012053,0.012594,0.011068,0.006938,0.003630,0.002612,0.002459,0.002498,0.002195,0.001234,0.000546,-0.000084,-0.001014,-0.001068,0.000087,0.001101,0.001216,0.000708,-0.000148,-0.001037,-0.001262,-0.000685,0.000079,0.000455,0.000412,-0.000212,-0.001142,-0.001566,-0.001425,-0.001061,-0.000622,-0.000184,0.000156,0.000244,0.000351,0.000524,0.000432,0.000271,0.000337,0.000314,0.000237,0.000210,0.000045,-0.000158,-0.000090,0.000000,-0.000106,-0.000104,-0.000130,-0.000209,-0.000123,0.000046,0.000090,0.000012,0.000183,0.000699,0.000753,0.000131,-0.000051,0.000841,0.001637,0.001171,-0.000333,-0.001429,-0.001668,-0.001648,-0.001634,-0.001662,-0.001474,-0.000841,0.000258,0.000955,0.000576,-0.000218,-0.000575,-0.000201,0.000259,0.000303,0.000151,0.000077,0.000161,0.000274,0.000136,-0.000280,-0.000794,-0.001491,-0.002196,-0.002312,-0.001625,-0.000521,0.000204,0.000240,-0.000005,-0.000115,-0.000043,-0.000095,-0.000160,-0.000034,0.000026,0.000018,0.000093,0.000097,0.000019,-0.000090,-0.000094,-0.000101,-0.000108,-0.000115,-0.000109,-0.000158,-0.000178,-0.000076,-0.000066,-0.000123,-0.000073,-0.000013,-0.000026,-0.000137,-0.000095,-0.000045,-0.000097,-0.000093,-0.000142,-0.000139,-0.000106,-0.000100,-0.000093,-0.000141,-0.000214,-0.000273,-0.000158,0.000024,0.000043,-0.000027,-0.000047,-0.000013,
-0.011305,-0.006958,-0.004084,0.002565,0.009086,0.009472,0.003779,-0.000926,-0.001588,-0.000062,0.001868,0.002762,0.002152,0.000935,-0.000303,-0.001237,-0.000964,0.000194,0.001090,0.001465,0.001441,0.001046,0.000406,-0.000522,-0.001426,-0.001628,-0.001109,-0.000162,0.000732,0.000970,0.000673,0.000169,-0.000248,-0.000245,0.000103,0.000463,0.000639,0.000529,-0.000067,-0.001063,-0.001479,-0.000885,-0.000093,0.000284,0.000351,0.000128,-0.000159,-0.000329,-0.000517,-0.000724,-0.000759,-0.000630,-0.000404,-0.000148,0.000087,0.000229,0.000152,0.000062,0.000053,-0.000381,-0.001096,-0.001518,-0.001307,-0.000121,0.001123,0.001451,0.001090,0.000502,-0.000241,-0.000926,-0.001150,-0.001143,-0.000986,-0.000407,0.000139,0.000258,0.000101,0.000016,0.000080,0.000193,0.000272,0.000259,0.000210,0.000490,0.001054,0.001537,0.001435,0.000278,-0.000860,-0.000984,-0.000812,-0.000719,-0.000491,-0.000153,0.000056,0.000235,0.000465,0.000453,0.000156,-0.000044,-0.000038,-0.000103,-0.000204,-0.000217,-0.000017,0.000072,-0.000010,-0.000018,-0.000006,-0.000067,-0.000128,-0.000173,-0.000148,0.000014,0.000173,0.000090,-0.000049,-0.000045,-0.000006,0.000043,0.000110,0.000048,-0.000061,-0.000047,0.000142,0.000292,0.000275,0.000189,0.000139,0.000067,-0.000012,-0.000060,-0.000041,-0.000050,-0.000021,0.000058,0.000048,0.000144,0.019201,0.012948,0.012076,0.012657,0.011258,0.007152,0.003689,0.002599,0.002471,0.002516,0.002185,0.001164,0.000445,-0.000150,-0.000969,-0.001013,0.000053,0.001017,0.001292,0.000846,-0.000067,-0.000854,-0.001101,-0.000564,0.000113,0.000487,0.000480,0.000010,-0.000848,-0.001463,-0.001470,-0.001175,-0.000729,-0.000238,0.000110,0.000218,0.000325,0.000421,0.000520,0.000451,0.000401,0.000407,0.000342,0.000203,-0.000039,-0.000225,-0.000185,-0.000069,-0.000153,-0.000095,0.000011,-0.000127,-0.000025,0.000244,0.000182,0.000030,0.000263,0.000827,0.000944,0.000359,0.000031,0.000874,0.001853,0.001345,-0.000417,-0.001760,-0.001927,-0.001850,-0.001803,-0.001604,-0.001244,-0.000667,0.000127,0.000681,0.000441,-0.000112,-0.000319,-0.000081,0.000332,0.000522,0.000368,0.000151,0.000050,0.000085,0.000092,-0.000104,-0.000706,-0.001503,-0.002129,-0.002232,-0.001670,-0.000555,0.000217,0.000212,0.000126,0.000128,0.000039,-0.000114,-0.000212,-0.000055,0.000140,0.000079,-0.000039,-0.000101,-0.000095,-0.000043,-0.000129,-0.000219,-0.000118,-0.000039,0.000002,-0.000077,-0.000111,-0.000056,-0.000023,-0.000026,-0.000025,-0.000056,-0.000028,-0.000071,-0.000177,-0.000186,-0.000171,-0.000164,-0.000175,-0.000185,-0.000099,-0.000037,0.000008,-0.000037,-0.000067,-0.000114,-0.000179,-0.000081,-0.000055,-0.000078,-0.000055,-0.000138,
-0.010918,-0.006552,-0.003573,0.003006,0.009395,0.009651,0.003884,-0.000751,-0.001329,0.000108,0.001916,0.002892,0.002302,0.000935,-0.000353,-0.001268,-0.001064,0.000262,0.001200,0.001455,0.001461,0.001091,0.000391,-0.000529,-0.001337,-0.001490,-0.000921,0.000107,0.000933,0.000994,0.000516,0.000095,-0.000184,-0.000208,0.000013,0.000299,0.000503,0.000469,-0.000139,-0.001083,-0.001468,-0.000898,-0.000137,0.000265,0.000278,-0.000041,-0.000289,-0.000458,-0.000631,-0.000830,-0.000857,-0.000690,-0.000512,-0.000192,0.000206,0.000277,0.000106,0.000062,0.000019,-0.000422,-0.001058,-0.001473,-0.001325,0.000045,0.001702,0.002185,0.001491,0.000588,-0.000229,-0.000929,-0.001131,-0.000979,-0.000636,-0.000105,0.000352,0.000215,-0.000181,-0.000222,-0.000040,0.000083,0.000121,0.000278,0.000475,0.000757,0.001221,0.001741,0.001459,0.000166,-0.000973,-0.001239,-0.001042,-0.000744,-0.000347,0.000065,0.000250,0.000279,0.000352,0.000310,0.000053,-0.000138,-0.000083,-0.000072,-0.000175,-0.000159,-0.000033,0.000029,0.000010,0.000068,0.000128,-0.000031,-0.000210,-0.000170,-0.000063,0.000084,0.000104,0.000101,0.000059,-0.000100,-0.000087,-0.000006,-0.000008,-0.000082,-0.000180,-0.000132,-0.000028,0.000101,0.000190,0.000199,0.000145,0.000149,0.000231,0.000122,-0.000135,-0.000235,-0.000098,0.000080,0.000193,0.000220,0.019435,0.013222,0.012311,0.012690,0.011129,0.006954,0.003669,0.002695,0.002484,0.002482,0.002158,0.001213,0.000496,-0.000133,-0.000914,-0.000909,0.000116,0.000971,0.001100,0.000714,-0.000082,-0.000894,-0.001153,-0.000620,0.000182,0.000575,0.000546,0.000083,-0.000910,-0.001539,-0.001405,-0.001163,-0.000778,-0.000319,-0.000012,0.000108,0.000301,0.000489,0.000562,0.000524,0.000480,0.000389,0.000317,0.000179,-0.000042,-0.000179,-0.000155,0.000006,0.000032,-0.000041,-0.000045,-0.000103,-0.000022,0.000231,0.000271,0.000141,0.000292,0.000787,0.000807,0.000104,-0.000245,0.000572,0.001554,0.001259,-0.000506,-0.002157,-0.002527,-0.002372,-0.002116,-0.001820,-0.001370,-0.000484,0.000476,0.000817,0.000329,-0.000280,-0.000363,-0.000147,0.000094,0.000236,0.000201,0.000051,-0.000064,0.000032,0.000205,-0.000071,-0.000783,-0.001634,-0.002147,-0.002175,-0.001509,-0.000273,0.000494,0.000419,0.000174,0.000088,0.000038,-0.000117,-0.000182,-0.000130,-0.000071,0.000025,-0.000046,-0.000138,-0.000079,-0.000061,-0.000097,-0.000098,0.000002,0.000090,0.000050,-0.000040,-0.000156,-0.000132,-0.000060,-0.000047,0.000022,0.000015,-0.000032,0.000015,-0.000011,-0.000046,0.000008,0.000111,0.000149,0.000054,-0.000065,-0.000071,-0.000046,-0.000062,-0.000076,-0.000127,-0.000131,-0.000048,-0.000015,-0.000049,0.000055,0.000107,
-0.010834,-0.006472,-0.003554,0.003095,0.009546,0.009654,0.003766,-0.000881,-0.001465,0.000076,0.001929,0.002795,0.002260,0.001051,-0.000271,-0.001218,-0.000940,0.000310,0.001282,0.001631,0.001603,0.001138,0.000489,-0.000321,-0.001191,-0.001472,-0.001013,-0.000057,0.000671,0.000768,0.000481,0.000078,-0.000233,-0.000219,0.000025,0.000226,0.000359,0.000429,0.000058,-0.000878,-0.001391,-0.000826,-0.000010,0.000350,0.000340,0.000171,-0.000046,-0.000216,-0.000447,-0.000708,-0.000847,-0.000753,-0.000449,-0.000117,0.000113,0.000121,0.000035,-0.000013,-0.000125,-0.000434,-0.000764,-0.000826,-0.000555,0.000145,0.001087,0.001613,0.001483,0.000785,-0.000079,-0.000612,-0.000710,-0.000723,-0.000560,-0.000046,0.000301,0.000162,-0.000038,-0.000080,-0.000014,0.000041,0.000104,0.000181,0.000221,0.000461,0.001155,0.001844,0.001523,0.000194,-0.000999,-0.001272,-0.000990,-0.000810,-0.000479,0.000004,0.000262,0.000399,0.000443,0.000355,0.000086,-0.000045,0.000123,0.000036,-0.000181,-0.000109,-0.000030,-0.000022,-0.000052,-0.000046,-0.000004,-0.000066,-0.000200,-0.000179,0.000005,0.000108,0.000141,0.000124,0.000084,0.000066,0.000065,0.000000,-0.000133,-0.000167,-0.000111,-0.000073,0.000009,0.000133,0.000140,0.000075,-0.000011,-0.000090,-0.000079,-0.000071,-0.000071,-0.000034,-0.000009,0.000155,0.000263,0.000163,0.019309,0.012994,0.012030,0.012488,0.011092,0.007060,0.003714,0.002670,0.002416,0.002351,0.002053,0.001112,0.000374,-0.000062,-0.000736,-0.000951,0.000028,0.001059,0.001185,0.000759,0.000014,-0.000826,-0.001089,-0.000556,0.000094,0.000420,0.000397,0.000026,-0.000828,-0.001424,-0.001388,-0.001047,-0.000586,-0.000273,-0.000009,0.000074,0.000100,0.000345,0.000564,0.000507,0.000463,0.000475,0.000359,0.000166,-0.000095,-0.000283,-0.000168,0.000001,-0.000079,-0.000090,-0.000086,-0.000168,-0.000064,0.000202,0.000228,0.000108,0.000197,0.000592,0.000648,0.000143,0.000001,0.000815,0.001612,0.001183,-0.000219,-0.001303,-0.001576,-0.001688,-0.001688,-0.001501,-0.001200,-0.000546,0.000376,0.000729,0.000178,-0.000505,-0.000538,-0.000065,0.000323,0.000463,0.000332,0.000118,0.000159,0.000297,0.000205,-0.000191,-0.000849,-0.001636,-0.002171,-0.002246,-0.001653,-0.000525,0.000249,0.000324,0.000122,-0.000076,-0.000195,-0.000364,-0.000397,-0.000248,-0.000063,-0.000015,0.000012,-0.000026,-0.000172,-0.000147,-0.000044,-0.000009,0.000013,0.000045,-0.000020,-0.000142,-0.000117,-0.000053,-0.000044,-0.000071,-0.000090,-0.000013,0.000067,-0.000030,-0.000136,-0.000118,-0.000157,-0.000171,-0.000128,-0.000131,-0.000140,-0.000132,-0.000062,-0.000111,-0.000238,-0.000174,0.000001,0.000136,0.000016,-0.000040,0.000045,0.000105,
-0.010411,-0.006215,-0.003456,0.003131,0.009550,0.009755,0.003877,-0.000934,-0.001522,0.000098,0.001910,0.002796,0.002272,0.000916,-0.000388,-0.001273,-0.001025,0.000135,0.001217,0.001665,0.001417,0.000917,0.000377,-0.000521,-0.001396,-0.001584,-0.001048,-0.000124,0.000576,0.000630,0.000378,0.000058,-0.000261,-0.000213,0.000119,0.000244,0.000183,0.000157,-0.000282,-0.001032,-0.001247,-0.000723,-0.000102,0.000276,0.000324,0.000049,-0.000225,-0.000338,-0.000436,-0.000691,-0.000864,-0.000920,-0.000752,-0.000341,0.000080,0.000321,0.000246,0.000223,0.000218,-0.000392,-0.001151,-0.001370,-0.000980,0.000196,0.001322,0.001504,0.001022,0.000434,-0.000147,-0.000689,-0.001002,-0.001095,-0.000717,0.000110,0.000589,0.000405,0.000034,-0.000140,-0.000067,0.000028,0.000121,0.000241,0.000250,0.000542,0.001284,0.001778,0.001441,0.000220,-0.000852,-0.001162,-0.000984,-0.000684,-0.000456,-0.000221,0.000063,0.000298,0.000419,0.000319,0.000121,-0.000002,-0.000026,-0.000044,0.000007,0.000096,0.000121,0.000076,0.000064,0.000118,0.000111,0.000000,-0.000089,-0.000085,-0.000068,-0.000041,0.000110,0.000196,0.000043,-0.000059,-0.000041,-0.000123,-0.000236,-0.000216,-0.000229,-0.000140,0.000099,0.000211,0.000157,0.000106,0.000057,0.000013,-0.000085,-0.000220,-0.000173,-0.000068,0.000079,0.000223,0.000245,0.000197,0.019439,0.013347,0.012349,0.012587,0.011021,0.006937,0.003738,0.002752,0.002384,0.002285,0.001925,0.001012,0.000411,-0.000064,-0.000826,-0.000882,0.000164,0.001017,0.001161,0.000765,-0.000108,-0.000908,-0.001107,-0.000581,0.000183,0.000456,0.000291,-0.000268,-0.001120,-0.001679,-0.001499,-0.001004,-0.000518,-0.000025,0.000215,0.000166,0.000120,0.000307,0.000523,0.000531,0.000552,0.000511,0.000330,0.000101,-0.000023,-0.000028,-0.000005,-0.000102,-0.000207,-0.000213,-0.000183,-0.000136,-0.000055,0.000070,0.000061,-0.000035,0.000166,0.000714,0.000815,0.000239,0.000065,0.001081,0.002027,0.001366,-0.000544,-0.001891,-0.001945,-0.001759,-0.001803,-0.001785,-0.001331,-0.000418,0.000533,0.000904,0.000390,-0.000336,-0.000527,-0.000224,0.000153,0.000314,0.000151,0.000014,-0.000006,-0.000007,-0.000002,-0.000241,-0.000819,-0.001596,-0.002156,-0.002144,-0.001457,-0.000393,0.000385,0.000448,0.000167,0.000185,0.000188,-0.000133,-0.000202,-0.000054,0.000025,0.000188,0.000156,0.000014,-0.000090,-0.000169,-0.000124,-0.000029,0.000026,0.000103,0.000103,-0.000138,-0.000168,-0.000026,0.000028,0.000063,0.000106,0.000046,-0.000039,0.000036,0.000034,-0.000043,-0.000038,-0.000028,-0.000063,-0.000069,-0.000143,-0.000092,0.000012,0.000029,0.000020,0.000022,0.000064,0.000006,-0.000029,0.000052,0.000131,0.000021,
-0.011231,-0.006808,-0.004010,0.002667,0.009300,0.009647,0.003721,-0.000980,-0.001490,0.000010,0.001873,0.002769,0.002235,0.001020,-0.000253,-0.001151,-0.000957,0.000154,0.001095,0.001481,0.001564,0.001220,0.000481,-0.000472,-0.001336,-0.001591,-0.001084,-0.000091,0.000654,0.000815,0.000547,0.000028,-0.000333,-0.000255,0.000087,0.000329,0.000320,0.000140,-0.000254,-0.001111,-0.001574,-0.000910,-0.000042,0.000280,0.000312,0.000100,-0.000239,-0.000399,-0.000575,-0.000855,-0.001034,-0.000939,-0.000624,-0.000195,0.000167,0.000271,0.000139,0.000032,-0.000033,-0.000349,-0.000916,-0.001323,-0.001123,0.000067,0.001514,0.001947,0.001407,0.000730,0.000033,-0.000487,-0.000739,-0.000922,-0.000721,-0.000073,0.000402,0.000318,0.000073,-0.000048,-0.000105,-0.000079,0.000022,0.000117,0.000221,0.000506,0.001066,0.001689,0.001587,0.000428,-0.000654,-0.000939,-0.000771,-0.000604,-0.000407,-0.000144,0.000096,0.000284,0.000392,0.000373,0.000282,0.000135,-0.000041,-0.000221,-0.000205,-0.000111,-0.000111,-0.000176,-0.000123,0.000091,0.000077,-0.000112,-0.000165,-0.000133,-0.000166,-0.000114,0.000124,0.000107,-0.000035,-0.000160,-0.000161,-0.000089,-0.000144,-0.000261,-0.000248,-0.000044,0.000095,0.000077,0.000058,0.000014,-0.000066,-0.000110,-0.000132,-0.000016,0.000061,0.000000,-0.000011,0.000106,0.000215,0.000162,0.019043,0.013105,0.012252,0.012805,0.011325,0.007098,0.003700,0.002695,0.002457,0.002397,0.002161,0.001303,0.000526,-0.000092,-0.000807,-0.001006,-0.000032,0.001078,0.001319,0.000897,0.000016,-0.000831,-0.001125,-0.000614,0.000116,0.000416,0.000363,-0.000127,-0.000980,-0.001502,-0.001198,-0.000541,0.000051,0.000371,0.000210,-0.000044,0.000072,0.000281,0.000417,0.000471,0.000578,0.000562,0.000278,-0.000006,-0.000103,-0.000030,0.000054,0.000107,0.000023,-0.000094,-0.000120,-0.000137,-0.000001,0.000273,0.000261,0.000041,0.000213,0.000756,0.000876,0.000203,-0.000146,0.000748,0.001936,0.001774,0.000021,-0.001420,-0.001594,-0.001561,-0.001718,-0.001697,-0.001389,-0.000602,0.000382,0.000790,0.000351,-0.000415,-0.000658,-0.000195,0.000209,0.000266,0.000165,0.000045,0.000105,0.000221,0.000208,-0.000085,-0.000711,-0.001599,-0.002295,-0.002386,-0.001697,-0.000532,0.000196,0.000223,0.000071,0.000025,-0.000018,-0.000130,-0.000148,-0.000045,0.000068,0.000132,0.000152,0.000098,0.000053,0.000009,0.000053,0.000131,0.000090,0.000021,-0.000015,-0.000143,-0.000088,0.000014,0.000037,0.000070,0.000035,-0.000060,-0.000077,-0.000034,-0.000075,-0.000059,-0.000002,-0.000049,-0.000111,-0.000136,-0.000190,-0.000014,0.000114,-0.000043,-0.000163,-0.000194,-0.000157,-0.000044,-0.000005,-0.000064,-0.000031,0.000016,
-0.011363,-0.006880,-0.004005,0.002664,0.009213,0.009561,0.003877,-0.000895,-0.001572,0.000016,0.001846,0.002764,0.002291,0.001016,-0.000283,-0.001209,-0.000975,0.000104,0.001107,0.001626,0.001593,0.001179,0.000568,-0.000304,-0.001181,-0.001466,-0.000992,-0.000083,0.000696,0.000889,0.000574,0.000116,-0.000255,-0.000258,0.000055,0.000310,0.000498,0.000517,-0.000047,-0.000999,-0.001370,-0.000822,-0.000075,0.000308,0.000322,0.000037,-0.000260,-0.000446,-0.000673,-0.000946,-0.000998,-0.000756,-0.000424,-0.000130,0.000127,0.000245,0.000200,0.000086,-0.000037,-0.000493,-0.001051,-0.001396,-0.001335,-0.000335,0.001032,0.001584,0.001223,0.000655,-0.000046,-0.000749,-0.001141,-0.001298,-0.000960,-0.000272,0.000209,0.000244,-0.000013,-0.000206,-0.000137,0.000105,0.000258,0.000247,0.000233,0.000512,0.001091,0.001611,0.001487,0.000370,-0.000764,-0.000894,-0.000628,-0.000561,-0.000415,-0.000148,0.000103,0.000279,0.000326,0.000252,0.000066,-0.000156,-0.000149,-0.000083,-0.000084,-0.000066,-0.000034,-0.000020,-0.000026,0.000028,0.000074,-0.000035,-0.000111,-0.000071,-0.000063,-0.000152,-0.000104,-0.000006,0.000003,-0.000008,0.000077,0.000131,0.000068,-0.000035,-0.000057,-0.000002,0.000034,0.000025,0.000098,0.000184,0.000107,0.000001,-0.000019,-0.000034,-0.000027,-0.000045,-0.000017,0.000008,0.000122,0.000205,0.019116,0.013158,0.012354,0.012951,0.011515,0.007231,0.003713,0.002566,0.002260,0.002293,0.002044,0.001170,0.000595,0.000031,-0.000870,-0.001120,-0.000084,0.000968,0.001229,0.000827,-0.000045,-0.000837,-0.001121,-0.000634,0.000149,0.000555,0.000516,-0.000052,-0.001021,-0.001573,-0.001418,-0.001000,-0.000578,-0.000160,0.000233,0.000421,0.000389,0.000455,0.000549,0.000432,0.000369,0.000367,0.000164,0.000069,-0.000034,-0.000290,-0.000253,-0.000102,-0.000113,-0.000139,-0.000089,-0.000084,-0.000037,0.000238,0.000373,0.000096,0.000146,0.000648,0.000761,0.000116,-0.000266,0.000573,0.001529,0.001262,-0.000141,-0.001386,-0.001630,-0.001662,-0.001799,-0.001708,-0.001315,-0.000488,0.000532,0.000896,0.000249,-0.000499,-0.000632,-0.000279,0.000058,0.000137,0.000092,0.000027,0.000041,0.000177,0.000247,-0.000092,-0.000790,-0.001605,-0.002202,-0.002198,-0.001594,-0.000614,0.000072,0.000083,-0.000096,-0.000041,-0.000004,-0.000156,-0.000191,-0.000048,-0.000004,-0.000053,0.000013,0.000103,0.000108,0.000013,-0.000074,-0.000031,0.000074,0.000055,-0.000047,-0.000117,-0.000033,0.000114,0.000085,0.000037,0.000015,0.000033,-0.000017,-0.000086,-0.000170,-0.000193,-0.000144,-0.000121,-0.000135,-0.000173,-0.000159,-0.000059,-0.000023,-0.000064,-0.000060,-0.000072,-0.000079,-0.000082,-0.000133,-0.000099,-0.000033,-0.000016,
-0.011232,-0.006837,-0.004055,0.002621,0.009199,0.009634,0.003769,-0.001047,-0.001647,-0.000006,0.001923,0.002819,0.002253,0.000910,-0.000325,-0.001099,-0.000931,0.000208,0.001217,0.001581,0.001522,0.001048,0.000413,-0.000397,-0.001209,-0.001435,-0.000943,0.000102,0.000919,0.000917,0.000525,0.000119,-0.000220,-0.000270,0.000005,0.000326,0.000569,0.000548,-0.000063,-0.001026,-0.001425,-0.000861,0.000015,0.000464,0.000426,0.000032,-0.000361,-0.000521,-0.000620,-0.000823,-0.000873,-0.000723,-0.000520,-0.000221,0.000118,0.000136,-0.000045,-0.000003,0.000055,-0.000329,-0.000895,-0.001142,-0.000700,0.000459,0.001643,0.002024,0.001542,0.000790,-0.000035,-0.000699,-0.001087,-0.001365,-0.001238,-0.000607,0.000042,0.000200,-0.000007,-0.000114,-0.000071,0.000083,0.000189,0.000210,0.000153,0.000398,0.001117,0.001699,0.001474,0.000354,-0.000729,-0.001086,-0.000990,-0.000719,-0.000477,-0.000200,0.000023,0.000214,0.000443,0.000373,0.000086,-0.000008,0.000062,0.000023,-0.000083,-0.000049,-0.000003,-0.000070,-0.000086,0.000032,0.000082,0.000079,0.000056,-0.000014,0.000078,0.000151,0.000045,-0.000054,-0.000114,-0.000188,-0.000159,-0.000075,-0.000077,-0.000149,-0.000146,-0.000127,-0.000111,-0.000052,0.000015,0.000095,0.000071,0.000080,0.000009,-0.000170,-0.000288,-0.000241,-0.000133,0.000010,0.000106,0.000089,0.019330,0.013322,0.012235,0.012705,0.011408,0.007350,0.003906,0.002729,0.002399,0.002491,0.002325,0.001351,0.000590,-0.000018,-0.000846,-0.000993,0.000025,0.001017,0.001196,0.000703,-0.000231,-0.000959,-0.001151,-0.000644,0.000129,0.000553,0.000523,0.000064,-0.000807,-0.001461,-0.001427,-0.001110,-0.000857,-0.000504,-0.000069,0.000222,0.000315,0.000409,0.000543,0.000491,0.000469,0.000559,0.000496,0.000309,0.000003,-0.000272,-0.000307,-0.000228,-0.000212,-0.000124,-0.000123,-0.000211,-0.000065,0.000166,0.000206,0.000034,0.000126,0.000767,0.000928,0.000204,-0.000057,0.000881,0.001727,0.001169,-0.000518,-0.001693,-0.001764,-0.001701,-0.001814,-0.001774,-0.001508,-0.000835,0.000150,0.000764,0.000527,-0.000129,-0.000473,-0.000180,0.000251,0.000361,0.000147,-0.000025,-0.000037,0.000131,0.000170,-0.000189,-0.000880,-0.001746,-0.002262,-0.002233,-0.001573,-0.000519,0.000234,0.000383,0.000143,0.000102,0.000064,-0.000183,-0.000226,-0.000025,0.000112,0.000224,0.000237,0.000008,-0.000166,-0.000149,-0.000160,-0.000104,0.000083,0.000134,-0.000027,-0.000187,-0.000089,0.000092,0.000109,0.000028,-0.000013,-0.000014,-0.000086,-0.000156,-0.000203,-0.000168,-0.000074,-0.000017,0.000021,-0.000004,-0.000111,-0.000058,-0.000025,-0.000009,-0.000076,-0.000090,0.000084,0.000116,-0.000075,-0.000144,-0.000006,0.000054,
-0.010750,-0.006346,-0.003595,0.002907,0.009332,0.009531,0.003736,-0.000952,-0.001598,-0.000085,0.001834,0.002777,0.002128,0.000897,-0.000279,-0.001207,-0.000984,0.000263,0.001298,0.001625,0.001409,0.000937,0.000309,-0.000512,-0.001306,-0.001541,-0.000980,0.000121,0.000907,0.001003,0.000608,0.000093,-0.000261,-0.000362,-0.000130,0.000250,0.000526,0.000569,-0.000089,-0.001119,-0.001462,-0.001002,-0.000247,0.000198,0.000330,0.000121,-0.000214,-0.000388,-0.000571,-0.000770,-0.000829,-0.000711,-0.000506,-0.000208,0.000065,0.000210,0.000081,-0.000033,-0.000081,-0.000495,-0.001107,-0.001423,-0.001231,-0.000065,0.001372,0.001663,0.001059,0.000356,-0.000503,-0.001112,-0.001196,-0.001110,-0.000762,-0.000184,0.000128,0.000068,-0.000101,-0.000116,-0.000038,0.000071,0.000245,0.000245,0.000254,0.000502,0.001057,0.001615,0.001328,0.000102,-0.000931,-0.001088,-0.000892,-0.000713,-0.000394,-0.000098,0.000021,0.000185,0.000294,0.000266,0.000090,-0.000071,-0.000048,-0.000052,-0.000106,-0.000018,0.000004,-0.000107,-0.000075,0.000091,0.000177,0.000031,-0.000134,-0.000070,0.000031,-0.000014,-0.000006,0.000083,0.000046,-0.000066,-0.000104,-0.000030,0.000063,0.000016,-0.000077,-0.000097,-0.000100,0.000061,0.000163,0.000169,0.000194,0.000088,-0.000021,-0.000153,-0.000213,-0.000135,-0.000032,0.000076,0.000020,0.000044,0.019494,0.013345,0.012380,0.012689,0.011122,0.007050,0.003747,0.002669,0.002470,0.002511,0.002201,0.001296,0.000596,0.000017,-0.000837,-0.001099,-0.000046,0.000980,0.001139,0.000745,-0.000022,-0.000812,-0.001154,-0.000732,-0.000012,0.000437,0.000516,0.000056,-0.000812,-0.001466,-0.001517,-0.001188,-0.000746,-0.000170,0.000261,0.000373,0.000410,0.000459,0.000528,0.000587,0.000571,0.000463,0.000328,0.000206,0.000040,-0.000164,-0.000177,-0.000040,-0.000008,-0.000047,0.000004,-0.000082,-0.000109,0.000151,0.000302,0.000209,0.000304,0.000795,0.000925,0.000253,-0.000161,0.000664,0.001847,0.001555,-0.000297,-0.001820,-0.002072,-0.001919,-0.001839,-0.001571,-0.001073,-0.000443,0.000282,0.000684,0.000368,-0.000235,-0.000401,-0.000115,0.000282,0.000388,0.000257,0.000062,0.000044,0.000127,0.000137,-0.000085,-0.000692,-0.001529,-0.002198,-0.002299,-0.001576,-0.000387,0.000297,0.000319,0.000207,0.000188,0.000166,-0.000049,-0.000178,-0.000053,0.000081,0.000093,0.000163,0.000169,-0.000027,-0.000218,-0.000221,-0.000115,-0.000036,0.000063,0.000028,-0.000132,-0.000153,-0.000055,-0.000161,-0.000282,-0.000073,-0.000026,-0.000134,-0.000157,-0.000152,-0.000150,-0.000188,-0.000150,-0.000120,-0.000104,-0.000035,0.000043,0.000103,0.000004,-0.000167,-0.000208,-0.000084,-0.000009,-0.000080,-0.000129,-0.000112,-0.000060,
-0.010211,-0.006018,-0.003146,0.003497,0.009896,0.010030,0.004064,-0.000749,-0.001388,0.000170,0.002073,0.003012,0.002400,0.001101,-0.000172,-0.001181,-0.001001,0.000248,0.001314,0.001647,0.001444,0.000956,0.000459,-0.000355,-0.001318,-0.001640,-0.001023,0.000086,0.000802,0.000737,0.000379,0.000007,-0.000337,-0.000311,0.000066,0.000457,0.000656,0.000512,-0.000016,-0.000980,-0.001503,-0.000974,-0.000139,0.000283,0.000355,0.000129,-0.000164,-0.000368,-0.000609,-0.000833,-0.000888,-0.000711,-0.000491,-0.000242,0.000108,0.000250,0.000099,0.000017,0.000111,-0.000208,-0.000845,-0.001263,-0.001210,-0.000041,0.001743,0.002438,0.001788,0.000771,-0.000171,-0.000679,-0.000799,-0.000810,-0.000637,-0.000169,0.000163,0.000013,-0.000134,-0.000140,-0.000121,-0.000061,0.000120,0.000306,0.000453,0.000762,0.001245,0.001697,0.001503,0.000216,-0.000972,-0.001224,-0.000998,-0.000731,-0.000415,-0.000049,0.000213,0.000361,0.000461,0.000400,0.000054,-0.000112,0.000002,-0.000023,-0.000090,-0.000070,0.000035,0.000019,-0.000072,-0.000001,0.000050,-0.000028,-0.000154,-0.000127,0.000010,0.000017,0.000042,0.000025,-0.000112,-0.000113,-0.000085,-0.000060,0.000014,0.000031,-0.000032,-0.000005,0.000076,0.000146,0.000149,0.000083,0.000078,0.000138,0.000066,-0.000019,-0.000079,-0.000114,-0.000030,0.000165,0.000214,0.000116,0.019876,0.013518,0.012495,0.012663,0.010758,0.006572,0.003517,0.002563,0.002412,0.002525,0.002181,0.001207,0.000505,-0.000116,-0.000936,-0.001119,-0.000032,0.001027,0.001189,0.000723,-0.000102,-0.001013,-0.001423,-0.000837,0.000037,0.000586,0.000625,0.000145,-0.000678,-0.001315,-0.001325,-0.001092,-0.000804,-0.000421,0.000039,0.000383,0.000574,0.000623,0.000663,0.000671,0.000689,0.000629,0.000406,0.000170,-0.000124,-0.000345,-0.000273,-0.000100,-0.000052,-0.000042,-0.000093,-0.000150,-0.000030,0.000121,0.000086,0.000020,0.000377,0.000944,0.000953,0.000244,-0.000141,0.000554,0.001312,0.000936,-0.000533,-0.001773,-0.002081,-0.002081,-0.002027,-0.001751,-0.001310,-0.000615,0.000349,0.000810,0.000203,-0.000592,-0.000671,-0.000265,0.000108,0.000250,0.000251,0.000249,0.000295,0.000242,0.000073,-0.000320,-0.001024,-0.001878,-0.002331,-0.002194,-0.001491,-0.000367,0.000317,0.000248,0.000080,0.000047,-0.000108,-0.000232,-0.000123,0.000014,0.000095,0.000130,0.000166,0.000124,0.000003,-0.000085,-0.000106,-0.000090,-0.000061,-0.000020,-0.000010,-0.000102,-0.000193,-0.000097,-0.000022,-0.000001,0.000015,0.000064,0.000092,0.000025,-0.000027,-0.000073,-0.000131,-0.000115,-0.000123,-0.000214,-0.000246,-0.000124,-0.000081,-0.000177,-0.000275,-0.000219,-0.000072,-0.000032,-0.000034,0.000035,0.000073,0.000013,
-0.011313,-0.006688,-0.003723,0.003027,0.009605,0.009793,0.003841,-0.000974,-0.001605,-0.000009,0.001894,0.002875,0.002484,0.001273,0.000020,-0.000916,-0.000817,0.000219,0.001085,0.001438,0.001446,0.001099,0.000420,-0.000558,-0.001387,-0.001576,-0.001057,-0.000056,0.000749,0.000887,0.000493,0.000015,-0.000288,-0.000245,0.000019,0.000192,0.000271,0.000308,-0.000120,-0.001026,-0.001474,-0.000988,-0.000184,0.000203,0.000185,0.000017,-0.000188,-0.000276,-0.000389,-0.000721,-0.000942,-0.000830,-0.000532,-0.000210,0.000047,0.000164,0.000076,0.000003,-0.000008,-0.000423,-0.000889,-0.000906,-0.000610,0.000108,0.000995,0.001377,0.001158,0.000715,-0.000011,-0.000666,-0.000864,-0.000893,-0.000638,0.000016,0.000395,0.000235,-0.000065,-0.000168,-0.000089,-0.000017,0.000156,0.000270,0.000241,0.000549,0.001164,0.001702,0.001523,0.000347,-0.000764,-0.001094,-0.001007,-0.000782,-0.000472,-0.000150,0.000024,0.000130,0.000313,0.000350,0.000149,-0.000025,-0.000052,-0.000012,-0.000035,-0.000063,0.000015,-0.000038,-0.000194,-0.000152,-0.000011,-0.000030,-0.000161,-0.000115,0.000010,0.000102,0.000219,0.000118,-0.000002,0.000023,0.000027,-0.000043,-0.000102,-0.000096,-0.000006,0.000072,0.000038,0.000155,0.000186,0.000014,0.000006,0.000051,0.000009,-0.000042,-0.000100,-0.000118,0.000000,0.000089,0.000231,0.000272,0.019413,0.013307,0.012338,0.012697,0.011158,0.007079,0.003722,0.002599,0.002448,0.002616,0.002375,0.001314,0.000493,-0.000092,-0.000878,-0.001029,0.000051,0.001089,0.001296,0.000842,-0.000086,-0.000887,-0.001125,-0.000668,0.000016,0.000436,0.000444,-0.000163,-0.001087,-0.001563,-0.001320,-0.000958,-0.000678,-0.000156,0.000191,0.000207,0.000222,0.000454,0.000632,0.000574,0.000587,0.000515,0.000234,0.000040,-0.000043,-0.000121,-0.000125,-0.000040,-0.000030,-0.000093,-0.000131,-0.000124,-0.000035,0.000127,0.000167,0.000045,0.000161,0.000652,0.000750,0.000194,0.000098,0.001121,0.001941,0.001218,-0.000480,-0.001703,-0.001897,-0.001767,-0.001739,-0.001596,-0.001223,-0.000589,0.000326,0.000763,0.000285,-0.000391,-0.000545,-0.000190,0.000223,0.000294,0.000213,0.000205,0.000164,0.000227,0.000250,-0.000050,-0.000729,-0.001572,-0.002233,-0.002311,-0.001676,-0.000515,0.000302,0.000328,0.000023,-0.000125,-0.000209,-0.000311,-0.000345,-0.000249,-0.000033,0.000120,0.000108,0.000013,-0.000138,-0.000231,-0.000208,-0.000182,-0.000123,0.000012,0.000078,0.000010,-0.000074,0.000020,0.000098,0.000111,0.000067,0.000085,0.000044,-0.000011,-0.000059,-0.000043,-0.000003,-0.000065,-0.000063,-0.000089,-0.000240,-0.000176,-0.000054,-0.000143,-0.000224,-0.000233,-0.000138,-0.000037,-0.000060,-0.000051,0.000036,0.000174,
-0.010837,-0.006252,-0.003341,0.003243,0.009692,0.010001,0.004122,-0.000806,-0.001489,0.000002,0.001874,0.002932,0.002436,0.001098,-0.000265,-0.001254,-0.000925,0.000293,0.001185,0.001530,0.001439,0.001045,0.000498,-0.000405,-0.001256,-0.001459,-0.001041,-0.000147,0.000552,0.000653,0.000408,-0.000035,-0.000393,-0.000282,0.000009,0.000110,0.000152,0.000156,-0.000268,-0.001217,-0.001661,-0.001027,-0.000088,0.000331,0.000351,0.000010,-0.000405,-0.000474,-0.000531,-0.000771,-0.000890,-0.000845,-0.000602,-0.000155,0.000216,0.000307,0.000159,0.000105,0.000087,-0.000354,-0.001094,-0.001502,-0.001100,0.000298,0.001606,0.001874,0.001314,0.000636,-0.000011,-0.000565,-0.000941,-0.001028,-0.000637,0.000061,0.000579,0.000496,0.000066,-0.000158,-0.000151,-0.000072,0.000068,0.000185,0.000308,0.000640,0.001190,0.001714,0.001488,0.000246,-0.000892,-0.001059,-0.000876,-0.000767,-0.000501,-0.000085,0.000196,0.000333,0.000545,0.000516,0.000142,-0.000109,-0.000131,-0.000060,-0.000040,-0.000143,-0.000070,0.000033,-0.000080,-0.000044,0.000015,-0.000085,-0.000107,-0.000027,-0.000010,0.000019,0.000098,0.000037,-0.000048,-0.000018,0.000007,-0.000059,-0.000130,-0.000141,-0.000180,-0.000149,0.000037,0.000134,0.000182,0.000200,0.000132,0.000071,-0.000042,-0.000046,0.000039,0.000063,0.000023,0.000076,0.000265,0.000299,0.019662,0.013464,0.012399,0.012594,0.010932,0.006800,0.003561,0.002609,0.002428,0.002507,0.002232,0.001154,0.000379,-0.000222,-0.001089,-0.001196,-0.000116,0.000921,0.001153,0.000810,-0.000040,-0.000870,-0.001089,-0.000574,0.000123,0.000468,0.000337,-0.000242,-0.001248,-0.001746,-0.001145,-0.000321,0.000210,0.000379,0.000215,-0.000032,-0.000064,0.000050,0.000278,0.000401,0.000449,0.000446,0.000271,0.000054,-0.000116,-0.000185,-0.000086,0.000054,0.000067,0.000049,-0.000055,-0.000204,-0.000035,0.000289,0.000299,0.000092,0.000206,0.000823,0.000941,0.000248,0.000077,0.001120,0.002046,0.001398,-0.000508,-0.001859,-0.001912,-0.001792,-0.001844,-0.001727,-0.001316,-0.000460,0.000538,0.000819,0.000274,-0.000378,-0.000513,-0.000154,0.000176,0.000268,0.000167,0.000037,-0.000020,0.000103,0.000067,-0.000375,-0.000990,-0.001689,-0.002242,-0.002269,-0.001531,-0.000413,0.000270,0.000267,0.000098,0.000028,-0.000105,-0.000328,-0.000359,-0.000117,0.000066,0.000043,-0.000017,-0.000016,0.000027,0.000060,0.000038,-0.000028,-0.000058,-0.000022,-0.000064,-0.000153,-0.000129,-0.000049,-0.000002,-0.000016,-0.000035,-0.000005,-0.000015,-0.000097,-0.000168,-0.000228,-0.000247,-0.000111,0.000010,-0.000091,-0.000201,-0.000161,-0.000133,-0.000069,-0.000121,-0.000196,-0.000143,-0.000034,0.000100,0.000183,0.000170,-0.000031,
-0.011078,-0.006533,-0.003571,0.003052,0.009559,0.009903,0.003994,-0.000939,-0.001579,0.000082,0.001956,0.002812,0.002294,0.001095,-0.000180,-0.001096,-0.000893,0.000279,0.001263,0.001506,0.001346,0.001044,0.000455,-0.000400,-0.001166,-0.001473,-0.001030,0.000030,0.000764,0.000801,0.000504,0.000012,-0.000374,-0.000392,-0.000130,0.000233,0.000430,0.000348,-0.000043,-0.000927,-0.001461,-0.000882,-0.000072,0.000225,0.000249,-0.000012,-0.000368,-0.000476,-0.000673,-0.000913,-0.001013,-0.000892,-0.000628,-0.000377,0.000006,0.000204,0.000033,-0.000033,0.000089,-0.000332,-0.001067,-0.001362,-0.001125,-0.000061,0.001301,0.001718,0.001320,0.000790,0.000015,-0.000708,-0.000930,-0.000976,-0.000712,-0.000067,0.000350,0.000204,-0.000113,-0.000165,-0.000035,0.000126,0.000212,0.000332,0.000362,0.000641,0.001230,0.001673,0.001486,0.000290,-0.000770,-0.000932,-0.000779,-0.000643,-0.000427,-0.000081,0.000125,0.000187,0.000263,0.000236,0.000102,0.000013,-0.000036,-0.000027,-0.000025,-0.000063,-0.000018,0.000006,0.000028,0.000142,0.000125,-0.000056,-0.000126,-0.000067,0.000030,0.000037,0.000106,0.000161,0.000054,-0.000058,-0.000152,-0.000115,-0.000047,-0.000085,-0.000152,-0.000112,0.000009,0.000063,0.000140,0.000196,0.000137,0.000043,-0.000054,-0.000034,0.000056,0.000042,0.000011,0.000077,0.000085,0.000083,0.019436,0.013296,0.012154,0.012490,0.011092,0.006965,0.003689,0.002720,0.002396,0.002493,0.002232,0.001156,0.000356,-0.000218,-0.001060,-0.001296,-0.000191,0.000938,0.001153,0.000782,0.000012,-0.000809,-0.001128,-0.000734,-0.000040,0.000380,0.000396,-0.000099,-0.000991,-0.001543,-0.001292,-0.000745,-0.000309,-0.000015,0.000073,0.000133,0.000297,0.000526,0.000682,0.000667,0.000594,0.000477,0.000326,0.000287,0.000128,-0.000037,-0.000037,-0.000044,-0.000206,-0.000220,-0.000123,-0.000145,-0.000015,0.000214,0.000237,0.000080,0.000282,0.000828,0.000853,0.000166,-0.000118,0.000898,0.002123,0.001857,0.000160,-0.001229,-0.001436,-0.001473,-0.001737,-0.001747,-0.001358,-0.000596,0.000486,0.001003,0.000435,-0.000328,-0.000598,-0.000267,0.000293,0.000480,0.000258,0.000041,0.000053,0.000181,0.000273,-0.000044,-0.000805,-0.001659,-0.002254,-0.002173,-0.001500,-0.000494,0.000217,0.000309,0.000040,-0.000114,-0.000074,-0.000189,-0.000258,-0.000156,-0.000045,-0.000009,0.000013,-0.000009,-0.000079,-0.000093,-0.000102,-0.000055,0.000005,-0.000054,-0.000148,-0.000228,-0.000147,-0.000017,-0.000053,-0.000060,-0.000016,-0.000043,-0.000020,-0.000129,-0.000227,-0.000150,-0.000078,-0.000089,-0.000165,-0.000148,-0.000056,0.000059,0.000156,0.000058,-0.000133,-0.000218,-0.000128,0.000026,0.000138,0.000225,0.000160,-0.000044,
-0.010770,-0.006388,-0.003456,0.003252,0.009782,0.009974,0.003900,-0.001028,-0.001645,-0.000052,0.001868,0.002801,0.002240,0.001094,-0.000064,-0.001098,-0.000971,0.000198,0.001136,0.001478,0.001450,0.001083,0.000497,-0.000462,-0.001307,-0.001444,-0.000976,0.000007,0.000787,0.000921,0.000600,0.000051,-0.000365,-0.000346,0.000031,0.000488,0.000851,0.000819,0.000057,-0.001209,-0.001691,-0.001024,-0.000166,0.000351,0.000412,0.000047,-0.000295,-0.000420,-0.000614,-0.000881,-0.001000,-0.000942,-0.000657,-0.000240,0.000100,0.000259,0.000174,0.000054,-0.000046,-0.000496,-0.001033,-0.001161,-0.000896,-0.000012,0.001148,0.001625,0.001253,0.000664,-0.000087,-0.000753,-0.001077,-0.001404,-0.001274,-0.000445,0.000144,0.000094,-0.000173,-0.000170,0.000018,0.000070,0.000165,0.000261,0.000310,0.000598,0.001210,0.001828,0.001691,0.000364,-0.000817,-0.001075,-0.000950,-0.000802,-0.000412,-0.000046,0.000123,0.000190,0.000223,0.000188,-0.000029,-0.000107,0.000084,0.000173,0.000034,-0.000079,-0.000023,0.000014,0.000042,0.000069,0.000039,-0.000023,-0.000081,-0.000098,-0.000073,-0.000043,-0.000001,-0.000009,-0.000061,-0.000065,-0.000047,-0.000036,-0.000032,-0.000029,-0.000070,0.000013,0.000122,0.000123,0.000148,0.000132,0.000007,-0.000112,-0.000059,-0.000032,-0.000106,-0.000105,-0.000054,-0.000002,0.000066,0.000092,0.019539,0.013446,0.012375,0.012519,0.010886,0.006838,0.003563,0.002599,0.002402,0.002324,0.002057,0.001080,0.000165,-0.000473,-0.001179,-0.001192,-0.000095,0.000864,0.001070,0.000683,-0.000141,-0.000830,-0.001005,-0.000640,-0.000060,0.000364,0.000463,0.000123,-0.000722,-0.001440,-0.001360,-0.000895,-0.000407,-0.000056,0.000147,0.000243,0.000343,0.000489,0.000463,0.000363,0.000395,0.000430,0.000319,0.000124,-0.000050,-0.000116,-0.000155,-0.000138,-0.000087,-0.000123,-0.000196,-0.000095,0.000060,0.000227,0.000290,0.000143,0.000258,0.000700,0.000826,0.000284,-0.000080,0.000731,0.001571,0.001070,-0.000379,-0.001543,-0.001731,-0.001620,-0.001649,-0.001663,-0.001461,-0.000729,0.000399,0.000916,0.000378,-0.000358,-0.000515,-0.000188,0.000206,0.000312,0.000193,0.000042,0.000081,0.000243,0.000295,-0.000075,-0.000819,-0.001664,-0.002277,-0.002321,-0.001654,-0.000459,0.000293,0.000331,0.000196,0.000175,0.000146,-0.000160,-0.000348,-0.000183,-0.000033,0.000039,0.000094,0.000034,-0.000046,-0.000062,-0.000116,-0.000139,-0.000148,-0.000133,-0.000201,-0.000288,-0.000166,-0.000038,0.000063,0.000135,-0.000009,-0.000141,-0.000163,-0.000115,-0.000015,-0.000003,-0.000110,-0.000167,-0.000130,-0.000150,-0.000143,-0.000065,-0.000001,-0.000040,-0.000117,-0.000161,-0.000172,-0.000173,-0.000136,-0.000085,0.000012,0.000062,
-0.010554,-0.006233,-0.003317,0.003437,0.009854,0.009992,0.004034,-0.000752,-0.001427,-0.000031,0.001841,0.002833,0.002354,0.001121,-0.000147,-0.001198,-0.001107,0.000172,0.001182,0.001498,0.001478,0.001132,0.000479,-0.000444,-0.001347,-0.001516,-0.000863,0.000178,0.000800,0.000799,0.000476,0.000079,-0.000204,-0.000264,0.000054,0.000396,0.000587,0.000597,0.000020,-0.001089,-0.001565,-0.001005,-0.000216,0.000227,0.000304,-0.000022,-0.000232,-0.000301,-0.000564,-0.000810,-0.000864,-0.000727,-0.000464,-0.000126,0.000165,0.000189,0.000067,0.000030,0.000026,-0.000393,-0.001119,-0.001450,-0.001065,0.000135,0.001340,0.001657,0.001207,0.000554,-0.000295,-0.000979,-0.001125,-0.001156,-0.000985,-0.000376,0.000213,0.000297,0.000087,-0.000007,0.000047,0.000108,0.000148,0.000113,0.000274,0.000642,0.001166,0.001700,0.001459,0.000260,-0.000825,-0.001118,-0.000933,-0.000596,-0.000345,-0.000198,-0.000027,0.000196,0.000321,0.000283,0.000152,-0.000010,-0.000128,-0.000099,-0.000077,-0.000019,0.000001,-0.000033,-0.000001,0.000019,-0.000045,-0.000139,-0.000082,-0.000010,-0.000002,0.000001,-0.000009,-0.000067,-0.000088,-0.000053,0.000009,0.000028,0.000003,-0.000025,-0.000043,0.000077,0.000187,0.000172,0.000202,0.000160,0.000123,0.000079,0.000041,-0.000002,-0.000047,-0.000054,-0.000104,-0.000081,0.000067,0.000161,0.019500,0.013615,0.012365,0.012337,0.010605,0.006498,0.003481,0.002743,0.002598,0.002507,0.002089,0.001097,0.000280,-0.000460,-0.001230,-0.001197,-0.000133,0.000826,0.001020,0.000661,-0.000042,-0.000724,-0.000980,-0.000574,0.000176,0.000648,0.000609,0.000133,-0.000700,-0.001243,-0.001218,-0.000961,-0.000620,-0.000224,0.000148,0.000290,0.000251,0.000273,0.000347,0.000293,0.000308,0.000349,0.000166,0.000048,-0.000048,-0.000269,-0.000282,-0.000168,-0.000153,-0.000097,-0.000004,-0.000035,-0.000064,0.000195,0.000356,0.000185,0.000202,0.000634,0.000734,0.000149,-0.000021,0.001013,0.001943,0.001289,-0.000469,-0.001623,-0.001785,-0.001720,-0.001659,-0.001507,-0.001146,-0.000489,0.000330,0.000733,0.000342,-0.000308,-0.000516,-0.000166,0.000235,0.000301,0.000242,0.000111,0.000024,0.000079,0.000052,-0.000180,-0.000817,-0.001613,-0.002145,-0.002191,-0.001524,-0.000436,0.000141,0.000100,-0.000015,0.000004,0.000018,-0.000080,-0.000234,-0.000145,0.000096,0.000214,0.000184,0.000076,-0.000081,-0.000172,-0.000129,0.000006,0.000098,0.000020,-0.000045,-0.000112,-0.000113,-0.000037,-0.000014,-0.000044,-0.000086,-0.000073,-0.000076,-0.000165,-0.000180,-0.000136,-0.000146,-0.000077,0.000009,0.000002,-0.000047,-0.000079,-0.000121,-0.000153,-0.000168,-0.000126,-0.000018,0.000066,0.000002,-0.000057,0.000049,0.000062,
-0.010557,-0.006387,-0.003427,0.003439,0.010176,0.010354,0.004182,-0.000771,-0.001482,-0.000024,0.001851,0.002763,0.002264,0.001128,-0.000167,-0.001220,-0.000983,0.000310,0.001215,0.001496,0.001435,0.001055,0.000382,-0.000554,-0.001409,-0.001658,-0.001147,-0.000032,0.000835,0.000893,0.000513,0.000107,-0.000270,-0.000337,0.000013,0.000481,0.000779,0.000731,0.000146,-0.000923,-0.001510,-0.001074,-0.000313,0.000205,0.000297,0.000012,-0.000253,-0.000477,-0.000710,-0.000844,-0.000828,-0.000695,-0.000477,-0.000207,0.000062,0.000162,0.000016,-0.000057,-0.000051,-0.000402,-0.001145,-0.001640,-0.001329,0.000013,0.001522,0.001808,0.001080,0.000374,-0.000347,-0.000907,-0.001070,-0.001014,-0.000727,-0.000185,0.000159,0.000137,-0.000106,-0.000285,-0.000234,-0.000056,0.000151,0.000242,0.000269,0.000456,0.001066,0.001644,0.001413,0.000144,-0.000972,-0.001103,-0.000912,-0.000791,-0.000519,-0.000059,0.000257,0.000320,0.000345,0.000369,0.000164,-0.000084,-0.000107,-0.000022,-0.000041,-0.000113,-0.000114,-0.000083,0.000026,0.000053,-0.000042,-0.000199,-0.000241,-0.000133,-0.000025,-0.000006,0.000046,0.000070,-0.000041,-0.000073,-0.000017,0.000011,-0.000023,-0.000030,-0.000035,-0.000048,-0.000006,0.000141,0.000279,0.000246,0.000100,0.000123,0.000096,-0.000008,-0.000074,-0.000084,-0.000097,0.000016,0.000122,0.000030,0.019378,0.013528,0.012479,0.012333,0.010267,0.006274,0.003559,0.002740,0.002443,0.002415,0.002144,0.001160,0.000207,-0.000646,-0.001492,-0.001482,-0.000244,0.000864,0.001046,0.000614,-0.000180,-0.000955,-0.001218,-0.000734,0.000029,0.000440,0.000476,0.000152,-0.000734,-0.001445,-0.001314,-0.001002,-0.000723,-0.000219,0.000278,0.000458,0.000502,0.000437,0.000358,0.000307,0.000292,0.000464,0.000456,0.000251,0.000014,-0.000177,-0.000247,-0.000212,-0.000154,-0.000123,-0.000183,-0.000264,-0.000119,0.000140,0.000169,0.000022,0.000240,0.000897,0.000969,0.000162,-0.000240,0.000614,0.001684,0.001403,-0.000417,-0.002148,-0.002452,-0.002197,-0.002032,-0.001861,-0.001403,-0.000481,0.000477,0.000737,0.000186,-0.000428,-0.000547,-0.000216,0.000100,0.000209,0.000226,0.000135,0.000046,0.000120,0.000211,-0.000104,-0.000791,-0.001611,-0.002231,-0.002209,-0.001569,-0.000476,0.000354,0.000359,0.000191,0.000219,0.000119,-0.000090,-0.000118,-0.000011,-0.000024,-0.000075,-0.000060,-0.000014,-0.000045,-0.000104,-0.000134,-0.000118,-0.000038,0.000116,0.000117,-0.000040,-0.000013,0.000087,0.000073,0.000052,0.000053,0.000070,0.000001,-0.000088,-0.000105,-0.000117,-0.000095,0.000053,0.000134,0.000048,-0.000051,-0.000028,-0.000052,-0.000115,-0.000173,-0.000199,-0.000105,0.000035,0.000069,0.000093,0.000141,0.000027,
-0.010982,-0.006890,-0.003892,0.003050,0.009819,0.010133,0.004080,-0.000878,-0.001543,0.000035,0.001865,0.002745,0.002300,0.001259,0.000061,-0.001057,-0.000975,0.000226,0.001156,0.001411,0.001328,0.000914,0.000251,-0.000670,-0.001497,-0.001729,-0.001255,-0.000298,0.000498,0.000677,0.000426,0.000077,-0.000303,-0.000498,-0.000222,0.000192,0.000527,0.000575,0.000007,-0.000944,-0.001387,-0.000930,-0.000250,0.000120,0.000237,-0.000000,-0.000253,-0.000269,-0.000454,-0.000753,-0.000950,-0.000772,-0.000405,-0.000135,0.000142,0.000259,0.000189,0.000038,-0.000030,-0.000242,-0.000614,-0.000721,-0.000526,0.000235,0.001409,0.001912,0.001477,0.000719,-0.000033,-0.000532,-0.000684,-0.000777,-0.000652,-0.000051,0.000365,0.000313,0.000012,-0.000114,-0.000011,0.000029,0.000067,0.000236,0.000350,0.000559,0.001166,0.001791,0.001559,0.000313,-0.000891,-0.001132,-0.000935,-0.000793,-0.000513,-0.000135,0.000133,0.000281,0.000394,0.000367,0.000212,0.000097,0.000036,-0.000027,-0.000068,-0.000061,-0.000101,-0.000100,-0.000020,0.000011,-0.000010,-0.000050,-0.000107,-0.000092,-0.000031,-0.000043,-0.000055,-0.000001,0.000018,-0.000039,0.000001,0.000044,-0.000091,-0.000114,-0.000023,-0.000007,0.000113,0.000192,0.000182,0.000152,0.000126,0.000031,-0.000036,-0.000104,-0.000184,-0.000095,-0.000011,0.000082,0.000234,0.000247,0.019025,0.013370,0.012301,0.012141,0.010305,0.006574,0.003679,0.002652,0.002315,0.002428,0.002203,0.001162,0.000312,-0.000508,-0.001500,-0.001445,-0.000153,0.000959,0.001125,0.000738,0.000146,-0.000627,-0.001022,-0.000567,0.000122,0.000396,0.000215,-0.000278,-0.000986,-0.001382,-0.001135,-0.000792,-0.000486,-0.000138,0.000154,0.000290,0.000345,0.000412,0.000350,0.000228,0.000343,0.000428,0.000385,0.000288,0.000004,-0.000199,-0.000063,0.000000,-0.000090,-0.000124,-0.000118,-0.000146,-0.000018,0.000247,0.000314,0.000108,0.000166,0.000630,0.000772,0.000195,-0.000013,0.000779,0.001444,0.000989,-0.000264,-0.001226,-0.001437,-0.001581,-0.001715,-0.001662,-0.001369,-0.000695,0.000248,0.000716,0.000289,-0.000527,-0.000681,-0.000224,0.000268,0.000405,0.000152,0.000052,0.000255,0.000407,0.000278,-0.000140,-0.000863,-0.001666,-0.002274,-0.002398,-0.001637,-0.000399,0.000249,0.000209,0.000014,-0.000081,-0.000149,-0.000275,-0.000291,-0.000133,-0.000001,0.000034,0.000027,0.000046,0.000014,-0.000100,-0.000059,0.000074,0.000120,0.000143,0.000083,-0.000091,-0.000154,-0.000025,0.000048,-0.000002,-0.000026,-0.000016,-0.000085,-0.000153,-0.000126,-0.000049,-0.000035,-0.000106,-0.000148,-0.000136,-0.000048,0.000046,0.000033,-0.000034,-0.000070,-0.000085,-0.000064,-0.000059,-0.000009,0.000035,0.000044,0.000145,
